[48;2;87;171;238m[38;2;87;172;238m▄[48;2;84;172;241m[38;2;84;172;241m▄[48;2;85;172;241m[38;2;86;172;241m▄[48;2;85;172;241m[38;2;85;172;241m▄[48;2;85;172;241m[38;2;85;172;241m▄[48;2;85;172;241m[38;2;86;173;242m▄[48;2;85;172;243m[38;2;85;172;241m▄[48;2;85;172;242m[38;2;86;173;241m▄[48;2;85;172;241m[38;2;85;172;241m▄[48;2;85;172;241m[38;2;85;172;241m▄[48;2;87;171;241m[38;2;85;172;241m▄[48;2;87;171;241m[38;2;85;172;241m▄[48;2;87;172;239m[38;2;85;172;241m▄[48;2;87;172;239m[38;2;85;172;241m▄[48;2;87;172;239m[38;2;86;172;241m▄[48;2;87;172;239m[38;2;86;172;241m▄[48;2;87;172;239m[38;2;86;172;239m▄[48;2;87;172;239m[38;2;86;172;239m▄[48;2;87;172;239m[38;2;85;172;239m▄[48;2;87;172;239m[38;2;86;173;240m▄[48;2;85;172;241m[38;2;86;173;242m▄[48;2;85;172;241m[38;2;86;173;242m▄[48;2;85;172;241m[38;2;86;173;242m▄[48;2;85;172;241m[38;2;86;173;242m▄[48;2;85;172;241m[38;2;86;173;242m▄[48;2;85;172;241m[38;2;85;172;241m▄[48;2;85;172;241m[38;2;86;173;241m▄[48;2;85;172;241m[38;2;86;173;241m▄[48;2;85;172;239m[38;2;85;172;240m▄[48;2;85;172;239m[38;2;86;173;240m▄[48;2;85;172;240m[38;2;86;173;241m▄[48;2;87;173;240m[38;2;87;173;240m▄[0m
[48;2;86;173;239m[38;2;88;172;239m▄[48;2;85;173;242m[38;2;86;172;242m▄[48;2;86;172;241m[38;2;86;173;242m▄[48;2;85;172;241m[38;2;85;172;241m▄[48;2;85;172;241m[38;2;85;172;241m▄[48;2;86;173;242m[38;2;85;172;241m▄[48;2;86;173;242m[38;2;86;173;242m▄[48;2;86;173;241m[38;2;85;172;241m▄[48;2;85;172;241m[38;2;85;172;241m▄[48;2;85;172;241m[38;2;85;172;241m▄[48;2;85;172;241m[38;2;85;172;241m▄[48;2;85;172;241m[38;2;85;172;241m▄[48;2;85;172;241m[38;2;86;173;242m▄[48;2;86;173;242m[38;2;86;173;242m▄[48;2;86;173;242m[38;2;86;173;242m▄[48;2;86;173;242m[38;2;86;173;242m▄[48;2;86;173;242m[38;2;86;173;242m▄[48;2;86;173;242m[38;2;86;173;242m▄[48;2;86;173;242m[38;2;86;173;242m▄[48;2;86;173;242m[38;2;86;173;242m▄[48;2;86;173;242m[38;2;86;173;242m▄[48;2;86;173;242m[38;2;86;173;242m▄[48;2;86;173;242m[38;2;86;173;242m▄[48;2;86;173;242m[38;2;86;173;242m▄[48;2;86;173;242m[38;2;86;173;242m▄[48;2;86;173;242m[38;2;86;173;242m▄[48;2;86;173;242m[38;2;86;173;242m▄[48;2;86;173;241m[38;2;85;172;241m▄[48;2;86;173;240m[38;2;85;172;241m▄[48;2;86;173;240m[38;2;86;173;242m▄[48;2;86;173;240m[38;2;87;173;241m▄[48;2;88;173;240m[38;2;88;173;240m▄[0m
[48;2;87;171;239m[38;2;87;172;240m▄[48;2;85;172;242m[38;2;85;172;242m▄[48;2;86;172;241m[38;2;85;172;241m▄[48;2;85;172;241m[38;2;85;172;241m▄[48;2;85;172;241m[38;2;85;172;241m▄[48;2;85;172;241m[38;2;85;172;241m▄[48;2;85;172;243m[38;2;86;172;243m▄[48;2;85;172;242m[38;2;85;172;243m▄[48;2;85;172;242m[38;2;85;172;243m▄[48;2;85;172;242m[38;2;85;172;243m▄[48;2;85;172;242m[38;2;85;172;242m▄[48;2;86;173;241m[38;2;85;172;241m▄[48;2;86;173;242m[38;2;86;173;242m▄[48;2;86;173;242m[38;2;86;173;242m▄[48;2;86;173;242m[38;2;86;173;242m▄[48;2;86;173;242m[38;2;86;173;242m▄[48;2;86;173;243m[38;2;85;172;243m▄[48;2;86;172;243m[38;2;85;172;243m▄[48;2;86;173;242m[38;2;86;173;242m▄[48;2;86;173;242m[38;2;86;173;242m▄[48;2;86;173;242m[38;2;85;172;241m▄[48;2;86;173;242m[38;2;85;172;241m▄[48;2;86;173;242m[38;2;85;172;241m▄[48;2;86;173;242m[38;2;85;172;241m▄[48;2;86;173;242m[38;2;85;172;241m▄[48;2;86;173;242m[38;2;85;172;241m▄[48;2;85;172;241m[38;2;85;172;241m▄[48;2;85;172;241m[38;2;85;172;241m▄[48;2;85;172;241m[38;2;85;172;241m▄[48;2;85;172;241m[38;2;85;172;241m▄[48;2;86;172;240m[38;2;86;172;240m▄[48;2;87;172;239m[38;2;87;172;239m▄[0m
[48;2;87;172;239m[38;2;87;172;238m▄[48;2;85;172;241m[38;2;85;172;242m▄[48;2;85;172;241m[38;2;85;172;242m▄[48;2;85;172;241m[38;2;87;173;241m▄[48;2;87;172;242m[38;2;82;169;242m▄[48;2;84;172;243m[38;2;87;173;238m▄[48;2;83;172;242m[38;2;91;174;237m▄[48;2;87;173;241m[38;2;79;168;239m▄[48;2;86;172;241m[38;2;84;171;242m▄[48;2;85;172;241m[38;2;86;172;242m▄[48;2;85;172;241m[38;2;86;172;241m▄[48;2;85;172;241m[38;2;84;172;241m▄[48;2;85;172;241m[38;2;85;172;241m▄[48;2;86;173;242m[38;2;85;172;242m▄[48;2;86;173;242m[38;2;85;172;242m▄[48;2;85;172;241m[38;2;85;172;241m▄[48;2;85;172;241m[38;2;84;171;241m▄[48;2;85;172;242m[38;2;84;171;241m▄[48;2;86;173;241m[38;2;85;172;240m▄[48;2;86;173;241m[38;2;85;173;240m▄[48;2;86;173;241m[38;2;85;172;241m▄[48;2;85;172;241m[38;2;85;172;241m▄[48;2;86;172;241m[38;2;86;171;241m▄[48;2;85;172;241m[38;2;85;172;241m▄[48;2;85;172;241m[38;2;85;172;241m▄[48;2;85;172;241m[38;2;85;172;241m▄[48;2;86;172;241m[38;2;84;172;241m▄[48;2;86;172;241m[38;2;84;172;241m▄[48;2;85;173;241m[38;2;83;173;241m▄[48;2;85;172;240m[38;2;84;172;240m▄[48;2;87;172;239m[38;2;88;172;239m▄[48;2;87;172;239m[38;2;88;172;239m▄[0m
[48;2;91;175;238m[38;2;102;184;242m▄[48;2;88;176;241m[38;2;101;185;244m▄[48;2;90;177;242m[38;2;98;182;243m▄[48;2;79;170;241m[38;2;131;197;240m▄[48;2;108;183;239m[38;2;199;233;247m▄[48;2;203;233;247m[38;2;237;250;254m▄[48;2;214;239;249m[38;2;236;248;255m▄[48;2;145;203;242m[38;2;229;247;252m▄[48;2;92;177;239m[38;2;207;236;248m▄[48;2;88;177;241m[38;2;189;227;246m▄[48;2;85;173;242m[38;2;123;194;240m▄[48;2;91;176;243m[38;2;92;180;242m▄[48;2;90;176;241m[38;2;97;183;245m▄[48;2;89;175;241m[38;2;102;185;243m▄[48;2;90;175;241m[38;2;100;184;241m▄[48;2;90;176;241m[38;2;100;184;241m▄[48;2;89;175;241m[38;2;100;183;242m▄[48;2;89;175;241m[38;2;101;184;242m▄[48;2;90;175;241m[38;2;100;184;242m▄[48;2;90;176;241m[38;2;101;185;244m▄[48;2;89;175;241m[38;2;100;185;243m▄[48;2;89;175;241m[38;2;101;185;243m▄[48;2;90;175;241m[38;2;101;185;243m▄[48;2;89;175;241m[38;2;101;185;243m▄[48;2;89;176;241m[38;2;101;185;243m▄[48;2;89;176;242m[38;2;101;185;242m▄[48;2;89;176;242m[38;2;102;185;243m▄[48;2;89;176;241m[38;2;101;185;244m▄[48;2;91;176;241m[38;2;96;182;244m▄[48;2;92;176;242m[38;2;94;181;243m▄[48;2;88;175;241m[38;2;115;192;241m▄[48;2;84;172;240m[38;2;141;202;243m▄[0m
[48;2;115;193;244m[38;2;113;192;242m▄[48;2;109;192;246m[38;2;107;191;245m▄[48;2;133;202;245m[38;2;129;201;244m▄[48;2;223;246;251m[38;2;178;224;248m▄[48;2;236;250;253m[38;2;181;225;248m▄[48;2;213;239;250m[38;2;176;223;248m▄[48;2;209;237;250m[38;2;173;221;248m▄[48;2;225;243;251m[38;2;176;222;249m▄[48;2;235;248;255m[38;2;180;223;248m▄[48;2;227;245;252m[38;2;174;222;247m▄[48;2;220;243;250m[38;2;179;223;248m▄[48;2;182;225;246m[38;2;187;227;248m▄[48;2;134;202;243m[38;2;143;209;245m▄[48;2;110;194;247m[38;2;106;183;234m▄[48;2;117;201;255m[38;2;93;159;202m▄[48;2;117;200;255m[38;2;90;157;201m▄[48;2;117;200;254m[38;2;91;157;201m▄[48;2;117;201;255m[38;2;91;157;200m▄[48;2;115;200;253m[38;2;96;164;208m▄[48;2;112;193;246m[38;2;111;193;244m▄[48;2;113;193;246m[38;2;110;192;244m▄[48;2;112;193;246m[38;2;111;192;245m▄[48;2;113;193;246m[38;2;111;192;245m▄[48;2;112;193;246m[38;2;111;192;245m▄[48;2;113;193;245m[38;2;111;191;246m▄[48;2;114;193;245m[38;2;104;187;244m▄[48;2;108;190;246m[38;2;130;199;243m▄[48;2;110;190;242m[38;2;196;230;248m▄[48;2;133;201;244m[38;2;231;247;253m▄[48;2;146;208;242m[38;2;232;247;252m▄[48;2;217;241;252m[38;2;230;247;252m▄[48;2;237;250;253m[38;2;224;244;252m▄[0m
[48;2;113;192;243m[38;2;113;192;243m▄[48;2;110;192;246m[38;2;110;192;246m▄[48;2;108;190;245m[38;2;110;191;246m▄[48;2;110;191;245m[38;2;110;191;246m▄[48;2;111;191;245m[38;2;110;191;246m▄[48;2;113;191;244m[38;2;111;192;246m▄[48;2;113;193;243m[38;2;111;192;245m▄[48;2;111;193;244m[38;2;109;193;245m▄[48;2;111;192;245m[38;2;109;193;245m▄[48;2;113;194;245m[38;2;110;193;246m▄[48;2;111;193;244m[38;2;109;193;245m▄[48;2;107;188;242m[38;2;112;191;243m▄[48;2;107;196;254m[38;2;111;197;255m▄[48;2;102;133;154m[38;2;104;131;148m▄[48;2;137;124;117m[38;2;202;195;185m▄[48;2;150;144;140m[38;2;215;221;220m▄[48;2;148;141;135m[38;2;179;181;180m▄[48;2;151;145;139m[38;2;153;159;156m▄[48;2;123;113;106m[38;2;158;151;141m▄[48;2;96;158;197m[38;2;89;147;184m▄[48;2;114;200;254m[38;2;116;202;255m▄[48;2;110;190;243m[38;2;110;190;242m▄[48;2;111;192;245m[38;2;111;192;245m▄[48;2;110;192;245m[38;2;111;192;245m▄[48;2;115;194;242m[38;2;113;193;243m▄[48;2;170;220;244m[38;2;139;205;244m▄[48;2;216;241;249m[38;2;153;212;247m▄[48;2;217;242;250m[38;2;146;209;246m▄[48;2;217;242;252m[38;2;147;211;247m▄[48;2;222;244;252m[38;2;147;210;246m▄[48;2;209;238;250m[38;2;148;210;247m▄[48;2;198;233;249m[38;2;149;210;248m▄[0m
[48;2;111;191;242m[38;2;113;191;243m▄[48;2;110;191;246m[38;2;113;193;245m▄[48;2;110;190;246m[38;2;113;193;244m▄[48;2;110;190;246m[38;2;113;193;245m▄[48;2;110;191;245m[38;2;113;193;245m▄[48;2;111;192;246m[38;2;114;194;246m▄[48;2;111;192;245m[38;2;114;194;245m▄[48;2;110;192;245m[38;2;114;194;245m▄[48;2;109;193;245m[38;2;114;193;245m▄[48;2;109;193;245m[38;2;114;194;245m▄[48;2;110;192;245m[38;2;114;194;245m▄[48;2;110;190;243m[38;2;114;193;243m▄[48;2;109;195;253m[38;2;112;198;252m▄[48;2;108;136;153m[38;2;108;137;155m▄[48;2;177;172;165m[38;2;182;179;174m▄[48;2;181;185;186m[38;2;149;157;159m▄[48;2;129;130;130m[38;2;143;147;148m▄[48;2;189;194;194m[38;2;178;184;184m▄[48;2;162;155;149m[38;2;164;158;151m▄[48;2;87;145;184m[38;2;94;150;186m▄[48;2;114;201;255m[38;2;119;203;254m▄[48;2;109;190;243m[38;2;113;192;243m▄[48;2;111;192;245m[38;2;113;194;245m▄[48;2;111;192;245m[38;2;113;194;245m▄[48;2;109;192;245m[38;2;114;194;245m▄[48;2;105;190;245m[38;2;115;194;245m▄[48;2;105;189;244m[38;2;115;194;245m▄[48;2;106;190;244m[38;2;115;194;245m▄[48;2;105;190;244m[38;2;115;195;245m▄[48;2;105;190;244m[38;2;115;195;245m▄[48;2;106;189;245m[38;2;115;195;245m▄[48;2;107;190;246m[38;2;116;195;246m▄[0m
[48;2;123;199;244m[38;2;145;212;249m▄[48;2;123;200;245m[38;2;144;213;248m▄[48;2;124;200;246m[38;2;144;213;248m▄[48;2;124;200;247m[38;2;144;213;248m▄[48;2;124;199;246m[38;2;144;213;248m▄[48;2;124;199;246m[38;2;144;213;248m▄[48;2;123;200;246m[38;2;144;213;249m▄[48;2;123;200;246m[38;2;144;213;248m▄[48;2;123;200;246m[38;2;143;213;248m▄[48;2;123;200;246m[38;2;144;213;249m▄[48;2;124;200;246m[38;2;144;213;248m▄[48;2;124;199;244m[38;2;143;212;247m▄[48;2;125;205;251m[38;2;147;219;254m▄[48;2;111;134;148m[38;2;128;171;195m▄[48;2;189;176;166m[38;2;113;128;135m▄[48;2;161;159;154m[38;2;125;145;153m▄[48;2;178;173;166m[38;2;124;142;150m▄[48;2;172;166;160m[38;2;123;140;149m▄[48;2;136;122;110m[38;2;111;130;140m▄[48;2;104;157;189m[38;2;133;194;228m▄[48;2;130;210;253m[38;2;145;215;252m▄[48;2;124;198;242m[38;2;143;211;248m▄[48;2;125;200;246m[38;2;144;213;248m▄[48;2;125;200;247m[38;2;144;213;248m▄[48;2;124;200;246m[38;2;144;213;248m▄[48;2;124;200;246m[38;2;144;213;248m▄[48;2;124;200;247m[38;2;144;213;248m▄[48;2;124;200;247m[38;2;144;213;248m▄[48;2;124;200;246m[38;2;144;213;248m▄[48;2;124;200;247m[38;2;144;213;248m▄[48;2;125;200;246m[38;2;145;212;249m▄[48;2;125;200;246m[38;2;145;212;248m▄[0m
[48;2;145;212;248m[38;2;145;212;247m▄[48;2;144;213;249m[38;2;142;211;248m▄[48;2;145;214;248m[38;2;144;212;246m▄[48;2;145;214;247m[38;2;144;212;248m▄[48;2;146;213;248m[38;2;144;212;247m▄[48;2;146;213;248m[38;2;144;212;247m▄[48;2;146;213;248m[38;2;144;212;249m▄[48;2;146;213;248m[38;2;144;212;249m▄[48;2;146;213;248m[38;2;145;213;248m▄[48;2;146;213;248m[38;2;145;213;248m▄[48;2;146;213;248m[38;2;145;213;248m▄[48;2;145;214;248m[38;2;145;213;248m▄[48;2;145;213;248m[38;2;145;213;248m▄[48;2;147;217;255m[38;2;145;212;247m▄[48;2;146;218;254m[38;2;145;212;247m▄[48;2;143;215;252m[38;2;145;212;247m▄[48;2;144;216;253m[38;2;145;212;247m▄[48;2;144;215;253m[38;2;145;212;247m▄[48;2;146;219;255m[38;2;145;212;246m▄[48;2;146;216;252m[38;2;145;212;247m▄[48;2;144;212;248m[38;2;145;213;248m▄[48;2;145;214;248m[38;2;145;213;248m▄[48;2;145;214;248m[38;2;145;213;248m▄[48;2;145;214;248m[38;2;145;213;248m▄[48;2;145;214;248m[38;2;145;213;248m▄[48;2;145;214;248m[38;2;145;213;248m▄[48;2;145;213;248m[38;2;145;213;248m▄[48;2;145;213;248m[38;2;145;213;248m▄[48;2;146;213;248m[38;2;145;213;247m▄[48;2;145;213;247m[38;2;145;212;246m▄[48;2;146;213;248m[38;2;145;212;246m▄[48;2;147;213;248m[38;2;146;213;247m▄[0m
[48;2;145;212;250m[38;2;144;209;240m▄[48;2;145;215;255m[38;2;134;201;211m▄[48;2;146;215;255m[38;2;128;192;184m▄[48;2;145;212;250m[38;2;118;180;150m▄[48;2;146;213;252m[38;2;122;185;164m▄[48;2;146;214;255m[38;2;138;203;215m▄[48;2;144;213;251m[38;2;143;211;242m▄[48;2;143;211;248m[38;2;146;215;255m▄[48;2;143;211;247m[38;2;146;214;255m▄[48;2;143;212;248m[38;2;145;213;250m▄[48;2;144;212;248m[38;2;144;212;247m▄[48;2;145;213;249m[38;2;144;212;247m▄[48;2;145;213;248m[38;2;145;213;248m▄[48;2;145;213;248m[38;2;146;214;249m▄[48;2;145;213;247m[38;2;147;215;250m▄[48;2;145;213;247m[38;2;147;215;250m▄[48;2;146;213;248m[38;2;147;214;249m▄[48;2;146;212;248m[38;2;145;212;247m▄[48;2;145;213;248m[38;2;144;212;247m▄[48;2;146;213;248m[38;2;145;213;248m▄[48;2;145;213;248m[38;2;145;213;248m▄[48;2;145;213;248m[38;2;145;213;248m▄[48;2;145;213;248m[38;2;145;213;247m▄[48;2;145;213;248m[38;2;144;212;246m▄[48;2;145;213;248m[38;2;144;211;245m▄[48;2;145;212;247m[38;2;145;212;249m▄[48;2;146;212;246m[38;2;148;215;255m▄[48;2;146;213;249m[38;2;146;213;249m▄[48;2;147;214;254m[38;2;139;203;216m▄[48;2;147;214;255m[38;2;130;193;180m▄[48;2;147;214;255m[38;2;129;192;178m▄[48;2;148;215;255m[38;2;129;192;180m▄[0m
[48;2;121;181;139m[38;2;93;153;115m▄[48;2;112;172;118m[38;2;104;165;122m▄[48;2;107;170;113m[38;2;114;176;125m▄[48;2;108;170;115m[38;2;115;176;124m▄[48;2;109;170;116m[38;2;113;175;123m▄[48;2;111;171;119m[38;2;112;174;122m▄[48;2;115;177;138m[38;2;111;172;118m▄[48;2;124;188;170m[38;2;110;170;114m▄[48;2;133;198;202m[38;2;110;171;115m▄[48;2;141;210;237m[38;2;115;175;133m▄[48;2;146;215;253m[38;2;124;186;164m▄[48;2;149;216;255m[38;2;124;191;203m▄[48;2;147;215;249m[38;2;107;178;206m▄[48;2;142;210;242m[38;2;101;173;202m▄[48;2;136;204;236m[38;2;97;169;196m▄[48;2;135;204;236m[38;2;97;169;193m▄[48;2;140;208;241m[38;2;102;172;197m▄[48;2;148;216;250m[38;2;114;184;212m▄[48;2;148;216;250m[38;2;131;201;233m▄[48;2;146;214;248m[38;2;142;210;248m▄[48;2;146;213;247m[38;2;147;213;250m▄[48;2;146;212;247m[38;2;146;213;247m▄[48;2;145;213;250m[38;2;142;210;234m▄[48;2;146;214;254m[38;2;137;203;212m▄[48;2;146;214;253m[38;2;126;190;176m▄[48;2;144;210;239m[38;2;116;178;133m▄[48;2;130;196;194m[38;2;112;174;115m▄[48;2;118;181;144m[38;2;103;165;116m▄[48;2;110;172;119m[38;2;81;144;119m▄[48;2;94;156;112m[38;2;73;136;120m▄[48;2;81;141;111m[38;2;74;136;123m▄[48;2;83;144;112m[38;2;73;135;122m▄[0m
[48;2;70;130;122m[38;2;86;146;114m▄[48;2;72;135;121m[38;2;79;143;111m▄[48;2;85;147;121m[38;2;74;137;109m▄[48;2;93;155;121m[38;2;75;136;109m▄[48;2;103;166;122m[38;2;88;148;110m▄[48;2;108;171;123m[38;2;97;157;114m▄[48;2;111;173;125m[38;2;102;160;113m▄[48;2;111;173;126m[38;2;115;173;115m▄[48;2;110;172;125m[38;2;121;178;116m▄[48;2;111;171;120m[38;2;120;178;116m▄[48;2;110;169;115m[38;2;121;178;117m▄[48;2;103;165;118m[38;2;121;178;116m▄[48;2;96;160;134m[38;2;121;178;115m▄[48;2;93;161;152m[38;2;120;177;113m▄[48;2;93;163;176m[38;2;115;173;117m▄[48;2;96;167;191m[38;2;114;173;125m▄[48;2;96;168;191m[38;2;115;175;127m▄[48;2;91;162;183m[38;2;114;173;125m▄[48;2;91;162;172m[38;2;114;173;114m▄[48;2;97;165;162m[38;2;118;175;110m▄[48;2;108;174;161m[38;2;116;175;110m▄[48;2;114;179;149m[38;2;117;176;111m▄[48;2;112;173;134m[38;2;117;174;114m▄[48;2;109;171;118m[38;2;108;167;115m▄[48;2;108;170;115m[38;2;102;161;115m▄[48;2;102;164;119m[38;2;88;148;112m▄[48;2;83;146;122m[38;2;85;144;112m▄[48;2;70;132;121m[38;2;88;146;112m▄[48;2;69;129;121m[38;2;92;152;112m▄[48;2;69;132;121m[38;2;91;154;112m▄[48;2;70;133;121m[38;2;92;150;114m▄[48;2;73;135;122m[38;2;82;143;113m▄[0m
[48;2;113;177;85m[38;2;145;195;89m▄[48;2;123;183;85m[38;2;155;203;91m▄[48;2;134;189;88m[38;2;158;204;92m▄[48;2;152;206;94m[38;2;116;141;76m▄[48;2;159;208;95m[38;2;135;177;86m▄[48;2;153;199;92m[38;2;159;214;95m▄[48;2;152;199;91m[38;2;159;207;92m▄[48;2;154;201;92m[38;2;155;201;90m▄[48;2;155;202;93m[38;2;154;202;91m▄[48;2;155;202;92m[38;2;154;202;91m▄[48;2;155;202;91m[38;2;154;202;90m▄[48;2;155;202;91m[38;2;154;202;90m▄[48;2;155;203;92m[38;2;155;201;90m▄[48;2;155;202;92m[38;2;155;201;90m▄[48;2;156;203;91m[38;2;155;201;90m▄[48;2;157;203;90m[38;2;155;201;90m▄[48;2;157;202;90m[38;2;154;202;90m▄[48;2;156;203;90m[38;2;154;202;90m▄[48;2;156;203;92m[38;2;154;202;90m▄[48;2;155;202;92m[38;2;154;202;90m▄[48;2;156;202;93m[38;2;155;201;90m▄[48;2;156;202;93m[38;2;155;201;90m▄[48;2;155;202;93m[38;2;155;201;90m▄[48;2;152;200;92m[38;2;156;202;90m▄[48;2;152;200;92m[38;2;156;201;90m▄[48;2;155;202;91m[38;2;156;200;90m▄[48;2;156;203;92m[38;2;156;206;90m▄[48;2;155;204;93m[38;2;140;166;97m▄[48;2;136;170;93m[38;2;186;119;117m▄[48;2;130;153;91m[38;2;209;121;122m▄[48;2;143;189;92m[38;2;151;132;104m▄[48;2;148;200;92m[38;2;144;191;88m▄[0m
[48;2;157;203;93m[38;2;155;201;92m▄[48;2;157;203;91m[38;2;156;201;89m▄[48;2;149;200;90m[38;2;151;200;92m▄[48;2;102;84;66m[38;2;100;92;67m▄[48;2;141;62;56m[38;2;131;75;61m▄[48;2;109;94;61m[38;2;127;125;71m▄[48;2;131;169;83m[38;2;146;186;87m▄[48;2;158;207;91m[38;2;159;204;91m▄[48;2;153;200;90m[38;2;156;201;91m▄[48;2;154;202;90m[38;2;157;202;91m▄[48;2;154;202;90m[38;2;156;202;90m▄[48;2;154;202;90m[38;2;155;201;90m▄[48;2;155;201;90m[38;2;155;202;89m▄[48;2;155;201;90m[38;2;154;202;89m▄[48;2;155;201;90m[38;2;157;200;91m▄[48;2;155;201;89m[38;2;159;199;92m▄[48;2;155;202;90m[38;2;157;201;90m▄[48;2;154;202;90m[38;2;154;200;89m▄[48;2;154;201;90m[38;2;156;203;91m▄[48;2;154;201;90m[38;2;157;203;91m▄[48;2;155;201;90m[38;2;154;199;89m▄[48;2;155;201;90m[38;2;155;201;90m▄[48;2;155;201;90m[38;2;155;201;90m▄[48;2;155;201;90m[38;2;155;201;90m▄[48;2;155;201;90m[38;2;154;201;90m▄[48;2;156;201;91m[38;2;154;201;90m▄[48;2;150;205;89m[38;2;155;205;90m▄[48;2;150;144;106m[38;2;141;165;97m▄[48;2;224;120;117m[38;2;197;124;117m▄[48;2;229;123;113m[38;2;225;126;122m▄[48;2;193;121;119m[38;2;168;139;114m▄[48;2;130;168;89m[38;2;141;186;86m▄[0m
[48;2;157;202;93m[38;2;121;181;85m▄[48;2;159;204;90m[38;2;130;188;86m▄[48;2;154;197;90m[38;2;139;190;90m▄[48;2;80;93;58m[38;2;79;96;61m▄[48;2;141;184;88m[38;2;125;175;83m▄[48;2;164;215;97m[38;2;123;187;83m▄[48;2;157;202;92m[38;2;107;179;78m▄[48;2;151;200;89m[38;2;118;178;82m▄[48;2;147;200;88m[38;2;144;175;92m▄[48;2;146;199;88m[38;2;160;171;98m▄[48;2;149;199;89m[38;2;183;170;108m▄[48;2;155;199;90m[38;2;198;171;113m▄[48;2;160;198;92m[38;2;191;174;110m▄[48;2;163;198;93m[38;2;161;187;96m▄[48;2;159;201;91m[38;2;150;197;89m▄[48;2;162;199;93m[38;2;147;196;88m▄[48;2;157;199;90m[38;2;155;208;93m▄[48;2;160;208;93m[38;2;138;179;85m▄[48;2;151;195;88m[38;2;89;108;74m▄[48;2;149;192;87m[38;2;79;95;70m▄[48;2;159;207;92m[38;2;127;165;79m▄[48;2;155;200;89m[38;2;149;202;88m▄[48;2;156;202;90m[38;2;148;197;89m▄[48;2;156;202;90m[38;2;151;198;90m▄[48;2;157;203;90m[38;2;138;192;87m▄[48;2;157;201;90m[38;2;136;191;88m▄[48;2;162;210;92m[38;2;139;194;88m▄[48;2;120;153;81m[38;2;112;161;82m▄[48;2;80;85;76m[38;2;100;154;82m▄[48;2;102;116;94m[38;2;100;170;88m▄[48;2;84;96;68m[38;2;104;151;80m▄[48;2;153;201;94m[38;2;129;186;87m▄[0m
[48;2;107;175;82m[38;2;123;166;93m▄[48;2;103;178;77m[38;2;126;164;95m▄[48;2;100;172;81m[38;2;132;152;97m▄[48;2;73;93;62m[38;2;74;77;60m▄[48;2;96;160;81m[38;2;151;149;99m▄[48;2;103;164;85m[38;2;193;167;116m▄[48;2;124;155;91m[38;2;203;166;116m▄[48;2;184;169;109m[38;2;208;166;116m▄[48;2;210;168;117m[38;2;185;165;107m▄[48;2;211;168;117m[38;2;141;173;89m▄[48;2;197;169;111m[38;2;116;178;82m▄[48;2;169;170;102m[38;2;107;179;80m▄[48;2;137;174;89m[38;2;106;178;78m▄[48;2;110;179;78m[38;2;111;179;80m▄[48;2;110;177;79m[38;2;113;186;82m▄[48;2;115;187;83m[38;2;85;132;67m▄[48;2;97;151;73m[38;2;72;90;70m▄[48;2;76;94;70m[38;2;93;114;91m▄[48;2;70;85;69m[38;2;69;89;72m▄[48;2;60;78;68m[38;2;26;36;44m▄[48;2;54;76;55m[38;2;60;85;62m▄[48;2;113;177;81m[38;2;115;180;82m▄[48;2;114;180;82m[38;2;111;178;80m▄[48;2;115;180;82m[38;2;112;179;81m▄[48;2;110;178;80m[38;2;113;180;81m▄[48;2;110;178;80m[38;2;113;179;81m▄[48;2;112;179;81m[38;2;115;181;82m▄[48;2;116;184;82m[38;2;113;178;81m▄[48;2;116;184;82m[38;2;111;178;80m▄[48;2;117;181;81m[38;2;113;178;81m▄[48;2;121;188;84m[38;2;113;178;81m▄[48;2;117;182;84m[38;2;119;181;83m▄[0m
[48;2;197;163;114m[38;2;203;168;114m▄[48;2;205;168;116m[38;2;202;167;111m▄[48;2;200;160;114m[38;2;199;166;111m▄[48;2;124;100;75m[38;2;204;169;114m▄[48;2;175;138;97m[38;2;199;166;111m▄[48;2;206;169;114m[38;2;201;167;113m▄[48;2;203;169;114m[38;2;202;169;116m▄[48;2;204;171;115m[38;2;168;163;100m▄[48;2;156;171;100m[38;2;135;161;86m▄[48;2;119;176;84m[38;2;115;167;81m▄[48;2;114;180;80m[38;2;112;171;77m▄[48;2;111;177;79m[38;2;114;180;81m▄[48;2;118;189;86m[38;2;90;144;67m▄[48;2;114;181;82m[38;2;68;95;58m▄[48;2;79;116;67m[38;2;91;110;89m▄[48;2;84;101;82m[38;2;89;114;86m▄[48;2;93;113;87m[38;2;63;83;71m▄[48;2;63;83;70m[38;2;28;43;50m▄[48;2;36;46;51m[38;2;55;92;52m▄[48;2;47;64;43m[38;2;110;181;80m▄[48;2;106;163;80m[38;2;105;180;78m▄[48;2;117;183;83m[38;2;110;181;79m▄[48;2;114;177;81m[38;2;123;188;84m▄[48;2;114;179;81m[38;2;110;181;79m▄[48;2;114;178;82m[38;2;111;181;81m▄[48;2;114;178;81m[38;2;109;181;80m▄[48;2;112;178;80m[38;2;120;186;83m▄[48;2;114;179;81m[38;2;114;182;80m▄[48;2;117;180;83m[38;2;120;185;83m▄[48;2;114;178;81m[38;2;109;180;78m▄[48;2;113;178;80m[38;2;106;180;79m▄[48;2;112;178;79m[38;2;105;177;79m▄[0m
[48;2;202;168;115m[38;2;137;171;90m▄[48;2;204;168;114m[38;2;144;172;92m▄[48;2;208;168;116m[38;2;168;177;103m▄[48;2;206;165;113m[38;2;160;180;101m▄[48;2;206;165;114m[38;2;145;178;93m▄[48;2;206;165;115m[38;2;138;177;91m▄[48;2;201;167;114m[38;2;136;176;89m▄[48;2;192;164;110m[38;2;129;177;86m▄[48;2;204;164;115m[38;2;141;169;93m▄[48;2;198;166;112m[38;2;127;144;85m▄[48;2;186;159;105m[38;2;98;101;74m▄[48;2;98;108;73m[38;2;95;114;89m▄[48;2;79;96;75m[38;2;95;116;88m▄[48;2;71;82;68m[38;2;73;94;76m▄[48;2;64;81;65m[38;2;40;52;49m▄[48;2;60;79;70m[38;2;23;33;37m▄[48;2;34;45;52m[38;2;72;93;59m▄[48;2;106;91;73m[38;2;172;183;105m▄[48;2;165;166;100m[38;2;170;178;104m▄[48;2;142;151;86m[38;2;165;174;101m▄[48;2;143;153;87m[38;2;183;172;107m▄[48;2;137;153;84m[38;2;188;170;109m▄[48;2;123;161;82m[38;2;185;167;107m▄[48;2;122;165;82m[38;2;197;166;112m▄[48;2;122;164;82m[38;2;201;166;113m▄[48;2;120;164;82m[38;2;205;165;114m▄[48;2;123;167;83m[38;2;201;161;112m▄[48;2;122;165;83m[38;2;201;162;114m▄[48;2;119;163;81m[38;2;198;163;113m▄[48;2;121;165;80m[38;2;196;161;111m▄[48;2;122;161;87m[38;2;199;162;113m▄[48;2;141;156;101m[38;2;208;166;116m▄[0m
[48;2;109;179;82m[38;2;104;173;80m▄[48;2;108;184;81m[38;2;94;149;72m▄[48;2;89;162;73m[38;2;135;127;87m▄[48;2;87;141;67m[38;2;175;145;102m▄[48;2;97;141;71m[38;2;193;158;107m▄[48;2;96;142;71m[38;2;202;166;116m▄[48;2;96;153;73m[38;2;163;135;97m▄[48;2;98;159;73m[38;2;64;64;51m▄[48;2;35;59;37m[38;2;65;79;66m▄[48;2;48;66;54m[38;2;107;127;99m▄[48;2;96;124;93m[38;2;81;100;77m▄[48;2;90;113;85m[38;2;69;87;71m▄[48;2;71;89;70m[38;2;48;62;53m▄[48;2;59;75;60m[38;2;62;75;62m▄[48;2;29;40;42m[38;2;31;45;42m▄[48;2;44;64;43m[38;2;90;89;66m▄[48;2;98;155;74m[38;2;174;149;103m▄[48;2;89;133;67m[38;2;187;153;107m▄[48;2;93;137;67m[38;2;196;159;111m▄[48;2;100;145;72m[38;2;165;134;96m▄[48;2;99;160;75m[38;2;122;108;78m▄[48;2;100;143;73m[38;2;184;155;109m▄[48;2;106;131;74m[38;2;193;160;113m▄[48;2;116;131;79m[38;2;180;150;104m▄[48;2;123;139;82m[38;2;173;150;104m▄[48;2;151;158;96m[38;2;153;140;97m▄[48;2;169;178;104m[38;2;95;141;69m▄[48;2;165;170;101m[38;2;106;182;77m▄[48;2;201;168;113m[38;2;137;172;88m▄[48;2;198;169;113m[38;2;126;173;87m▄[48;2;201;167;114m[38;2;127;174;86m▄[48;2;201;166;114m[38;2;131;173;87m▄[0m
[48;2;128;133;84m[38;2;209;171;119m▄[48;2;111;98;71m[38;2;180;144;100m▄[48;2;150;115;82m[38;2;107;84;60m▄[48;2;183;149;102m[38;2;102;79;59m▄[48;2;167;133;89m[38;2;72;55;46m▄[48;2;130;105;72m[38;2;36;44;42m▄[48;2;68;63;48m[38;2;61;82;70m▄[48;2;63;72;61m[38;2;83;104;82m▄[48;2;88;108;84m[38;2;54;72;59m▄[48;2;84;103;79m[38;2;53;70;60m▄[48;2;67;85;69m[38;2;50;71;66m▄[48;2;42;58;57m[38;2;36;53;54m▄[48;2;40;52;49m[38;2;41;53;46m▄[48;2;52;68;60m[38;2;44;62;59m▄[48;2;28;44;44m[38;2;40;58;58m▄[48;2;72;68;58m[38;2;28;39;37m▄[48;2;176;135;91m[38;2;44;32;26m▄[48;2;178;142;96m[38;2;56;44;36m▄[48;2;168;132;91m[38;2;89;69;54m▄[48;2;106;83;62m[38;2;114;89;65m▄[48;2;145;112;78m[38;2;114;90;64m▄[48;2;186;149;100m[38;2;104;80;58m▄[48;2;189;156;105m[38;2;92;70;53m▄[48;2;193;158;107m[38;2;112;87;63m▄[48;2;192;158;107m[38;2;108;82;61m▄[48;2;139;104;75m[38;2;135;109;78m▄[48;2;87;86;60m[38;2;204;168;117m▄[48;2;101;151;78m[38;2;184;152;107m▄[48;2;102;173;77m[38;2;126;134;82m▄[48;2;110;178;80m[38;2;106;170;78m▄[48;2;107;177;78m[38;2;112;177;82m▄[48;2;107;178;78m[38;2;109;173;81m▄[0m
[48;2;114;92;66m[38;2;142;108;75m▄[48;2;114;90;66m[38;2;129;98;69m▄[48;2;121;94;69m[38;2;126;92;67m▄[48;2;116;88;65m[38;2;92;68;53m▄[48;2;43;42;41m[38;2;29;31;37m▄[48;2;33;49;50m[38;2;29;42;45m▄[48;2;27;36;39m[38;2;27;35;38m▄[48;2;37;50;49m[38;2;22;30;33m▄[48;2;53;72;66m[38;2;39;57;56m▄[48;2;29;43;43m[38;2;35;48;48m▄[48;2;41;62;61m[38;2;15;20;21m▄[48;2;19;27;28m[38;2;2;2;2m▄[48;2;42;56;48m[38;2;47;62;56m▄[48;2;46;65;64m[38;2;40;57;58m▄[48;2;36;52;51m[38;2;37;46;47m▄[48;2;35;38;47m[38;2;56;57;74m▄[48;2;42;45;63m[38;2;63;63;83m▄[48;2;40;41;59m[38;2;40;41;50m▄[48;2;54;47;49m[38;2;26;27;38m▄[48;2;125;97;68m[38;2;77;60;50m▄[48;2;133;102;73m[38;2;121;92;65m▄[48;2;107;82;64m[38;2;133;104;73m▄[48;2;64;50;40m[38;2;150;117;83m▄[48;2;113;88;65m[38;2;107;80;60m▄[48;2;142;112;78m[38;2;98;74;53m▄[48;2;179;144;96m[38;2;100;78;57m▄[48;2;198;164;109m[38;2;105;83;61m▄[48;2;193;155;105m[38;2;105;82;58m▄[48;2;101;81;58m[38;2;148;125;86m▄[48;2;87;144;67m[38;2;150;140;97m▄[48;2;111;182;81m[38;2;108;150;76m▄[48;2;91;151;80m[38;2;109;177;79m▄[0m
[48;2;69;71;57m[38;2;76;146;84m▄[48;2;63;72;57m[38;2;77;144;80m▄[48;2;58;87;66m[38;2;88;160;86m▄[48;2;47;66;55m[38;2;67;105;67m▄[48;2;27;25;39m[38;2;26;23;37m▄[48;2;25;37;39m[38;2;43;56;49m▄[48;2;30;40;41m[38;2;30;41;42m▄[48;2;30;41;44m[38;2;34;48;49m▄[48;2;40;57;57m[38;2;38;52;49m▄[48;2;14;18;18m[38;2;44;59;51m▄[48;2;0;0;0m[38;2;55;70;59m▄[48;2;13;16;16m[38;2;33;42;40m▄[48;2;46;60;56m[38;2;57;70;58m▄[48;2;48;61;51m[38;2;62;80;65m▄[48;2;48;53;55m[38;2;30;32;41m▄[48;2;58;59;80m[38;2;61;63;82m▄[48;2;53;53;71m[38;2;44;43;60m▄[48;2;37;43;44m[38;2;38;47;46m▄[48;2;28;30;34m[38;2;36;39;44m▄[48;2;48;47;45m[38;2;51;82;59m▄[48;2;93;82;63m[38;2;60;130;80m▄[48;2;99;80;62m[38;2;55;114;72m▄[48;2;99;80;62m[38;2;60;121;77m▄[48;2;78;65;51m[38;2;63;125;80m▄[48;2;101;77;57m[38;2;63;110;75m▄[48;2;140;104;72m[38;2;73;90;68m▄[48;2;163;127;87m[38;2;87;83;63m▄[48;2;188;154;103m[38;2;103;83;63m▄[48;2;222;183;121m[38;2;110;87;66m▄[48;2;193;147;105m[38;2;65;79;60m▄[48;2;92;111;70m[38;2;86;147;79m▄[48;2;108;179;80m[38;2;115;182;81m▄[0m
[48;2;144;160;90m[38;2;191;153;106m▄[48;2;162;157;98m[38;2;216;172;118m▄[48;2;184;166;106m[38;2;174;143;103m▄[48;2;127;114;79m[38;2;82;91;72m▄[48;2;47;61;53m[38;2;43;58;57m▄[48;2;49;61;59m[38;2;18;27;36m▄[48;2;20;26;32m[38;2;6;12;17m▄[48;2;23;33;37m[38;2;0;0;0m▄[48;2;30;44;47m[38;2;85;66;50m▄[48;2;35;49;50m[38;2;117;89;65m▄[48;2;34;48;51m[38;2;51;57;47m▄[48;2;56;72;60m[38;2;70;90;74m▄[48;2;68;89;73m[38;2;39;58;59m▄[48;2;32;48;50m[38;2;38;48;48m▄[48;2;21;23;31m[38;2;40;36;38m▄[48;2;51;49;66m[38;2;38;37;53m▄[48;2;39;37;52m[38;2;39;35;51m▄[48;2;38;48;44m[38;2;34;41;38m▄[48;2;27;33;40m[38;2;16;21;27m▄[48;2;90;86;63m[38;2;131;107;84m▄[48;2;165;163;98m[38;2;220;176;122m▄[48;2;151;151;89m[38;2;201;159;111m▄[48;2;136;153;84m[38;2;195;152;106m▄[48;2;124;162;80m[38;2;180;146;99m▄[48;2;116;169;84m[38;2;148;144;85m▄[48;2;106;169;87m[38;2;118;160;82m▄[48;2;81;145;82m[38;2;109;180;80m▄[48;2;67;123;76m[38;2;106;176;83m▄[48;2;70;125;75m[38;2;113;186;79m▄[48;2;99;163;84m[38;2;109;178;78m▄[48;2;101;163;83m[38;2;96;163;81m▄[48;2;101;163;79m[38;2;102;171;81m▄[0m
[48;2;211;171;114m[38;2;147;125;90m▄[48;2;166;138;96m[38;2;69;84;66m▄[48;2;68;85;67m[38;2;33;50;52m▄[48;2;38;59;57m[38;2;34;38;41m▄[48;2;22;30;38m[38;2;117;98;71m▄[48;2;69;58;49m[38;2;150;113;79m▄[48;2;75;58;44m[38;2;146;111;79m▄[48;2;90;71;51m[38;2;151;115;81m▄[48;2;142;109;76m[38;2;121;91;65m▄[48;2;108;85;63m[38;2;71;81;63m▄[48;2;76;94;73m[38;2;55;76;68m▄[48;2;50;69;67m[38;2;29;42;47m▄[48;2;27;40;44m[38;2;92;75;59m▄[48;2;107;82;61m[38;2;150;110;78m▄[48;2;90;70;57m[38;2;121;94;68m▄[48;2;27;27;47m[38;2;43;38;42m▄[48;2;53;48;66m[38;2;30;28;43m▄[48;2;36;36;50m[38;2;29;27;46m▄[48;2;32;31;39m[38;2;113;96;80m▄[48;2;180;147;103m[38;2;210;173;118m▄[48;2;205;168;113m[38;2;199;163;111m▄[48;2;200;165;111m[38;2;202;164;111m▄[48;2;205;168;114m[38;2;204;165;112m▄[48;2;196;167;112m[38;2;204;165;113m▄[48;2;146;156;90m[38;2;209;165;115m▄[48;2;140;152;88m[38;2;207;164;112m▄[48;2;141;155;87m[38;2;205;162;111m▄[48;2;140;154;86m[38;2;205;162;111m▄[48;2;140;154;86m[38;2;208;164;115m▄[48;2;131;159;84m[38;2;206;162;115m▄[48;2;122;166;82m[38;2;198;158;110m▄[48;2;121;164;80m[38;2;197;157;109m▄[0m
[48;2;66;87;71m[38;2;39;56;59m▄[48;2;42;63;62m[38;2;33;41;46m▄[48;2;48;51;49m[38;2;123;95;68m▄[48;2;128;101;73m[38;2;143;105;72m▄[48;2;148;114;77m[38;2;133;100;71m▄[48;2;132;99;70m[38;2;136;103;74m▄[48;2;138;105;72m[38;2;136;103;73m▄[48;2;131;97;70m[38;2;88;77;59m▄[48;2;82;83;63m[38;2;65;88;72m▄[48;2;68;92;76m[38;2;39;55;56m▄[48;2;32;47;49m[38;2;81;66;53m▄[48;2;87;71;55m[38;2;147;111;80m▄[48;2;142;107;77m[38;2;135;104;74m▄[48;2;135;103;75m[38;2;131;100;72m▄[48;2;139;105;75m[38;2;136;104;74m▄[48;2;122;94;67m[38;2;164;129;89m▄[48;2;113;87;62m[38;2;198;162;110m▄[48;2;144;116;81m[38;2;209;172;115m▄[48;2;200;163;112m[38;2;199;164;110m▄[48;2;203;166;112m[38;2;198;162;109m▄[48;2;201;167;114m[38;2;188;155;105m▄[48;2;199;169;113m[38;2;152;155;92m▄[48;2;186;170;107m[38;2;127;163;84m▄[48;2;189;168;107m[38;2;128;161;83m▄[48;2;161;167;99m[38;2;108;159;79m▄[48;2;159;170;98m[38;2;103;165;75m▄[48;2;193;169;108m[38;2;113;173;78m▄[48;2;191;168;108m[38;2;110;174;78m▄[48;2;166;168;100m[38;2;102;175;76m▄[48;2;151;165;94m[38;2;103;175;75m▄[48;2;188;166;106m[38;2;109;172;78m▄[48;2;190;170;109m[38;2;110;172;80m▄[0m
[48;2;48;48;46m[38;2;151;118;83m▄[48;2;106;81;60m[38;2;174;139;95m▄[48;2;138;105;72m[38;2;190;153;105m▄[48;2;160;127;87m[38;2;201;165;112m▄[48;2;191;155;107m[38;2;207;168;114m▄[48;2;203;164;110m[38;2;172;145;101m▄[48;2;133;108;76m[38;2;83;94;71m▄[48;2;59;77;65m[38;2;53;76;69m▄[48;2;40;56;55m[38;2;28;47;49m▄[48;2;77;65;54m[38;2;101;80;59m▄[48;2;144;110;76m[38;2;139;103;72m▄[48;2;131;99;70m[38;2;150;118;79m▄[48;2;138;104;73m[38;2;186;152;101m▄[48;2;164;130;89m[38;2;204;169;113m▄[48;2;193;157;106m[38;2;201;167;110m▄[48;2;204;168;113m[38;2;198;164;108m▄[48;2;200;166;109m[38;2;203;164;109m▄[48;2;198;164;108m[38;2;202;165;110m▄[48;2;201;165;112m[38;2;195;165;108m▄[48;2;200;165;111m[38;2;202;168;113m▄[48;2;200;164;111m[38;2;195;161;107m▄[48;2;195;160;108m[38;2;189;159;104m▄[48;2;199;158;109m[38;2;159;172;95m▄[48;2;203;161;111m[38;2;147;170;91m▄[48;2;197;158;107m[38;2;152;172;93m▄[48;2;154;149;90m[38;2;133;176;88m▄[48;2;101;170;75m[38;2;107;178;76m▄[48;2;122;164;80m[38;2;133;171;86m▄[48;2;158;151;92m[38;2;154;162;95m▄[48;2;132;170;85m[38;2;118;163;83m▄[48;2;103;166;82m[38;2;108;170;82m▄[48;2;89;152;81m[38;2;108;172;82m▄[0m
[48;2;200;164;113m[38;2;199;164;111m▄[48;2;205;168;113m[38;2;199;163;109m▄[48;2;205;167;114m[38;2;200;164;110m▄[48;2;199;162;110m[38;2;200;164;111m▄[48;2;209;170;114m[38;2;206;169;115m▄[48;2;86;80;63m[38;2;167;137;96m▄[48;2;33;56;55m[38;2;101;81;61m▄[48;2;37;53;51m[38;2;109;87;63m▄[48;2;62;58;50m[38;2;172;136;94m▄[48;2;149;115;82m[38;2;204;167;113m▄[48;2;180;146;101m[38;2;204;168;112m▄[48;2;203;168;112m[38;2;201;165;111m▄[48;2;202;167;111m[38;2;201;165;111m▄[48;2;200;164;108m[38;2;197;166;109m▄[48;2;202;164;110m[38;2;181;167;104m▄[48;2;201;166;110m[38;2;147;171;92m▄[48;2;192;166;107m[38;2;116;173;81m▄[48;2;160;170;96m[38;2;106;175;76m▄[48;2;120;173;82m[38;2;106;175;77m▄[48;2;129;173;87m[38;2;105;174;77m▄[48;2;133;170;86m[38;2;105;175;78m▄[48;2;141;169;89m[38;2;107;178;80m▄[48;2;98;168;78m[38;2;105;168;83m▄[48;2;102;175;75m[38;2;111;175;80m▄[48;2;95;165;79m[38;2;107;169;81m▄[48;2;83;151;81m[38;2;99;162;82m▄[48;2;109;175;80m[38;2;97;162;80m▄[48;2;104;174;78m[38;2;105;170;81m▄[48;2;105;177;77m[38;2;111;176;80m▄[48;2;87;153;81m[38;2;107;171;81m▄[48;2;91;154;82m[38;2;107;173;81m▄[48;2;112;178;79m[38;2;109;176;79m▄[0m
