[48;2;255;255;254m[38;2;254;255;254m▄[48;2;255;255;254m[38;2;254;255;254m▄[48;2;254;255;254m[38;2;254;255;255m▄[48;2;255;255;254m[38;2;254;255;254m▄[48;2;254;254;254m[38;2;254;254;254m▄[48;2;255;254;254m[38;2;254;254;254m▄[48;2;254;254;254m[38;2;255;255;254m▄[48;2;254;254;254m[38;2;255;255;254m▄[48;2;254;255;254m[38;2;255;255;254m▄[48;2;254;255;254m[38;2;255;255;254m▄[48;2;255;255;254m[38;2;254;254;254m▄[48;2;255;255;254m[38;2;251;251;250m▄[48;2;253;253;252m[38;2;255;255;255m▄[48;2;252;252;252m[38;2;255;255;255m▄[48;2;252;252;251m[38;2;255;255;255m▄[48;2;252;252;252m[38;2;255;255;255m▄[48;2;252;252;251m[38;2;255;255;255m▄[48;2;252;252;251m[38;2;255;255;255m▄[48;2;252;252;251m[38;2;255;255;255m▄[48;2;253;253;253m[38;2;255;255;255m▄[48;2;254;254;254m[38;2;251;251;251m▄[48;2;254;254;254m[38;2;255;255;254m▄[48;2;255;254;254m[38;2;255;255;254m▄[48;2;255;255;254m[38;2;255;255;254m▄[48;2;255;255;254m[38;2;255;255;254m▄[48;2;255;255;254m[38;2;255;255;254m▄[48;2;255;255;254m[38;2;255;255;254m▄[48;2;254;255;254m[38;2;254;255;254m▄[48;2;254;254;254m[38;2;255;255;255m▄[48;2;254;255;254m[38;2;254;254;254m▄[48;2;255;255;254m[38;2;255;255;254m▄[48;2;254;254;254m[38;2;254;255;254m▄[0m
[48;2;254;254;253m[38;2;254;254;254m▄[48;2;254;254;254m[38;2;255;254;254m▄[48;2;254;255;255m[38;2;255;255;255m▄[48;2;254;255;254m[38;2;255;255;254m▄[48;2;254;254;254m[38;2;254;255;254m▄[48;2;254;255;254m[38;2;255;255;254m▄[48;2;255;255;254m[38;2;255;255;254m▄[48;2;254;255;254m[38;2;254;254;254m▄[48;2;254;254;253m[38;2;254;254;252m▄[48;2;253;254;253m[38;2;255;255;255m▄[48;2;255;255;254m[38;2;243;244;244m▄[48;2;255;255;255m[38;2;125;129;131m▄[48;2;221;222;223m[38;2;103;88;81m▄[48;2;186;190;191m[38;2;92;68;56m▄[48;2;188;192;193m[38;2;86;62;50m▄[48;2;187;191;192m[38;2;81;58;47m▄[48;2;191;194;195m[38;2;59;39;29m▄[48;2;191;194;195m[38;2;80;58;46m▄[48;2;185;189;190m[38;2;98;74;61m▄[48;2;233;234;234m[38;2;103;93;87m▄[48;2;255;255;255m[38;2;136;139;141m▄[48;2;253;253;252m[38;2;254;255;255m▄[48;2;253;253;252m[38;2;255;255;255m▄[48;2;254;255;254m[38;2;253;253;252m▄[48;2;254;255;254m[38;2;254;254;254m▄[48;2;254;254;254m[38;2;254;254;254m▄[48;2;255;255;254m[38;2;255;255;254m▄[48;2;255;255;254m[38;2;254;255;254m▄[48;2;254;255;254m[38;2;255;255;254m▄[48;2;254;255;254m[38;2;255;255;254m▄[48;2;254;255;254m[38;2;255;255;254m▄[48;2;255;255;254m[38;2;255;255;254m▄[0m
[48;2;255;254;254m[38;2;255;255;254m▄[48;2;254;255;254m[38;2;255;255;254m▄[48;2;255;255;254m[38;2;255;255;254m▄[48;2;255;255;254m[38;2;254;255;254m▄[48;2;255;255;254m[38;2;255;254;254m▄[48;2;255;255;254m[38;2;255;255;254m▄[48;2;254;254;254m[38;2;252;252;252m▄[48;2;251;251;250m[38;2;255;255;255m▄[48;2;255;255;255m[38;2;148;147;147m▄[48;2;145;145;145m[38;2;114;82;66m▄[48;2;75;68;65m[38;2;179;128;102m▄[48;2;122;86;68m[38;2;198;145;118m▄[48;2;175;128;104m[38;2;189;140;113m▄[48;2;205;153;126m[38;2;182;136;110m▄[48;2;200;149;122m[38;2;185;138;112m▄[48;2;199;147;120m[38;2;185;138;112m▄[48;2;189;139;112m[38;2;188;141;115m▄[48;2;171;124;99m[38;2;176;130;105m▄[48;2;193;143;114m[38;2;155;110;86m▄[48;2;163;118;93m[38;2;193;143;116m▄[48;2;113;83;67m[38;2;195;146;120m▄[48;2;80;75;72m[38;2;176;129;106m▄[48;2;180;179;180m[38;2;106;80;68m▄[48;2;255;255;255m[38;2;174;176;177m▄[48;2;251;251;250m[38;2;255;255;255m▄[48;2;255;254;254m[38;2;252;252;251m▄[48;2;255;255;254m[38;2;255;255;254m▄[48;2;255;255;254m[38;2;254;254;254m▄[48;2;255;255;254m[38;2;255;255;254m▄[48;2;255;255;254m[38;2;254;254;254m▄[48;2;255;255;254m[38;2;255;255;254m▄[48;2;255;255;254m[38;2;255;255;254m▄[0m
[48;2;255;255;254m[38;2;255;255;254m▄[48;2;255;255;254m[38;2;254;255;254m▄[48;2;255;255;255m[38;2;254;254;254m▄[48;2;255;255;254m[38;2;255;254;254m▄[48;2;255;254;254m[38;2;254;253;253m▄[48;2;252;252;251m[38;2;252;251;251m▄[48;2;255;255;255m[38;2;231;232;232m▄[48;2;152;154;155m[38;2;93;85;81m▄[48;2;112;80;65m[38;2;165;118;92m▄[48;2;202;151;124m[38;2;195;145;117m▄[48;2;191;144;118m[38;2;182;135;110m▄[48;2;184;137;111m[38;2;190;144;118m▄[48;2;187;140;113m[38;2;178;133;107m▄[48;2;186;139;112m[38;2;183;136;110m▄[48;2;185;138;111m[38;2;186;138;112m▄[48;2;186;139;112m[38;2;185;137;110m▄[48;2;186;138;111m[38;2;187;139;112m▄[48;2;187;139;113m[38;2;186;139;113m▄[48;2;191;142;116m[38;2;178;132;107m▄[48;2;186;138;113m[38;2;188;140;115m▄[48;2;186;139;113m[38;2;187;138;112m▄[48;2;192;143;118m[38;2;183;134;108m▄[48;2;194;140;114m[38;2;201;148;120m▄[48;2;89;65;54m[38;2;142;100;79m▄[48;2;176;179;181m[38;2;114;111;109m▄[48;2;255;255;255m[38;2;241;241;242m▄[48;2;252;252;251m[38;2;252;252;251m▄[48;2;255;255;254m[38;2;254;253;253m▄[48;2;255;255;255m[38;2;254;254;254m▄[48;2;255;255;254m[38;2;255;255;254m▄[48;2;255;255;254m[38;2;254;254;254m▄[48;2;255;255;254m[38;2;255;254;254m▄[0m
[48;2;255;255;254m[38;2;255;254;254m▄[48;2;255;255;254m[38;2;255;254;254m▄[48;2;254;254;254m[38;2;255;255;255m▄[48;2;254;254;254m[38;2;253;254;253m▄[48;2;251;251;250m[38;2;254;254;254m▄[48;2;255;255;255m[38;2;228;231;232m▄[48;2;160;163;165m[38;2;96;84;78m▄[48;2;102;71;55m[38;2;178;133;109m▄[48;2;194;141;112m[38;2;149;104;81m▄[48;2;175;127;100m[38;2;196;146;116m▄[48;2;214;161;130m[38;2;206;153;121m▄[48;2;176;129;104m[38;2;147;103;80m▄[48;2;157;114;90m[38;2;184;136;109m▄[48;2;187;141;116m[38;2;213;162;133m▄[48;2;188;141;115m[38;2;203;156;130m▄[48;2;187;138;112m[38;2;198;150;124m▄[48;2;188;140;113m[38;2;185;138;112m▄[48;2;181;133;107m[38;2;182;134;107m▄[48;2;147;102;80m[38;2;122;81;60m▄[48;2;190;140;112m[38;2;193;144;115m▄[48;2;187;136;109m[38;2;195;145;116m▄[48;2;192;143;116m[38;2;185;138;111m▄[48;2;171;127;103m[38;2;191;147;121m▄[48;2;204;153;125m[38;2;156;111;89m▄[48;2;82;60;49m[38;2;161;116;94m▄[48;2;193;197;198m[38;2;99;93;90m▄[48;2;255;255;255m[38;2;249;250;251m▄[48;2;252;252;252m[38;2;255;255;255m▄[48;2;254;255;254m[38;2;254;254;254m▄[48;2;255;254;254m[38;2;254;255;254m▄[48;2;255;255;254m[38;2;255;255;254m▄[48;2;254;255;254m[38;2;255;255;254m▄[0m
[48;2;254;254;254m[38;2;255;255;254m▄[48;2;254;254;254m[38;2;255;254;254m▄[48;2;255;255;255m[38;2;255;254;254m▄[48;2;253;253;253m[38;2;253;253;253m▄[48;2;255;255;255m[38;2;255;255;255m▄[48;2;230;233;234m[38;2;124;122;122m▄[48;2;69;54;47m[38;2;138;102;82m▄[48;2;196;146;118m[38;2;191;141;114m▄[48;2;165;121;97m[38;2;189;142;116m▄[48;2;191;143;117m[38;2;189;141;115m▄[48;2;179;131;106m[38;2;162;116;94m▄[48;2;158;112;88m[38;2;183;134;108m▄[48;2;189;138;112m[38;2;190;139;111m▄[48;2;191;139;111m[38;2;188;137;109m▄[48;2;175;126;101m[38;2;143;99;78m▄[48;2;181;133;107m[38;2;174;127;101m▄[48;2;195;146;118m[38;2;160;114;89m▄[48;2;169;123;98m[38;2;178;131;110m▄[48;2;152;107;85m[38;2;238;205;187m▄[48;2;158;112;87m[38;2;154;108;88m▄[48;2;182;134;109m[38;2;168;119;94m▄[48;2;150;104;82m[38;2;165;118;93m▄[48;2;187;138;111m[38;2;181;132;105m▄[48;2;159;114;90m[38;2;177;129;103m▄[48;2;186;137;111m[38;2;175;127;102m▄[48;2;74;67;63m[38;2;127;96;79m▄[48;2;255;255;255m[38;2;147;148;148m▄[48;2;255;255;255m[38;2;255;255;255m▄[48;2;254;254;254m[38;2;252;252;251m▄[48;2;255;255;254m[38;2;255;255;254m▄[48;2;255;255;254m[38;2;255;255;254m▄[48;2;255;255;254m[38;2;255;254;254m▄[0m
[48;2;254;255;254m[38;2;254;255;254m▄[48;2;255;255;254m[38;2;255;255;254m▄[48;2;254;255;255m[38;2;255;255;255m▄[48;2;253;253;252m[38;2;253;253;252m▄[48;2;255;255;255m[38;2;255;255;255m▄[48;2;74;71;69m[38;2;84;81;79m▄[48;2;168;121;95m[38;2;163;118;92m▄[48;2;159;113;89m[38;2;153;107;84m▄[48;2;177;129;104m[38;2;173;125;100m▄[48;2;191;143;118m[38;2;195;145;118m▄[48;2;149;103;82m[38;2;141;96;75m▄[48;2;189;140;114m[38;2;152;104;82m▄[48;2;176;127;101m[38;2;137;91;70m▄[48;2;145;99;75m[38;2;130;85;65m▄[48;2;173;125;100m[38;2;142;97;75m▄[48;2;155;108;84m[38;2;181;136;117m▄[48;2;175;126;105m[38;2;254;221;203m▄[48;2;250;203;181m[38;2;250;219;201m▄[48;2;255;239;223m[38;2;179;138;119m▄[48;2;205;172;157m[38;2;176;136;118m▄[48;2;164;118;95m[38;2;135;91;73m▄[48;2;171;121;97m[38;2;123;79;59m▄[48;2;172;123;98m[38;2;177;127;102m▄[48;2;168;120;96m[38;2;163;117;93m▄[48;2;165;117;93m[38;2;162;115;92m▄[48;2;146;102;78m[38;2;141;100;77m▄[48;2;99;100;100m[38;2;109;110;110m▄[48;2;255;255;255m[38;2;255;255;255m▄[48;2;251;251;250m[38;2;251;251;250m▄[48;2;255;255;254m[38;2;254;254;254m▄[48;2;255;255;254m[38;2;254;255;254m▄[48;2;254;254;254m[38;2;254;254;254m▄[0m
[48;2;255;255;254m[38;2;255;255;254m▄[48;2;255;254;254m[38;2;255;254;254m▄[48;2;255;255;254m[38;2;254;254;254m▄[48;2;253;253;252m[38;2;253;253;252m▄[48;2;255;255;255m[38;2;255;255;255m▄[48;2;83;79;78m[38;2;84;81;79m▄[48;2;168;121;96m[38;2;169;123;98m▄[48;2;153;107;85m[38;2;155;108;85m▄[48;2;173;125;100m[38;2;178;130;104m▄[48;2;183;133;106m[38;2;147;102;79m▄[48;2;148;100;78m[38;2;96;67;56m▄[48;2;148;106;91m[38;2;110;108;106m▄[48;2;160;122;107m[38;2;66;54;48m▄[48;2;177;137;121m[38;2;96;71;60m▄[48;2;220;170;149m[38;2;255;232;213m▄[48;2;253;218;200m[38;2;252;223;206m▄[48;2;255;230;216m[38;2;253;223;207m▄[48;2;247;218;203m[38;2;249;226;213m▄[48;2;160;124;108m[38;2;107;100;96m▄[48;2;155;117;101m[38;2;50;32;24m▄[48;2;157;115;98m[38;2;94;85;81m▄[48;2;120;74;55m[38;2;99;66;54m▄[48;2;163;117;92m[38;2;158;112;87m▄[48;2;169;121;96m[38;2;170;122;97m▄[48;2;168;119;95m[38;2;169;121;97m▄[48;2;143;102;80m[38;2;145;104;82m▄[48;2;108;108;109m[38;2;108;109;109m▄[48;2;255;255;255m[38;2;255;255;255m▄[48;2;251;251;250m[38;2;251;251;250m▄[48;2;255;255;254m[38;2;254;254;254m▄[48;2;255;255;254m[38;2;255;254;254m▄[48;2;254;254;254m[38;2;254;254;254m▄[0m
[48;2;254;254;254m[38;2;254;254;254m▄[48;2;254;254;254m[38;2;255;255;254m▄[48;2;254;255;254m[38;2;255;255;254m▄[48;2;253;253;252m[38;2;253;253;252m▄[48;2;255;255;255m[38;2;255;255;255m▄[48;2;87;83;81m[38;2;75;71;69m▄[48;2;168;123;98m[38;2;171;123;96m▄[48;2;155;109;85m[38;2;148;104;82m▄[48;2;182;133;108m[38;2;182;133;108m▄[48;2;136;92;69m[38;2;144;99;75m▄[48;2;153;121;106m[38;2;214;167;146m▄[48;2;255;255;255m[38;2;254;239;232m▄[48;2;160;130;113m[38;2;215;189;168m▄[48;2;138;94;69m[38;2;209;172;142m▄[48;2;254;233;218m[38;2;255;228;212m▄[48;2;253;224;207m[38;2;252;218;199m▄[48;2;252;222;204m[38;2;250;209;187m▄[48;2;255;236;220m[38;2;255;227;210m▄[48;2;218;204;193m[38;2;237;214;196m▄[48;2;99;54;29m[38;2;189;150;118m▄[48;2;226;214;206m[38;2;252;227;211m▄[48;2;137;107;93m[38;2;193;150;131m▄[48;2;151;105;81m[38;2;157;110;85m▄[48;2;168;121;97m[38;2;169;122;99m▄[48;2;164;117;93m[38;2;161;114;91m▄[48;2;144;102;80m[38;2;143;100;78m▄[48;2;109;109;109m[38;2;105;106;107m▄[48;2;255;255;255m[38;2;255;255;255m▄[48;2;251;251;250m[38;2;251;251;250m▄[48;2;254;254;254m[38;2;255;255;254m▄[48;2;254;255;254m[38;2;255;255;254m▄[48;2;255;255;254m[38;2;255;255;254m▄[0m
[48;2;255;254;254m[38;2;254;254;254m▄[48;2;255;254;254m[38;2;254;254;253m▄[48;2;255;255;254m[38;2;254;255;254m▄[48;2;253;253;252m[38;2;253;253;252m▄[48;2;255;255;255m[38;2;255;255;255m▄[48;2;174;175;174m[38;2;228;231;231m▄[48;2;105;79;66m[38;2;72;57;51m▄[48;2;153;106;84m[38;2;191;139;112m▄[48;2;183;135;111m[38;2;149;104;82m▄[48;2;144;98;75m[38;2;156;110;86m▄[48;2;213;176;158m[38;2;153;113;97m▄[48;2;254;228;209m[38;2;255;227;209m▄[48;2;255;226;210m[38;2;255;227;208m▄[48;2;255;229;212m[38;2;251;218;198m▄[48;2;254;221;203m[38;2;253;222;204m▄[48;2;255;224;205m[38;2;240;203;183m▄[48;2;255;221;203m[38;2;235;194;174m▄[48;2;255;225;208m[38;2;246;215;198m▄[48;2;255;222;204m[38;2;252;223;207m▄[48;2;255;226;209m[38;2;255;227;208m▄[48;2;255;228;210m[38;2;252;216;197m▄[48;2;191;152;133m[38;2;131;92;77m▄[48;2;157;111;87m[38;2;147;103;80m▄[48;2;177;130;105m[38;2;165;119;94m▄[48;2;169;121;97m[38;2;184;135;108m▄[48;2;139;99;78m[38;2;85;74;68m▄[48;2;113;114;115m[38;2;235;236;237m▄[48;2;255;255;255m[38;2;255;255;254m▄[48;2;251;251;250m[38;2;254;254;254m▄[48;2;255;254;254m[38;2;254;254;254m▄[48;2;255;255;254m[38;2;255;255;254m▄[48;2;254;254;254m[38;2;254;254;254m▄[0m
[48;2;255;254;254m[38;2;255;254;254m▄[48;2;254;254;254m[38;2;254;254;254m▄[48;2;255;255;254m[38;2;254;254;254m▄[48;2;253;253;253m[38;2;253;253;252m▄[48;2;255;255;255m[38;2;254;254;254m▄[48;2;225;228;229m[38;2;199;201;201m▄[48;2;78;62;54m[38;2;95;74;63m▄[48;2;193;141;113m[38;2;195;145;117m▄[48;2;131;88;68m[38;2;119;80;61m▄[48;2;194;143;115m[38;2;151;106;83m▄[48;2;81;56;43m[38;2;135;92;70m▄[48;2;120;88;76m[38;2;65;40;31m▄[48;2;235;195;175m[38;2;71;48;40m▄[48;2;255;235;216m[38;2;161;129;116m▄[48;2;255;233;216m[38;2;225;200;185m▄[48;2;232;192;171m[38;2;255;232;211m▄[48;2;224;178;156m[38;2;255;231;210m▄[48;2;254;222;203m[38;2;217;193;177m▄[48;2;255;236;220m[38;2;150;119;105m▄[48;2;230;193;174m[38;2;68;47;39m▄[48;2;113;84;73m[38;2;91;56;42m▄[48;2;93;63;50m[38;2;174;124;99m▄[48;2;171;123;98m[38;2;140;99;77m▄[48;2;134;93;72m[38;2;135;93;72m▄[48;2;183;133;105m[38;2;181;130;103m▄[48;2;80;71;67m[38;2;72;66;63m▄[48;2;251;253;253m[38;2;255;255;255m▄[48;2;255;255;255m[38;2;255;255;254m▄[48;2;254;254;254m[38;2;254;254;254m▄[48;2;254;254;254m[38;2;254;255;254m▄[48;2;254;254;254m[38;2;254;255;254m▄[48;2;254;254;254m[38;2;255;254;253m▄[0m
[48;2;254;254;254m[38;2;255;255;254m▄[48;2;254;254;254m[38;2;255;254;254m▄[48;2;254;254;253m[38;2;254;254;254m▄[48;2;253;252;251m[38;2;252;252;251m▄[48;2;255;255;255m[38;2;243;243;243m▄[48;2;85;81;79m[38;2;87;79;75m▄[48;2;165;120;95m[38;2;168;120;93m▄[48;2;197;149;121m[38;2;189;140;112m▄[48;2;135;91;70m[38;2;139;93;73m▄[48;2;126;85;64m[38;2;134;87;66m▄[48;2;117;78;59m[38;2;104;67;51m▄[48;2;125;81;63m[38;2;48;34;28m▄[48;2;80;52;41m[38;2;102;75;61m▄[48;2;90;73;61m[38;2;233;185;150m▄[48;2;91;60;49m[38;2;202;169;137m▄[48;2;117;82;70m[38;2;143;118;98m▄[48;2;118;80;67m[38;2;147;125;105m▄[48;2;82;55;44m[38;2;202;164;134m▄[48;2;79;66;54m[38;2;231;192;155m▄[48;2;89;58;44m[38;2;87;65;53m▄[48;2;140;93;72m[38;2;52;35;29m▄[48;2;138;96;75m[38;2;109;71;54m▄[48;2;123;81;61m[38;2;123;80;59m▄[48;2;147;101;80m[38;2;152;107;86m▄[48;2;195;145;118m[38;2;191;143;117m▄[48;2;106;84;72m[38;2;133;91;69m▄[48;2;183;184;184m[38;2;99;103;103m▄[48;2;254;254;253m[38;2;255;255;255m▄[48;2;253;253;252m[38;2;250;250;250m▄[48;2;254;254;254m[38;2;255;255;255m▄[48;2;255;255;254m[38;2;255;255;254m▄[48;2;255;255;253m[38;2;255;255;254m▄[0m
[48;2;254;254;254m[38;2;254;254;254m▄[48;2;255;254;254m[38;2;253;253;252m▄[48;2;250;250;250m[38;2;254;254;253m▄[48;2;255;255;255m[38;2;221;223;225m▄[48;2;142;145;146m[38;2;97;85;79m▄[48;2;109;75;58m[38;2;170;125;101m▄[48;2;194;141;112m[38;2;169;123;100m▄[48;2;147;103;82m[38;2;160;112;91m▄[48;2;131;86;68m[38;2;100;65;52m▄[48;2;109;71;56m[38;2;69;50;41m▄[48;2;89;66;56m[38;2;214;176;145m▄[48;2;205;173;146m[38;2;248;214;179m▄[48;2;238;203;167m[38;2;239;208;174m▄[48;2;208;162;132m[38;2;235;204;171m▄[48;2;215;166;134m[38;2;218;178;145m▄[48;2;223;170;137m[38;2;218;176;142m▄[48;2;225;174;141m[38;2;218;175;141m▄[48;2;213;166;133m[38;2;220;180;146m▄[48;2;223;180;145m[38;2;235;204;169m▄[48;2;237;203;166m[38;2;237;207;172m▄[48;2;184;152;127m[38;2;248;213;177m▄[48;2;77;53;44m[38;2;196;162;135m▄[48;2;119;77;61m[38;2;64;47;40m▄[48;2;143;98;79m[38;2;113;72;58m▄[48;2;167;120;96m[38;2;160;113;90m▄[48;2;138;95;74m[38;2;198;145;117m▄[48;2;103;96;91m[38;2;96;66;49m▄[48;2;226;228;228m[38;2;162;165;166m▄[48;2;253;253;252m[38;2;255;255;255m▄[48;2;254;253;253m[38;2;251;251;251m▄[48;2;255;255;254m[38;2;255;255;254m▄[48;2;254;254;254m[38;2;254;254;254m▄[0m
[48;2;254;254;254m[38;2;254;254;254m▄[48;2;253;252;252m[38;2;255;255;255m▄[48;2;253;254;254m[38;2;247;249;249m▄[48;2;159;160;160m[38;2;73;64;59m▄[48;2;100;69;54m[38;2;184;133;105m▄[48;2;193;141;114m[38;2;144;100;80m▄[48;2;182;133;108m[38;2;162;115;92m▄[48;2;159;109;86m[38;2;120;76;59m▄[48;2;79;51;42m[38;2;70;57;47m▄[48;2;144;123;102m[38;2;238;210;174m▄[48;2;255;218;176m[38;2;231;201;166m▄[48;2;229;195;158m[38;2;205;163;133m▄[48;2;232;196;159m[38;2;219;180;146m▄[48;2;237;207;170m[38;2;235;204;166m▄[48;2;239;209;173m[38;2;231;200;165m▄[48;2;239;209;173m[38;2;231;201;168m▄[48;2;238;209;172m[38;2;236;206;171m▄[48;2;237;208;171m[38;2;245;213;176m▄[48;2;235;203;168m[38;2;246;214;176m▄[48;2;234;202;167m[38;2;245;211;173m▄[48;2;233;202;165m[38;2;229;188;152m▄[48;2;250;214;174m[38;2;247;213;174m▄[48;2;109;93;77m[38;2;228;201;167m▄[48;2;86;56;45m[38;2;62;47;39m▄[48;2;161;113;90m[38;2;138;91;70m▄[48;2;193;145;118m[38;2;168;124;101m▄[48;2;187;140;114m[38;2;177;128;102m▄[48;2;88;77;70m[38;2;70;56;48m▄[48;2;230;232;233m[38;2;227;230;231m▄[48;2;255;255;255m[38;2;255;255;255m▄[48;2;253;253;253m[38;2;253;253;253m▄[48;2;254;254;254m[38;2;254;254;254m▄[0m
[48;2;254;254;253m[38;2;254;254;253m▄[48;2;255;255;255m[38;2;255;255;255m▄[48;2;246;248;249m[38;2;244;247;247m▄[48;2;84;74;68m[38;2;88;77;71m▄[48;2;161;113;89m[38;2;115;78;59m▄[48;2;137;93;73m[38;2;126;85;65m▄[48;2;174;125;100m[38;2;161;116;93m▄[48;2;55;34;27m[38;2;87;72;59m▄[48;2;166;143;117m[38;2;203;176;143m▄[48;2;255;228;186m[38;2;144;125;102m▄[48;2;245;210;174m[38;2;125;106;87m▄[48;2;223;180;149m[38;2;116;94;77m▄[48;2;254;222;183m[38;2;143;126;106m▄[48;2;253;219;180m[38;2;136;119;99m▄[48;2;253;219;179m[38;2;128;111;90m▄[48;2;254;220;180m[38;2;154;133;108m▄[48;2;229;199;164m[38;2;117;92;72m▄[48;2;191;168;140m[38;2;73;55;43m▄[48;2;191;165;135m[38;2;96;95;90m▄[48;2;189;162;132m[38;2;96;97;94m▄[48;2;166;131;106m[38;2;89;82;77m▄[48;2;191;168;140m[38;2;74;55;45m▄[48;2;205;178;147m[38;2;41;43;42m▄[48;2;111;93;76m[38;2;41;53;54m▄[48;2;85;57;45m[38;2;47;32;26m▄[48;2;170;120;95m[38;2;143;103;81m▄[48;2;155;107;84m[38;2;130;94;75m▄[48;2;143;102;81m[38;2;169;120;92m▄[48;2;117;115;114m[38;2;87;83;82m▄[48;2;255;255;255m[38;2;255;255;255m▄[48;2;253;252;252m[38;2;253;252;252m▄[48;2;255;255;254m[38;2;254;254;254m▄[0m
[48;2;254;254;253m[38;2;254;254;253m▄[48;2;255;255;255m[38;2;254;254;254m▄[48;2;245;248;249m[38;2;250;252;253m▄[48;2;68;54;46m[38;2;97;88;83m▄[48;2;177;152;136m[38;2;185;167;156m▄[48;2;96;84;78m[38;2;144;143;143m▄[48;2;83;54;40m[38;2;75;52;41m▄[48;2;154;138;116m[38;2;185;162;136m▄[48;2;195;170;142m[38;2;190;168;142m▄[48;2;47;42;40m[38;2;43;33;27m▄[48;2;144;135;126m[38;2;126;104;88m▄[48;2;144;137;129m[38;2;127;108;93m▄[48;2;44;41;40m[38;2;42;35;30m▄[48;2;101;91;83m[38;2;100;82;69m▄[48;2;140;134;128m[38;2;125;116;105m▄[48;2;135;135;132m[38;2;171;157;140m▄[48;2;132;101;86m[38;2;172;127;101m▄[48;2;174;123;93m[38;2;161;105;74m▄[48;2;216;212;203m[38;2;102;96;89m▄[48;2;215;216;211m[38;2;93;94;89m▄[48;2;189;174;162m[38;2;143;118;101m▄[48;2;176;120;92m[38;2;161;98;66m▄[48;2;87;89;86m[38;2;81;73;65m▄[48;2;92;125;130m[38;2;83;106;112m▄[48;2;0;0;0m[38;2;43;33;26m▄[48;2;114;84;67m[38;2;94;70;57m▄[48;2;75;54;44m[38;2;80;55;43m▄[48;2;164;116;89m[38;2;134;95;73m▄[48;2;86;83;81m[38;2;124;124;124m▄[48;2;255;255;255m[38;2;255;255;255m▄[48;2;252;252;251m[38;2;253;252;252m▄[48;2;254;254;254m[38;2;254;254;254m▄[0m
[48;2;255;255;254m[38;2;254;254;254m▄[48;2;253;253;253m[38;2;255;255;254m▄[48;2;255;255;254m[38;2;254;255;254m▄[48;2;231;232;231m[38;2;255;255;255m▄[48;2;191;192;193m[38;2;255;255;255m▄[48;2;235;236;238m[38;2;218;220;222m▄[48;2;91;82;72m[38;2;93;83;72m▄[48;2;255;222;184m[38;2;244;210;170m▄[48;2;193;157;132m[38;2;229;192;156m▄[48;2;117;94;77m[38;2;250;211;172m▄[48;2;129;111;89m[38;2;249;213;174m▄[48;2;108;88;71m[38;2;241;199;165m▄[48;2;96;71;58m[38;2;112;94;78m▄[48;2;44;36;33m[38;2;203;175;159m▄[48;2;131;115;104m[38;2;255;255;234m▄[48;2;72;56;45m[38;2;204;174;157m▄[48;2;60;37;25m[38;2;0;1;2m▄[48;2;75;49;37m[38;2;112;99;92m▄[48;2;133;114;104m[38;2;255;248;227m▄[48;2;107;81;70m[38;2;255;236;214m▄[48;2;61;39;28m[38;2;56;47;42m▄[48;2;60;35;25m[38;2;150;118;97m▄[48;2;29;25;23m[38;2;187;155;125m▄[48;2;70;70;67m[38;2;215;185;151m▄[48;2;204;176;147m[38;2;235;204;169m▄[48;2;79;75;70m[38;2;97;92;86m▄[48;2;105;97;93m[38;2;233;237;238m▄[48;2;130;124;120m[38;2;248;249;249m▄[48;2;248;250;251m[38;2;255;255;254m▄[48;2;253;253;252m[38;2;253;253;253m▄[48;2;254;254;253m[38;2;255;254;254m▄[48;2;254;254;254m[38;2;254;254;254m▄[0m
[48;2;255;255;254m[38;2;254;255;254m▄[48;2;255;255;254m[38;2;255;254;254m▄[48;2;255;255;255m[38;2;255;254;254m▄[48;2;252;252;252m[38;2;254;254;253m▄[48;2;253;253;253m[38;2;252;252;252m▄[48;2;219;221;223m[38;2;247;247;247m▄[48;2;74;61;51m[38;2;145;143;143m▄[48;2;244;204;165m[38;2;129;101;84m▄[48;2;238;207;170m[38;2;247;212;176m▄[48;2;233;204;167m[38;2;247;213;176m▄[48;2;222;191;158m[38;2;245;209;169m▄[48;2;216;177;148m[38;2;232;188;151m▄[48;2;154;137;115m[38;2;222;187;153m▄[48;2;153;124;109m[38;2;118;101;83m▄[48;2;165;140;121m[38;2;91;63;52m▄[48;2;116;99;90m[38;2;145;111;93m▄[48;2;141;109;90m[38;2;206;158;129m▄[48;2;146;113;95m[38;2;215;165;134m▄[48;2;118;103;95m[38;2;100;74;60m▄[48;2;134;117;107m[38;2;50;39;32m▄[48;2;144;124;106m[38;2;188;153;127m▄[48;2;215;175;145m[38;2;224;180;149m▄[48;2;231;193;158m[38;2;241;207;170m▄[48;2;245;213;173m[38;2;254;220;182m▄[48;2;230;196;158m[38;2;197;159;127m▄[48;2;82;76;70m[38;2;85;79;75m▄[48;2;249;250;251m[38;2;248;249;248m▄[48;2;255;255;255m[38;2;254;254;254m▄[48;2;253;253;253m[38;2;254;254;253m▄[48;2;255;255;254m[38;2;255;255;254m▄[48;2;255;254;254m[38;2;254;255;254m▄[48;2;255;255;254m[38;2;255;255;254m▄[0m
[48;2;254;254;253m[38;2;254;254;253m▄[48;2;254;254;254m[38;2;254;254;254m▄[48;2;254;254;254m[38;2;254;254;254m▄[48;2;255;254;254m[38;2;255;255;254m▄[48;2;254;254;253m[38;2;255;255;254m▄[48;2;254;254;253m[38;2;254;254;254m▄[48;2;255;255;255m[38;2;255;254;254m▄[48;2;151;150;150m[38;2;255;255;255m▄[48;2;104;81;66m[38;2;168;170;171m▄[48;2;125;97;80m[38;2;68;72;74m▄[48;2;121;95;80m[38;2;74;56;46m▄[48;2;125;99;83m[38;2;125;98;82m▄[48;2;90;71;60m[38;2;176;135;111m▄[48;2;107;84;70m[38;2;231;189;155m▄[48;2;207;162;135m[38;2;230;195;159m▄[48;2;229;186;153m[38;2;236;205;166m▄[48;2;232;199;162m[38;2;236;205;168m▄[48;2;232;198;161m[38;2;235;205;170m▄[48;2;231;190;157m[38;2;236;207;170m▄[48;2;145;117;98m[38;2;237;199;162m▄[48;2;76;57;47m[38;2;200;156;126m▄[48;2;118;93;77m[38;2;118;91;74m▄[48;2;126;100;83m[38;2;38;32;29m▄[48;2;125;97;81m[38;2;128;132;134m▄[48;2;106;93;86m[38;2;218;219;220m▄[48;2;213;214;215m[38;2;255;255;255m▄[48;2;253;253;253m[38;2;253;253;252m▄[48;2;253;253;252m[38;2;255;255;254m▄[48;2;254;254;254m[38;2;255;255;254m▄[48;2;255;255;254m[38;2;254;255;254m▄[48;2;255;255;254m[38;2;255;255;254m▄[48;2;255;255;254m[38;2;254;254;254m▄[0m
[48;2;254;254;253m[38;2;255;254;254m▄[48;2;254;254;253m[38;2;255;255;254m▄[48;2;254;254;254m[38;2;254;254;254m▄[48;2;254;254;254m[38;2;255;254;254m▄[48;2;254;254;254m[38;2;254;254;253m▄[48;2;254;254;254m[38;2;254;254;254m▄[48;2;254;254;253m[38;2;254;254;254m▄[48;2;248;248;247m[38;2;252;252;252m▄[48;2;255;255;255m[38;2;251;251;250m▄[48;2;125;126;126m[38;2;192;192;192m▄[48;2;147;110;88m[38;2;112;97;86m▄[48;2;252;210;175m[38;2;209;169;140m▄[48;2;231;195;158m[38;2;217;175;145m▄[48;2;237;206;167m[38;2;226;187;155m▄[48;2;239;208;169m[38;2;224;183;151m▄[48;2;237;206;169m[38;2;224;181;148m▄[48;2;238;207;170m[38;2;224;182;148m▄[48;2;237;206;169m[38;2;223;179;146m▄[48;2;236;204;166m[38;2;223;181;148m▄[48;2;237;205;168m[38;2;222;182;152m▄[48;2;224;189;156m[38;2;223;180;153m▄[48;2;240;193;160m[38;2;168;138;116m▄[48;2;78;61;52m[38;2;124;119;117m▄[48;2;238;240;241m[38;2;237;238;239m▄[48;2;255;255;255m[38;2;252;252;251m▄[48;2;252;252;251m[38;2;254;254;254m▄[48;2;255;255;254m[38;2;255;255;254m▄[48;2;255;255;254m[38;2;255;255;254m▄[48;2;254;254;254m[38;2;255;254;254m▄[48;2;254;254;254m[38;2;254;254;254m▄[48;2;254;254;254m[38;2;254;254;254m▄[48;2;255;254;254m[38;2;255;255;254m▄[0m
[48;2;254;254;254m[38;2;254;255;254m▄[48;2;254;255;254m[38;2;255;254;254m▄[48;2;254;255;254m[38;2;254;255;254m▄[48;2;254;254;254m[38;2;255;255;254m▄[48;2;254;254;254m[38;2;254;254;254m▄[48;2;254;254;254m[38;2;254;254;254m▄[48;2;254;255;254m[38;2;254;254;254m▄[48;2;254;254;254m[38;2;254;254;254m▄[48;2;254;253;253m[38;2;253;253;252m▄[48;2;255;255;255m[38;2;253;253;253m▄[48;2;75;75;72m[38;2;134;135;134m▄[48;2;166;138;113m[38;2;18;14;13m▄[48;2;181;150;127m[38;2;43;31;25m▄[48;2;163;130;110m[38;2;40;29;23m▄[48;2;170;136;112m[38;2;32;23;18m▄[48;2;171;134;109m[38;2;30;28;27m▄[48;2;166;130;105m[38;2;63;65;65m▄[48;2;163;125;104m[38;2;19;12;9m▄[48;2;176;144;122m[38;2;43;32;26m▄[48;2;170;139;118m[38;2;43;31;25m▄[48;2;194;161;135m[38;2;26;18;13m▄[48;2;93;78;62m[38;2;44;44;43m▄[48;2;162;165;168m[38;2;208;208;207m▄[48;2;255;255;255m[38;2;253;253;253m▄[48;2;251;250;250m[38;2;252;253;252m▄[48;2;255;255;254m[38;2;255;255;254m▄[48;2;255;255;254m[38;2;255;255;254m▄[48;2;254;254;254m[38;2;255;255;254m▄[48;2;254;254;254m[38;2;255;254;254m▄[48;2;254;254;254m[38;2;255;255;254m▄[48;2;254;254;254m[38;2;254;254;254m▄[48;2;254;254;254m[38;2;255;255;254m▄[0m
[48;2;254;254;254m[38;2;254;254;254m▄[48;2;255;254;254m[38;2;254;254;254m▄[48;2;254;255;254m[38;2;254;255;254m▄[48;2;254;254;254m[38;2;254;255;254m▄[48;2;254;254;254m[38;2;255;255;254m▄[48;2;255;255;254m[38;2;255;255;254m▄[48;2;255;255;254m[38;2;255;255;254m▄[48;2;255;255;253m[38;2;254;255;254m▄[48;2;253;253;252m[38;2;253;253;252m▄[48;2;255;255;255m[38;2;255;255;255m▄[48;2;235;236;236m[38;2;219;221;221m▄[48;2;40;32;28m[38;2;46;38;34m▄[48;2;87;62;49m[38;2;107;80;66m▄[48;2;88;64;52m[38;2;108;82;67m▄[48;2;79;52;39m[38;2;91;64;49m▄[48;2;74;66;64m[38;2;70;63;60m▄[48;2;157;160;161m[38;2;145;147;148m▄[48;2;40;25;16m[38;2;50;33;23m▄[48;2;92;67;54m[38;2;113;85;68m▄[48;2;90;68;55m[38;2;111;85;70m▄[48;2;56;35;24m[38;2;70;50;38m▄[48;2;112;111;111m[38;2;102;102;102m▄[48;2;255;255;255m[38;2;254;254;254m▄[48;2;251;251;250m[38;2;251;251;250m▄[48;2;255;255;254m[38;2;254;254;254m▄[48;2;254;254;254m[38;2;254;254;254m▄[48;2;254;254;254m[38;2;255;255;254m▄[48;2;254;255;254m[38;2;254;255;254m▄[48;2;255;255;254m[38;2;254;255;254m▄[48;2;255;255;254m[38;2;255;255;254m▄[48;2;254;255;254m[38;2;254;255;254m▄[48;2;255;255;254m[38;2;254;255;254m▄[0m
[48;2;254;254;254m[38;2;254;254;254m▄[48;2;255;255;254m[38;2;255;255;254m▄[48;2;254;255;254m[38;2;254;255;254m▄[48;2;255;255;254m[38;2;254;255;254m▄[48;2;254;255;254m[38;2;255;255;254m▄[48;2;255;255;254m[38;2;254;254;254m▄[48;2;255;255;254m[38;2;254;254;254m▄[48;2;254;254;254m[38;2;254;254;253m▄[48;2;253;253;252m[38;2;253;252;252m▄[48;2;255;255;255m[38;2;254;254;254m▄[48;2;221;223;223m[38;2;230;231;232m▄[48;2;47;37;31m[38;2;77;69;65m▄[48;2;120;90;73m[38;2;102;76;60m▄[48;2;112;85;68m[38;2;113;86;70m▄[48;2;101;75;58m[38;2;102;75;57m▄[48;2;72;67;63m[38;2;74;68;64m▄[48;2;141;144;145m[38;2;143;145;147m▄[48;2;61;43;31m[38;2;57;40;30m▄[48;2;122;93;74m[38;2;118;90;74m▄[48;2;119;91;74m[38;2;112;85;69m▄[48;2;78;54;40m[38;2;75;55;44m▄[48;2;95;95;95m[38;2;136;135;135m▄[48;2;255;255;255m[38;2;255;255;255m▄[48;2;251;250;250m[38;2;251;251;251m▄[48;2;254;254;254m[38;2;254;254;254m▄[48;2;255;255;254m[38;2;254;255;254m▄[48;2;255;255;254m[38;2;254;254;254m▄[48;2;255;255;254m[38;2;255;255;254m▄[48;2;255;255;254m[38;2;254;254;254m▄[48;2;255;255;254m[38;2;254;254;254m▄[48;2;254;254;254m[38;2;254;254;254m▄[48;2;254;255;254m[38;2;254;254;254m▄[0m
[48;2;254;254;254m[38;2;254;255;254m▄[48;2;254;255;254m[38;2;254;254;254m▄[48;2;254;255;254m[38;2;254;254;254m▄[48;2;255;255;254m[38;2;254;254;254m▄[48;2;255;255;254m[38;2;254;254;254m▄[48;2;254;254;254m[38;2;254;254;254m▄[48;2;254;254;254m[38;2;254;254;254m▄[48;2;254;254;254m[38;2;254;254;254m▄[48;2;254;254;253m[38;2;254;254;253m▄[48;2;251;251;250m[38;2;251;251;250m▄[48;2;255;255;255m[38;2;255;255;255m▄[48;2;165;167;167m[38;2;162;164;165m▄[48;2;50;35;25m[38;2;56;39;27m▄[48;2;120;92;75m[38;2;121;93;75m▄[48;2;100;73;56m[38;2;98;71;55m▄[48;2;74;68;64m[38;2;73;67;64m▄[48;2;143;146;148m[38;2;142;145;147m▄[48;2;57;40;30m[38;2;59;41;31m▄[48;2;119;90;75m[38;2;122;93;76m▄[48;2;97;71;57m[38;2;100;74;59m▄[48;2;58;54;52m[38;2;60;55;52m▄[48;2;252;253;254m[38;2;248;249;249m▄[48;2;255;255;255m[38;2;255;255;255m▄[48;2;254;254;253m[38;2;254;254;253m▄[48;2;254;255;253m[38;2;254;254;253m▄[48;2;254;255;254m[38;2;254;254;254m▄[48;2;254;255;254m[38;2;255;255;254m▄[48;2;254;254;254m[38;2;254;254;254m▄[48;2;255;254;254m[38;2;254;254;254m▄[48;2;254;254;254m[38;2;254;254;254m▄[48;2;254;254;254m[38;2;254;254;254m▄[48;2;254;254;254m[38;2;254;254;254m▄[0m
[48;2;254;254;253m[38;2;254;254;254m▄[48;2;255;255;254m[38;2;254;255;254m▄[48;2;255;255;254m[38;2;254;255;254m▄[48;2;254;255;254m[38;2;254;255;254m▄[48;2;254;254;254m[38;2;254;254;254m▄[48;2;254;255;254m[38;2;254;255;254m▄[48;2;255;255;254m[38;2;255;255;254m▄[48;2;254;255;254m[38;2;255;255;254m▄[48;2;254;255;253m[38;2;254;255;254m▄[48;2;251;251;251m[38;2;251;251;251m▄[48;2;255;255;255m[38;2;255;255;255m▄[48;2;163;165;165m[38;2;163;165;166m▄[48;2;55;38;27m[38;2;55;38;28m▄[48;2;123;94;75m[38;2;120;92;74m▄[48;2;99;73;56m[38;2;100;73;56m▄[48;2;72;67;63m[38;2;76;70;65m▄[48;2;142;144;146m[38;2;144;147;149m▄[48;2;59;41;31m[38;2;58;41;30m▄[48;2;123;94;76m[38;2;119;91;74m▄[48;2;102;75;59m[38;2;100;74;58m▄[48;2;60;56;53m[38;2;63;58;55m▄[48;2;249;250;250m[38;2;249;250;250m▄[48;2;255;255;255m[38;2;255;255;255m▄[48;2;254;254;253m[38;2;254;254;253m▄[48;2;255;255;254m[38;2;254;254;254m▄[48;2;255;255;254m[38;2;255;255;254m▄[48;2;254;254;254m[38;2;255;255;254m▄[48;2;255;255;254m[38;2;255;254;254m▄[48;2;255;255;254m[38;2;255;255;254m▄[48;2;255;255;254m[38;2;255;255;254m▄[48;2;254;255;254m[38;2;254;255;254m▄[48;2;255;255;254m[38;2;254;255;254m▄[0m
[48;2;254;254;254m[38;2;254;254;254m▄[48;2;254;254;254m[38;2;254;254;254m▄[48;2;254;255;254m[38;2;254;255;254m▄[48;2;254;255;254m[38;2;255;255;254m▄[48;2;255;255;254m[38;2;255;255;254m▄[48;2;254;255;254m[38;2;254;255;254m▄[48;2;255;254;254m[38;2;255;254;254m▄[48;2;255;254;254m[38;2;254;254;254m▄[48;2;254;255;254m[38;2;254;255;254m▄[48;2;251;251;250m[38;2;253;252;252m▄[48;2;255;255;255m[38;2;254;254;254m▄[48;2;157;158;159m[38;2;223;224;224m▄[48;2;44;27;17m[38;2;69;63;59m▄[48;2;126;97;79m[38;2;50;39;32m▄[48;2;107;78;61m[38;2;41;31;25m▄[48;2;79;71;67m[38;2;58;56;55m▄[48;2;145;148;150m[38;2;149;150;151m▄[48;2;66;46;34m[38;2;26;19;14m▄[48;2;129;99;80m[38;2;58;46;37m▄[48;2;98;72;56m[38;2;35;24;19m▄[48;2;45;41;38m[38;2;139;137;137m▄[48;2;248;249;249m[38;2;255;255;255m▄[48;2;255;255;255m[38;2;253;253;253m▄[48;2;254;254;253m[38;2;254;254;254m▄[48;2;254;254;254m[38;2;255;254;254m▄[48;2;254;254;254m[38;2;254;254;254m▄[48;2;255;255;254m[38;2;255;255;254m▄[48;2;255;255;254m[38;2;255;255;254m▄[48;2;255;255;254m[38;2;255;255;254m▄[48;2;255;255;254m[38;2;254;255;254m▄[48;2;254;255;254m[38;2;255;255;254m▄[48;2;255;255;254m[38;2;254;254;254m▄[0m
[48;2;254;254;254m[38;2;254;255;253m▄[48;2;254;254;254m[38;2;254;254;254m▄[48;2;254;254;254m[38;2;254;254;254m▄[48;2;255;254;254m[38;2;254;254;254m▄[48;2;254;255;254m[38;2;254;254;254m▄[48;2;254;254;254m[38;2;254;254;254m▄[48;2;254;254;254m[38;2;254;254;253m▄[48;2;254;254;254m[38;2;254;254;253m▄[48;2;254;254;254m[38;2;253;252;252m▄[48;2;252;253;252m[38;2;255;255;255m▄[48;2;249;250;250m[38;2;226;227;226m▄[48;2;168;167;166m[38;2;4;0;0m▄[48;2;50;36;28m[38;2;14;0;0m▄[48;2;48;29;18m[38;2;24;11;3m▄[48;2;32;15;4m[38;2;16;2;0m▄[48;2;58;54;52m[38;2;50;46;44m▄[48;2;150;151;152m[38;2;148;150;151m▄[48;2;13;3;0m[38;2;1;0;0m▄[48;2;47;28;17m[38;2;25;11;3m▄[48;2;41;22;11m[38;2;24;11;3m▄[48;2;89;81;78m[38;2;0;0;0m▄[48;2;227;227;227m[38;2;97;97;97m▄[48;2;254;254;253m[38;2;255;255;255m▄[48;2;253;253;253m[38;2;250;250;250m▄[48;2;255;254;254m[38;2;255;254;254m▄[48;2;255;255;254m[38;2;254;255;254m▄[48;2;255;255;254m[38;2;254;255;254m▄[48;2;254;255;254m[38;2;254;254;254m▄[48;2;254;255;254m[38;2;254;254;254m▄[48;2;254;254;254m[38;2;254;254;254m▄[48;2;254;254;254m[38;2;254;254;254m▄[48;2;254;254;254m[38;2;255;255;254m▄[0m
[48;2;254;254;253m[38;2;254;254;254m▄[48;2;254;254;254m[38;2;255;254;254m▄[48;2;254;254;254m[38;2;254;255;254m▄[48;2;254;254;254m[38;2;254;254;254m▄[48;2;255;254;254m[38;2;255;254;254m▄[48;2;254;254;254m[38;2;254;254;253m▄[48;2;254;254;254m[38;2;254;254;253m▄[48;2;254;254;253m[38;2;254;255;253m▄[48;2;254;254;253m[38;2;254;255;254m▄[48;2;255;255;254m[38;2;254;255;254m▄[48;2;248;248;248m[38;2;255;255;255m▄[48;2;191;192;192m[38;2;255;255;255m▄[48;2;185;187;188m[38;2;255;255;255m▄[48;2;186;187;188m[38;2;255;255;255m▄[48;2;186;188;189m[38;2;255;255;255m▄[48;2;202;203;203m[38;2;255;255;255m▄[48;2;231;230;230m[38;2;255;255;255m▄[48;2;188;189;189m[38;2;255;255;255m▄[48;2;186;187;187m[38;2;255;255;255m▄[48;2;186;188;188m[38;2;255;255;255m▄[48;2;189;191;190m[38;2;255;255;255m▄[48;2;217;217;217m[38;2;255;255;255m▄[48;2;255;255;254m[38;2;254;254;254m▄[48;2;253;254;253m[38;2;254;255;254m▄[48;2;255;255;254m[38;2;255;254;254m▄[48;2;254;254;254m[38;2;255;254;254m▄[48;2;254;254;254m[38;2;254;254;254m▄[48;2;254;254;254m[38;2;254;254;254m▄[48;2;254;254;254m[38;2;254;254;254m▄[48;2;254;254;254m[38;2;254;255;254m▄[48;2;254;254;254m[38;2;255;255;254m▄[48;2;255;254;253m[38;2;254;255;254m▄[0m
