[48;2;150;215;242m[38;2;148;216;244m▄[48;2;148;215;244m[38;2;146;215;244m▄[48;2;149;215;244m[38;2;147;216;245m▄[48;2;149;215;244m[38;2;148;216;245m▄[48;2;149;215;244m[38;2;147;215;244m▄[48;2;149;215;244m[38;2;148;216;245m▄[48;2;149;215;244m[38;2;148;216;245m▄[48;2;148;214;243m[38;2;148;216;245m▄[48;2;147;214;243m[38;2;146;215;244m▄[48;2;148;215;243m[38;2;146;215;244m▄[48;2;147;215;243m[38;2;146;215;244m▄[48;2;147;215;243m[38;2;146;215;244m▄[48;2;147;215;243m[38;2;146;215;244m▄[48;2;147;215;243m[38;2;146;215;244m▄[48;2;148;215;243m[38;2;146;215;244m▄[48;2;147;214;243m[38;2;145;214;244m▄[48;2;147;214;244m[38;2;145;215;245m▄[48;2;147;214;244m[38;2;146;215;246m▄[48;2;147;214;243m[38;2;146;215;244m▄[48;2;147;214;243m[38;2;146;215;244m▄[48;2;147;215;243m[38;2;146;215;246m▄[48;2;147;215;243m[38;2;146;215;246m▄[48;2;147;215;243m[38;2;146;215;246m▄[48;2;147;215;243m[38;2;146;215;246m▄[48;2;148;215;243m[38;2;146;215;244m▄[48;2;147;214;243m[38;2;146;215;244m▄[48;2;147;214;243m[38;2;146;215;244m▄[48;2;148;215;243m[38;2;146;215;244m▄[48;2;148;215;244m[38;2;146;215;244m▄[48;2;149;216;244m[38;2;146;216;245m▄[48;2;147;215;244m[38;2;145;216;246m▄[48;2;153;216;241m[38;2;152;216;242m▄[0m
[48;2;149;216;244m[38;2;148;215;243m▄[48;2;146;215;244m[38;2;146;215;244m▄[48;2;147;215;244m[38;2;147;215;244m▄[48;2;148;215;244m[38;2;147;215;244m▄[48;2;146;215;244m[38;2;146;216;244m▄[48;2;148;216;245m[38;2;147;216;245m▄[48;2;148;216;245m[38;2;146;215;244m▄[48;2;147;216;245m[38;2;146;215;244m▄[48;2;146;215;244m[38;2;146;215;244m▄[48;2;146;215;244m[38;2;146;215;244m▄[48;2;146;215;244m[38;2;146;215;244m▄[48;2;146;215;244m[38;2;146;215;244m▄[48;2;146;215;244m[38;2;146;215;244m▄[48;2;146;215;244m[38;2;146;215;244m▄[48;2;146;215;244m[38;2;146;215;244m▄[48;2;146;215;245m[38;2;146;215;244m▄[48;2;146;215;244m[38;2;146;215;244m▄[48;2;146;215;244m[38;2;146;215;244m▄[48;2;146;215;244m[38;2;146;215;244m▄[48;2;146;215;244m[38;2;146;215;244m▄[48;2;146;215;246m[38;2;146;215;244m▄[48;2;146;215;247m[38;2;146;215;246m▄[48;2;146;215;246m[38;2;145;214;246m▄[48;2;147;215;246m[38;2;142;213;245m▄[48;2;147;215;244m[38;2;144;214;244m▄[48;2;146;215;244m[38;2;147;215;244m▄[48;2;146;215;244m[38;2;146;215;244m▄[48;2;146;215;244m[38;2;146;215;244m▄[48;2;147;215;244m[38;2;147;215;244m▄[48;2;147;215;244m[38;2;147;215;244m▄[48;2;145;216;245m[38;2;146;215;245m▄[48;2;152;217;242m[38;2;152;216;242m▄[0m
[48;2;148;215;242m[38;2;149;216;243m▄[48;2;146;215;244m[38;2;146;215;244m▄[48;2;146;215;244m[38;2;147;216;245m▄[48;2;147;216;245m[38;2;147;216;245m▄[48;2;147;216;245m[38;2;146;215;244m▄[48;2;146;216;244m[38;2;146;215;244m▄[48;2;146;215;244m[38;2;147;215;244m▄[48;2;146;215;244m[38;2;147;215;244m▄[48;2;146;215;244m[38;2;147;215;244m▄[48;2;146;215;244m[38;2;145;214;244m▄[48;2;146;215;245m[38;2;146;215;246m▄[48;2;146;215;245m[38;2;146;215;246m▄[48;2;146;215;244m[38;2;146;215;244m▄[48;2;146;215;244m[38;2;146;215;245m▄[48;2;146;215;245m[38;2;146;215;246m▄[48;2;146;215;245m[38;2;145;214;246m▄[48;2;147;215;244m[38;2;147;215;244m▄[48;2;146;215;244m[38;2;147;215;244m▄[48;2;146;215;244m[38;2;146;215;244m▄[48;2;146;215;244m[38;2;147;215;244m▄[48;2;147;216;243m[38;2;143;214;244m▄[48;2;146;215;245m[38;2;150;216;244m▄[48;2;145;215;244m[38;2;209;240;249m▄[48;2;160;219;244m[38;2;228;246;253m▄[48;2;153;218;244m[38;2;216;242;251m▄[48;2;142;214;246m[38;2;160;220;244m▄[48;2;145;215;246m[38;2;148;216;245m▄[48;2;147;215;244m[38;2;141;214;246m▄[48;2;146;215;244m[38;2;147;215;244m▄[48;2;147;215;244m[38;2;146;215;244m▄[48;2;145;215;245m[38;2;144;215;245m▄[48;2;152;216;242m[38;2;152;216;242m▄[0m
[48;2;149;216;244m[38;2;148;215;243m▄[48;2;146;216;244m[38;2;146;216;245m▄[48;2;147;216;245m[38;2;147;216;245m▄[48;2;147;216;245m[38;2;146;215;244m▄[48;2;146;215;244m[38;2;146;215;244m▄[48;2;146;215;244m[38;2;146;215;244m▄[48;2;147;215;244m[38;2;146;215;244m▄[48;2;147;215;244m[38;2;146;215;244m▄[48;2;146;215;245m[38;2;146;215;246m▄[48;2;146;215;246m[38;2;146;215;246m▄[48;2;146;215;246m[38;2;146;215;246m▄[48;2;146;215;246m[38;2;146;215;246m▄[48;2;146;215;246m[38;2;146;215;246m▄[48;2;146;215;245m[38;2;146;215;244m▄[48;2;146;215;245m[38;2;146;215;244m▄[48;2;145;214;244m[38;2;146;215;244m▄[48;2;146;215;244m[38;2;147;216;245m▄[48;2;147;215;244m[38;2;146;215;244m▄[48;2;146;215;244m[38;2;146;215;244m▄[48;2;144;215;245m[38;2;147;215;243m▄[48;2;154;218;243m[38;2;200;235;249m▄[48;2;191;233;247m[38;2;236;249;253m▄[48;2;233;247;254m[38;2;225;246;252m▄[48;2;231;245;253m[38;2;215;241;251m▄[48;2;230;245;252m[38;2;224;244;253m▄[48;2;225;244;251m[38;2;231;247;254m▄[48;2;214;240;250m[38;2;233;248;255m▄[48;2;163;221;244m[38;2;224;246;252m▄[48;2;142;214;243m[38;2;177;228;245m▄[48;2;146;216;244m[38;2;145;215;244m▄[48;2;144;215;245m[38;2;145;215;245m▄[48;2;151;216;242m[38;2;151;216;241m▄[0m
[48;2;148;215;242m[38;2;148;215;243m▄[48;2;146;215;244m[38;2;146;215;244m▄[48;2;146;215;244m[38;2;146;215;244m▄[48;2;146;215;244m[38;2;146;215;244m▄[48;2;146;215;244m[38;2;146;215;244m▄[48;2;146;215;244m[38;2;146;215;244m▄[48;2;146;215;244m[38;2;146;215;244m▄[48;2;146;215;245m[38;2;146;215;246m▄[48;2;146;215;246m[38;2;146;215;246m▄[48;2;146;215;246m[38;2;146;215;246m▄[48;2;146;215;246m[38;2;146;215;246m▄[48;2;145;214;245m[38;2;146;215;246m▄[48;2;146;215;245m[38;2;146;215;244m▄[48;2;146;215;244m[38;2;146;215;244m▄[48;2;146;215;244m[38;2;146;215;244m▄[48;2;146;215;244m[38;2;146;215;244m▄[48;2;146;215;244m[38;2;146;215;244m▄[48;2;146;215;244m[38;2;146;215;244m▄[48;2;146;215;244m[38;2;147;214;244m▄[48;2;148;215;245m[38;2;147;215;244m▄[48;2;168;222;246m[38;2;145;215;244m▄[48;2;179;226;247m[38;2;144;215;244m▄[48;2;178;226;247m[38;2;144;214;244m▄[48;2;172;224;247m[38;2;145;214;243m▄[48;2;175;224;246m[38;2;145;215;244m▄[48;2;182;228;247m[38;2;143;214;243m▄[48;2;182;229;248m[38;2;144;214;244m▄[48;2;167;223;247m[38;2;144;214;244m▄[48;2;159;220;246m[38;2;143;214;243m▄[48;2;146;216;244m[38;2;146;215;244m▄[48;2;144;215;245m[38;2;144;215;245m▄[48;2;152;216;242m[38;2;151;216;242m▄[0m
[48;2;149;216;244m[38;2;148;215;243m▄[48;2;147;216;245m[38;2;146;216;245m▄[48;2;147;216;245m[38;2;147;215;244m▄[48;2;146;215;244m[38;2;146;215;244m▄[48;2;146;215;246m[38;2;146;215;245m▄[48;2;146;215;246m[38;2;146;215;244m▄[48;2;146;215;245m[38;2;147;215;245m▄[48;2;146;215;246m[38;2;147;215;246m▄[48;2;146;215;246m[38;2;146;215;245m▄[48;2;146;215;246m[38;2;146;215;245m▄[48;2;146;215;246m[38;2;146;215;245m▄[48;2;146;215;245m[38;2;146;215;245m▄[48;2;146;215;244m[38;2;146;215;245m▄[48;2;146;215;244m[38;2;146;215;245m▄[48;2;146;215;244m[38;2;146;215;245m▄[48;2;146;215;244m[38;2;146;215;246m▄[48;2;145;214;245m[38;2;145;214;244m▄[48;2;146;215;246m[38;2;146;215;244m▄[48;2;146;214;244m[38;2;146;215;244m▄[48;2;147;215;244m[38;2;146;215;244m▄[48;2;147;216;245m[38;2;146;215;244m▄[48;2;148;216;245m[38;2;146;215;244m▄[48;2;147;216;245m[38;2;146;215;244m▄[48;2;147;215;245m[38;2;146;215;244m▄[48;2;148;216;246m[38;2;146;215;244m▄[48;2;148;216;246m[38;2;146;215;244m▄[48;2;148;216;245m[38;2;146;215;244m▄[48;2;147;215;244m[38;2;146;215;244m▄[48;2;146;214;243m[38;2;146;215;244m▄[48;2;146;215;244m[38;2;146;215;244m▄[48;2;144;215;245m[38;2;144;215;245m▄[48;2;152;216;242m[38;2;152;216;242m▄[0m
[48;2;148;215;242m[38;2;148;215;243m▄[48;2;145;215;244m[38;2;146;215;244m▄[48;2;146;215;244m[38;2;146;215;244m▄[48;2;146;215;244m[38;2;146;215;244m▄[48;2;146;215;244m[38;2;146;215;244m▄[48;2;146;215;244m[38;2;146;215;244m▄[48;2;147;215;244m[38;2;146;215;246m▄[48;2;147;215;244m[38;2;146;215;246m▄[48;2;146;215;244m[38;2;146;215;245m▄[48;2;146;215;244m[38;2;146;215;245m▄[48;2;146;215;244m[38;2;147;214;246m▄[48;2;146;214;246m[38;2;146;215;247m▄[48;2;147;216;248m[38;2;139;206;237m▄[48;2;147;217;248m[38;2;137;202;233m▄[48;2;148;217;249m[38;2;138;204;234m▄[48;2;148;218;249m[38;2;138;204;233m▄[48;2;148;218;246m[38;2;139;204;233m▄[48;2;148;217;246m[38;2;140;204;233m▄[48;2;148;218;246m[38;2;137;203;233m▄[48;2;147;217;245m[38;2;142;209;238m▄[48;2;146;215;244m[38;2;146;216;246m▄[48;2;146;215;245m[38;2;146;215;246m▄[48;2;146;215;244m[38;2;146;215;244m▄[48;2;146;215;244m[38;2;146;215;244m▄[48;2;146;215;244m[38;2;146;215;244m▄[48;2;146;215;244m[38;2;146;215;244m▄[48;2;146;215;244m[38;2;146;215;244m▄[48;2;146;215;244m[38;2;146;215;244m▄[48;2;146;215;244m[38;2;146;215;244m▄[48;2;146;215;244m[38;2;146;215;244m▄[48;2;144;215;245m[38;2;144;215;245m▄[48;2;152;216;242m[38;2;151;216;241m▄[0m
[48;2;148;215;243m[38;2;148;214;242m▄[48;2;146;215;245m[38;2;146;215;244m▄[48;2;147;216;245m[38;2;146;214;244m▄[48;2;146;215;245m[38;2;146;214;244m▄[48;2;146;215;244m[38;2;146;214;243m▄[48;2;146;215;244m[38;2;146;214;243m▄[48;2;146;215;245m[38;2;146;214;243m▄[48;2;146;215;245m[38;2;146;214;243m▄[48;2;146;215;245m[38;2;146;214;243m▄[48;2;146;214;244m[38;2;146;213;242m▄[48;2;147;218;249m[38;2;148;218;249m▄[48;2;141;203;230m[38;2;138;196;223m▄[48;2;177;193;198m[38;2;202;208;204m▄[48;2;195;208;209m[38;2;232;236;226m▄[48;2;192;205;207m[38;2;226;230;221m▄[48;2;195;208;210m[38;2;217;220;214m▄[48;2;196;208;210m[38;2;218;222;215m▄[48;2;192;204;208m[38;2;227;230;222m▄[48;2;197;207;209m[38;2;234;234;223m▄[48;2;168;191;202m[38;2;188;199;201m▄[48;2;141;209;239m[38;2;138;204;233m▄[48;2;147;217;246m[38;2;148;217;246m▄[48;2;146;215;244m[38;2;146;214;243m▄[48;2;146;215;244m[38;2;146;214;243m▄[48;2;147;216;245m[38;2;147;214;243m▄[48;2;147;216;245m[38;2;148;215;244m▄[48;2;147;216;245m[38;2;147;214;243m▄[48;2;146;215;244m[38;2;147;215;244m▄[48;2;146;215;244m[38;2;146;214;242m▄[48;2;146;215;244m[38;2;146;214;243m▄[48;2;144;215;244m[38;2;144;215;243m▄[48;2;151;216;242m[38;2;151;215;241m▄[0m
[48;2;149;219;247m[38;2;144;200;225m▄[48;2;147;220;249m[38;2;143;201;227m▄[48;2;147;219;249m[38;2;141;199;225m▄[48;2;148;219;249m[38;2;140;197;223m▄[48;2;148;219;248m[38;2;141;198;224m▄[48;2;147;219;247m[38;2;142;199;224m▄[48;2;148;218;248m[38;2;143;199;225m▄[48;2;149;219;248m[38;2;141;199;224m▄[48;2;148;219;248m[38;2;141;198;223m▄[48;2;147;218;247m[38;2;141;198;223m▄[48;2;149;222;253m[38;2;141;201;227m▄[48;2;142;201;228m[38;2;136;185;208m▄[48;2;197;204;203m[38;2;200;207;205m▄[48;2;226;230;223m[38;2;224;228;221m▄[48;2;202;209;207m[38;2;191;199;200m▄[48;2;192;199;204m[38;2;218;228;231m▄[48;2;193;203;206m[38;2;209;220;221m▄[48;2;206;212;209m[38;2;192;199;198m▄[48;2;229;231;222m[38;2;230;232;224m▄[48;2;184;200;202m[38;2;185;198;199m▄[48;2;141;209;238m[38;2;135;189;215m▄[48;2;150;221;251m[38;2;143;201;226m▄[48;2;148;219;248m[38;2;140;196;221m▄[48;2;148;219;248m[38;2;139;196;222m▄[48;2;148;218;249m[38;2;140;199;223m▄[48;2;148;219;249m[38;2;145;200;225m▄[48;2;148;218;248m[38;2;144;201;226m▄[48;2;149;219;249m[38;2;142;199;224m▄[48;2;148;219;248m[38;2;138;197;222m▄[48;2;148;219;248m[38;2;139;197;222m▄[48;2;146;219;248m[38;2;141;199;225m▄[48;2;152;219;246m[38;2;150;201;225m▄[0m
[48;2;132;178;202m[38;2;181;199;206m▄[48;2;126;171;195m[38;2;182;199;205m▄[48;2;128;173;197m[38;2;187;202;207m▄[48;2;128;172;196m[38;2;190;204;209m▄[48;2;127;171;196m[38;2;186;202;205m▄[48;2;131;178;202m[38;2;180;198;204m▄[48;2;129;174;197m[38;2;182;200;205m▄[48;2;126;173;197m[38;2;190;204;210m▄[48;2;125;171;195m[38;2;187;202;208m▄[48;2;126;171;196m[38;2;184;199;204m▄[48;2;129;174;201m[38;2;189;205;211m▄[48;2;125;170;194m[38;2;173;190;198m▄[48;2;194;201;200m[38;2;208;216;211m▄[48;2;234;238;230m[38;2;197;201;193m▄[48;2;211;220;215m[38;2;166;167;160m▄[48;2;218;228;227m[38;2;164;164;159m▄[48;2;216;224;224m[38;2;164;166;161m▄[48;2;217;223;219m[38;2;167;168;160m▄[48;2;235;238;229m[38;2;195;198;188m▄[48;2;180;193;197m[38;2;198;207;206m▄[48;2;122;170;197m[38;2;172;192;202m▄[48;2;128;172;195m[38;2;186;204;209m▄[48;2;124;171;195m[38;2;188;203;208m▄[48;2;126;171;195m[38;2;190;204;209m▄[48;2;130;178;203m[38;2;188;205;209m▄[48;2;127;170;195m[38;2;179;196;204m▄[48;2;129;174;197m[38;2;177;196;203m▄[48;2;128;174;199m[38;2;186;201;206m▄[48;2;128;174;196m[38;2;190;205;209m▄[48;2;127;173;197m[38;2;190;204;209m▄[48;2;126;173;199m[38;2;185;201;209m▄[48;2;132;174;196m[38;2;182;198;205m▄[0m
[48;2;225;227;219m[38;2;209;212;208m▄[48;2;195;202;204m[38;2;146;182;203m▄[48;2;190;201;204m[38;2;154;201;226m▄[48;2;188;198;201m[38;2;150;189;211m▄[48;2;190;200;204m[38;2;151;195;219m▄[48;2;222;225;217m[38;2;199;207;203m▄[48;2;215;218;214m[38;2;184;197;199m▄[48;2;184;196;201m[38;2;138;197;227m▄[48;2;196;206;210m[38;2;132;172;193m▄[48;2;194;207;211m[38;2;118;138;153m▄[48;2;196;203;200m[38;2;115;123;134m▄[48;2;183;186;182m[38;2;107;110;122m▄[48;2;135;142;144m[38;2;97;101;112m▄[48;2;114;110;105m[38;2;122;117;115m▄[48;2;159;153;147m[38;2;176;182;177m▄[48;2;156;150;144m[38;2;127;132;130m▄[48;2;158;153;147m[38;2;127;130;130m▄[48;2;161;154;149m[38;2;179;183;179m▄[48;2;113;105;100m[38;2;128;122;119m▄[48;2;141;146;146m[38;2;98;102;110m▄[48;2;200;201;194m[38;2;107;111;121m▄[48;2;196;202;201m[38;2;117;125;135m▄[48;2;192;207;212m[38;2;126;143;159m▄[48;2;195;207;211m[38;2;134;172;192m▄[48;2;189;201;205m[38;2;142;201;231m▄[48;2;215;220;215m[38;2;181;194;198m▄[48;2;221;224;216m[38;2;203;210;204m▄[48;2;184;197;201m[38;2;145;191;217m▄[48;2;186;197;202m[38;2;150;193;217m▄[48;2;190;201;205m[38;2;151;201;226m▄[48;2;197;206;208m[38;2;146;185;207m▄[48;2;227;229;222m[38;2;205;210;206m▄[0m
[48;2;210;214;207m[38;2;217;222;216m▄[48;2;148;186;208m[38;2;181;195;199m▄[48;2;153;202;230m[38;2;181;197;204m▄[48;2;146;188;213m[38;2;181;196;201m▄[48;2;151;197;223m[38;2;178;194;201m▄[48;2;205;212;211m[38;2;211;218;211m▄[48;2;197;206;206m[38;2;157;160;165m▄[48;2;118;148;166m[38;2;114;113;126m▄[48;2;106;112;125m[38;2;156;159;161m▄[48;2;97;105;121m[38;2;177;194;198m▄[48;2;114;129;141m[38;2;185;200;203m▄[48;2;170;174;172m[38;2;181;185;183m▄[48;2;198;205;201m[38;2;136;141;145m▄[48;2;156;151;145m[38;2;131;126;121m▄[48;2;182;186;185m[38;2;216;222;220m▄[48;2;137;141;141m[38;2;160;166;166m▄[48;2;112;115;115m[38;2;160;166;164m▄[48;2;191;195;191m[38;2;219;225;220m▄[48;2;146;140;132m[38;2;128;123;118m▄[48;2;187;193;191m[38;2;141;147;150m▄[48;2;180;185;182m[38;2;192;196;192m▄[48;2;120;131;144m[38;2;182;195;198m▄[48;2;101;108;125m[38;2;171;188;192m▄[48;2;106;113;126m[38;2;152;157;158m▄[48;2;116;147;166m[38;2;115;118;129m▄[48;2;189;200;201m[38;2;144;149;155m▄[48;2;213;217;212m[38;2;211;218;211m▄[48;2;149;196;220m[38;2;181;198;203m▄[48;2;147;194;220m[38;2;174;192;199m▄[48;2;149;200;228m[38;2;176;195;201m▄[48;2;145;185;210m[38;2;182;196;202m▄[48;2;207;210;206m[38;2;216;220;215m▄[0m
[48;2;221;226;218m[38;2;212;214;207m▄[48;2;214;218;213m[38;2;147;178;198m▄[48;2;212;215;210m[38;2;153;191;213m▄[48;2;212;215;210m[38;2;153;188;208m▄[48;2;212;219;212m[38;2;135;167;185m▄[48;2;149;155;157m[38;2;103;103;118m▄[48;2;105;109;126m[38;2;138;147;157m▄[48;2;160;167;168m[38;2;143;177;199m▄[48;2;214;223;215m[38;2;100;105;119m▄[48;2;172;171;170m[38;2;94;100;114m▄[48;2;131;129;134m[38;2;125;139;150m▄[48;2;102;103;116m[38;2;171;175;175m▄[48;2;94;98;108m[38;2;195;202;196m▄[48;2;103;98;95m[38;2;190;192;185m▄[48;2;195;194;188m[38;2;160;158;152m▄[48;2;159;158;154m[38;2;169;168;161m▄[48;2;178;176;171m[38;2;166;165;159m▄[48;2;200;197;189m[38;2;160;158;153m▄[48;2;105;99;95m[38;2;185;186;179m▄[48;2;95;98;106m[38;2;188;193;191m▄[48;2;100;104;116m[38;2;181;185;182m▄[48;2;124;125;130m[38;2;128;142;154m▄[48;2;166;168;164m[38;2;97;108;122m▄[48;2;214;221;215m[38;2;99;104;115m▄[48;2;168;177;178m[38;2;137;172;192m▄[48;2;99;105;123m[38;2;137;151;160m▄[48;2;140;147;152m[38;2;100;103;117m▄[48;2;210;215;207m[38;2;127;153;170m▄[48;2;212;217;210m[38;2;154;191;213m▄[48;2;212;216;211m[38;2;150;189;212m▄[48;2;215;218;212m[38;2;155;185;203m▄[48;2;222;227;220m[38;2;210;214;209m▄[0m
[48;2;210;214;207m[38;2;210;215;207m▄[48;2;150;189;212m[38;2;160;184;197m▄[48;2;156;211;242m[38;2;144;174;191m▄[48;2;151;198;223m[38;2;126;145;155m▄[48;2;112;133;155m[38;2;97;102;111m▄[48;2;127;127;134m[38;2;135;135;134m▄[48;2;185;191;192m[38;2;149;147;145m▄[48;2;104;115;134m[38;2;90;93;102m▄[48;2;106;121;138m[38;2;148;173;184m▄[48;2;142;189;213m[38;2;165;197;212m▄[48;2;169;202;218m[38;2;172;191;198m▄[48;2;206;211;205m[38;2;200;205;199m▄[48;2;203;209;208m[38;2;202;208;205m▄[48;2;230;236;229m[38;2;228;232;224m▄[48;2;228;235;228m[38;2;223;226;219m▄[48;2;227;233;227m[38;2;224;228;221m▄[48;2;228;234;227m[38;2;224;228;220m▄[48;2;229;235;228m[38;2;223;227;219m▄[48;2;231;237;229m[38;2;228;233;223m▄[48;2;200;205;204m[38;2;197;204;201m▄[48;2;220;224;215m[38;2;211;216;208m▄[48;2;168;202;219m[38;2;168;187;196m▄[48;2;140;195;227m[38;2;160;194;216m▄[48;2;107;122;140m[38;2;153;177;192m▄[48;2;98;108;125m[38;2;91;95;103m▄[48;2;180;190;191m[38;2;136;136;133m▄[48;2;142;143;147m[38;2;143;142;140m▄[48;2;106;125;145m[38;2;101;105;113m▄[48;2;153;199;225m[38;2;127;146;156m▄[48;2;159;212;242m[38;2;140;171;188m▄[48;2;150;192;216m[38;2;158;185;200m▄[48;2;207;209;205m[38;2;209;213;209m▄[0m
[48;2;219;226;215m[38;2;208;210;206m▄[48;2;231;233;225m[38;2;157;180;194m▄[48;2;164;158;149m[38;2;131;162;177m▄[48;2;188;182;171m[38;2;105;81;84m▄[48;2;207;206;194m[38;2;126;82;83m▄[48;2;197;195;183m[38;2;123;84;87m▄[48;2;207;206;194m[38;2;123;78;77m▄[48;2;146;137;129m[38;2;99;95;101m▄[48;2;178;177;172m[38;2;136;160;173m▄[48;2;232;236;227m[38;2;112;113;122m▄[48;2;223;227;218m[38;2;142;144;145m▄[48;2;200;206;202m[38;2;197;203;201m▄[48;2;180;188;188m[38;2;187;194;192m▄[48;2;199;206;202m[38;2;202;210;205m▄[48;2;194;202;198m[38;2;203;210;206m▄[48;2;195;203;199m[38;2;202;210;205m▄[48;2;195;203;198m[38;2;202;209;205m▄[48;2;194;203;198m[38;2;201;209;205m▄[48;2;198;205;202m[38;2;201;209;205m▄[48;2;178;185;185m[38;2;181;188;187m▄[48;2;209;216;208m[38;2;207;214;211m▄[48;2;224;227;218m[38;2;148;152;153m▄[48;2;232;234;225m[38;2;105;108;114m▄[48;2;188;189;183m[38;2;141;166;176m▄[48;2;136;125;120m[38;2;107;108;117m▄[48;2;208;206;194m[38;2;121;75;78m▄[48;2;196;196;185m[38;2;120;82;84m▄[48;2;204;205;192m[38;2;122;79;81m▄[48;2;189;183;171m[38;2;108;79;81m▄[48;2;152;145;139m[38;2;130;154;168m▄[48;2;226;228;217m[38;2;164;186;198m▄[48;2;223;226;219m[38;2;208;211;208m▄[0m
[48;2;168;169;165m[38;2;183;172;166m▄[48;2;149;161;164m[38;2;194;177;170m▄[48;2;137;160;164m[38;2;168;155;148m▄[48;2;124;68;63m[38;2;140;78;68m▄[48;2;170;67;61m[38;2;185;84;67m▄[48;2;166;70;64m[38;2;179;84;67m▄[48;2;163;62;57m[38;2;176;80;66m▄[48;2;95;72;81m[38;2;81;50;59m▄[48;2;84;99;114m[38;2;97;110;125m▄[48;2;71;78;96m[38;2;103;128;150m▄[48;2;101;102;112m[38;2;100;103;109m▄[48;2;203;209;206m[38;2;211;217;211m▄[48;2;161;169;172m[38;2;185;192;191m▄[48;2;125;132;147m[38;2;121;124;140m▄[48;2;113;117;136m[38;2;95;96;122m▄[48;2;115;119;137m[38;2;100;102;126m▄[48;2;115;119;137m[38;2;102;101;126m▄[48;2;113;116;136m[38;2;95;95;121m▄[48;2;132;139;152m[38;2;134;139;152m▄[48;2;164;174;176m[38;2;188;196;194m▄[48;2;216;223;218m[38;2;223;229;222m▄[48;2;109;111;119m[38;2;113;114;118m▄[48;2;69;77;94m[38;2;102;127;146m▄[48;2;88;102;117m[38;2;94;113;130m▄[48;2;89;76;87m[38;2;77;50;60m▄[48;2;148;50;51m[38;2;136;61;54m▄[48;2;157;63;59m[38;2;74;65;60m▄[48;2;166;67;60m[38;2;117;70;61m▄[48;2;131;62;61m[38;2;153;80;68m▄[48;2;136;154;158m[38;2;162;149;142m▄[48;2;154;166;168m[38;2;193;176;168m▄[48;2;167;170;164m[38;2;184;171;165m▄[0m
[48;2;139;62;56m[38;2;181;85;69m▄[48;2;151;67;58m[38;2;177;77;67m▄[48;2;133;61;56m[38;2;152;68;61m▄[48;2;134;64;57m[38;2;134;62;55m▄[48;2;176;76;64m[38;2;180;79;65m▄[48;2;171;75;64m[38;2;182;85;67m▄[48;2;177;78;65m[38;2;172;75;64m▄[48;2;79;50;59m[38;2;75;46;58m▄[48;2;119;128;137m[38;2;120;131;128m▄[48;2;128;132;143m[38;2;136;142;133m▄[48;2;123;124;129m[38;2;105;111;105m▄[48;2;217;222;219m[38;2;179;193;173m▄[48;2;180;186;186m[38;2;169;176;181m▄[48;2;121;125;142m[38;2;122;127;142m▄[48;2;97;99;123m[38;2;104;108;129m▄[48;2;103;104;127m[38;2;111;114;134m▄[48;2;103;105;128m[38;2;110;114;133m▄[48;2;96;99;123m[38;2;103;108;128m▄[48;2;135;141;153m[38;2;135;141;153m▄[48;2;184;193;190m[38;2;169;179;180m▄[48;2;228;233;228m[38;2;183;196;175m▄[48;2;132;134;136m[38;2;113;119;112m▄[48;2;115;117;129m[38;2;126;131;122m▄[48;2;131;140;152m[38;2;132;142;137m▄[48;2;81;57;65m[38;2;79;55;66m▄[48;2;135;61;53m[38;2;139;63;53m▄[48;2;65;74;71m[38;2;71;76;70m▄[48;2;102;69;63m[38;2;103;69;61m▄[48;2;144;68;58m[38;2;139;63;55m▄[48;2;124;56;52m[38;2;136;59;56m▄[48;2;150;66;58m[38;2;177;76;63m▄[48;2;141;68;64m[38;2;184;93;77m▄[0m
[48;2;159;71;63m[38;2;166;75;64m▄[48;2;166;71;64m[38;2;188;85;69m▄[48;2;143;62;58m[38;2;160;70;62m▄[48;2;134;65;55m[38;2;128;59;53m▄[48;2;186;87;68m[38;2;175;77;63m▄[48;2;167;75;63m[38;2;178;82;65m▄[48;2;174;76;63m[38;2;172;76;63m▄[48;2;74;46;60m[38;2;90;59;69m▄[48;2;105;122;88m[38;2;73;79;91m▄[48;2;104;116;90m[38;2;66;63;83m▄[48;2;104;118;82m[38;2;111;123;87m▄[48;2;156;181;119m[38;2;177;192;143m▄[48;2;147;153;165m[38;2;168;171;189m▄[48;2;158;165;170m[38;2;171;176;184m▄[48;2;156;163;169m[38;2;169;175;184m▄[48;2;156;163;169m[38;2;169;175;184m▄[48;2;157;164;170m[38;2;170;174;186m▄[48;2;157;164;170m[38;2;170;174;186m▄[48;2;159;166;171m[38;2;171;176;184m▄[48;2;145;152;162m[38;2;168;171;189m▄[48;2;160;188;116m[38;2;174;193;143m▄[48;2;111;128;83m[38;2;116;131;84m▄[48;2;96;107;84m[38;2;61;59;79m▄[48;2;109;132;87m[38;2;76;86;95m▄[48;2;78;54;66m[38;2;93;65;77m▄[48;2;136;61;54m[38;2;140;63;55m▄[48;2;69;76;74m[38;2;66;62;58m▄[48;2;105;70;64m[38;2;102;61;56m▄[48;2;140;64;56m[38;2;140;64;57m▄[48;2;133;59;57m[38;2;149;67;60m▄[48;2;171;75;63m[38;2;191;84;68m▄[48;2;165;81;71m[38;2;173;83;72m▄[0m
[48;2;174;77;66m[38;2;150;68;64m▄[48;2;152;74;65m[38;2;90;121;62m▄[48;2;123;70;60m[38;2;84;153;66m▄[48;2;136;62;55m[38;2;125;71;57m▄[48;2;180;81;66m[38;2;186;80;68m▄[48;2;173;81;66m[38;2;179;84;69m▄[48;2;175;76;63m[38;2;173;76;62m▄[48;2;79;50;64m[38;2;74;45;58m▄[48;2;89;101;92m[38;2;111;128;97m▄[48;2;108;118;87m[38;2;125;140;95m▄[48;2;102;112;79m[38;2;97;100;92m▄[48;2;180;189;166m[38;2;183;186;190m▄[48;2;179;182;198m[38;2;177;181;193m▄[48;2;179;183;194m[38;2;178;182;193m▄[48;2;180;183;195m[38;2;178;182;193m▄[48;2;180;183;194m[38;2;178;182;191m▄[48;2;180;182;194m[38;2;178;182;191m▄[48;2;180;182;194m[38;2;178;182;191m▄[48;2;179;183;193m[38;2;178;182;191m▄[48;2;179;182;198m[38;2;176;180;191m▄[48;2;180;189;173m[38;2;185;189;196m▄[48;2;112;123;85m[38;2;109;113;102m▄[48;2;108;116;91m[38;2;111;120;89m▄[48;2;100;108;97m[38;2;96;131;75m▄[48;2;62;49;61m[38;2;84;155;59m▄[48;2;160;66;59m[38;2;113;87;59m▄[48;2;161;73;63m[38;2;187;79;67m▄[48;2;175;81;69m[38;2;181;85;67m▄[48;2;144;70;59m[38;2;144;66;60m▄[48;2;131;56;57m[38;2;86;80;54m▄[48;2;134;69;57m[38;2;96;167;64m▄[48;2;164;78;70m[38;2;95;100;66m▄[0m
[48;2;109;87;62m[38;2;77;114;60m▄[48;2;103;175;64m[38;2;105;178;67m▄[48;2;115;196;66m[38;2;111;184;65m▄[48;2;95;104;57m[38;2;82;142;64m▄[48;2;167;65;63m[38;2;144;66;57m▄[48;2;174;82;66m[38;2;178;78;65m▄[48;2;172;76;63m[38;2;177;79;62m▄[48;2;82;51;62m[38;2;76;47;61m▄[48;2;109;127;101m[38;2;112;131;102m▄[48;2;125;143;94m[38;2;114;129;90m▄[48;2;100;101;110m[38;2;103;104;114m▄[48;2;185;187;200m[38;2;189;192;203m▄[48;2;176;180;189m[38;2;178;182;192m▄[48;2;177;181;191m[38;2;180;184;194m▄[48;2;177;181;192m[38;2;180;184;194m▄[48;2;177;181;191m[38;2;180;184;194m▄[48;2;178;182;190m[38;2;180;184;194m▄[48;2;178;182;190m[38;2;180;184;194m▄[48;2;178;182;191m[38;2;180;184;194m▄[48;2;176;180;190m[38;2;178;182;193m▄[48;2;184;189;200m[38;2;187;193;202m▄[48;2;109;109;117m[38;2;118;115;128m▄[48;2;85;99;69m[38;2;49;86;53m▄[48;2;95;159;67m[38;2;99;177;69m▄[48;2;118;200;65m[38;2;105;176;61m▄[48;2;80;128;58m[38;2;83;160;63m▄[48;2;154;66;59m[38;2;112;76;56m▄[48;2;181;80;66m[38;2;191;78;68m▄[48;2;128;55;53m[38;2;114;77;59m▄[48;2;74;127;55m[38;2;84;159;64m▄[48;2;120;202;63m[38;2;105;177;61m▄[48;2;96;162;71m[38;2;103;171;77m▄[0m
[48;2;86;152;66m[38;2;81;153;71m▄[48;2;108;179;65m[38;2;92;167;66m▄[48;2;107;176;65m[38;2;102;175;67m▄[48;2;82;164;67m[38;2;82;161;67m▄[48;2;114;87;65m[38;2;81;111;88m▄[48;2;189;89;76m[38;2;199;172;170m▄[48;2;171;86;75m[38;2;186;166;163m▄[48;2;85;63;76m[38;2;89;84;91m▄[48;2;58;65;72m[38;2;103;101;111m▄[48;2;62;60;74m[38;2;138;139;150m▄[48;2;115;115;129m[38;2;149;152;168m▄[48;2;172;174;187m[38;2;148;151;167m▄[48;2;163;167;180m[38;2;150;152;167m▄[48;2;165;169;181m[38;2;150;151;166m▄[48;2;165;169;181m[38;2;150;151;167m▄[48;2;165;168;181m[38;2;150;151;167m▄[48;2;165;168;182m[38;2;150;151;167m▄[48;2;165;168;182m[38;2;150;151;167m▄[48;2;165;168;181m[38;2;150;152;167m▄[48;2;164;166;179m[38;2;149;151;166m▄[48;2;177;179;192m[38;2;158;158;174m▄[48;2;110;111;125m[38;2;111;118;128m▄[48;2;54;110;52m[38;2;61;124;58m▄[48;2;94;170;68m[38;2;102;176;65m▄[48;2;101;171;61m[38;2;97;170;64m▄[48;2;102;185;63m[38;2;95;175;64m▄[48;2;102;116;63m[38;2;73;125;74m▄[48;2;174;72;74m[38;2;157;132;137m▄[48;2;80;99;60m[38;2;67;122;74m▄[48;2;100;182;68m[38;2;80;158;69m▄[48;2;104;176;59m[38;2;92;166;64m▄[48;2;102;168;73m[38;2;104;171;73m▄[0m
[48;2;87;160;68m[38;2;63;137;77m▄[48;2;89;167;66m[38;2;80;153;69m▄[48;2;91;167;68m[38;2;81;154;67m▄[48;2;98;176;70m[38;2;72;151;76m▄[48;2;60;111;65m[38;2;54;107;72m▄[48;2;99;138;91m[38;2;106;174;79m▄[48;2;101;151;90m[38;2;110;159;74m▄[48;2;101;159;90m[38;2;119;146;74m▄[48;2;130;192;110m[38;2;113;145;66m▄[48;2;156;184;149m[38;2;138;158;127m▄[48;2;179;180;194m[38;2;179;181;196m▄[48;2;181;186;194m[38;2;177;182;190m▄[48;2;181;183;194m[38;2;177;181;191m▄[48;2;181;183;195m[38;2;177;181;190m▄[48;2;181;185;194m[38;2;177;181;191m▄[48;2;181;185;194m[38;2;177;181;191m▄[48;2;181;185;194m[38;2;177;181;192m▄[48;2;181;185;194m[38;2;177;181;192m▄[48;2;181;185;194m[38;2;177;181;192m▄[48;2;179;184;192m[38;2;175;180;190m▄[48;2;189;192;203m[38;2;187;189;200m▄[48;2;109;126;127m[38;2;113;126;129m▄[48;2;72;146;58m[38;2;50;125;66m▄[48;2;103;180;65m[38;2;79;158;70m▄[48;2;90;168;63m[38;2;80;152;64m▄[48;2;95;173;67m[38;2;78;157;70m▄[48;2;67;127;63m[38;2;54;115;69m▄[48;2;60;82;62m[38;2;77;110;68m▄[48;2;68;131;62m[38;2;47;110;68m▄[48;2;85;162;67m[38;2;81;159;69m▄[48;2;80;156;65m[38;2;82;158;66m▄[48;2;106;174;76m[38;2;87;154;81m▄[0m
[48;2;44;107;76m[38;2;62;101;68m▄[48;2;48;124;79m[38;2;38;79;65m▄[48;2;50;127;77m[38;2;39;83;69m▄[48;2;38;102;73m[38;2;54;94;66m▄[48;2;54;102;67m[38;2;104;166;83m▄[48;2;103;152;75m[38;2;106;148;74m▄[48;2;206;182;88m[38;2;202;154;66m▄[48;2;255;221;105m[38;2;194;153;73m▄[48;2;255;223;98m[38;2;205;161;70m▄[48;2;174;155;84m[38;2;182;146;69m▄[48;2;156;160;174m[38;2;154;157;169m▄[48;2;183;187;195m[38;2;184;188;196m▄[48;2;177;181;190m[38;2;177;181;190m▄[48;2;178;182;191m[38;2;179;181;192m▄[48;2;178;182;191m[38;2;179;182;193m▄[48;2;178;182;191m[38;2;179;182;193m▄[48;2;179;183;194m[38;2;179;181;193m▄[48;2;178;182;193m[38;2;179;181;193m▄[48;2;178;182;193m[38;2;178;182;193m▄[48;2;176;181;191m[38;2;178;182;191m▄[48;2;185;188;199m[38;2;178;183;190m▄[48;2;137;145;150m[38;2;179;181;193m▄[48;2;31;85;62m[38;2;102;122;112m▄[48;2;43;117;75m[38;2;39;83;63m▄[48;2;48;128;73m[38;2;39;84;75m▄[48;2;43;118;77m[38;2;46;89;67m▄[48;2;42;93;69m[38;2;91;139;75m▄[48;2;93;134;76m[38;2;119;189;88m▄[48;2;44;95;70m[38;2;85;133;75m▄[48;2;45;121;78m[38;2;43;83;67m▄[48;2;44;123;76m[38;2;36;80;72m▄[48;2;58;124;84m[38;2;52;89;74m▄[0m
[48;2;117;187;92m[38;2;68;140;82m▄[48;2;98;105;66m[38;2;81;94;70m▄[48;2;95;66;53m[38;2;101;88;68m▄[48;2;112;176;85m[38;2;59;125;74m▄[48;2;121;191;89m[38;2;104;179;79m▄[48;2;110;151;79m[38;2;97;142;70m▄[48;2;190;137;57m[38;2;222;168;61m▄[48;2;152;108;52m[38;2;255;222;68m▄[48;2;170;121;56m[38;2;255;221;63m▄[48;2;178;134;65m[38;2;187;145;55m▄[48;2;158;162;172m[38;2;151;155;169m▄[48;2;183;187;196m[38;2;184;188;196m▄[48;2;177;181;190m[38;2;177;181;190m▄[48;2;179;181;192m[38;2;178;182;191m▄[48;2;179;181;193m[38;2;178;182;191m▄[48;2;179;181;193m[38;2;178;182;191m▄[48;2;179;181;193m[38;2;178;182;191m▄[48;2;179;181;193m[38;2;176;180;191m▄[48;2;178;182;193m[38;2;175;179;189m▄[48;2;178;182;191m[38;2;178;182;192m▄[48;2;178;183;190m[38;2;178;182;192m▄[48;2;176;176;193m[38;2;180;179;194m▄[48;2;158;192;153m[38;2;108;146;129m▄[48;2;100;133;68m[38;2;66;105;70m▄[48;2;100;56;52m[38;2;105;85;70m▄[48;2;104;157;80m[38;2;53;105;73m▄[48;2;121;191;89m[38;2;97;165;80m▄[48;2;109;174;82m[38;2;116;184;80m▄[48;2;122;193;90m[38;2;88;160;81m▄[48;2;98;143;74m[38;2;59;100;68m▄[48;2;88;49;46m[38;2;98;79;63m▄[48;2;105;133;78m[38;2;76;107;79m▄[0m
[48;2;114;156;122m[38;2;176;176;189m▄[48;2;91;137;121m[38;2;177;177;190m▄[48;2;92;136;124m[38;2;176;177;190m▄[48;2;108;151;121m[38;2;178;179;191m▄[48;2;135;181;122m[38;2;177;176;190m▄[48;2;120;147;104m[38;2;173;174;185m▄[48;2;183;140;56m[38;2;152;155;163m▄[48;2;206;162;59m[38;2;100;81;70m▄[48;2;208;163;55m[38;2;108;96;92m▄[48;2;166;133;65m[38;2;163;165;175m▄[48;2;161;164;179m[38;2;180;182;193m▄[48;2;182;184;195m[38;2;177;179;191m▄[48;2;177;181;190m[38;2;178;181;191m▄[48;2;178;182;191m[38;2;178;182;191m▄[48;2;178;182;191m[38;2;178;182;192m▄[48;2;178;182;191m[38;2;177;181;191m▄[48;2;178;182;191m[38;2;178;180;191m▄[48;2;177;181;192m[38;2;178;180;192m▄[48;2;178;180;192m[38;2;177;181;192m▄[48;2;178;181;192m[38;2;177;181;192m▄[48;2;177;181;192m[38;2;177;181;192m▄[48;2;178;180;193m[38;2;177;182;192m▄[48;2;138;157;151m[38;2;177;179;191m▄[48;2;95;139;121m[38;2;176;177;189m▄[48;2;92;134;123m[38;2;176;177;190m▄[48;2;101;143;121m[38;2;177;178;190m▄[48;2;127;170;121m[38;2;176;176;189m▄[48;2;134;179;119m[38;2;174;174;190m▄[48;2;123;166;119m[38;2;177;177;191m▄[48;2;103;141;126m[38;2;178;178;190m▄[48;2;99;134;127m[38;2;177;176;190m▄[48;2;111;146;127m[38;2;180;180;191m▄[0m
[48;2;177;179;191m[38;2;170;172;183m▄[48;2;176;178;190m[38;2;172;174;186m▄[48;2;175;180;191m[38;2;169;172;182m▄[48;2;175;179;190m[38;2;172;175;185m▄[48;2;175;179;188m[38;2;171;174;184m▄[48;2;181;183;191m[38;2;171;173;183m▄[48;2;160;164;183m[38;2;168;169;180m▄[48;2;122;105;89m[38;2;165;167;177m▄[48;2;123;114;109m[38;2;162;164;173m▄[48;2;166;170;188m[38;2;171;173;184m▄[48;2;177;180;191m[38;2;173;176;186m▄[48;2;175;179;190m[38;2;173;176;186m▄[48;2;175;179;190m[38;2;173;176;186m▄[48;2;175;180;190m[38;2;173;176;186m▄[48;2;176;178;191m[38;2;173;175;187m▄[48;2;177;179;192m[38;2;170;172;184m▄[48;2;177;179;192m[38;2;169;172;183m▄[48;2;176;178;191m[38;2;174;176;187m▄[48;2;175;179;191m[38;2;173;175;186m▄[48;2;175;179;191m[38;2;173;175;187m▄[48;2;175;179;191m[38;2;173;175;187m▄[48;2;175;179;191m[38;2;173;176;187m▄[48;2;176;179;191m[38;2;171;174;185m▄[48;2;176;179;191m[38;2;167;169;180m▄[48;2;175;180;190m[38;2;173;176;187m▄[48;2;175;180;191m[38;2;173;175;187m▄[48;2;177;180;189m[38;2;173;175;186m▄[48;2;177;179;190m[38;2;174;176;186m▄[48;2;177;179;191m[38;2;169;172;183m▄[48;2;177;179;191m[38;2;168;170;181m▄[48;2;176;179;189m[38;2;172;175;185m▄[48;2;180;184;192m[38;2;176;177;187m▄[0m
[48;2;125;126;142m[38;2;109;112;130m▄[48;2;128;129;146m[38;2;109;111;130m▄[48;2;128;130;146m[38;2;109;112;131m▄[48;2;131;132;148m[38;2;108;111;130m▄[48;2;129;131;147m[38;2;108;111;130m▄[48;2;128;129;145m[38;2;108;111;130m▄[48;2;128;130;146m[38;2;108;111;130m▄[48;2;130;131;148m[38;2;108;110;129m▄[48;2;128;129;145m[38;2;109;111;130m▄[48;2;130;132;147m[38;2;107;110;129m▄[48;2;129;131;146m[38;2;108;109;129m▄[48;2;129;131;146m[38;2;108;109;129m▄[48;2;129;130;146m[38;2;108;110;129m▄[48;2;129;130;147m[38;2;108;111;130m▄[48;2;129;131;147m[38;2;108;110;130m▄[48;2;127;128;144m[38;2;109;111;131m▄[48;2;126;128;143m[38;2;110;112;132m▄[48;2;129;131;146m[38;2;109;112;131m▄[48;2;129;130;146m[38;2;109;111;130m▄[48;2;129;130;147m[38;2;109;110;130m▄[48;2;129;131;146m[38;2;109;110;130m▄[48;2;129;131;147m[38;2;109;110;130m▄[48;2;128;129;146m[38;2;109;111;130m▄[48;2;126;127;144m[38;2;109;112;131m▄[48;2;130;131;147m[38;2;109;111;130m▄[48;2;129;131;147m[38;2;109;111;131m▄[48;2;130;131;147m[38;2;108;111;130m▄[48;2;130;132;147m[38;2;108;111;130m▄[48;2;128;129;145m[38;2;109;111;131m▄[48;2;126;127;144m[38;2;109;112;131m▄[48;2;126;127;145m[38;2;108;109;130m▄[48;2;132;132;147m[38;2;115;116;133m▄[0m
[48;2;118;121;140m[38;2;117;118;137m▄[48;2;118;121;140m[38;2;117;118;138m▄[48;2;118;120;140m[38;2;117;118;137m▄[48;2;118;120;140m[38;2;117;118;138m▄[48;2;118;120;140m[38;2;117;118;138m▄[48;2;118;120;140m[38;2;117;118;137m▄[48;2;118;120;140m[38;2;116;117;137m▄[48;2;119;120;140m[38;2;117;117;137m▄[48;2;118;121;140m[38;2;117;118;138m▄[48;2;117;120;139m[38;2;117;118;138m▄[48;2;117;120;139m[38;2;117;118;138m▄[48;2;118;120;139m[38;2;117;118;138m▄[48;2;118;121;140m[38;2;117;118;138m▄[48;2;118;121;140m[38;2;117;118;138m▄[48;2;118;121;140m[38;2;117;118;138m▄[48;2;118;121;140m[38;2;117;118;138m▄[48;2;119;122;141m[38;2;117;118;138m▄[48;2;118;121;140m[38;2;117;118;138m▄[48;2;118;121;140m[38;2;116;118;137m▄[48;2;119;120;140m[38;2;117;118;137m▄[48;2;119;120;140m[38;2;117;118;138m▄[48;2;119;120;140m[38;2;117;118;138m▄[48;2;119;121;140m[38;2;117;118;138m▄[48;2;119;121;141m[38;2;118;118;138m▄[48;2;118;121;140m[38;2;117;118;138m▄[48;2;118;121;140m[38;2;117;118;138m▄[48;2;118;120;140m[38;2;117;117;137m▄[48;2;118;120;140m[38;2;117;118;137m▄[48;2;118;120;140m[38;2;117;118;138m▄[48;2;118;120;140m[38;2;117;118;137m▄[48;2;118;119;139m[38;2;117;116;137m▄[48;2;125;125;143m[38;2;124;123;141m▄[0m
