[48;2;58;58;70m[38;2;57;59;72m▄[48;2;53;53;66m[38;2;56;57;70m▄[48;2;59;59;71m[38;2;56;55;67m▄[48;2;59;60;73m[38;2;51;51;64m▄[48;2;50;50;56m[38;2;50;51;57m▄[48;2;80;75;78m[38;2;85;79;83m▄[48;2;46;45;53m[38;2;48;47;54m▄[48;2;58;59;71m[38;2;51;53;65m▄[48;2;59;59;71m[38;2;56;56;68m▄[48;2;55;55;67m[38;2;59;59;71m▄[48;2;45;45;54m[38;2;46;46;55m▄[48;2;56;56;68m[38;2;53;53;65m▄[48;2;56;56;69m[38;2;58;58;70m▄[48;2;53;53;65m[38;2;56;56;68m▄[48;2;59;59;72m[38;2;56;56;68m▄[48;2;59;59;72m[38;2;52;52;64m▄[48;2;59;59;71m[38;2;56;56;68m▄[48;2;59;59;71m[38;2;55;55;67m▄[48;2;57;57;69m[38;2;56;58;69m▄[48;2;57;57;70m[38;2;58;59;71m▄[48;2;51;51;61m[38;2;46;47;57m▄[48;2;52;53;63m[38;2;52;52;63m▄[48;2;55;55;68m[38;2;57;57;70m▄[48;2;60;60;72m[38;2;58;58;70m▄[48;2;51;52;64m[38;2;45;46;58m▄[48;2;68;64;68m[38;2;69;65;70m▄[48;2;70;66;70m[38;2;74;70;73m▄[48;2;47;49;60m[38;2;45;48;58m▄[48;2;61;63;75m[38;2;53;55;66m▄[48;2;55;57;68m[38;2;55;57;68m▄[48;2;55;55;68m[38;2;58;58;71m▄[48;2;57;58;69m[38;2;57;57;69m▄[0m
[48;2;56;59;71m[38;2;57;57;69m▄[48;2;58;59;71m[38;2;53;54;65m▄[48;2;59;58;70m[38;2;57;58;70m▄[48;2;54;54;67m[38;2;57;58;71m▄[48;2;52;52;58m[38;2;51;51;58m▄[48;2;84;79;82m[38;2;84;80;83m▄[48;2;49;49;56m[38;2;49;49;55m▄[48;2;54;55;66m[38;2;59;59;71m▄[48;2;58;58;70m[38;2;59;59;71m▄[48;2;59;59;71m[38;2;55;55;67m▄[48;2;46;47;56m[38;2;44;45;53m▄[48;2;55;56;68m[38;2;55;56;68m▄[48;2;60;60;72m[38;2;56;56;68m▄[48;2;59;59;71m[38;2;54;54;66m▄[48;2;57;57;69m[38;2;60;60;72m▄[48;2;53;53;65m[38;2;59;59;70m▄[48;2;58;58;70m[38;2;58;59;70m▄[48;2;54;54;67m[38;2;58;59;70m▄[48;2;58;60;73m[38;2;55;56;68m▄[48;2;61;62;76m[38;2;55;55;68m▄[48;2;48;48;58m[38;2;48;48;58m▄[48;2;52;53;65m[38;2;51;52;64m▄[48;2;60;60;73m[38;2;56;56;69m▄[48;2;60;60;73m[38;2;60;60;72m▄[48;2;47;48;59m[38;2;51;52;63m▄[48;2;70;67;70m[38;2;70;67;70m▄[48;2;73;69;72m[38;2;72;69;72m▄[48;2;48;50;60m[38;2;48;50;62m▄[48;2;56;57;70m[38;2;61;62;76m▄[48;2;57;60;72m[38;2;54;56;70m▄[48;2;58;59;72m[38;2;53;55;68m▄[48;2;57;57;68m[38;2;57;57;68m▄[0m
[48;2;58;58;69m[38;2;61;61;72m▄[48;2;55;55;68m[38;2;61;61;73m▄[48;2;57;58;69m[38;2;61;61;73m▄[48;2;55;56;69m[38;2;55;56;69m▄[48;2;50;50;58m[38;2;53;53;60m▄[48;2;84;79;82m[38;2;83;78;81m▄[48;2;47;47;54m[38;2;48;47;55m▄[48;2;56;56;68m[38;2;52;52;64m▄[48;2;57;57;69m[38;2;58;58;70m▄[48;2;56;56;68m[38;2;62;62;74m▄[48;2;45;45;55m[38;2;49;49;59m▄[48;2;54;54;67m[38;2;56;56;69m▄[48;2;55;56;68m[38;2;60;62;74m▄[48;2;54;56;68m[38;2;49;49;60m▄[48;2;61;62;75m[38;2;44;43;53m▄[48;2;60;61;74m[38;2;41;40;50m▄[48;2;61;61;74m[38;2;46;46;55m▄[48;2;60;60;74m[38;2;47;47;56m▄[48;2;54;55;67m[38;2;57;59;71m▄[48;2;55;54;67m[38;2;63;64;78m▄[48;2;45;46;55m[38;2;49;50;57m▄[48;2;51;52;63m[38;2;53;53;65m▄[48;2;56;56;68m[38;2;61;60;73m▄[48;2;58;58;70m[38;2;60;60;72m▄[48;2;49;49;61m[38;2;48;48;60m▄[48;2;70;66;70m[38;2;71;67;72m▄[48;2;73;70;73m[38;2;74;71;74m▄[48;2;46;48;60m[38;2;50;52;64m▄[48;2;57;57;72m[38;2;58;57;72m▄[48;2;55;55;69m[38;2;60;59;73m▄[48;2;54;56;70m[38;2;58;60;73m▄[48;2;56;57;69m[38;2;57;58;70m▄[0m
[48;2;56;56;68m[38;2;58;58;70m▄[48;2;55;55;67m[38;2;53;53;65m▄[48;2;56;56;68m[38;2;57;57;69m▄[48;2;53;53;66m[38;2;57;57;69m▄[48;2;51;50;57m[38;2;50;49;56m▄[48;2;86;81;84m[38;2;86;81;85m▄[48;2;48;47;53m[38;2;51;50;55m▄[48;2;51;51;63m[38;2;58;60;71m▄[48;2;54;54;67m[38;2;59;59;71m▄[48;2;54;54;66m[38;2;54;54;65m▄[48;2;44;45;53m[38;2;43;44;51m▄[48;2;56;58;71m[38;2;57;61;73m▄[48;2;51;50;60m[38;2;41;41;49m▄[48;2;116;106;102m[38;2;166;160;154m▄[48;2;141;134;127m[38;2;213;217;216m▄[48;2;137;128;123m[38;2;157;158;158m▄[48;2;138;131;125m[38;2;180;186;184m▄[48;2;144;135;127m[38;2;216;216;209m▄[48;2;69;64;67m[38;2;73;66;66m▄[48;2;56;57;71m[38;2;48;50;63m▄[48;2;50;50;59m[38;2;49;49;58m▄[48;2;49;49;60m[38;2;53;53;64m▄[48;2;55;55;68m[38;2;57;57;69m▄[48;2;57;57;69m[38;2;60;60;72m▄[48;2;47;47;59m[38;2;53;54;66m▄[48;2;71;67;72m[38;2;70;66;71m▄[48;2;74;71;74m[38;2;71;68;71m▄[48;2;46;47;58m[38;2;47;48;58m▄[48;2;56;55;69m[38;2;60;60;72m▄[48;2;55;55;67m[38;2;55;55;67m▄[48;2;55;55;68m[38;2;56;55;69m▄[48;2;56;56;67m[38;2;59;59;71m▄[0m
[48;2;57;57;69m[38;2;60;60;72m▄[48;2;56;56;68m[38;2;60;60;72m▄[48;2;57;57;69m[38;2;60;60;72m▄[48;2;52;53;65m[38;2;58;58;71m▄[48;2;50;49;56m[38;2;50;49;56m▄[48;2;83;78;82m[38;2;75;70;75m▄[48;2;48;47;53m[38;2;43;42;49m▄[48;2;55;56;68m[38;2;53;52;66m▄[48;2;59;59;71m[38;2;58;58;70m▄[48;2;59;59;71m[38;2;62;62;74m▄[48;2;44;44;53m[38;2;49;49;58m▄[48;2;52;53;66m[38;2;59;59;71m▄[48;2;42;40;49m[38;2;47;45;55m▄[48;2;157;152;147m[38;2;155;150;145m▄[0m[38;2;221;231;229m▄[48;2;171;174;173m[38;2;150;155;154m▄[48;2;221;227;227m[38;2;191;198;199m▄[48;2;222;223;218m[38;2;210;210;206m▄[48;2;67;62;63m[38;2;74;68;69m▄[48;2;51;52;66m[38;2;58;58;73m▄[48;2;48;48;57m[38;2;52;52;62m▄[48;2;54;54;64m[38;2;55;55;65m▄[48;2;59;59;72m[38;2;60;60;72m▄[48;2;60;60;72m[38;2;60;60;72m▄[48;2;47;48;60m[38;2;46;47;59m▄[48;2;68;64;68m[38;2;66;64;68m▄[48;2;71;67;71m[38;2;71;67;70m▄[48;2;46;47;57m[38;2;50;51;61m▄[48;2;56;56;69m[38;2;60;59;72m▄[48;2;56;56;68m[38;2;60;60;72m▄[48;2;55;56;69m[38;2;58;60;73m▄[48;2;55;55;67m[38;2;56;57;69m▄[0m
[48;2;59;59;70m[38;2;60;60;72m▄[48;2;54;54;66m[38;2;56;56;68m▄[48;2;60;60;71m[38;2;61;61;73m▄[48;2;54;54;66m[38;2;57;57;69m▄[48;2;50;48;55m[38;2;49;46;56m▄[48;2;86;78;83m[38;2;82;77;84m▄[48;2;48;44;51m[38;2;49;47;55m▄[48;2;47;47;58m[38;2;55;55;68m▄[48;2;59;59;71m[38;2;59;59;71m▄[48;2;55;55;67m[38;2;53;53;65m▄[48;2;49;49;58m[38;2;44;45;52m▄[48;2;62;62;75m[38;2;58;58;70m▄[48;2;50;47;56m[38;2;56;56;68m▄[48;2;157;149;142m[38;2;76;70;71m▄[48;2;188;187;181m[38;2;87;80;81m▄[48;2;166;163;158m[38;2;85;79;80m▄[48;2;171;169;165m[38;2;86;80;80m▄[48;2;193;188;180m[38;2;82;75;75m▄[48;2;78;72;73m[38;2;57;55;61m▄[48;2;55;55;69m[38;2;56;57;69m▄[48;2;53;53;62m[38;2;50;50;59m▄[48;2;51;53;63m[38;2;53;55;66m▄[48;2;55;54;67m[38;2;57;56;68m▄[48;2;56;58;69m[38;2;58;59;72m▄[48;2;47;49;61m[38;2;51;51;63m▄[48;2;69;64;69m[38;2;70;66;70m▄[48;2;73;69;74m[38;2;74;71;74m▄[48;2;50;50;62m[38;2;50;50;60m▄[48;2;63;62;75m[38;2;60;60;72m▄[48;2;57;57;69m[38;2;55;55;67m▄[48;2;56;57;69m[38;2;56;56;68m▄[48;2;57;58;69m[38;2;60;61;71m▄[0m
[48;2;48;48;59m[38;2;80;75;78m▄[48;2;50;51;61m[38;2;74;70;73m▄[48;2;49;48;58m[38;2;70;64;69m▄[48;2;46;47;57m[38;2;65;60;68m▄[48;2;46;45;53m[38;2;91;83;88m▄[48;2;83;78;80m[38;2;91;86;88m▄[48;2;51;50;57m[38;2;48;47;54m▄[48;2;60;59;70m[38;2;42;42;54m▄[48;2;49;49;60m[38;2;73;72;65m▄[48;2;38;39;49m[38;2;118;118;101m▄[48;2;32;33;41m[38;2;115;115;100m▄[48;2;36;37;47m[38;2;114;114;98m▄[48;2;38;40;50m[38;2;114;115;97m▄[48;2;36;38;49m[38;2;115;116;98m▄[48;2;34;35;48m[38;2;116;116;98m▄[48;2;34;35;47m[38;2;116;116;99m▄[48;2;34;36;47m[38;2;117;117;99m▄[48;2;34;36;47m[38;2;117;117;99m▄[48;2;38;39;49m[38;2;116;116;98m▄[48;2;39;40;50m[38;2;115;115;97m▄[48;2;36;36;46m[38;2;114;114;98m▄[48;2;36;37;48m[38;2;116;116;99m▄[48;2;43;44;53m[38;2;101;99;83m▄[48;2;57;58;67m[38;2;47;47;53m▄[48;2;50;51;62m[38;2;44;46;57m▄[48;2;62;60;64m[38;2;62;61;66m▄[48;2;63;60;63m[38;2;79;77;80m▄[48;2;43;43;52m[38;2;46;45;51m▄[48;2;56;55;68m[38;2;52;52;59m▄[48;2;60;60;72m[38;2;50;49;56m▄[48;2;60;60;73m[38;2;50;48;55m▄[48;2;57;57;69m[38;2;49;48;55m▄[0m
[48;2;74;70;73m[38;2;44;45;55m▄[48;2;72;69;71m[38;2;50;50;61m▄[48;2;70;65;72m[38;2;49;49;59m▄[48;2;64;60;66m[38;2;48;48;57m▄[48;2;73;70;70m[38;2;48;47;58m▄[48;2;55;53;59m[38;2;56;55;67m▄[48;2;47;47;57m[38;2;63;63;76m▄[48;2;51;53;68m[38;2;69;68;75m▄[48;2;89;85;78m[38;2;102;100;88m▄[48;2;161;156;114m[38;2;100;94;83m▄[48;2;169;165;121m[38;2;102;96;83m▄[48;2;167;164;119m[38;2;95;90;82m▄[48;2;167;164;119m[38;2;102;96;85m▄[48;2;166;163;118m[38;2;99;94;83m▄[48;2;165;162;117m[38;2;100;96;84m▄[48;2;165;162;118m[38;2;96;92;81m▄[48;2;165;162;118m[38;2;93;88;79m▄[48;2;167;163;120m[38;2;103;97;86m▄[48;2;166;162;120m[38;2;102;97;84m▄[48;2;167;163;121m[38;2;96;92;80m▄[48;2;166;163;119m[38;2;95;89;79m▄[48;2;168;165;121m[38;2;98;93;83m▄[48;2;127;120;92m[38;2;105;101;88m▄[48;2;54;53;65m[38;2;92;90;84m▄[48;2;42;44;57m[38;2;61;60;74m▄[48;2;50;48;56m[38;2;58;58;68m▄[48;2;89;85;88m[38;2;47;47;55m▄[48;2;79;76;79m[38;2;43;42;50m▄[48;2;74;70;71m[38;2;47;47;53m▄[48;2;77;72;74m[38;2;53;53;60m▄[48;2;83;80;82m[38;2;52;52;60m▄[48;2;85;82;84m[38;2;48;48;56m▄[0m
[48;2;54;55;67m[38;2;64;64;76m▄[48;2;54;55;67m[38;2;63;63;75m▄[48;2;56;55;68m[38;2;56;56;69m▄[48;2;60;60;73m[38;2;62;62;74m▄[48;2;63;62;75m[38;2;63;63;76m▄[48;2;63;63;76m[38;2;63;62;75m▄[48;2;58;58;70m[38;2;66;67;77m▄[48;2;80;77;75m[38;2;104;102;94m▄[48;2;104;100;86m[38;2;112;107;94m▄[48;2;104;100;85m[38;2;100;96;87m▄[48;2;102;99;84m[38;2;99;96;87m▄[48;2;101;98;84m[38;2;109;105;93m▄[48;2;108;104;87m[38;2;108;103;91m▄[48;2;112;108;90m[38;2;109;106;92m▄[48;2;110;105;89m[38;2;99;95;88m▄[48;2;113;108;90m[38;2;109;104;92m▄[48;2;109;105;89m[38;2;108;104;92m▄[48;2;110;105;88m[38;2;103;100;88m▄[48;2;103;99;85m[38;2;92;90;82m▄[48;2;103;99;84m[38;2;104;102;90m▄[48;2;106;102;85m[38;2;109;105;92m▄[48;2;111;107;90m[38;2;108;102;92m▄[48;2;110;105;89m[38;2;99;95;87m▄[48;2;106;101;89m[38;2;110;107;94m▄[48;2;61;61;70m[38;2;79;78;80m▄[48;2;55;56;69m[38;2;55;57;70m▄[48;2;59;59;72m[38;2;59;60;72m▄[48;2;58;59;71m[38;2;63;63;76m▄[48;2;59;59;71m[38;2;61;61;74m▄[48;2;57;57;70m[38;2;55;55;67m▄[48;2;55;55;67m[38;2;62;62;74m▄[48;2;54;53;65m[38;2;63;64;74m▄[0m
[48;2;56;56;68m[38;2;49;51;65m▄[48;2;55;57;67m[38;2;61;50;49m▄[48;2;52;53;63m[38;2;110;77;64m▄[48;2;52;53;63m[38;2;114;81;64m▄[48;2;53;53;61m[38;2;113;80;62m▄[48;2;52;51;61m[38;2;109;78;63m▄[48;2;68;67;69m[38;2;110;79;63m▄[48;2;90;89;79m[38;2;110;80;64m▄[48;2;90;87;81m[38;2;112;82;64m▄[48;2;90;87;81m[38;2;118;86;67m▄[48;2;90;87;81m[38;2;123;88;70m▄[48;2;89;86;79m[38;2;122;87;69m▄[48;2;90;86;79m[38;2;121;89;71m▄[48;2;89;87;79m[38;2;119;87;67m▄[48;2;87;85;79m[38;2;96;76;62m▄[48;2;95;93;84m[38;2;90;87;82m▄[48;2;92;89;81m[38;2;95;91;87m▄[48;2;103;100;89m[38;2;105;100;92m▄[48;2;101;98;86m[38;2;106;102;93m▄[48;2;99;96;87m[38;2;99;96;91m▄[48;2;95;93;84m[38;2;90;87;82m▄[48;2;102;98;87m[38;2;76;76;75m▄[48;2;98;94;82m[38;2;69;76;87m▄[48;2;102;98;83m[38;2;65;74;88m▄[48;2;95;91;81m[38;2;66;76;92m▄[48;2;64;61;69m[38;2;58;68;89m▄[48;2;58;55;65m[38;2;50;60;85m▄[48;2;55;53;62m[38;2;45;55;79m▄[48;2;58;57;65m[38;2;48;58;81m▄[48;2;59;57;68m[38;2;56;63;81m▄[48;2;62;62;74m[38;2;54;55;67m▄[48;2;57;56;67m[38;2;54;54;64m▄[0m
[48;2;51;54;68m[38;2;61;64;77m▄[48;2;68;50;49m[38;2;74;55;53m▄[48;2;120;84;69m[38;2;79;69;69m▄[48;2;93;69;59m[38;2;76;90;107m▄[48;2;118;85;69m[38;2;76;81;91m▄[48;2;132;93;69m[38;2;103;81;63m▄[48;2;118;86;67m[38;2;88;79;71m▄[48;2;122;88;68m[38;2;90;83;82m▄[48;2;124;89;70m[38;2;111;97;85m▄[48;2;124;87;66m[38;2;103;88;74m▄[48;2;120;83;64m[38;2;87;86;86m▄[48;2;127;91;70m[38;2;87;79;70m▄[48;2;125;89;65m[38;2;108;107;108m▄[48;2;125;89;66m[38;2;112;105;105m▄[48;2;101;70;56m[38;2;97;69;54m▄[48;2;86;85;78m[38;2;92;90;86m▄[48;2;95;91;84m[38;2;101;99;94m▄[48;2;97;93;85m[38;2;97;93;87m▄[48;2;94;91;86m[38;2;87;85;81m▄[48;2;101;99;90m[38;2;102;100;94m▄[48;2;86;82;74m[38;2;92;87;81m▄[48;2;69;90;117m[38;2;65;94;137m▄[48;2;69;110;169m[38;2;92;142;195m▄[48;2;63;105;166m[38;2;85;129;184m▄[48;2;66;109;171m[38;2;73;118;176m▄[48;2;87;134;188m[38;2;92;142;190m▄[48;2;73;118;178m[38;2;81;127;181m▄[48;2;66;111;172m[38;2;80;125;181m▄[48;2;66;108;172m[38;2;98;147;195m▄[48;2;75;108;158m[38;2;73;117;175m▄[48;2;49;54;68m[38;2;49;56;77m▄[48;2;55;55;65m[38;2;61;60;70m▄[0m
[48;2;51;54;67m[38;2;50;53;66m▄[48;2;67;51;51m[38;2;64;49;49m▄[48;2;102;72;60m[38;2;130;91;70m▄[48;2;68;49;44m[38;2;104;72;55m▄[48;2;87;65;54m[38;2;126;90;66m▄[48;2;138;101;73m[38;2;157;113;76m▄[48;2;73;63;59m[38;2;113;84;65m▄[48;2;55;64;75m[38;2;70;59;54m▄[48;2;127;95;71m[38;2;141;102;73m▄[48;2;118;94;76m[38;2;123;91;70m▄[48;2;89;98;112m[38;2;86;86;93m▄[48;2;116;85;62m[38;2;141;101;69m▄[48;2;106;105;111m[38;2;105;98;96m▄[48;2;109;95;93m[38;2;112;94;80m▄[48;2;100;68;52m[38;2;98;67;52m▄[48;2;83;84;80m[38;2;79;81;80m▄[48;2;87;86;84m[38;2;87;86;86m▄[48;2;94;92;88m[38;2;94;92;91m▄[48;2;91;90;86m[38;2;94;92;91m▄[48;2;90;89;85m[38;2;92;90;90m▄[48;2;80;76;73m[38;2;79;75;73m▄[48;2;65;93;135m[38;2;62;90;131m▄[48;2;89;138;191m[38;2;79;129;183m▄[48;2;75;120;175m[38;2;83;130;181m▄[48;2;60;105;165m[38;2;82;129;183m▄[48;2;77;124;178m[38;2;90;138;188m▄[48;2;65;111;169m[38;2;80;129;181m▄[48;2;68;115;172m[38;2;85;135;184m▄[48;2;91;141;190m[38;2;83;130;182m▄[48;2;75;118;174m[38;2;61;100;161m▄[48;2;49;56;79m[38;2;51;60;79m▄[48;2;57;55;65m[38;2;61;60;70m▄[0m
[48;2;52;55;68m[38;2;59;62;74m▄[48;2;72;54;53m[38;2;71;54;52m▄[48;2;130;91;70m[38;2;130;92;72m▄[48;2;98;70;52m[38;2;91;64;50m▄[48;2;97;73;58m[38;2;83;64;56m▄[48;2;87;75;69m[38;2;76;65;62m▄[48;2;85;72;68m[38;2;117;90;72m▄[48;2;81;71;68m[38;2;108;85;72m▄[48;2;100;82;71m[38;2;96;76;62m▄[48;2;121;93;74m[38;2;93;82;76m▄[48;2;93;99;111m[38;2;78;82;91m▄[48;2;132;95;65m[38;2;89;78;71m▄[48;2;113;110;113m[38;2;99;102;109m▄[48;2;116;101;92m[38;2;97;96;99m▄[48;2;97;65;48m[38;2;85;58;46m▄[48;2;80;80;81m[38;2;80;80;82m▄[48;2;92;90;88m[38;2;88;86;90m▄[48;2;93;90;88m[38;2;88;87;88m▄[48;2;87;85;84m[38;2;83;80;83m▄[48;2;93;91;90m[38;2;90;88;92m▄[48;2;81;77;74m[38;2;77;74;76m▄[48;2;60;89;129m[38;2;71;97;136m▄[48;2;81;129;184m[38;2;91;139;194m▄[48;2;89;136;185m[38;2;80;127;182m▄[48;2;81;128;178m[38;2;78;125;182m▄[48;2;94;142;188m[38;2;78;125;181m▄[48;2;82;128;180m[38;2;76;122;179m▄[48;2;74;117;172m[38;2;97;144;194m▄[48;2;69;111;167m[38;2;93;142;196m▄[48;2;62;102;162m[38;2;76;118;176m▄[48;2;46;53;72m[38;2;48;54;74m▄[48;2;60;58;68m[38;2;59;58;67m▄[0m
[48;2;51;55;68m[38;2;52;55;66m▄[48;2;63;48;48m[38;2;47;43;49m▄[48;2;125;86;68m[38;2;54;43;45m▄[48;2;118;83;66m[38;2;60;47;48m▄[48;2;126;89;69m[38;2;60;48;49m▄[48;2;133;94;71m[38;2;60;48;49m▄[48;2;141;100;75m[38;2;57;46;48m▄[48;2;138;96;73m[38;2;57;46;48m▄[48;2;139;100;75m[38;2;55;45;47m▄[48;2;109;81;65m[38;2;60;48;49m▄[48;2;103;74;59m[38;2;62;50;51m▄[48;2;112;83;68m[38;2;62;49;50m▄[48;2;103;74;60m[38;2;66;53;54m▄[48;2;103;73;58m[38;2;64;51;52m▄[48;2;95;66;55m[38;2;61;52;53m▄[48;2;77;76;79m[38;2;78;76;82m▄[48;2;83;81;84m[38;2;76;75;81m▄[48;2;89;88;91m[38;2;82;81;88m▄[48;2;90;88;90m[38;2;84;83;89m▄[48;2;85;83;87m[38;2;80;79;85m▄[48;2;72;72;76m[38;2;77;77;81m▄[48;2;68;79;98m[38;2;65;65;69m▄[48;2;73;103;141m[38;2;63;61;67m▄[48;2;63;97;139m[38;2;62;60;66m▄[48;2;64;97;139m[38;2;61;60;64m▄[48;2;62;95;137m[38;2;64;63;68m▄[48;2;67;101;142m[38;2;63;61;67m▄[48;2;69;102;144m[38;2;55;53;62m▄[48;2;62;93;137m[38;2;52;51;61m▄[48;2;70;91;129m[38;2;50;50;60m▄[48;2;49;53;66m[38;2;56;57;68m▄[48;2;51;51;61m[38;2;57;58;69m▄[0m
[48;2;59;60;72m[38;2;63;63;75m▄[48;2;58;61;73m[38;2;64;64;75m▄[48;2;50;54;67m[38;2;61;60;72m▄[48;2;61;64;75m[38;2;83;81;87m▄[48;2;67;69;79m[38;2;87;85;89m▄[48;2;65;68;78m[38;2;80;78;84m▄[48;2;64;67;77m[38;2;76;75;80m▄[48;2;73;76;83m[38;2;86;85;88m▄[48;2;76;77;84m[38;2;89;86;91m▄[48;2;73;74;81m[38;2;87;84;89m▄[48;2;68;70;80m[38;2;83;81;86m▄[48;2;69;71;81m[38;2;87;85;90m▄[48;2;68;71;80m[38;2;77;76;83m▄[48;2;68;70;80m[38;2;76;76;78m▄[48;2;70;72;82m[38;2;68;67;69m▄[48;2;83;83;88m[38;2;73;73;77m▄[48;2;82;82;88m[38;2;72;71;75m▄[48;2;82;82;87m[38;2;69;69;74m▄[48;2;76;74;80m[38;2;74;74;81m▄[48;2;80;78;84m[38;2;76;77;82m▄[48;2;78;76;83m[38;2;76;76;83m▄[48;2;83;80;86m[38;2;71;70;76m▄[48;2;80;79;84m[38;2;76;75;81m▄[48;2;86;84;90m[38;2;83;82;88m▄[48;2;87;87;92m[38;2;83;82;88m▄[48;2;82;82;87m[38;2;80;79;85m▄[48;2;80;79;85m[38;2;71;69;77m▄[48;2;82;81;88m[38;2;81;79;86m▄[48;2;65;65;76m[38;2;79;77;84m▄[48;2;57;57;69m[38;2;57;57;69m▄[48;2;64;64;76m[38;2;65;65;77m▄[48;2;63;64;75m[38;2;64;64;74m▄[0m
[48;2;56;56;68m[38;2;60;60;73m▄[48;2;57;57;70m[38;2;55;55;66m▄[48;2;62;61;74m[38;2;62;67;69m▄[48;2;80;77;84m[38;2;66;67;69m▄[48;2;74;72;79m[38;2;72;74;82m▄[48;2;79;77;84m[38;2;65;67;70m▄[48;2;75;72;80m[38;2;75;80;81m▄[48;2;74;71;81m[38;2;71;74;77m▄[48;2;72;70;78m[38;2;65;69;71m▄[48;2;76;73;82m[38;2;61;65;67m▄[48;2;79;77;85m[38;2;64;68;70m▄[48;2;68;66;74m[38;2;67;71;72m▄[48;2;55;58;71m[38;2;41;43;54m▄[48;2;102;110;127m[38;2;55;58;78m▄[48;2;105;113;128m[38;2;70;73;92m▄[48;2;114;121;137m[38;2;72;75;95m▄[48;2;111;120;133m[38;2;72;78;102m▄[48;2;97;106;123m[38;2;75;69;78m▄[48;2;120;131;144m[38;2;83;68;64m▄[48;2;131;142;155m[38;2;83;84;104m▄[48;2;125;134;147m[38;2;85;89;116m▄[48;2;101;108;117m[38;2;76;78;100m▄[48;2;65;65;70m[38;2;53;53;60m▄[48;2;78;78;82m[38;2;81;81;87m▄[48;2;77;76;83m[38;2;71;70;78m▄[48;2;72;72;78m[38;2;62;64;69m▄[48;2;111;111;98m[38;2;111;123;125m▄[48;2;97;96;86m[38;2;86;96;97m▄[48;2;79;77;84m[38;2;65;64;70m▄[48;2;68;67;79m[38;2;68;67;76m▄[48;2;61;61;74m[38;2;55;56;66m▄[48;2;55;56;67m[38;2;49;51;62m▄[0m
[48;2;63;62;75m[38;2;53;53;64m▄[48;2;57;61;66m[38;2;83;91;91m▄[48;2;113;128;119m[38;2;114;133;127m▄[48;2;74;87;87m[38;2;103;97;86m▄[48;2;74;78;92m[38;2;68;49;42m▄[48;2;109;115;127m[38;2;54;60;81m▄[48;2;79;90;90m[38;2;68;75;80m▄[48;2;107;123;118m[38;2;105;121;114m▄[48;2;99;115;109m[38;2;96;106;105m▄[48;2;94;99;99m[38;2;113;116;124m▄[48;2;91;94;98m[38;2;91;97;104m▄[48;2;100;112;108m[38;2;102;113;110m▄[48;2;93;103;100m[38;2;109;121;118m▄[48;2;81;89;85m[38;2;101;114;113m▄[48;2;85;96;93m[38;2;103;119;119m▄[48;2;76;81;78m[38;2;84;86;81m▄[48;2;38;30;27m[38;2;85;60;48m▄[48;2;91;65;55m[38;2;102;71;59m▄[48;2;91;67;60m[38;2;105;72;60m▄[48;2;90;64;57m[38;2;108;74;61m▄[48;2;42;37;44m[38;2;77;52;42m▄[48;2;60;64;69m[38;2;84;81;75m▄[48;2;61;62;65m[38;2;83;94;91m▄[48;2;74;74;83m[38;2;71;71;79m▄[48;2;82;74;69m[38;2;73;66;65m▄[48;2;112;90;68m[38;2;162;123;83m▄[48;2;78;87;92m[38;2;152;115;80m▄[48;2;72;73;74m[38;2;151;114;78m▄[48;2;119;93;66m[38;2;177;136;90m▄[48;2;135;104;73m[38;2;178;136;91m▄[48;2;135;103;70m[38;2;180;137;91m▄[48;2;134;104;73m[38;2;179;137;92m▄[0m
[48;2;51;53;60m[38;2;79;88;87m▄[48;2;98;112;109m[38;2;110;124;120m▄[48;2;101;94;84m[38;2;82;76;68m▄[48;2;92;68;53m[38;2;86;96;93m▄[48;2;89;98;96m[38;2;108;126;123m▄[48;2;89;101;101m[38;2;111;127;120m▄[48;2;98;112;110m[38;2;110;126;121m▄[48;2;90;99;99m[38;2;91;100;101m▄[48;2;97;99;108m[38;2;89;99;100m▄[48;2;83;92;94m[38;2;108;124;118m▄[48;2;97;113;107m[38;2;108;123;117m▄[48;2;108;121;116m[38;2;107;123;117m▄[48;2;101;114;112m[38;2;109;124;119m▄[48;2;80;94;99m[38;2;112;126;120m▄[48;2;82;96;101m[38;2;110;125;120m▄[48;2;62;69;72m[38;2;108;123;119m▄[48;2;64;49;46m[38;2;94;108;109m▄[48;2;59;47;47m[38;2;96;110;110m▄[48;2;62;48;47m[38;2;94;110;110m▄[48;2;63;48;49m[38;2;96;112;112m▄[48;2;69;50;50m[38;2;96;112;112m▄[48;2;63;56;56m[38;2;99;114;114m▄[48;2;97;113;109m[38;2;114;131;126m▄[48;2;64;67;72m[38;2;80;89;89m▄[48;2;49;43;51m[38;2;48;40;46m▄[48;2;86;60;52m[38;2;73;52;48m▄[48;2;110;82;63m[38;2;94;70;59m▄[48;2;113;84;65m[38;2;122;89;73m▄[48;2;109;79;63m[38;2;101;75;61m▄[48;2;107;78;61m[38;2;102;75;61m▄[48;2;103;77;60m[38;2;119;86;70m▄[48;2;97;72;56m[38;2;98;72;63m▄[0m
[48;2;57;66;72m[38;2;43;44;55m▄[48;2;75;92;98m[38;2;35;40;48m▄[48;2;69;88;94m[38;2;41;48;60m▄[48;2;72;89;94m[38;2;27;30;40m▄[48;2;70;83;89m[38;2;30;32;41m▄[48;2;68;83;89m[38;2;39;41;52m▄[48;2;73;87;92m[38;2;33;36;45m▄[48;2;77;91;95m[38;2;33;36;46m▄[48;2;79;93;98m[38;2;35;38;46m▄[48;2;75;89;94m[38;2;34;37;46m▄[48;2;72;87;92m[38;2;24;28;36m▄[48;2;71;85;89m[38;2;34;37;48m▄[48;2;69;83;88m[38;2;44;49;60m▄[48;2;70;85;90m[38;2;28;32;42m▄[48;2;71;87;92m[38;2;27;28;39m▄[48;2;73;88;93m[38;2;29;31;42m▄[48;2;77;91;96m[38;2;28;31;40m▄[48;2;76;90;95m[38;2;29;31;40m▄[48;2;75;90;94m[38;2;30;32;42m▄[48;2;74;89;93m[38;2;27;29;39m▄[48;2;74;88;91m[38;2;28;33;43m▄[48;2;72;86;90m[38;2;38;46;56m▄[48;2;77;90;95m[38;2;36;41;50m▄[48;2;61;72;77m[38;2;47;49;62m▄[48;2;45;39;46m[38;2;55;48;56m▄[48;2;94;67;60m[38;2;87;62;54m▄[48;2;76;55;48m[38;2;94;73;59m▄[48;2;73;52;47m[38;2;109;82;66m▄[48;2;67;50;46m[38;2;94;70;56m▄[48;2;69;51;46m[38;2;98;74;58m▄[48;2;77;55;49m[38;2;115;85;66m▄[48;2;78;55;50m[38;2;98;74;60m▄[0m
[48;2;43;43;55m[38;2;65;62;70m▄[48;2;48;55;63m[38;2;60;68;74m▄[48;2;59;72;82m[38;2;64;76;84m▄[48;2;24;28;40m[38;2;16;17;28m▄[48;2;35;37;47m[38;2;25;26;35m▄[48;2;46;49;59m[38;2;41;45;53m▄[48;2;52;57;65m[38;2;64;68;80m▄[48;2;54;58;67m[38;2;69;73;85m▄[48;2;38;40;48m[38;2;54;57;68m▄[48;2;48;52;61m[38;2;67;71;82m▄[48;2;41;44;54m[38;2;40;40;49m▄[48;2;44;51;60m[38;2;42;48;54m▄[48;2;73;87;91m[38;2;76;92;97m▄[48;2;35;38;47m[38;2;30;32;39m▄[48;2;31;32;45m[38;2;36;35;45m▄[48;2;32;34;46m[38;2;40;39;50m▄[48;2;28;30;42m[38;2;39;37;48m▄[48;2;29;31;42m[38;2;38;37;48m▄[48;2;31;33;46m[38;2;40;39;48m▄[48;2;28;32;46m[38;2;34;34;44m▄[48;2;31;39;54m[38;2;30;33;47m▄[48;2;62;73;83m[38;2;64;75;83m▄[48;2;59;67;75m[38;2;63;71;77m▄[48;2;39;40;52m[38;2;63;62;67m▄[48;2;42;37;44m[38;2;58;52;55m▄[48;2;75;54;49m[38;2;79;56;51m▄[48;2;101;74;59m[38;2;107;76;62m▄[48;2;130;90;70m[38;2;131;90;71m▄[48;2;95;67;56m[38;2;84;60;53m▄[48;2;93;66;55m[38;2;84;62;53m▄[48;2;127;88;69m[38;2;129;90;71m▄[48;2;108;77;61m[38;2;111;80;65m▄[0m
[48;2;86;82;91m[38;2;80;75;84m▄[48;2;61;68;74m[38;2;61;69;74m▄[48;2;57;70;77m[38;2;62;73;80m▄[48;2;47;55;56m[38;2;43;47;55m▄[48;2;52;61;65m[38;2;52;58;67m▄[48;2;42;49;55m[38;2;49;55;64m▄[48;2;53;59;65m[38;2;51;56;65m▄[48;2;54;61;67m[38;2;51;55;65m▄[48;2;55;62;68m[38;2;50;55;64m▄[48;2;57;63;70m[38;2;50;55;64m▄[48;2;49;58;63m[38;2;52;58;66m▄[48;2;45;55;60m[38;2;48;53;62m▄[48;2;54;65;69m[38;2;45;49;57m▄[48;2;50;58;62m[38;2;52;57;65m▄[48;2;63;72;77m[38;2;52;58;68m▄[48;2;64;74;79m[38;2;52;58;68m▄[48;2;64;74;80m[38;2;52;58;67m▄[48;2;64;74;79m[38;2;51;57;66m▄[48;2;64;74;79m[38;2;51;57;66m▄[48;2;65;75;81m[38;2;52;59;68m▄[48;2;53;62;67m[38;2;41;46;54m▄[48;2;60;71;80m[38;2;62;74;82m▄[48;2;61;70;76m[38;2;66;75;81m▄[48;2;88;86;92m[38;2;80;77;84m▄[48;2;69;64;71m[38;2;76;74;83m▄[48;2;82;57;55m[38;2;69;48;51m▄[48;2;74;53;45m[38;2;49;41;48m▄[48;2;79;56;49m[38;2;49;43;55m▄[48;2;72;52;46m[38;2;48;44;53m▄[48;2;77;55;48m[38;2;46;42;51m▄[48;2;85;61;51m[38;2;45;42;52m▄[48;2;73;53;47m[38;2;40;35;41m▄[0m
[48;2;68;65;76m[38;2;74;72;84m▄[48;2;47;54;61m[38;2;56;55;64m▄[48;2;56;67;75m[38;2;59;60;70m▄[48;2;43;41;57m[38;2;65;63;75m▄[48;2;51;49;65m[38;2;67;64;78m▄[48;2;49;46;63m[38;2;64;63;78m▄[48;2;49;47;63m[38;2;63;62;76m▄[48;2;49;47;63m[38;2;62;63;75m▄[48;2;49;47;63m[38;2;62;62;76m▄[48;2;49;47;63m[38;2;63;63;77m▄[48;2;50;47;64m[38;2;64;63;77m▄[48;2;51;49;65m[38;2;64;63;77m▄[48;2;52;49;66m[38;2;65;63;77m▄[48;2;50;48;65m[38;2;66;65;78m▄[48;2;50;47;64m[38;2;65;65;78m▄[48;2;50;47;64m[38;2;65;65;78m▄[48;2;50;47;63m[38;2;65;64;78m▄[48;2;50;47;63m[38;2;65;64;78m▄[48;2;50;47;63m[38;2;64;64;77m▄[48;2;52;49;66m[38;2;64;64;78m▄[48;2;45;41;56m[38;2;65;65;80m▄[48;2;60;69;77m[38;2;59;60;70m▄[48;2;54;62;69m[38;2;53;53;65m▄[48;2;65;63;72m[38;2;69;67;80m▄[48;2;91;87;94m[38;2;83;83;91m▄[48;2;73;72;81m[38;2;82;75;78m▄[48;2;70;70;79m[38;2;48;46;54m▄[48;2;69;68;81m[38;2;60;55;62m▄[48;2;75;72;84m[38;2;63;65;74m▄[48;2;80;77;89m[38;2;73;77;88m▄[48;2;80;77;90m[38;2;86;86;95m▄[48;2;78;77;87m[38;2;87;84;92m▄[0m
[48;2;89;88;96m[38;2;82;80;89m▄[48;2;96;95;102m[38;2;70;68;74m▄[48;2;79;78;87m[38;2;63;61;68m▄[48;2;74;76;82m[38;2;137;148;161m▄[48;2;72;74;82m[38;2;100;106;116m▄[48;2;100;96;94m[38;2;81;75;60m▄[48;2;116;109;101m[38;2;96;91;76m▄[48;2;118;111;99m[38;2;97;93;80m▄[48;2;117;110;98m[38;2;98;95;82m▄[48;2;117;110;98m[38;2;97;94;82m▄[48;2;116;110;99m[38;2;102;96;82m▄[48;2;115;109;98m[38;2;101;96;80m▄[48;2;117;111;98m[38;2;98;91;76m▄[48;2;121;115;99m[38;2;99;92;77m▄[48;2;121;115;99m[38;2;101;96;81m▄[48;2;121;115;99m[38;2;101;96;81m▄[48;2;121;114;99m[38;2;102;97;83m▄[48;2;122;115;101m[38;2;100;95;80m▄[48;2;118;112;100m[38;2;101;95;79m▄[48;2;116;108;98m[38;2;99;94;79m▄[48;2;113;107;96m[38;2;104;98;79m▄[48;2;109;103;94m[38;2;125;117;93m▄[48;2;109;101;95m[38;2;126;114;89m▄[48;2;94;94;92m[38;2;122;118;94m▄[48;2;95;66;60m[38;2;103;63;55m▄[48;2;177;87;58m[38;2;139;55;50m▄[48;2;159;84;59m[38;2;144;70;56m▄[48;2;187;98;61m[38;2;180;83;57m▄[48;2;101;64;53m[38;2;193;95;60m▄[48;2;95;65;57m[38;2;164;75;61m▄[48;2;84;66;67m[38;2;92;40;48m▄[48;2;80;78;86m[38;2;70;71;76m▄[0m
[48;2;73;71;77m[38;2;72;70;75m▄[48;2;73;72;79m[38;2;99;99;109m▄[48;2;58;52;55m[38;2;66;64;77m▄[48;2;96;101;121m[38;2;50;52;73m▄[48;2;74;74;89m[38;2;45;45;61m▄[48;2;63;47;38m[38;2;66;64;73m▄[48;2;76;58;47m[38;2;77;71;79m▄[48;2;75;60;51m[38;2;72;65;70m▄[48;2;77;61;52m[38;2;73;64;65m▄[48;2;79;61;51m[38;2;75;62;55m▄[48;2;78;75;85m[38;2;95;92;100m▄[48;2;78;80;93m[38;2;81;81;92m▄[48;2;80;83;89m[38;2;91;97;105m▄[48;2;88;91;99m[38;2;139;148;158m▄[48;2;84;84;97m[38;2;101;107;119m▄[48;2;84;83;97m[38;2;103;109;121m▄[48;2;82;82;95m[38;2;93;101;112m▄[48;2;87;88;98m[38;2;134;143;154m▄[48;2;73;75;83m[38;2;75;79;86m▄[48;2;83;83;99m[38;2;93;93;106m▄[48;2;84;82;84m[38;2;104;103;103m▄[48;2;123;114;92m[38;2;120;112;90m▄[48;2;126;114;93m[38;2;125;117;95m▄[48;2;118;116;94m[38;2;124;118;97m▄[48;2;107;63;53m[38;2;86;69;65m▄[48;2;146;54;51m[38;2;101;49;46m▄[48;2;79;54;58m[38;2;121;50;44m▄[48;2;116;48;52m[38;2;145;58;51m▄[48;2;126;52;51m[38;2;145;61;53m▄[48;2;98;39;58m[38;2;120;44;61m▄[48;2;83;38;54m[38;2;89;38;52m▄[48;2;75;74;78m[38;2;75;73;81m▄[0m
[48;2;73;71;77m[38;2;73;72;78m▄[48;2;99;99;109m[38;2;77;77;89m▄[48;2;98;96;109m[38;2;100;101;118m▄[48;2;61;61;71m[38;2;94;95;112m▄[48;2;68;67;78m[38;2;94;95;112m▄[48;2;105;104;118m[38;2;92;92;109m▄[48;2;109;111;125m[38;2;91;91;108m▄[48;2;110;111;126m[38;2;91;91;108m▄[48;2;110;111;126m[38;2;91;91;109m▄[48;2;106;109;124m[38;2;93;92;109m▄[48;2;115;116;129m[38;2;91;91;111m▄[48;2;92;92;103m[38;2;92;92;111m▄[48;2;79;83;94m[38;2;83;83;99m▄[48;2;83;85;98m[38;2;91;91;108m▄[48;2;84;84;97m[38;2;94;95;112m▄[48;2;82;82;95m[38;2;93;94;111m▄[48;2;83;84;95m[38;2;98;98;115m▄[48;2;80;83;96m[38;2;93;93;110m▄[48;2;79;85;96m[38;2;91;89;104m▄[48;2;99;102;115m[38;2;95;93;112m▄[48;2;100;98;98m[38;2;79;76;80m▄[48;2;120;111;89m[38;2;122;115;92m▄[48;2;125;117;96m[38;2;125;117;95m▄[48;2;125;116;95m[38;2;124;116;93m▄[48;2;122;118;97m[38;2;124;117;93m▄[48;2;99;101;88m[38;2;128;120;97m▄[48;2;84;79;72m[38;2;129;122;99m▄[48;2;82;63;61m[38;2;124;118;99m▄[48;2;93;53;50m[38;2;106;105;93m▄[48;2;65;42;51m[38;2;84;84;92m▄[48;2;60;59;69m[38;2;89;86;94m▄[48;2;84;81;89m[38;2;87;84;90m▄[0m
[48;2;75;74;81m[38;2;84;83;88m▄[48;2;34;32;45m[38;2;48;47;57m▄[48;2;35;35;49m[38;2;28;27;40m▄[48;2;45;44;52m[38;2;78;74;67m▄[48;2;51;48;56m[38;2;122;115;98m▄[48;2;50;48;56m[38;2;114;107;92m▄[48;2;50;48;56m[38;2;116;109;93m▄[48;2;50;48;55m[38;2;116;109;93m▄[48;2;51;48;56m[38;2;116;109;93m▄[48;2;51;48;56m[38;2;116;109;93m▄[48;2;51;48;56m[38;2;116;110;92m▄[48;2;51;48;56m[38;2;117;110;93m▄[48;2;53;50;58m[38;2;117;110;94m▄[48;2;51;48;56m[38;2;117;110;94m▄[48;2;50;47;54m[38;2;116;109;94m▄[48;2;51;48;55m[38;2;116;109;94m▄[48;2;50;47;56m[38;2;115;108;93m▄[48;2;52;48;57m[38;2;121;113;98m▄[48;2;41;39;48m[38;2;47;45;45m▄[48;2;32;31;46m[38;2;31;31;48m▄[48;2;59;57;56m[38;2;81;77;70m▄[48;2;127;120;97m[38;2;133;125;99m▄[48;2;123;115;94m[38;2;125;116;95m▄[48;2;124;116;93m[38;2;125;117;95m▄[48;2;124;115;93m[38;2;126;117;94m▄[48;2;124;116;94m[38;2;121;113;94m▄[48;2;124;116;94m[38;2;111;104;93m▄[48;2;125;115;94m[38;2;95;90;92m▄[48;2;106;98;93m[38;2;86;83;92m▄[48;2;86;83;92m[38;2;87;84;93m▄[48;2;86;84;92m[38;2;87;84;93m▄[48;2;87;83;92m[38;2;87;83;93m▄[0m
[48;2;83;82;87m[38;2;84;81;89m▄[48;2;56;55;66m[38;2;53;51;63m▄[48;2;42;42;54m[38;2;45;43;55m▄[48;2;49;48;53m[38;2;51;49;62m▄[48;2;67;64;70m[38;2;51;50;64m▄[48;2;64;62;67m[38;2;51;49;63m▄[48;2;64;62;67m[38;2;51;49;63m▄[48;2;64;62;68m[38;2;51;50;64m▄[48;2;65;63;68m[38;2;50;51;65m▄[48;2;65;63;68m[38;2;51;50;65m▄[48;2;65;63;68m[38;2;52;50;65m▄[48;2;65;63;68m[38;2;52;50;65m▄[48;2;65;63;68m[38;2;51;50;64m▄[48;2;65;63;68m[38;2;51;49;64m▄[48;2;65;63;68m[38;2;51;49;65m▄[48;2;65;63;68m[38;2;51;49;65m▄[48;2;65;63;67m[38;2;51;49;64m▄[48;2;68;66;70m[38;2;53;51;66m▄[48;2;41;40;46m[38;2;48;46;56m▄[48;2;49;48;61m[38;2;47;45;57m▄[48;2;74;70;72m[38;2;61;60;70m▄[48;2;109;104;96m[38;2;88;84;96m▄[48;2;103;98;93m[38;2;84;81;92m▄[48;2;96;92;93m[38;2;85;82;92m▄[48;2;95;92;93m[38;2;84;83;93m▄[48;2;89;87;92m[38;2;85;85;93m▄[48;2;84;83;92m[38;2;86;85;93m▄[48;2;85;83;93m[38;2;87;85;93m▄[48;2;87;84;93m[38;2;87;84;93m▄[48;2;87;84;93m[38;2;87;84;93m▄[48;2;87;84;93m[38;2;87;84;93m▄[48;2;87;83;93m[38;2;87;83;92m▄[0m
[48;2;82;80;87m[38;2;83;82;88m▄[48;2;54;53;65m[38;2;55;54;65m▄[48;2;44;42;54m[38;2;50;50;60m▄[48;2;41;39;52m[38;2;57;56;71m▄[48;2;44;44;57m[38;2;57;57;74m▄[48;2;44;43;56m[38;2;57;56;73m▄[48;2;44;43;56m[38;2;57;56;73m▄[48;2;44;43;57m[38;2;57;56;74m▄[48;2;43;43;57m[38;2;58;56;75m▄[48;2;44;43;57m[38;2;58;56;75m▄[48;2;45;43;57m[38;2;57;56;74m▄[48;2;45;43;57m[38;2;58;57;74m▄[48;2;45;43;57m[38;2;58;57;75m▄[48;2;45;43;57m[38;2;58;57;74m▄[48;2;44;43;56m[38;2;58;57;74m▄[48;2;43;43;55m[38;2;57;56;73m▄[48;2;45;42;55m[38;2;59;56;72m▄[48;2;45;43;56m[38;2;61;58;75m▄[48;2;40;38;48m[38;2;55;52;66m▄[48;2;48;46;59m[38;2;49;47;60m▄[48;2;62;60;69m[38;2;64;63;71m▄[48;2;90;87;95m[38;2;91;89;97m▄[48;2;86;83;92m[38;2;88;84;93m▄[48;2;87;84;93m[38;2;89;86;94m▄[48;2;86;85;93m[38;2;88;85;94m▄[48;2;86;85;93m[38;2;89;85;94m▄[48;2;87;84;93m[38;2;89;86;94m▄[48;2;86;84;93m[38;2;89;86;94m▄[48;2;87;84;93m[38;2;89;85;94m▄[48;2;87;84;93m[38;2;89;85;94m▄[48;2;87;84;93m[38;2;89;86;93m▄[48;2;87;83;92m[38;2;88;85;92m▄[0m
