[48;2;222;222;222m[38;2;222;222;222m▄[48;2;223;223;223m[38;2;222;222;222m▄[48;2;223;223;223m[38;2;223;223;223m▄[48;2;223;223;223m[38;2;223;223;223m▄[48;2;224;224;224m[38;2;224;224;224m▄[48;2;225;225;225m[38;2;224;224;224m▄[48;2;224;224;224m[38;2;224;224;224m▄[48;2;224;224;224m[38;2;223;223;223m▄[48;2;226;226;226m[38;2;225;225;225m▄[48;2;227;227;227m[38;2;226;226;226m▄[48;2;227;227;227m[38;2;226;226;226m▄[48;2;227;227;227m[38;2;226;226;226m▄[48;2;227;227;227m[38;2;226;226;226m▄[48;2;227;227;227m[38;2;226;225;225m▄[48;2;227;227;227m[38;2;225;225;225m▄[48;2;228;228;228m[38;2;226;226;226m▄[48;2;227;227;227m[38;2;227;227;226m▄[48;2;226;226;226m[38;2;226;226;226m▄[48;2;227;227;227m[38;2;226;226;226m▄[48;2;227;227;227m[38;2;226;226;226m▄[48;2;227;227;227m[38;2;226;226;226m▄[48;2;227;227;227m[38;2;225;225;225m▄[48;2;227;227;227m[38;2;226;226;226m▄[48;2;227;227;227m[38;2;226;226;226m▄[48;2;227;227;227m[38;2;226;226;226m▄[48;2;228;228;228m[38;2;226;226;226m▄[48;2;228;228;228m[38;2;227;227;227m▄[48;2;228;228;228m[38;2;226;226;226m▄[48;2;225;225;225m[38;2;225;225;225m▄[48;2;224;224;224m[38;2;224;224;224m▄[48;2;224;224;224m[38;2;224;224;224m▄[48;2;224;224;224m[38;2;224;224;224m▄[48;2;224;224;224m[38;2;224;224;224m▄[48;2;223;223;223m[38;2;223;223;223m▄[48;2;223;223;223m[38;2;223;223;223m▄[48;2;223;223;223m[38;2;223;223;223m▄[48;2;223;223;223m[38;2;222;222;222m▄[48;2;222;222;222m[38;2;222;222;222m▄[48;2;222;222;222m[38;2;221;221;221m▄[48;2;221;221;221m[38;2;221;221;221m▄[48;2;221;221;221m[38;2;220;220;220m▄[48;2;220;220;220m[38;2;219;219;219m▄[48;2;217;217;217m[38;2;217;217;217m▄[48;2;217;217;217m[38;2;217;217;217m▄[48;2;216;216;216m[38;2;216;216;216m▄[48;2;216;216;216m[38;2;216;216;216m▄[48;2;217;217;217m[38;2;216;216;216m▄[48;2;216;216;216m[38;2;216;216;216m▄[48;2;215;215;215m[38;2;215;215;215m▄[48;2;216;216;216m[38;2;215;215;215m▄[48;2;214;215;214m[38;2;214;214;215m▄[48;2;214;214;214m[38;2;215;215;215m▄[48;2;213;213;213m[38;2;214;214;214m▄[48;2;214;213;214m[38;2;213;213;213m▄[48;2;213;213;213m[38;2;212;212;212m▄[48;2;212;212;212m[38;2;211;211;211m▄[48;2;210;210;210m[38;2;210;210;210m▄[48;2;210;210;210m[38;2;210;210;210m▄[48;2;210;210;210m[38;2;210;210;210m▄[48;2;209;209;209m[38;2;209;209;209m▄[48;2;209;209;209m[38;2;208;208;208m▄[48;2;208;208;208m[38;2;208;208;208m▄[48;2;208;208;208m[38;2;208;208;208m▄[48;2;208;208;208m[38;2;207;207;207m▄[0m
[48;2;222;222;222m[38;2;221;221;221m▄[48;2;221;221;221m[38;2;222;222;222m▄[48;2;223;223;223m[38;2;223;223;223m▄[48;2;223;223;223m[38;2;223;223;223m▄[48;2;224;224;224m[38;2;224;224;223m▄[48;2;224;224;224m[38;2;224;224;224m▄[48;2;224;224;224m[38;2;223;224;224m▄[48;2;223;224;224m[38;2;223;222;221m▄[48;2;223;224;224m[38;2;226;225;222m▄[48;2;224;224;224m[38;2;230;227;222m▄[48;2;225;226;226m[38;2;231;227;221m▄[48;2;225;225;226m[38;2;231;226;222m▄[48;2;225;226;226m[38;2;230;226;224m▄[48;2;225;225;226m[38;2;227;225;224m▄[48;2;226;226;226m[38;2;226;226;225m▄[48;2;226;226;226m[38;2;225;225;226m▄[48;2;226;226;226m[38;2;225;226;227m▄[48;2;226;226;225m[38;2;226;226;226m▄[48;2;226;226;226m[38;2;226;226;226m▄[48;2;227;227;227m[38;2;226;226;226m▄[48;2;226;226;226m[38;2;226;226;226m▄[48;2;227;227;227m[38;2;225;225;225m▄[48;2;227;227;227m[38;2;227;227;227m▄[48;2;227;227;227m[38;2;227;227;227m▄[48;2;227;227;227m[38;2;227;227;227m▄[48;2;226;226;226m[38;2;225;225;225m▄[48;2;225;225;225m[38;2;224;224;224m▄[48;2;224;224;224m[38;2;224;224;224m▄[48;2;224;224;224m[38;2;224;224;224m▄[48;2;224;224;224m[38;2;224;224;224m▄[48;2;224;224;224m[38;2;224;224;224m▄[48;2;224;224;224m[38;2;224;224;224m▄[48;2;224;224;224m[38;2;224;224;224m▄[48;2;223;223;223m[38;2;223;223;223m▄[48;2;223;223;223m[38;2;223;223;223m▄[48;2;223;223;223m[38;2;222;222;222m▄[48;2;222;222;222m[38;2;222;222;222m▄[48;2;222;222;222m[38;2;222;222;222m▄[48;2;222;222;222m[38;2;221;221;221m▄[48;2;221;221;221m[38;2;220;220;220m▄[48;2;221;221;221m[38;2;219;219;219m▄[48;2;219;219;219m[38;2;218;218;218m▄[48;2;217;217;217m[38;2;217;217;217m▄[48;2;216;216;216m[38;2;216;216;216m▄[48;2;216;216;216m[38;2;216;216;216m▄[48;2;216;216;216m[38;2;216;216;216m▄[48;2;216;216;216m[38;2;216;216;216m▄[48;2;215;215;215m[38;2;215;215;215m▄[48;2;215;215;215m[38;2;215;215;215m▄[48;2;215;215;215m[38;2;215;215;215m▄[48;2;214;214;214m[38;2;215;215;215m▄[48;2;214;214;214m[38;2;214;214;214m▄[48;2;213;213;213m[38;2;213;213;213m▄[48;2;213;213;213m[38;2;213;213;213m▄[48;2;213;213;213m[38;2;213;213;213m▄[48;2;211;211;210m[38;2;211;211;212m▄[48;2;210;210;210m[38;2;210;210;210m▄[48;2;210;210;210m[38;2;210;210;210m▄[48;2;210;210;210m[38;2;210;210;210m▄[48;2;210;210;210m[38;2;210;210;210m▄[48;2;208;208;208m[38;2;208;208;208m▄[48;2;208;208;208m[38;2;208;208;208m▄[48;2;208;208;208m[38;2;208;208;208m▄[48;2;208;208;208m[38;2;208;208;208m▄[0m
[48;2;222;222;222m[38;2;221;221;221m▄[48;2;222;222;222m[38;2;222;222;222m▄[48;2;223;223;223m[38;2;223;223;223m▄[48;2;223;223;223m[38;2;223;223;223m▄[48;2;223;223;223m[38;2;223;223;221m▄[48;2;224;224;223m[38;2;223;223;219m▄[48;2;223;222;220m[38;2;230;227;219m▄[48;2;235;231;221m[38;2;252;251;239m▄[48;2;244;238;226m[38;2;255;254;251m▄[48;2;244;239;231m[38;2;255;255;252m▄[48;2;246;241;235m[38;2;254;253;247m▄[48;2;248;242;235m[38;2;253;252;246m▄[48;2;248;241;231m[38;2;254;251;244m▄[48;2;242;233;224m[38;2;253;250;242m▄[48;2;236;229;220m[38;2;252;249;239m▄[48;2;232;227;220m[38;2;249;245;235m▄[48;2;230;226;223m[38;2;246;240;230m▄[48;2;228;226;225m[38;2;242;238;228m▄[48;2;226;226;226m[38;2;230;227;223m▄[48;2;226;227;227m[38;2;226;225;224m▄[48;2;226;226;226m[38;2;226;226;225m▄[48;2;226;226;226m[38;2;227;227;227m▄[48;2;227;227;227m[38;2;226;226;226m▄[48;2;226;226;226m[38;2;225;225;225m▄[48;2;225;225;225m[38;2;224;224;224m▄[48;2;224;224;224m[38;2;224;224;224m▄[48;2;224;224;223m[38;2;225;224;225m▄[48;2;223;223;223m[38;2;230;228;230m▄[48;2;224;224;224m[38;2;229;227;228m▄[48;2;224;224;224m[38;2;223;224;223m▄[48;2;224;224;224m[38;2;222;223;222m▄[48;2;224;224;224m[38;2;224;224;224m▄[48;2;223;223;223m[38;2;223;223;223m▄[48;2;223;223;223m[38;2;223;223;223m▄[48;2;223;223;223m[38;2;222;222;222m▄[48;2;222;222;222m[38;2;228;226;228m▄[48;2;222;222;222m[38;2;224;223;224m▄[48;2;222;222;222m[38;2;221;222;221m▄[48;2;221;221;221m[38;2;221;221;221m▄[48;2;220;220;220m[38;2;219;220;219m▄[48;2;218;218;218m[38;2;223;221;222m▄[48;2;217;217;217m[38;2;219;218;219m▄[48;2;216;216;216m[38;2;217;217;217m▄[48;2;216;216;216m[38;2;216;216;216m▄[48;2;216;216;216m[38;2;216;216;216m▄[48;2;216;216;216m[38;2;217;217;217m▄[48;2;215;215;215m[38;2;215;215;215m▄[48;2;215;215;215m[38;2;215;215;215m▄[48;2;215;215;215m[38;2;215;215;215m▄[48;2;215;215;215m[38;2;215;215;215m▄[48;2;215;215;215m[38;2;214;214;214m▄[48;2;215;215;215m[38;2;214;214;214m▄[48;2;213;213;213m[38;2;213;213;213m▄[48;2;212;212;212m[38;2;212;212;212m▄[48;2;212;212;213m[38;2;211;211;211m▄[48;2;211;211;212m[38;2;211;211;211m▄[48;2;210;210;210m[38;2;210;210;210m▄[48;2;210;210;210m[38;2;210;210;210m▄[48;2;210;210;210m[38;2;210;210;210m▄[48;2;209;209;209m[38;2;210;210;210m▄[48;2;208;208;208m[38;2;209;209;209m▄[48;2;209;209;209m[38;2;208;208;208m▄[48;2;208;208;208m[38;2;208;208;208m▄[48;2;208;208;208m[38;2;208;208;208m▄[0m
[48;2;221;221;221m[38;2;221;221;221m▄[48;2;222;222;222m[38;2;221;221;221m▄[48;2;223;223;222m[38;2;222;222;222m▄[48;2;223;223;221m[38;2;223;223;220m▄[48;2;222;222;219m[38;2;222;222;218m▄[48;2;225;222;217m[38;2;229;226;219m▄[48;2;247;242;229m[38;2;248;242;230m▄[48;2;255;255;254m[38;2;255;255;255m▄[48;2;254;254;248m[38;2;253;253;241m▄[48;2;246;240;225m[38;2;240;232;220m▄[48;2;239;231;219m[38;2;228;223;219m▄[48;2;236;229;219m[38;2;227;224;221m▄[48;2;235;229;221m[38;2;226;223;220m▄[48;2;240;233;223m[38;2;227;223;220m▄[48;2;247;240;229m[38;2;227;224;218m▄[48;2;245;238;227m[38;2;227;224;218m▄[48;2;248;242;232m[38;2;228;224;219m▄[48;2;250;245;234m[38;2;230;226;220m▄[48;2;246;241;232m[38;2;237;231;223m▄[48;2;239;234;227m[38;2;243;237;228m▄[48;2;232;228;222m[38;2;245;240;229m▄[48;2;232;229;224m[38;2;244;238;227m▄[48;2;228;227;226m[38;2;239;232;224m▄[48;2;224;224;225m[38;2;234;229;228m▄[48;2;223;224;223m[38;2;224;224;225m▄[48;2;224;224;224m[38;2;232;230;232m▄[48;2;221;222;221m[38;2;192;205;189m▄[48;2;197;208;197m[38;2;116;168;98m▄[48;2;205;212;207m[38;2;142;183;121m▄[48;2;228;226;229m[38;2;135;176;124m▄[48;2;232;228;232m[38;2;182;199;184m▄[48;2;221;222;221m[38;2;232;228;232m▄[48;2;223;223;223m[38;2;220;222;220m▄[48;2;222;223;222m[38;2;231;227;231m▄[48;2;229;226;229m[38;2;167;192;166m▄[48;2;197;208;199m[38;2;100;161;76m▄[48;2;216;219;217m[38;2;132;175;120m▄[48;2;223;223;223m[38;2;230;226;232m▄[48;2;222;222;223m[38;2;214;218;215m▄[48;2;226;223;229m[38;2;142;182;125m▄[48;2;207;211;208m[38;2;114;172;68m▄[48;2;215;217;215m[38;2;159;188;147m▄[48;2;217;217;217m[38;2;224;220;226m▄[48;2;216;216;216m[38;2;214;215;214m▄[48;2;216;216;216m[38;2;216;216;216m▄[48;2;216;216;216m[38;2;216;216;216m▄[48;2;215;215;215m[38;2;215;215;215m▄[48;2;215;215;215m[38;2;215;215;215m▄[48;2;215;215;215m[38;2;215;215;215m▄[48;2;215;215;215m[38;2;215;215;215m▄[48;2;214;214;214m[38;2;214;215;215m▄[48;2;214;214;214m[38;2;214;214;214m▄[48;2;213;213;213m[38;2;213;213;213m▄[48;2;211;211;211m[38;2;212;212;212m▄[48;2;211;211;211m[38;2;212;212;212m▄[48;2;211;211;211m[38;2;211;211;211m▄[48;2;210;210;210m[38;2;210;210;210m▄[48;2;210;210;210m[38;2;210;210;210m▄[48;2;210;210;210m[38;2;210;210;210m▄[48;2;209;209;209m[38;2;209;209;209m▄[48;2;209;209;209m[38;2;209;208;209m▄[48;2;208;208;208m[38;2;208;208;208m▄[48;2;208;208;208m[38;2;208;208;208m▄[48;2;208;208;208m[38;2;208;208;208m▄[0m
[48;2;220;220;220m[38;2;220;220;220m▄[48;2;221;221;221m[38;2;221;221;221m▄[48;2;221;221;221m[38;2;221;221;219m▄[48;2;222;222;218m[38;2;222;222;218m▄[48;2;221;222;215m[38;2;223;222;216m▄[48;2;229;225;217m[38;2;226;222;215m▄[48;2;245;239;225m[38;2;243;235;220m▄[48;2;254;254;254m[38;2;253;251;246m▄[48;2;254;255;242m[38;2;255;255;252m▄[48;2;240;234;219m[38;2;248;242;226m▄[48;2;228;223;218m[38;2;234;225;217m▄[48;2;228;225;219m[38;2;230;226;221m▄[48;2;228;226;219m[38;2;230;226;220m▄[48;2;228;225;220m[38;2;230;226;221m▄[48;2;225;223;220m[38;2;229;225;220m▄[48;2;226;224;220m[38;2;226;225;218m▄[48;2;225;223;219m[38;2;225;224;218m▄[48;2;224;222;219m[38;2;225;223;218m▄[48;2;223;221;217m[38;2;225;223;219m▄[48;2;225;222;218m[38;2;223;223;219m▄[48;2;229;225;220m[38;2;221;222;217m▄[48;2;235;229;222m[38;2;229;225;224m▄[48;2;242;236;226m[38;2;196;206;191m▄[48;2;231;231;210m[38;2;132;182;83m▄[48;2;222;223;204m[38;2;182;214;105m▄[48;2;237;231;235m[38;2;202;216;153m▄[48;2;192;205;191m[38;2;228;225;219m▄[48;2;141;185;115m[38;2;130;175;110m▄[48;2;164;201;101m[38;2;154;195;90m▄[48;2;150;193;93m[38;2;128;178;73m▄[48;2;118;170;87m[38;2;146;190;81m▄[48;2;168;192;166m[38;2;107;162;73m▄[48;2;239;232;239m[38;2;200;209;205m▄[48;2;182;200;185m[38;2;127;172;108m▄[48;2;123;175;89m[38;2;105;161;73m▄[48;2;102;163;64m[38;2;177;192;177m▄[48;2;144;177;138m[38;2;222;214;223m▄[48;2;226;221;227m[38;2;217;213;216m▄[48;2;153;184;149m[38;2;199;208;197m▄[48;2;139;181;126m[38;2;157;185;149m▄[48;2;161;190;151m[38;2;150;184;126m▄[48;2;196;204;198m[38;2;151;187;133m▄[48;2;221;217;224m[38;2;181;197;178m▄[48;2;215;216;216m[38;2;218;217;220m▄[48;2;216;216;216m[38;2;216;216;216m▄[48;2;216;216;216m[38;2;216;216;217m▄[48;2;216;216;215m[38;2;215;215;215m▄[48;2;215;215;215m[38;2;215;215;215m▄[48;2;215;215;215m[38;2;215;215;215m▄[48;2;215;215;215m[38;2;214;214;214m▄[48;2;214;214;215m[38;2;213;213;214m▄[48;2;213;213;213m[38;2;213;213;213m▄[48;2;213;213;213m[38;2;212;212;212m▄[48;2;212;212;212m[38;2;212;212;212m▄[48;2;211;211;211m[38;2;210;210;210m▄[48;2;210;210;210m[38;2;210;210;210m▄[48;2;210;210;210m[38;2;210;210;210m▄[48;2;210;210;210m[38;2;210;210;210m▄[48;2;209;209;209m[38;2;209;209;209m▄[48;2;209;209;209m[38;2;209;209;209m▄[48;2;209;209;209m[38;2;209;209;209m▄[48;2;208;208;208m[38;2;208;208;208m▄[48;2;208;208;208m[38;2;208;208;208m▄[48;2;208;208;208m[38;2;207;207;207m▄[0m
[48;2;221;221;221m[38;2;220;220;220m▄[48;2;221;221;221m[38;2;221;221;220m▄[48;2;221;221;219m[38;2;221;221;218m▄[48;2;221;222;218m[38;2;221;221;216m▄[48;2;222;222;215m[38;2;222;221;214m▄[48;2;224;220;215m[38;2;224;220;214m▄[48;2;234;227;218m[38;2;225;221;216m▄[48;2;252;247;233m[38;2;241;233;221m▄[48;2;255;255;255m[38;2;255;253;242m▄[48;2;255;253;247m[38;2;254;254;255m▄[48;2;245;237;222m[38;2;254;252;244m▄[48;2;235;226;219m[38;2;246;238;223m▄[48;2;232;228;221m[38;2;237;229;219m▄[48;2;231;227;221m[38;2;234;228;222m▄[48;2;231;226;220m[38;2;231;226;220m▄[48;2;227;226;219m[38;2;230;226;221m▄[48;2;226;225;218m[38;2;226;225;218m▄[48;2;225;224;218m[38;2;224;224;216m▄[48;2;223;224;218m[38;2;223;223;217m▄[48;2;223;223;219m[38;2;223;223;220m▄[48;2;223;223;219m[38;2;223;223;220m▄[48;2;224;223;220m[38;2;221;222;218m▄[48;2;217;220;216m[38;2;228;226;227m▄[48;2;151;187;136m[38;2;212;216;213m▄[48;2;135;182;105m[38;2;125;175;107m▄[48;2;119;174;77m[38;2;127;175;114m▄[48;2;173;200;148m[38;2;159;189;152m▄[48;2;181;201;167m[38;2;220;228;221m▄[48;2;129;178;77m[38;2;144;185;134m▄[48;2;145;189;81m[38;2;121;181;76m▄[48;2;110;165;70m[38;2;107;169;69m▄[48;2;131;182;77m[38;2;103;159;72m▄[48;2;109;159;101m[38;2;81;147;58m▄[48;2;98;156;78m[38;2;91;146;84m▄[48;2;169;188;167m[38;2;127;169;114m▄[48;2;185;192;188m[38;2;124;175;94m▄[48;2;161;181;160m[38;2;139;186;101m▄[48;2;186;199;187m[38;2;136;181;103m▄[48;2;187;202;188m[38;2;131;173;120m▄[48;2;153;183;143m[38;2;182;196;184m▄[48;2;128;173;95m[38;2;217;213;222m▄[48;2;121;177;64m[38;2;174;189;174m▄[48;2;120;172;98m[38;2;184;195;183m▄[48;2;213;214;217m[38;2;210;209;210m▄[48;2;217;217;216m[38;2;215;215;215m▄[48;2;216;216;216m[38;2;216;216;216m▄[48;2;215;215;215m[38;2;215;215;215m▄[48;2;215;215;215m[38;2;215;215;215m▄[48;2;215;215;215m[38;2;215;215;215m▄[48;2;214;214;214m[38;2;214;214;214m▄[48;2;214;214;214m[38;2;214;214;214m▄[48;2;213;213;213m[38;2;213;213;213m▄[48;2;213;213;213m[38;2;213;213;213m▄[48;2;212;212;212m[38;2;211;211;211m▄[48;2;212;212;212m[38;2;210;210;210m▄[48;2;210;210;210m[38;2;210;210;210m▄[48;2;210;210;210m[38;2;210;210;210m▄[48;2;210;210;210m[38;2;209;209;209m▄[48;2;209;209;209m[38;2;209;209;209m▄[48;2;209;209;209m[38;2;208;208;208m▄[48;2;208;209;209m[38;2;208;208;208m▄[48;2;208;208;208m[38;2;209;209;209m▄[48;2;208;208;208m[38;2;208;208;208m▄[48;2;208;208;208m[38;2;208;208;208m▄[0m
[48;2;218;218;219m[38;2;218;218;218m▄[48;2;220;220;219m[38;2;220;220;219m▄[48;2;221;221;217m[38;2;220;220;216m▄[48;2;221;221;216m[38;2;220;220;215m▄[48;2;222;221;214m[38;2;222;221;214m▄[48;2;223;221;214m[38;2;222;221;214m▄[48;2;225;221;214m[38;2;225;221;214m▄[48;2;229;221;215m[38;2;228;222;216m▄[48;2;245;237;225m[38;2;234;225;218m▄[48;2;255;254;250m[38;2;248;241;228m▄[48;2;255;255;255m[38;2;255;255;251m▄[48;2;254;253;247m[38;2;255;255;255m▄[48;2;248;239;226m[38;2;254;253;248m▄[48;2;240;230;220m[38;2;246;237;223m▄[48;2;234;228;220m[38;2;235;228;218m▄[48;2;230;226;220m[38;2;229;224;218m▄[48;2;226;225;218m[38;2;224;223;216m▄[48;2;224;223;217m[38;2;223;222;218m▄[48;2;223;222;217m[38;2;223;222;218m▄[48;2;223;223;219m[38;2;223;223;220m▄[48;2;223;223;220m[38;2;222;222;221m▄[48;2;222;222;219m[38;2;222;222;223m▄[48;2;225;224;224m[38;2;222;223;221m▄[48;2;211;216;209m[38;2;224;221;222m▄[48;2;176;198;164m[38;2;228;232;237m▄[48;2;196;213;198m[38;2;210;171;182m▄[48;2;216;203;207m[38;2;210;122;138m▄[48;2;213;165;174m[38;2;225;148;158m▄[48;2;215;154;170m[38;2;226;142;153m▄[48;2;158;135;123m[38;2;231;129;149m▄[48;2;119;163;101m[38;2;216;123;142m▄[48;2;92;158;78m[38;2;199;122;134m▄[48;2;61;129;50m[38;2;184;141;130m▄[48;2;77;146;64m[38;2;101;153;79m▄[48;2;98;161;72m[38;2;88;161;62m▄[48;2;114;169;74m[38;2;122;180;75m▄[48;2;120;173;72m[38;2;134;188;79m▄[48;2;146;193;86m[38;2;137;189;75m▄[48;2;164;203;105m[38;2;117;175;62m▄[48;2;107;165;70m[38;2;109;163;88m▄[48;2;143;177;140m[38;2;180;193;181m▄[48;2;229;221;229m[38;2;215;213;214m▄[48;2;209;208;210m[38;2;214;215;214m▄[48;2;208;208;208m[38;2;215;215;216m▄[48;2;214;214;214m[38;2;216;216;216m▄[48;2;215;216;216m[38;2;215;216;216m▄[48;2;215;215;215m[38;2;214;215;215m▄[48;2;215;215;215m[38;2;215;215;215m▄[48;2;215;215;215m[38;2;214;214;214m▄[48;2;214;214;214m[38;2;214;214;214m▄[48;2;213;213;213m[38;2;213;213;213m▄[48;2;213;213;213m[38;2;213;212;213m▄[48;2;212;212;212m[38;2;211;211;212m▄[48;2;211;211;211m[38;2;211;211;211m▄[48;2;210;210;210m[38;2;210;210;210m▄[48;2;210;210;210m[38;2;210;210;210m▄[48;2;210;210;210m[38;2;210;210;210m▄[48;2;209;209;209m[38;2;209;209;209m▄[48;2;208;208;209m[38;2;208;208;209m▄[48;2;208;208;208m[38;2;208;208;208m▄[48;2;208;208;208m[38;2;208;208;209m▄[48;2;208;208;208m[38;2;208;208;208m▄[48;2;208;208;208m[38;2;208;208;208m▄[48;2;207;207;207m[38;2;207;207;207m▄[0m
[48;2;217;217;217m[38;2;217;217;217m▄[48;2;218;218;218m[38;2;217;217;217m▄[48;2;220;220;218m[38;2;219;219;219m▄[48;2;221;219;215m[38;2;220;219;215m▄[48;2;221;220;213m[38;2;221;220;213m▄[48;2;221;220;213m[38;2;221;220;213m▄[48;2;224;220;215m[38;2;223;221;214m▄[48;2;228;222;217m[38;2;226;222;216m▄[48;2;232;224;219m[38;2;228;223;218m▄[48;2;239;228;220m[38;2;234;226;220m▄[48;2;250;243;230m[38;2;241;231;221m▄[48;2;254;254;250m[38;2;247;240;225m▄[48;2;255;255;255m[38;2;252;248;237m▄[48;2;251;247;237m[38;2;245;239;227m▄[48;2;235;227;218m[38;2;233;227;220m▄[48;2;230;225;219m[38;2;227;224;220m▄[48;2;224;223;216m[38;2;225;223;217m▄[48;2;223;221;217m[38;2;223;222;217m▄[48;2;222;222;218m[38;2;222;222;218m▄[48;2;222;223;222m[38;2;221;221;219m▄[48;2;222;222;223m[38;2;222;222;220m▄[48;2;222;222;222m[38;2;222;222;222m▄[48;2;222;220;221m[38;2;222;224;223m▄[48;2;223;231;229m[38;2;219;215;216m▄[48;2;213;180;186m[38;2;209;124;140m▄[48;2;213;123;138m[38;2;237;175;180m▄[48;2;237;174;178m[38;2;229;138;148m▄[48;2;231;149;156m[38;2;227;135;144m▄[48;2;225;127;138m[38;2;218;113;126m▄[48;2;213;103;117m[38;2;211;110;128m▄[48;2;210;112;127m[38;2;235;172;179m▄[48;2;234;162;171m[38;2;228;138;148m▄[48;2;242;153;168m[38;2;225;133;142m▄[48;2;222;138;146m[38;2;231;137;148m▄[48;2;156;139;106m[38;2;239;137;153m▄[48;2;119;150;83m[38;2;230;134;148m▄[48;2;117;157;80m[38;2;222;129;141m▄[48;2;114;162;96m[38;2;210;177;186m▄[48;2;137;169;134m[38;2;207;210;215m▄[48;2;190;193;193m[38;2;203;201;201m▄[48;2;206;202;206m[38;2;207;208;207m▄[48;2;208;209;208m[38;2;215;215;215m▄[48;2;216;216;216m[38;2;216;216;216m▄[48;2;216;216;216m[38;2;216;216;216m▄[48;2;216;216;216m[38;2;216;216;216m▄[48;2;215;215;215m[38;2;215;215;215m▄[48;2;215;215;215m[38;2;214;214;214m▄[48;2;214;214;214m[38;2;214;214;214m▄[48;2;214;214;214m[38;2;214;214;214m▄[48;2;213;213;213m[38;2;213;213;213m▄[48;2;213;213;213m[38;2;213;213;213m▄[48;2;211;211;211m[38;2;212;212;212m▄[48;2;211;211;211m[38;2;210;210;210m▄[48;2;210;210;210m[38;2;210;210;210m▄[48;2;210;210;210m[38;2;210;210;210m▄[48;2;210;210;210m[38;2;210;210;210m▄[48;2;211;211;211m[38;2;210;210;210m▄[48;2;209;209;209m[38;2;209;209;209m▄[48;2;208;208;208m[38;2;208;208;208m▄[48;2;208;208;208m[38;2;208;208;208m▄[48;2;208;208;208m[38;2;208;208;208m▄[48;2;208;208;208m[38;2;208;208;208m▄[48;2;208;208;208m[38;2;207;207;207m▄[48;2;206;206;206m[38;2;206;205;207m▄[0m
[48;2;216;216;216m[38;2;216;216;216m▄[48;2;216;216;216m[38;2;216;216;216m▄[48;2;218;218;219m[38;2;217;217;217m▄[48;2;219;220;216m[38;2;218;218;214m▄[48;2;220;220;214m[38;2;220;220;213m▄[48;2;220;220;212m[38;2;221;221;213m▄[48;2;222;220;214m[38;2;221;221;213m▄[48;2;224;221;214m[38;2;221;220;213m▄[48;2;226;221;216m[38;2;224;221;214m▄[48;2;228;223;217m[38;2;226;221;215m▄[48;2;232;225;220m[38;2;226;222;216m▄[48;2;235;227;220m[38;2;227;222;217m▄[48;2;237;228;217m[38;2;228;223;217m▄[48;2;233;226;216m[38;2;228;223;217m▄[48;2;229;224;219m[38;2;226;222;218m▄[48;2;226;222;220m[38;2;225;222;220m▄[48;2;225;222;220m[38;2;224;222;220m▄[48;2;223;222;218m[38;2;223;222;219m▄[48;2;222;222;218m[38;2;222;222;219m▄[48;2;221;221;218m[38;2;222;222;219m▄[48;2;222;222;221m[38;2;221;221;221m▄[48;2;221;220;220m[38;2;221;219;220m▄[48;2;224;232;230m[38;2;222;229;227m▄[48;2;209;167;177m[38;2;208;142;158m▄[48;2;224;147;160m[38;2;232;161;170m▄[48;2;233;157;165m[38;2;230;140;150m▄[48;2;227;133;143m[38;2;228;137;147m▄[48;2;230;141;149m[38;2;229;136;147m▄[48;2;212;105;121m[38;2;222;128;140m▄[48;2;226;157;168m[38;2;230;154;163m▄[48;2;231;144;155m[38;2;228;133;144m▄[48;2;227;133;144m[38;2;229;136;147m▄[48;2;229;137;148m[38;2;229;135;146m▄[48;2;227;137;147m[38;2;228;137;147m▄[48;2;226;137;146m[38;2;228;137;147m▄[48;2;228;138;147m[38;2;229;138;148m▄[48;2;228;128;140m[38;2;225;129;142m▄[48;2;218;117;133m[38;2;217;98;117m▄[48;2;203;189;191m[38;2;203;130;145m▄[48;2;213;216;216m[38;2;214;220;218m▄[48;2;216;215;216m[38;2;216;214;215m▄[48;2;216;216;216m[38;2;215;215;215m▄[48;2;215;215;215m[38;2;215;215;215m▄[48;2;215;215;215m[38;2;215;215;215m▄[48;2;215;215;215m[38;2;215;215;215m▄[48;2;215;215;215m[38;2;215;215;214m▄[48;2;214;214;214m[38;2;214;214;214m▄[48;2;214;214;214m[38;2;214;214;214m▄[48;2;213;213;213m[38;2;213;213;213m▄[48;2;212;212;212m[38;2;212;212;212m▄[48;2;212;212;212m[38;2;211;211;211m▄[48;2;211;211;211m[38;2;211;211;211m▄[48;2;210;210;210m[38;2;210;210;210m▄[48;2;210;210;210m[38;2;210;210;210m▄[48;2;210;210;210m[38;2;210;210;210m▄[48;2;210;210;210m[38;2;210;210;210m▄[48;2;209;209;209m[38;2;209;209;209m▄[48;2;208;208;208m[38;2;208;208;209m▄[48;2;208;208;208m[38;2;208;208;208m▄[48;2;208;208;208m[38;2;208;208;208m▄[48;2;208;208;208m[38;2;208;208;207m▄[48;2;207;207;207m[38;2;207;207;207m▄[48;2;206;206;206m[38;2;206;206;206m▄[48;2;205;205;205m[38;2;206;206;206m▄[0m
[48;2;215;215;216m[38;2;215;215;216m▄[48;2;216;216;215m[38;2;216;216;216m▄[48;2;215;215;212m[38;2;215;215;215m▄[48;2;216;216;212m[38;2;215;215;213m▄[48;2;218;219;213m[38;2;217;216;213m▄[48;2;220;221;213m[38;2;218;218;212m▄[48;2;220;220;214m[38;2;219;219;212m▄[48;2;221;220;213m[38;2;221;220;213m▄[48;2;222;220;213m[38;2;220;219;213m▄[48;2;224;220;215m[38;2;221;218;214m▄[48;2;224;220;216m[38;2;221;219;215m▄[48;2;225;220;216m[38;2;222;220;214m▄[48;2;224;221;216m[38;2;222;220;214m▄[48;2;224;221;216m[38;2;221;220;214m▄[48;2;223;222;218m[38;2;222;219;216m▄[48;2;223;221;217m[38;2;222;221;218m▄[48;2;223;221;217m[38;2;222;221;218m▄[48;2;223;222;220m[38;2;221;221;219m▄[48;2;222;222;221m[38;2;222;221;221m▄[48;2;222;221;220m[38;2;221;221;220m▄[48;2;222;221;222m[38;2;220;220;220m▄[48;2;221;220;220m[38;2;219;219;219m▄[48;2;220;223;222m[38;2;218;221;221m▄[48;2;209;139;155m[38;2;209;136;152m▄[48;2;232;160;168m[38;2;232;158;166m▄[48;2;227;135;144m[38;2;227;135;145m▄[48;2;228;138;148m[38;2;228;136;147m▄[48;2;228;133;144m[38;2;229;135;146m▄[48;2;233;155;163m[38;2;229;140;150m▄[48;2;230;141;152m[38;2;228;137;148m▄[48;2;228;134;146m[38;2;228;135;146m▄[48;2;228;136;146m[38;2;228;135;146m▄[48;2;228;135;147m[38;2;228;135;147m▄[48;2;228;135;146m[38;2;228;135;147m▄[48;2;228;135;146m[38;2;229;136;147m▄[48;2;228;138;148m[38;2;228;138;148m▄[48;2;226;130;143m[38;2;224;127;139m▄[48;2;221;110;126m[38;2;221;109;126m▄[48;2;205;107;127m[38;2;206;107;126m▄[48;2;206;201;203m[38;2;199;191;194m▄[48;2;216;217;217m[38;2;213;215;215m▄[48;2;216;216;216m[38;2;215;215;215m▄[48;2;215;215;215m[38;2;215;215;215m▄[48;2;215;215;215m[38;2;215;215;215m▄[48;2;215;215;215m[38;2;215;215;214m▄[48;2;215;215;215m[38;2;214;214;215m▄[48;2;214;214;214m[38;2;213;213;213m▄[48;2;214;214;214m[38;2;212;212;213m▄[48;2;213;213;213m[38;2;212;212;212m▄[48;2;212;212;212m[38;2;212;212;212m▄[48;2;211;211;211m[38;2;210;210;210m▄[48;2;210;210;210m[38;2;211;211;211m▄[48;2;210;210;210m[38;2;210;210;210m▄[48;2;210;210;210m[38;2;210;210;210m▄[48;2;210;210;210m[38;2;210;210;210m▄[48;2;209;209;209m[38;2;209;209;209m▄[48;2;208;208;208m[38;2;208;208;208m▄[48;2;208;208;208m[38;2;208;208;208m▄[48;2;208;208;208m[38;2;208;208;208m▄[48;2;207;207;207m[38;2;207;207;207m▄[48;2;207;207;208m[38;2;207;207;207m▄[48;2;207;207;207m[38;2;207;207;207m▄[48;2;206;206;206m[38;2;205;205;205m▄[48;2;205;205;205m[38;2;204;204;204m▄[0m
[48;2;215;215;215m[38;2;215;215;215m▄[48;2;216;216;216m[38;2;215;215;215m▄[48;2;216;216;216m[38;2;216;216;216m▄[48;2;215;215;213m[38;2;216;216;213m▄[48;2;216;216;212m[38;2;215;215;211m▄[48;2;216;216;211m[38;2;215;215;212m▄[48;2;217;217;212m[38;2;215;215;211m▄[48;2;218;217;212m[38;2;216;216;211m▄[48;2;218;217;213m[38;2;217;217;212m▄[48;2;220;218;214m[38;2;217;217;213m▄[48;2;220;219;215m[38;2;218;217;212m▄[48;2;220;219;214m[38;2;219;216;212m▄[48;2;221;219;214m[38;2;217;217;213m▄[48;2;221;219;215m[38;2;218;218;214m▄[48;2;220;220;216m[38;2;218;218;216m▄[48;2;219;219;216m[38;2;217;217;215m▄[48;2;219;219;217m[38;2;217;217;217m▄[48;2;220;220;219m[38;2;217;217;216m▄[48;2;220;220;219m[38;2;217;217;216m▄[48;2;219;219;219m[38;2;217;217;217m▄[48;2;218;218;218m[38;2;216;216;217m▄[48;2;218;216;216m[38;2;217;216;216m▄[48;2;218;226;224m[38;2;219;225;223m▄[48;2;206;143;157m[38;2;208;178;185m▄[48;2;228;151;161m[38;2;222;142;157m▄[48;2;229;139;150m[38;2;231;147;157m▄[48;2;227;136;145m[38;2;226;133;144m▄[48;2;227;136;146m[38;2;227;136;146m▄[48;2;228;135;146m[38;2;228;137;148m▄[48;2;229;136;146m[38;2;228;136;147m▄[48;2;229;136;147m[38;2;228;137;146m▄[48;2;228;135;146m[38;2;227;136;146m▄[48;2;228;136;147m[38;2;228;136;147m▄[48;2;228;135;146m[38;2;227;136;147m▄[48;2;229;135;146m[38;2;229;137;147m▄[48;2;228;138;148m[38;2;227;136;146m▄[48;2;222;118;132m[38;2;217;107;125m▄[48;2;221;110;127m[38;2;219;106;125m▄[48;2;202;111;129m[38;2;197;131;145m▄[48;2;198;197;197m[38;2;198;206;204m▄[48;2;211;211;211m[38;2;211;209;210m▄[48;2;214;214;214m[38;2;215;215;215m▄[48;2;215;215;215m[38;2;214;214;214m▄[48;2;214;214;214m[38;2;213;213;213m▄[48;2;214;214;214m[38;2;213;213;213m▄[48;2;213;213;213m[38;2;212;212;212m▄[48;2;213;213;213m[38;2;212;211;212m▄[48;2;213;213;213m[38;2;212;211;212m▄[48;2;211;211;212m[38;2;211;211;211m▄[48;2;211;211;211m[38;2;210;210;210m▄[48;2;210;210;210m[38;2;210;210;210m▄[48;2;211;211;211m[38;2;210;210;210m▄[48;2;210;210;210m[38;2;209;209;209m▄[48;2;210;210;211m[38;2;210;210;210m▄[48;2;209;208;209m[38;2;209;209;209m▄[48;2;209;209;208m[38;2;208;208;208m▄[48;2;208;208;208m[38;2;208;208;208m▄[48;2;207;207;207m[38;2;208;208;208m▄[48;2;208;208;208m[38;2;208;208;208m▄[48;2;207;207;207m[38;2;207;207;207m▄[48;2;207;207;207m[38;2;205;205;206m▄[48;2;206;206;206m[38;2;205;204;205m▄[48;2;204;204;204m[38;2;204;204;204m▄[48;2;204;204;204m[38;2;203;203;203m▄[0m
[48;2;215;215;215m[38;2;215;215;215m▄[48;2;215;215;215m[38;2;215;215;215m▄[48;2;216;216;214m[38;2;215;215;214m▄[48;2;215;215;213m[38;2;216;216;214m▄[48;2;215;215;213m[38;2;216;216;216m▄[48;2;215;215;212m[38;2;215;216;215m▄[48;2;216;216;212m[38;2;216;215;212m▄[48;2;216;216;211m[38;2;216;216;211m▄[48;2;216;216;212m[38;2;216;216;211m▄[48;2;216;216;213m[38;2;216;216;211m▄[48;2;216;216;211m[38;2;216;216;211m▄[48;2;217;216;212m[38;2;216;216;213m▄[48;2;216;216;213m[38;2;216;216;213m▄[48;2;216;216;215m[38;2;216;216;215m▄[48;2;216;216;216m[38;2;216;216;215m▄[48;2;216;216;216m[38;2;216;216;215m▄[48;2;216;216;216m[38;2;216;216;216m▄[48;2;216;216;216m[38;2;216;216;216m▄[48;2;216;216;216m[38;2;216;216;216m▄[48;2;216;216;216m[38;2;216;216;216m▄[48;2;216;216;216m[38;2;216;216;216m▄[48;2;216;216;216m[38;2;216;216;216m▄[48;2;217;216;216m[38;2;216;215;215m▄[48;2;215;217;217m[38;2;218;224;223m▄[48;2;222;185;191m[38;2;207;181;186m▄[48;2;234;158;168m[38;2;217;131;147m▄[48;2;227;131;145m[38;2;232;149;160m▄[48;2;228;136;148m[38;2;227;131;145m▄[48;2;227;136;147m[38;2;227;134;146m▄[48;2;227;136;147m[38;2;227;134;145m▄[48;2;227;135;147m[38;2;228;140;150m▄[48;2;227;135;146m[38;2;227;138;147m▄[48;2;227;136;147m[38;2;227;135;146m▄[48;2;227;138;148m[38;2;225;130;142m▄[48;2;228;139;148m[38;2;218;112;128m▄[48;2;219;112;129m[38;2;217;109;126m▄[48;2;220;111;127m[38;2;217;105;124m▄[48;2;219;119;135m[38;2;200;147;158m▄[48;2;194;179;182m[38;2;195;203;202m▄[48;2;201;205;204m[38;2;206;204;205m▄[48;2;212;211;212m[38;2;213;213;213m▄[48;2;215;215;215m[38;2;214;214;214m▄[48;2;214;214;214m[38;2;213;213;213m▄[48;2;213;213;213m[38;2;213;213;212m▄[48;2;212;212;212m[38;2;213;213;213m▄[48;2;212;212;212m[38;2;212;212;212m▄[48;2;211;211;211m[38;2;211;211;211m▄[48;2;211;211;211m[38;2;210;210;210m▄[48;2;211;211;211m[38;2;210;210;210m▄[48;2;210;210;210m[38;2;210;210;210m▄[48;2;210;210;210m[38;2;210;210;210m▄[48;2;210;210;210m[38;2;209;209;209m▄[48;2;209;209;209m[38;2;209;209;209m▄[48;2;209;209;209m[38;2;208;208;208m▄[48;2;208;208;208m[38;2;208;208;208m▄[48;2;208;208;208m[38;2;208;208;208m▄[48;2;208;208;208m[38;2;208;208;208m▄[48;2;208;208;208m[38;2;207;207;207m▄[48;2;207;207;207m[38;2;207;207;207m▄[48;2;207;207;207m[38;2;206;206;206m▄[48;2;205;205;205m[38;2;204;204;205m▄[48;2;204;204;204m[38;2;204;204;204m▄[48;2;204;204;204m[38;2;204;204;204m▄[48;2;203;203;203m[38;2;203;203;203m▄[0m
[48;2;214;214;214m[38;2;213;213;213m▄[48;2;215;215;215m[38;2;215;215;215m▄[48;2;214;214;215m[38;2;214;214;214m▄[48;2;215;215;213m[38;2;215;215;215m▄[48;2;216;216;216m[38;2;215;215;215m▄[48;2;215;215;215m[38;2;216;216;216m▄[48;2;215;215;211m[38;2;216;216;214m▄[48;2;215;215;210m[38;2;215;215;213m▄[48;2;215;215;211m[38;2;215;215;212m▄[48;2;216;216;214m[38;2;215;216;212m▄[48;2;216;216;215m[38;2;216;216;215m▄[48;2;216;216;212m[38;2;215;215;214m▄[48;2;216;216;212m[38;2;215;215;213m▄[48;2;216;216;214m[38;2;215;215;214m▄[48;2;216;216;214m[38;2;215;215;215m▄[48;2;216;216;215m[38;2;216;216;216m▄[48;2;216;216;216m[38;2;216;216;216m▄[48;2;216;216;216m[38;2;215;215;215m▄[48;2;216;216;216m[38;2;215;215;215m▄[48;2;216;216;216m[38;2;215;215;215m▄[48;2;216;216;216m[38;2;215;215;215m▄[48;2;216;216;216m[38;2;215;215;215m▄[48;2;215;215;215m[38;2;214;214;214m▄[48;2;215;214;215m[38;2;214;214;214m▄[48;2;215;219;218m[38;2;215;216;217m▄[48;2;201;128;146m[38;2;211;212;214m▄[48;2;221;123;140m[38;2;197;131;146m▄[48;2;230;138;149m[38;2;205;99;120m▄[48;2;232;141;152m[38;2;214;105;125m▄[48;2;223;121;137m[38;2;210;102;123m▄[48;2;218;110;128m[38;2;197;97;120m▄[48;2;229;132;144m[38;2;203;104;126m▄[48;2;221;115;132m[38;2;210;95;117m▄[48;2;217;106;124m[38;2;214;96;119m▄[48;2;219;110;126m[38;2;210;98;121m▄[48;2;219;106;125m[38;2;195;114;133m▄[48;2;197;108;127m[38;2;192;186;188m▄[48;2;190;189;190m[38;2;196;199;198m▄[48;2;200;200;200m[38;2;206;205;205m▄[48;2;211;210;211m[38;2;212;211;212m▄[48;2;213;213;213m[38;2;212;212;212m▄[48;2;212;212;212m[38;2;212;212;212m▄[48;2;212;212;213m[38;2;211;211;211m▄[48;2;212;212;212m[38;2;211;211;211m▄[48;2;211;211;212m[38;2;210;210;210m▄[48;2;211;210;211m[38;2;210;210;210m▄[48;2;210;210;210m[38;2;210;210;210m▄[48;2;210;210;210m[38;2;210;210;210m▄[48;2;210;210;210m[38;2;210;210;210m▄[48;2;210;210;210m[38;2;210;210;210m▄[48;2;209;209;210m[38;2;209;209;209m▄[48;2;209;209;209m[38;2;208;208;208m▄[48;2;208;208;208m[38;2;208;208;208m▄[48;2;208;208;208m[38;2;208;208;208m▄[48;2;207;207;208m[38;2;208;208;208m▄[48;2;207;207;207m[38;2;208;208;208m▄[48;2;207;207;207m[38;2;207;207;207m▄[48;2;207;207;207m[38;2;207;207;207m▄[48;2;206;206;206m[38;2;206;206;206m▄[48;2;205;205;205m[38;2;205;205;205m▄[48;2;203;203;203m[38;2;204;204;204m▄[48;2;204;204;204m[38;2;204;204;204m▄[48;2;203;203;203m[38;2;203;203;204m▄[48;2;203;203;203m[38;2;203;203;203m▄[0m
[48;2;213;213;213m[38;2;211;211;211m▄[48;2;213;213;213m[38;2;212;212;212m▄[48;2;214;214;214m[38;2;213;213;213m▄[48;2;215;215;215m[38;2;213;213;213m▄[48;2;215;215;215m[38;2;214;214;214m▄[48;2;215;215;215m[38;2;215;215;215m▄[48;2;215;215;215m[38;2;214;214;214m▄[48;2;215;215;215m[38;2;214;214;214m▄[48;2;215;215;213m[38;2;214;214;214m▄[48;2;215;215;214m[38;2;214;214;215m▄[48;2;215;215;214m[38;2;215;215;215m▄[48;2;215;215;215m[38;2;215;215;215m▄[48;2;215;215;215m[38;2;215;215;214m▄[48;2;215;215;215m[38;2;214;214;214m▄[48;2;215;215;215m[38;2;215;215;215m▄[48;2;215;215;215m[38;2;215;215;215m▄[48;2;215;215;215m[38;2;215;215;215m▄[48;2;215;215;215m[38;2;214;214;214m▄[48;2;215;215;215m[38;2;214;214;214m▄[48;2;215;215;215m[38;2;214;214;214m▄[48;2;214;214;214m[38;2;214;214;214m▄[48;2;214;214;214m[38;2;214;214;214m▄[48;2;214;214;214m[38;2;214;214;214m▄[48;2;214;214;214m[38;2;214;214;214m▄[48;2;214;213;213m[38;2;213;213;213m▄[48;2;214;215;215m[38;2;214;213;213m▄[48;2;208;216;216m[38;2;213;211;213m▄[48;2;197;184;188m[38;2;210;212;214m▄[48;2;192;162;169m[38;2;205;211;211m▄[48;2;191;171;177m[38;2;202;207;207m▄[48;2;194;195;195m[38;2;204;203;204m▄[48;2;194;193;193m[38;2;206;206;206m▄[48;2;193;166;173m[38;2;206;212;211m▄[48;2;193;154;164m[38;2;203;211;209m▄[48;2;192;170;176m[38;2;201;206;204m▄[48;2;193;199;197m[38;2;201;200;201m▄[48;2;196;198;197m[38;2;206;205;207m▄[48;2;204;203;203m[38;2;210;211;210m▄[48;2;210;211;211m[38;2;212;211;211m▄[48;2;212;212;212m[38;2;211;211;211m▄[48;2;212;212;212m[38;2;211;211;211m▄[48;2;212;212;212m[38;2;211;211;211m▄[48;2;211;211;211m[38;2;210;210;210m▄[48;2;210;210;210m[38;2;210;210;210m▄[48;2;210;210;210m[38;2;210;210;210m▄[48;2;210;210;210m[38;2;209;209;209m▄[48;2;210;210;210m[38;2;210;210;210m▄[48;2;210;210;210m[38;2;210;210;210m▄[48;2;210;210;210m[38;2;209;209;210m▄[48;2;209;209;209m[38;2;208;208;209m▄[48;2;209;209;209m[38;2;208;208;208m▄[48;2;208;208;208m[38;2;208;208;208m▄[48;2;208;208;208m[38;2;208;208;208m▄[48;2;208;208;208m[38;2;208;208;208m▄[48;2;208;208;208m[38;2;207;207;207m▄[48;2;208;208;208m[38;2;207;207;207m▄[48;2;207;207;207m[38;2;206;206;207m▄[48;2;206;206;207m[38;2;205;205;205m▄[48;2;206;206;206m[38;2;205;204;205m▄[48;2;204;204;204m[38;2;203;203;203m▄[48;2;204;204;204m[38;2;204;204;203m▄[48;2;203;203;202m[38;2;204;204;201m▄[48;2;204;204;202m[38;2;203;204;201m▄[48;2;202;203;202m[38;2;202;204;202m▄[0m
[48;2;211;211;211m[38;2;210;210;210m▄[48;2;212;212;212m[38;2;210;210;210m▄[48;2;212;212;212m[38;2;211;211;211m▄[48;2;213;213;213m[38;2;212;212;212m▄[48;2;213;213;213m[38;2;212;212;212m▄[48;2;214;214;214m[38;2;212;212;212m▄[48;2;214;214;214m[38;2;212;212;212m▄[48;2;214;214;214m[38;2;214;214;214m▄[48;2;214;214;214m[38;2;213;213;213m▄[48;2;214;214;214m[38;2;213;213;214m▄[48;2;215;215;215m[38;2;214;214;214m▄[48;2;214;214;215m[38;2;214;214;214m▄[48;2;213;213;213m[38;2;214;214;214m▄[48;2;214;214;214m[38;2;214;214;214m▄[48;2;214;215;214m[38;2;213;213;214m▄[48;2;214;214;214m[38;2;214;214;214m▄[48;2;214;214;214m[38;2;214;214;214m▄[48;2;214;214;214m[38;2;214;214;214m▄[48;2;214;214;214m[38;2;214;214;214m▄[48;2;214;214;214m[38;2;213;213;214m▄[48;2;214;214;214m[38;2;214;214;214m▄[48;2;214;214;214m[38;2;214;214;214m▄[48;2;214;214;214m[38;2;213;213;213m▄[48;2;214;214;214m[38;2;213;213;214m▄[48;2;214;214;214m[38;2;213;213;213m▄[48;2;214;214;214m[38;2;213;213;213m▄[48;2;213;213;214m[38;2;213;213;213m▄[48;2;213;212;213m[38;2;212;212;212m▄[48;2;212;211;211m[38;2;211;211;211m▄[48;2;212;211;211m[38;2;211;211;211m▄[48;2;212;211;212m[38;2;211;211;211m▄[48;2;212;212;212m[38;2;211;211;211m▄[48;2;211;210;210m[38;2;210;210;210m▄[48;2;211;209;209m[38;2;210;210;210m▄[48;2;210;209;209m[38;2;211;211;211m▄[48;2;210;210;210m[38;2;210;210;210m▄[48;2;211;211;211m[38;2;210;210;210m▄[48;2;210;210;210m[38;2;210;210;210m▄[48;2;210;210;210m[38;2;209;209;209m▄[48;2;210;210;210m[38;2;210;210;210m▄[48;2;210;210;210m[38;2;209;209;209m▄[48;2;210;210;210m[38;2;210;210;210m▄[48;2;210;210;210m[38;2;210;210;210m▄[48;2;210;210;210m[38;2;210;210;210m▄[48;2;209;209;209m[38;2;210;210;210m▄[48;2;209;209;209m[38;2;209;209;209m▄[48;2;209;209;209m[38;2;209;209;209m▄[48;2;209;209;209m[38;2;208;208;208m▄[48;2;208;208;209m[38;2;208;208;208m▄[48;2;208;208;208m[38;2;208;208;208m▄[48;2;208;208;208m[38;2;208;208;208m▄[48;2;207;207;207m[38;2;207;207;207m▄[48;2;207;207;207m[38;2;207;207;207m▄[48;2;207;207;207m[38;2;207;207;207m▄[48;2;207;207;207m[38;2;207;207;207m▄[48;2;206;206;206m[38;2;205;205;205m▄[48;2;206;206;206m[38;2;204;204;205m▄[48;2;204;204;204m[38;2;204;204;204m▄[48;2;203;203;203m[38;2;203;203;203m▄[48;2;203;203;203m[38;2;203;203;203m▄[48;2;204;204;201m[38;2;203;203;203m▄[48;2;204;204;201m[38;2;203;203;202m▄[48;2;203;203;202m[38;2;203;203;203m▄[48;2;204;204;204m[38;2;204;203;204m▄[0m
[48;2;210;210;210m[38;2;211;211;211m▄[48;2;210;210;210m[38;2;210;210;210m▄[48;2;210;210;210m[38;2;210;210;210m▄[48;2;211;211;211m[38;2;211;211;211m▄[48;2;211;211;211m[38;2;210;210;210m▄[48;2;211;211;211m[38;2;210;210;210m▄[48;2;211;211;211m[38;2;211;211;211m▄[48;2;212;212;213m[38;2;211;211;211m▄[48;2;213;212;213m[38;2;211;211;211m▄[48;2;212;212;213m[38;2;212;212;211m▄[48;2;212;212;212m[38;2;211;211;211m▄[48;2;213;213;213m[38;2;211;211;211m▄[48;2;212;212;212m[38;2;212;212;212m▄[48;2;213;213;213m[38;2;212;212;212m▄[48;2;212;212;213m[38;2;211;212;211m▄[48;2;213;213;213m[38;2;212;212;212m▄[48;2;213;213;213m[38;2;211;211;211m▄[48;2;212;212;212m[38;2;211;211;211m▄[48;2;212;212;212m[38;2;211;211;211m▄[48;2;212;212;212m[38;2;211;211;211m▄[48;2;212;212;213m[38;2;211;211;211m▄[48;2;212;212;212m[38;2;211;211;211m▄[48;2;212;212;212m[38;2;211;210;211m▄[48;2;212;212;213m[38;2;210;210;210m▄[48;2;212;212;212m[38;2;209;209;210m▄[48;2;212;211;212m[38;2;209;209;210m▄[48;2;212;211;212m[38;2;208;209;209m▄[48;2;212;211;212m[38;2;208;209;209m▄[48;2;211;211;211m[38;2;207;208;208m▄[48;2;211;211;211m[38;2;207;208;208m▄[48;2;211;210;211m[38;2;208;209;208m▄[48;2;211;211;211m[38;2;209;209;209m▄[48;2;211;211;211m[38;2;209;209;210m▄[48;2;210;210;210m[38;2;208;209;209m▄[48;2;210;210;210m[38;2;208;208;208m▄[48;2;210;210;210m[38;2;207;208;208m▄[48;2;210;210;210m[38;2;208;208;208m▄[48;2;210;210;210m[38;2;208;208;208m▄[48;2;210;210;210m[38;2;208;208;209m▄[48;2;210;210;210m[38;2;209;209;209m▄[48;2;210;210;210m[38;2;208;208;208m▄[48;2;210;210;210m[38;2;208;208;208m▄[48;2;210;210;210m[38;2;208;208;208m▄[48;2;210;210;210m[38;2;207;207;207m▄[48;2;210;210;210m[38;2;207;207;208m▄[48;2;208;208;208m[38;2;207;207;207m▄[48;2;208;208;208m[38;2;208;208;208m▄[48;2;208;208;208m[38;2;207;207;208m▄[48;2;208;208;208m[38;2;207;207;207m▄[48;2;208;208;208m[38;2;207;207;207m▄[48;2;207;207;207m[38;2;206;206;207m▄[48;2;207;207;207m[38;2;206;206;207m▄[48;2;207;207;207m[38;2;206;206;206m▄[48;2;206;206;207m[38;2;204;204;204m▄[48;2;205;205;206m[38;2;204;203;204m▄[48;2;204;204;204m[38;2;203;203;204m▄[48;2;204;204;204m[38;2;203;203;203m▄[48;2;203;203;203m[38;2;202;202;202m▄[48;2;207;207;207m[38;2;211;211;210m▄[48;2;211;211;210m[38;2;216;216;216m▄[48;2;202;202;202m[38;2;203;203;203m▄[48;2;202;202;203m[38;2;203;203;203m▄[48;2;203;202;203m[38;2;202;202;202m▄[48;2;202;202;202m[38;2;201;201;203m▄[0m
[48;2;210;210;210m[38;2;211;211;211m▄[48;2;210;210;210m[38;2;213;213;213m▄[48;2;210;210;210m[38;2;213;213;213m▄[48;2;211;211;211m[38;2;214;214;214m▄[48;2;211;211;211m[38;2;214;214;214m▄[48;2;211;211;211m[38;2;214;214;214m▄[48;2;212;212;212m[38;2;214;214;214m▄[48;2;212;212;212m[38;2;214;214;214m▄[48;2;212;212;212m[38;2;215;215;215m▄[48;2;212;212;212m[38;2;214;214;214m▄[48;2;212;212;212m[38;2;215;215;215m▄[48;2;213;213;212m[38;2;214;214;214m▄[48;2;213;213;213m[38;2;214;214;214m▄[48;2;213;212;214m[38;2;215;215;215m▄[48;2;213;213;213m[38;2;215;215;215m▄[48;2;214;214;214m[38;2;215;215;215m▄[48;2;213;213;213m[38;2;215;215;215m▄[48;2;213;213;213m[38;2;215;215;215m▄[48;2;213;213;213m[38;2;215;215;215m▄[48;2;213;213;213m[38;2;215;215;215m▄[48;2;213;213;213m[38;2;214;214;213m▄[48;2;212;212;213m[38;2;210;210;211m▄[48;2;210;209;210m[38;2;208;205;205m▄[48;2;207;207;207m[38;2;205;198;199m▄[48;2;203;203;203m[38;2;201;189;190m▄[48;2;201;199;200m[38;2;197;182;183m▄[48;2;198;195;196m[38;2;194;177;180m▄[48;2;195;191;192m[38;2;193;175;176m▄[48;2;192;187;188m[38;2;194;173;175m▄[48;2;190;185;186m[38;2;193;173;173m▄[48;2;189;184;185m[38;2;192;172;173m▄[48;2;188;183;185m[38;2;192;172;173m▄[48;2;190;184;185m[38;2;192;173;172m▄[48;2;190;185;186m[38;2;192;172;172m▄[48;2;191;186;187m[38;2;191;172;172m▄[48;2;191;187;187m[38;2;191;172;172m▄[48;2;192;188;188m[38;2;191;173;173m▄[48;2;193;189;189m[38;2;192;175;176m▄[48;2;194;192;191m[38;2;192;180;180m▄[48;2;195;194;194m[38;2;196;186;186m▄[48;2;196;196;196m[38;2;199;194;194m▄[48;2;198;197;198m[38;2;202;201;200m▄[48;2;200;200;200m[38;2;206;205;206m▄[48;2;202;202;202m[38;2;208;208;208m▄[48;2;203;203;205m[38;2;209;208;209m▄[48;2;205;205;206m[38;2;209;209;210m▄[48;2;207;207;207m[38;2;208;208;209m▄[48;2;207;207;207m[38;2;209;209;209m▄[48;2;207;207;207m[38;2;208;208;208m▄[48;2;207;207;207m[38;2;208;208;208m▄[48;2;206;206;207m[38;2;208;208;208m▄[48;2;206;206;207m[38;2;207;207;207m▄[48;2;206;206;206m[38;2;207;207;207m▄[48;2;204;204;205m[38;2;206;206;206m▄[48;2;204;204;204m[38;2;206;206;206m▄[48;2;203;203;203m[38;2;206;206;206m▄[48;2;203;203;203m[38;2;205;205;205m▄[48;2;203;202;203m[38;2;205;204;205m▄[48;2;203;202;203m[38;2;204;204;205m▄[48;2;203;203;203m[38;2;204;204;204m▄[48;2;202;202;202m[38;2;203;203;203m▄[48;2;202;202;202m[38;2;202;202;202m▄[48;2;202;202;202m[38;2;202;202;202m▄[48;2;203;203;203m[38;2;203;203;203m▄[0m
[48;2;214;214;214m[38;2;215;215;215m▄[48;2;215;215;215m[38;2;215;215;215m▄[48;2;215;215;215m[38;2;216;216;216m▄[48;2;215;215;215m[38;2;216;216;216m▄[48;2;215;215;215m[38;2;216;216;216m▄[48;2;215;215;215m[38;2;217;217;217m▄[48;2;215;215;215m[38;2;216;216;216m▄[48;2;215;215;215m[38;2;216;216;216m▄[48;2;215;215;215m[38;2;217;217;217m▄[48;2;215;215;215m[38;2;217;217;217m▄[48;2;215;215;215m[38;2;217;217;217m▄[48;2;215;215;215m[38;2;217;217;217m▄[48;2;215;215;215m[38;2;216;216;216m▄[48;2;215;215;215m[38;2;217;217;217m▄[48;2;216;216;216m[38;2;217;217;217m▄[48;2;216;216;216m[38;2;217;217;217m▄[48;2;216;216;216m[38;2;217;217;217m▄[48;2;215;215;215m[38;2;216;216;216m▄[48;2;216;216;216m[38;2;217;217;217m▄[48;2;215;215;215m[38;2;217;217;217m▄[48;2;215;215;215m[38;2;217;217;217m▄[48;2;213;213;213m[38;2;217;217;217m▄[48;2;211;210;210m[38;2;216;217;216m▄[48;2;209;204;205m[38;2;216;216;216m▄[48;2;206;198;199m[38;2;216;216;216m▄[48;2;204;192;193m[38;2;215;215;216m▄[48;2;201;188;189m[38;2;214;214;214m▄[48;2;198;184;185m[38;2;213;213;213m▄[48;2;198;182;183m[38;2;213;211;213m▄[48;2;198;182;182m[38;2;213;212;213m▄[48;2;198;182;182m[38;2;213;212;213m▄[48;2;198;181;182m[38;2;213;212;212m▄[48;2;196;181;181m[38;2;212;211;211m▄[48;2;196;179;180m[38;2;212;210;211m▄[48;2;196;180;179m[38;2;211;211;210m▄[48;2;197;182;181m[38;2;211;211;211m▄[48;2;198;185;184m[38;2;212;212;212m▄[48;2;200;188;187m[38;2;212;212;212m▄[48;2;202;193;194m[38;2;213;213;213m▄[48;2;205;200;199m[38;2;214;214;214m▄[48;2;207;204;204m[38;2;213;214;214m▄[48;2;209;208;208m[38;2;214;214;214m▄[48;2;210;210;210m[38;2;213;213;213m▄[48;2;211;211;211m[38;2;212;212;212m▄[48;2;210;210;210m[38;2;211;211;211m▄[48;2;210;210;210m[38;2;211;211;211m▄[48;2;210;210;210m[38;2;211;211;211m▄[48;2;210;210;210m[38;2;210;210;210m▄[48;2;209;209;209m[38;2;210;210;210m▄[48;2;210;209;210m[38;2;210;210;210m▄[48;2;209;209;209m[38;2;209;209;209m▄[48;2;208;208;208m[38;2;209;209;209m▄[48;2;208;208;208m[38;2;209;209;210m▄[48;2;208;208;208m[38;2;209;209;209m▄[48;2;208;208;208m[38;2;209;209;209m▄[48;2;208;208;208m[38;2;209;209;209m▄[48;2;207;207;207m[38;2;208;208;208m▄[48;2;207;207;207m[38;2;208;208;208m▄[48;2;207;207;207m[38;2;208;208;208m▄[48;2;207;207;207m[38;2;208;208;208m▄[48;2;206;206;206m[38;2;208;208;208m▄[48;2;205;205;205m[38;2;207;207;207m▄[48;2;204;204;204m[38;2;207;207;207m▄[48;2;204;204;204m[38;2;207;207;207m▄[0m
