[48;2;222;222;222m[38;2;221;221;221m▄[48;2;222;222;222m[38;2;222;222;222m▄[48;2;223;223;223m[38;2;223;223;223m▄[48;2;223;223;223m[38;2;223;223;223m▄[48;2;223;223;223m[38;2;223;223;223m▄[48;2;224;224;224m[38;2;224;224;224m▄[48;2;224;224;224m[38;2;224;224;223m▄[48;2;225;225;225m[38;2;224;224;224m▄[48;2;224;224;224m[38;2;224;224;224m▄[48;2;224;224;224m[38;2;224;224;224m▄[48;2;225;225;225m[38;2;225;225;225m▄[48;2;227;227;227m[38;2;227;227;226m▄[48;2;228;228;228m[38;2;227;227;227m▄[48;2;227;227;227m[38;2;227;227;227m▄[48;2;227;227;227m[38;2;227;227;227m▄[48;2;227;227;227m[38;2;227;227;227m▄[48;2;227;227;227m[38;2;227;227;227m▄[48;2;227;227;227m[38;2;226;226;226m▄[48;2;227;227;227m[38;2;226;226;226m▄[48;2;226;226;226m[38;2;226;226;226m▄[48;2;227;227;227m[38;2;227;227;227m▄[48;2;227;227;227m[38;2;226;226;226m▄[48;2;227;227;227m[38;2;226;226;226m▄[48;2;227;227;227m[38;2;226;226;226m▄[48;2;227;227;227m[38;2;226;226;226m▄[48;2;227;227;227m[38;2;227;227;227m▄[48;2;228;228;228m[38;2;227;227;227m▄[48;2;226;226;226m[38;2;225;225;225m▄[48;2;225;225;225m[38;2;225;225;225m▄[48;2;224;224;224m[38;2;224;224;224m▄[48;2;224;224;224m[38;2;224;224;224m▄[48;2;224;224;224m[38;2;224;224;224m▄[48;2;225;225;225m[38;2;224;224;224m▄[48;2;224;224;224m[38;2;223;223;223m▄[48;2;223;223;223m[38;2;223;223;223m▄[48;2;223;223;223m[38;2;223;223;223m▄[48;2;223;223;223m[38;2;223;223;223m▄[48;2;222;222;222m[38;2;222;222;222m▄[48;2;221;221;221m[38;2;221;221;221m▄[48;2;221;221;221m[38;2;221;221;221m▄[48;2;221;221;221m[38;2;220;220;220m▄[48;2;218;218;218m[38;2;218;218;218m▄[48;2;217;217;217m[38;2;217;217;217m▄[48;2;217;217;217m[38;2;218;218;218m▄[48;2;217;217;217m[38;2;216;216;216m▄[48;2;216;216;216m[38;2;216;216;216m▄[48;2;216;216;216m[38;2;216;216;216m▄[48;2;215;215;215m[38;2;215;215;215m▄[48;2;215;215;215m[38;2;215;215;215m▄[48;2;215;215;215m[38;2;215;215;215m▄[48;2;215;215;215m[38;2;214;214;214m▄[48;2;214;214;214m[38;2;214;214;214m▄[48;2;213;213;213m[38;2;214;214;213m▄[48;2;213;213;213m[38;2;213;213;213m▄[48;2;212;212;212m[38;2;212;212;212m▄[48;2;211;211;211m[38;2;210;210;210m▄[48;2;211;211;211m[38;2;210;210;210m▄[48;2;211;210;211m[38;2;211;211;211m▄[48;2;210;210;210m[38;2;211;211;210m▄[48;2;209;209;209m[38;2;209;209;209m▄[48;2;208;208;208m[38;2;208;208;208m▄[48;2;208;208;208m[38;2;209;209;209m▄[48;2;208;208;208m[38;2;208;208;208m▄[48;2;208;208;208m[38;2;207;207;207m▄[0m
[48;2;221;221;221m[38;2;221;221;221m▄[48;2;222;222;222m[38;2;221;221;221m▄[48;2;222;222;222m[38;2;222;222;222m▄[48;2;223;223;223m[38;2;222;222;222m▄[48;2;223;223;223m[38;2;223;223;223m▄[48;2;224;224;224m[38;2;223;223;223m▄[48;2;224;224;224m[38;2;224;224;224m▄[48;2;224;224;224m[38;2;224;224;224m▄[48;2;224;224;224m[38;2;224;224;224m▄[48;2;224;224;224m[38;2;224;224;224m▄[48;2;225;225;225m[38;2;225;225;225m▄[48;2;225;225;225m[38;2;224;224;223m▄[48;2;226;226;226m[38;2;225;225;225m▄[48;2;226;226;226m[38;2;226;226;226m▄[48;2;226;226;226m[38;2;226;226;226m▄[48;2;227;227;227m[38;2;227;227;226m▄[48;2;227;227;227m[38;2;227;227;227m▄[48;2;227;227;227m[38;2;227;227;227m▄[48;2;227;227;227m[38;2;228;228;228m▄[48;2;227;227;227m[38;2;227;227;227m▄[48;2;227;227;227m[38;2;227;227;227m▄[48;2;227;227;227m[38;2;227;227;227m▄[48;2;227;227;227m[38;2;226;226;226m▄[48;2;227;227;227m[38;2;227;227;227m▄[48;2;227;227;227m[38;2;227;227;227m▄[48;2;227;227;227m[38;2;225;225;225m▄[48;2;227;227;227m[38;2;224;224;224m▄[48;2;224;224;224m[38;2;224;224;224m▄[48;2;224;224;224m[38;2;224;224;224m▄[48;2;224;224;224m[38;2;224;224;224m▄[48;2;224;224;224m[38;2;224;224;224m▄[48;2;224;224;224m[38;2;224;224;224m▄[48;2;224;224;224m[38;2;223;223;223m▄[48;2;223;223;223m[38;2;223;223;223m▄[48;2;223;223;223m[38;2;223;223;223m▄[48;2;223;223;223m[38;2;223;223;223m▄[48;2;222;222;222m[38;2;223;223;223m▄[48;2;222;222;222m[38;2;222;222;222m▄[48;2;222;222;222m[38;2;221;221;221m▄[48;2;221;221;221m[38;2;221;221;221m▄[48;2;220;220;220m[38;2;220;220;220m▄[48;2;218;218;218m[38;2;218;218;218m▄[48;2;217;217;217m[38;2;217;217;217m▄[48;2;216;216;216m[38;2;216;216;216m▄[48;2;216;216;216m[38;2;216;216;216m▄[48;2;216;216;216m[38;2;216;216;216m▄[48;2;216;216;216m[38;2;215;215;215m▄[48;2;215;215;215m[38;2;215;215;215m▄[48;2;216;216;216m[38;2;215;215;215m▄[48;2;215;215;215m[38;2;215;215;215m▄[48;2;215;215;215m[38;2;214;214;214m▄[48;2;214;214;214m[38;2;214;214;214m▄[48;2;213;213;214m[38;2;213;213;213m▄[48;2;213;213;213m[38;2;212;212;213m▄[48;2;211;211;211m[38;2;211;211;212m▄[48;2;211;211;211m[38;2;211;211;211m▄[48;2;210;210;210m[38;2;210;210;210m▄[48;2;210;210;210m[38;2;210;210;210m▄[48;2;210;210;211m[38;2;210;210;210m▄[48;2;209;209;209m[38;2;209;209;209m▄[48;2;208;208;208m[38;2;209;209;209m▄[48;2;209;209;209m[38;2;208;208;208m▄[48;2;208;208;208m[38;2;208;208;208m▄[48;2;207;207;207m[38;2;208;208;208m▄[0m
[48;2;221;221;221m[38;2;221;221;221m▄[48;2;221;221;221m[38;2;221;221;221m▄[48;2;222;222;222m[38;2;222;222;222m▄[48;2;222;222;222m[38;2;223;223;222m▄[48;2;223;223;223m[38;2;223;223;223m▄[48;2;223;223;223m[38;2;223;223;223m▄[48;2;223;223;223m[38;2;223;223;222m▄[48;2;223;223;223m[38;2;223;223;222m▄[48;2;223;223;221m[38;2;223;223;221m▄[48;2;224;224;222m[38;2;224;224;221m▄[48;2;224;224;222m[38;2;225;224;221m▄[48;2;224;224;221m[38;2;224;224;220m▄[48;2;225;225;223m[38;2;225;225;221m▄[48;2;226;225;223m[38;2;225;225;221m▄[48;2;225;224;223m[38;2;224;224;221m▄[48;2;225;225;225m[38;2;224;224;222m▄[48;2;225;225;225m[38;2;226;226;226m▄[48;2;226;226;226m[38;2;225;225;225m▄[48;2;227;227;227m[38;2;226;226;226m▄[48;2;226;226;226m[38;2;227;227;227m▄[48;2;227;227;227m[38;2;225;225;225m▄[48;2;226;226;226m[38;2;225;225;225m▄[48;2;226;226;226m[38;2;226;226;226m▄[48;2;225;225;225m[38;2;224;224;224m▄[48;2;224;224;224m[38;2;224;224;224m▄[48;2;224;224;224m[38;2;224;224;224m▄[48;2;224;224;224m[38;2;224;224;224m▄[48;2;224;224;224m[38;2;224;224;224m▄[48;2;224;224;224m[38;2;224;224;224m▄[48;2;224;224;224m[38;2;224;224;224m▄[48;2;225;225;225m[38;2;224;224;224m▄[48;2;224;224;224m[38;2;224;224;224m▄[48;2;223;223;223m[38;2;223;223;223m▄[48;2;223;223;223m[38;2;223;223;223m▄[48;2;223;223;223m[38;2;223;223;223m▄[48;2;223;223;223m[38;2;222;222;222m▄[48;2;222;222;222m[38;2;222;222;222m▄[48;2;222;222;222m[38;2;222;222;222m▄[48;2;221;221;221m[38;2;221;221;221m▄[48;2;220;220;220m[38;2;220;220;220m▄[48;2;219;219;219m[38;2;219;219;219m▄[48;2;218;218;218m[38;2;218;218;218m▄[48;2;217;217;217m[38;2;217;217;217m▄[48;2;216;216;216m[38;2;216;216;216m▄[48;2;216;216;216m[38;2;216;216;216m▄[48;2;216;216;216m[38;2;216;216;216m▄[48;2;215;215;215m[38;2;215;215;215m▄[48;2;215;215;215m[38;2;215;215;215m▄[48;2;215;215;215m[38;2;215;215;215m▄[48;2;215;215;215m[38;2;214;214;214m▄[48;2;214;214;214m[38;2;214;214;214m▄[48;2;213;213;213m[38;2;214;214;214m▄[48;2;213;213;213m[38;2;213;213;213m▄[48;2;213;213;213m[38;2;213;213;213m▄[48;2;211;211;212m[38;2;211;211;211m▄[48;2;210;210;210m[38;2;210;210;210m▄[48;2;210;210;210m[38;2;211;211;211m▄[48;2;210;210;210m[38;2;210;210;210m▄[48;2;209;209;209m[38;2;209;209;209m▄[48;2;209;209;208m[38;2;208;208;208m▄[48;2;208;208;208m[38;2;209;209;209m▄[48;2;209;209;209m[38;2;208;208;208m▄[48;2;208;208;208m[38;2;208;208;208m▄[48;2;208;208;208m[38;2;207;207;207m▄[0m
[48;2;221;221;221m[38;2;220;220;220m▄[48;2;221;221;221m[38;2;221;221;221m▄[48;2;222;222;222m[38;2;221;221;222m▄[48;2;222;222;221m[38;2;221;221;221m▄[48;2;222;222;223m[38;2;222;222;219m▄[48;2;222;222;222m[38;2;222;222;219m▄[48;2;223;223;219m[38;2;223;223;218m▄[48;2;223;223;220m[38;2;224;223;218m▄[48;2;223;223;219m[38;2;224;223;218m▄[48;2;224;222;219m[38;2;224;223;218m▄[48;2;225;223;219m[38;2;225;224;219m▄[48;2;226;224;221m[38;2;228;224;219m▄[48;2;225;223;221m[38;2;234;229;221m▄[48;2;225;223;220m[38;2;237;230;221m▄[48;2;225;225;222m[38;2;236;230;222m▄[48;2;228;226;223m[38;2;237;231;223m▄[48;2;228;228;226m[38;2;235;228;221m▄[48;2;232;231;229m[38;2;233;227;222m▄[48;2;226;225;225m[38;2;229;225;222m▄[48;2;224;224;225m[38;2;225;224;222m▄[48;2;224;224;224m[38;2;224;223;224m▄[48;2;224;224;224m[38;2;224;224;224m▄[48;2;224;224;224m[38;2;224;224;225m▄[48;2;224;224;224m[38;2;224;225;225m▄[48;2;224;224;224m[38;2;224;224;224m▄[48;2;224;224;224m[38;2;224;224;224m▄[48;2;224;224;224m[38;2;225;225;225m▄[48;2;225;225;225m[38;2;222;223;222m▄[48;2;225;224;225m[38;2;217;219;218m▄[48;2;222;223;222m[38;2;229;226;230m▄[48;2;222;223;222m[38;2;231;227;230m▄[48;2;223;223;223m[38;2;222;222;221m▄[48;2;223;223;223m[38;2;223;223;223m▄[48;2;223;223;223m[38;2;223;223;223m▄[48;2;222;222;222m[38;2;226;225;227m▄[48;2;223;223;223m[38;2;218;219;220m▄[48;2;221;222;221m[38;2;225;224;225m▄[48;2;221;221;222m[38;2;221;221;221m▄[48;2;221;221;221m[38;2;221;221;221m▄[48;2;220;220;220m[38;2;220;220;220m▄[48;2;219;219;219m[38;2;218;218;218m▄[48;2;217;217;217m[38;2;217;217;217m▄[48;2;217;217;217m[38;2;216;216;216m▄[48;2;216;216;216m[38;2;217;217;217m▄[48;2;216;216;216m[38;2;216;216;216m▄[48;2;216;216;216m[38;2;216;216;216m▄[48;2;215;215;215m[38;2;215;215;215m▄[48;2;215;215;215m[38;2;215;215;215m▄[48;2;215;215;215m[38;2;215;215;215m▄[48;2;214;214;214m[38;2;215;215;215m▄[48;2;214;214;215m[38;2;214;214;214m▄[48;2;213;213;213m[38;2;213;213;213m▄[48;2;213;213;213m[38;2;213;213;213m▄[48;2;213;213;213m[38;2;212;212;212m▄[48;2;210;210;210m[38;2;210;210;210m▄[48;2;210;210;210m[38;2;210;210;210m▄[48;2;211;211;211m[38;2;211;211;211m▄[48;2;210;210;210m[38;2;211;211;211m▄[48;2;208;208;209m[38;2;209;209;209m▄[48;2;209;208;209m[38;2;208;208;208m▄[48;2;209;209;209m[38;2;209;209;208m▄[48;2;208;208;208m[38;2;208;208;208m▄[48;2;208;208;208m[38;2;208;208;208m▄[48;2;207;207;207m[38;2;207;207;207m▄[0m
[48;2;219;219;219m[38;2;219;219;219m▄[48;2;220;220;220m[38;2;220;220;221m▄[48;2;221;221;221m[38;2;221;221;220m▄[48;2;221;221;219m[38;2;221;221;219m▄[48;2;222;222;218m[38;2;222;222;219m▄[48;2;222;221;217m[38;2;222;221;217m▄[48;2;223;221;217m[38;2;223;221;217m▄[48;2;225;223;219m[38;2;224;222;218m▄[48;2;226;224;218m[38;2;225;223;218m▄[48;2;225;223;219m[38;2;228;223;218m▄[48;2;229;224;219m[38;2;244;238;225m▄[48;2;245;240;227m[38;2;255;255;249m▄[48;2;251;248;236m[38;2;255;255;251m▄[48;2;251;248;242m[38;2;251;249;239m▄[48;2;252;249;243m[38;2;248;245;231m▄[48;2;251;247;241m[38;2;243;237;228m▄[48;2;249;244;237m[38;2;242;235;228m▄[48;2;245;241;233m[38;2;246;240;231m▄[48;2;244;239;231m[38;2;245;239;231m▄[48;2;242;237;229m[38;2;246;241;232m▄[48;2;234;227;223m[38;2;248;243;231m▄[48;2;229;225;221m[38;2;246;241;229m▄[48;2;227;225;223m[38;2;242;237;228m▄[48;2;228;226;226m[38;2;238;232;225m▄[48;2;224;223;224m[38;2;228;226;221m▄[48;2;226;226;224m[38;2;229;228;223m▄[48;2;236;233;234m[38;2;231;227;231m▄[48;2;151;184;143m[38;2;156;188;148m▄[48;2;138;179;120m[38;2;157;198;105m▄[48;2;152;185;143m[38;2;147;192;89m▄[48;2;186;202;187m[38;2;125;173;92m▄[48;2;231;228;232m[38;2;166;190;164m▄[48;2;222;223;221m[38;2;238;231;240m▄[48;2;229;226;230m[38;2;168;192;166m▄[48;2;161;188;155m[38;2;112;168;72m▄[48;2;109;164;88m[38;2;104;159;83m▄[48;2;195;207;195m[38;2;188;200;190m▄[48;2;226;223;226m[38;2;219;218;219m▄[48;2;219;220;219m[38;2;218;218;218m▄[48;2;219;219;219m[38;2;218;218;218m▄[48;2;217;217;217m[38;2;217;217;217m▄[48;2;217;217;217m[38;2;217;216;217m▄[48;2;217;217;217m[38;2;216;216;216m▄[48;2;216;216;216m[38;2;217;217;217m▄[48;2;216;216;216m[38;2;216;216;216m▄[48;2;216;216;216m[38;2;216;216;216m▄[48;2;216;216;216m[38;2;215;215;215m▄[48;2;215;215;215m[38;2;215;215;215m▄[48;2;215;215;215m[38;2;215;215;214m▄[48;2;215;215;215m[38;2;214;214;213m▄[48;2;214;213;214m[38;2;214;213;215m▄[48;2;213;213;213m[38;2;213;213;213m▄[48;2;212;212;212m[38;2;212;212;212m▄[48;2;211;211;211m[38;2;211;211;211m▄[48;2;210;210;210m[38;2;210;210;210m▄[48;2;210;210;210m[38;2;210;210;210m▄[48;2;210;210;210m[38;2;210;209;211m▄[48;2;210;210;210m[38;2;210;210;210m▄[48;2;209;209;209m[38;2;209;209;209m▄[48;2;209;209;209m[38;2;209;209;209m▄[48;2;209;209;209m[38;2;209;208;210m▄[48;2;208;208;208m[38;2;208;207;208m▄[48;2;208;208;208m[38;2;208;207;208m▄[48;2;207;207;207m[38;2;207;207;207m▄[0m
[48;2;218;218;219m[38;2;217;217;218m▄[48;2;220;220;220m[38;2;223;222;219m▄[48;2;221;221;219m[38;2;227;225;218m▄[48;2;221;221;217m[38;2;220;220;216m▄[48;2;224;223;217m[38;2;221;220;215m▄[48;2;223;221;216m[38;2;222;220;216m▄[48;2;222;220;216m[38;2;222;220;216m▄[48;2;224;221;217m[38;2;225;221;216m▄[48;2;225;222;217m[38;2;226;222;216m▄[48;2;232;227;218m[38;2;235;228;219m▄[48;2;251;246;231m[38;2;250;245;230m▄[48;2;255;255;255m[38;2;255;255;255m▄[48;2;250;247;233m[38;2;253;250;239m▄[48;2;236;228;216m[38;2;240;231;220m▄[48;2;232;226;219m[38;2;232;226;221m▄[48;2;228;223;220m[38;2;228;224;220m▄[48;2;226;221;218m[38;2;225;223;218m▄[48;2;229;225;220m[38;2;224;222;218m▄[48;2;227;223;219m[38;2;224;222;218m▄[48;2;225;222;217m[38;2;224;223;220m▄[48;2;230;226;220m[38;2;223;223;222m▄[48;2;238;233;225m[38;2;222;222;220m▄[48;2;242;236;227m[38;2;231;229;226m▄[48;2;243;237;227m[38;2;226;223;222m▄[48;2;243;238;225m[38;2;230;226;222m▄[48;2;234;230;221m[38;2;236;232;224m▄[48;2;237;230;230m[38;2;240;233;223m▄[48;2;173;194;169m[38;2;233;228;219m▄[48;2;137;185;92m[38;2;133;177;113m▄[48;2;142;189;81m[38;2;133;185;75m▄[48;2;137;183;79m[38;2;117;172;76m▄[48;2;117;168;77m[38;2;124;175;78m▄[48;2;184;200;188m[38;2;96;152;80m▄[48;2;113;166;86m[38;2;106;157;91m▄[48;2;131;171;110m[38;2;174;192;175m▄[48;2;209;207;213m[38;2;154;180;148m▄[48;2;217;211;217m[38;2;152;180;145m▄[48;2;220;218;220m[38;2;178;195;179m▄[48;2;220;219;219m[38;2;215;216;217m▄[48;2;217;217;217m[38;2;225;222;225m▄[48;2;217;217;217m[38;2;216;216;216m▄[48;2;216;217;216m[38;2;216;216;216m▄[48;2;216;216;216m[38;2;216;216;216m▄[48;2;216;216;216m[38;2;216;216;216m▄[48;2;215;215;216m[38;2;215;215;216m▄[48;2;216;216;216m[38;2;216;216;216m▄[48;2;215;215;215m[38;2;215;215;215m▄[48;2;215;215;215m[38;2;215;215;214m▄[48;2;214;214;214m[38;2;214;214;214m▄[48;2;213;214;213m[38;2;214;213;214m▄[48;2;213;213;213m[38;2;212;212;212m▄[48;2;213;213;213m[38;2;211;211;211m▄[48;2;212;212;212m[38;2;211;211;211m▄[48;2;210;210;210m[38;2;210;210;210m▄[48;2;210;210;210m[38;2;210;210;210m▄[48;2;210;210;210m[38;2;210;210;210m▄[48;2;210;210;210m[38;2;211;211;211m▄[48;2;210;210;210m[38;2;209;209;209m▄[48;2;208;208;209m[38;2;209;209;209m▄[48;2;209;209;209m[38;2;209;209;209m▄[48;2;209;209;209m[38;2;209;208;209m▄[48;2;208;207;209m[38;2;208;208;208m▄[48;2;208;207;208m[38;2;208;207;208m▄[48;2;207;207;207m[38;2;207;207;207m▄[0m
[48;2;217;217;217m[38;2;216;216;216m▄[48;2;220;220;219m[38;2;216;217;217m▄[48;2;222;221;218m[38;2;219;219;219m▄[48;2;220;220;217m[38;2;220;220;216m▄[48;2;221;220;216m[38;2;221;219;215m▄[48;2;221;219;215m[38;2;221;219;215m▄[48;2;222;220;216m[38;2;222;220;215m▄[48;2;227;224;217m[38;2;225;221;215m▄[48;2;227;223;216m[38;2;226;222;216m▄[48;2;232;226;218m[38;2;230;223;217m▄[48;2;248;244;226m[38;2;240;231;220m▄[48;2;255;255;252m[38;2;249;242;228m▄[48;2;255;253;247m[38;2;247;240;226m▄[48;2;243;234;221m[38;2;237;230;220m▄[48;2;232;226;221m[38;2;230;226;221m▄[48;2;228;224;220m[38;2;228;223;220m▄[48;2;225;222;218m[38;2;225;221;217m▄[48;2;223;222;217m[38;2;223;221;218m▄[48;2;223;223;218m[38;2;223;223;220m▄[48;2;223;223;221m[38;2;223;223;220m▄[48;2;223;223;222m[38;2;223;223;223m▄[48;2;223;223;223m[38;2;223;223;223m▄[48;2;224;224;224m[38;2;222;222;222m▄[48;2;223;224;224m[38;2;222;222;223m▄[48;2;222;223;223m[38;2;222;220;221m▄[48;2;221;220;220m[38;2;225;231;230m▄[48;2;224;228;226m[38;2;217;197;202m▄[48;2;235;235;231m[38;2;210;142;156m▄[48;2;212;208;198m[38;2;224;144;160m▄[48;2;129;167;102m[38;2;221;134;150m▄[48;2;99;168;72m[38;2;180;143;134m▄[48;2;74;154;63m[38;2;148;147;113m▄[48;2;66;143;52m[38;2;103;126;74m▄[48;2;94;148;81m[38;2;67;148;59m▄[48;2;105;161;85m[38;2;100;164;69m▄[48;2;124;175;86m[38;2;120;174;75m▄[48;2;137;182;97m[38;2;133;183;79m▄[48;2;133;181;98m[38;2;152;198;82m▄[48;2;135;176;119m[38;2;111;171;63m▄[48;2;191;203;190m[38;2;139;174;134m▄[48;2;220;218;220m[38;2;224;219;225m▄[48;2;215;216;215m[38;2;215;216;215m▄[48;2;216;216;216m[38;2;216;216;216m▄[48;2;217;216;217m[38;2;216;216;216m▄[48;2;216;216;216m[38;2;215;215;215m▄[48;2;216;216;216m[38;2;215;215;215m▄[48;2;215;215;215m[38;2;215;215;215m▄[48;2;214;214;214m[38;2;214;214;214m▄[48;2;214;214;214m[38;2;214;214;214m▄[48;2;213;212;214m[38;2;212;212;213m▄[48;2;212;212;212m[38;2;212;212;212m▄[48;2;212;212;212m[38;2;212;212;212m▄[48;2;211;211;211m[38;2;211;211;211m▄[48;2;210;210;210m[38;2;210;210;210m▄[48;2;210;210;210m[38;2;211;211;211m▄[48;2;211;211;211m[38;2;210;210;210m▄[48;2;211;211;211m[38;2;209;209;209m▄[48;2;209;209;209m[38;2;209;209;209m▄[48;2;209;209;209m[38;2;209;209;209m▄[48;2;208;208;208m[38;2;208;208;208m▄[48;2;209;209;209m[38;2;208;208;208m▄[48;2;208;208;208m[38;2;207;207;207m▄[48;2;207;207;207m[38;2;207;207;207m▄[48;2;207;206;208m[38;2;207;207;207m▄[0m
[48;2;216;216;216m[38;2;216;216;216m▄[48;2;217;217;217m[38;2;216;216;216m▄[48;2;218;218;218m[38;2;217;217;217m▄[48;2;219;219;217m[38;2;218;218;217m▄[48;2;222;221;216m[38;2;219;219;215m▄[48;2;222;221;215m[38;2;221;219;214m▄[48;2;221;219;215m[38;2;221;219;215m▄[48;2;224;221;216m[38;2;221;219;215m▄[48;2;226;221;216m[38;2;226;222;217m▄[48;2;231;225;217m[38;2;229;226;218m▄[48;2;232;224;219m[38;2;227;223;217m▄[48;2;234;227;218m[38;2;229;224;218m▄[48;2;235;228;219m[38;2;230;224;219m▄[48;2;231;226;220m[38;2;227;223;218m▄[48;2;229;224;218m[38;2;226;222;217m▄[48;2;226;222;217m[38;2;224;221;217m▄[48;2;224;221;216m[38;2;222;221;217m▄[48;2;222;222;218m[38;2;221;221;217m▄[48;2;222;222;221m[38;2;222;222;219m▄[48;2;222;222;222m[38;2;222;222;221m▄[48;2;222;222;222m[38;2;222;222;221m▄[48;2;222;222;222m[38;2;221;221;221m▄[48;2;222;222;222m[38;2;222;221;222m▄[48;2;222;220;220m[38;2;222;224;224m▄[48;2;224;230;228m[38;2;219;213;213m▄[48;2;215;189;195m[38;2;210;126;144m▄[48;2;214;126;143m[38;2;235;168;174m▄[48;2;235;160;169m[38;2;230;140;150m▄[48;2;230;144;154m[38;2;224;122;135m▄[48;2;225;118;133m[38;2;209;94;115m▄[48;2;219;100;127m[38;2;222;149;160m▄[48;2;232;138;162m[38;2;232;154;162m▄[48;2;238;153;168m[38;2;228;134;145m▄[48;2;161;141;113m[38;2;239;135;154m▄[48;2;106;152;76m[38;2;220;133;145m▄[48;2;115;174;75m[38;2;193;128;128m▄[48;2;117;176;74m[38;2;188;151;143m▄[48;2;109;162;80m[38;2;196;204;199m▄[48;2;147;175;142m[38;2;207;202;207m▄[48;2;207;205;207m[38;2;205;205;205m▄[48;2;210;210;210m[38;2;216;216;216m▄[48;2;218;218;218m[38;2;216;216;216m▄[48;2;216;216;216m[38;2;216;216;216m▄[48;2;215;215;215m[38;2;215;215;215m▄[48;2;215;215;215m[38;2;214;214;214m▄[48;2;215;215;215m[38;2;215;215;215m▄[48;2;214;214;214m[38;2;214;214;214m▄[48;2;214;214;214m[38;2;213;213;213m▄[48;2;213;213;213m[38;2;212;212;213m▄[48;2;213;212;214m[38;2;211;211;212m▄[48;2;212;212;212m[38;2;212;212;212m▄[48;2;211;211;211m[38;2;211;211;211m▄[48;2;211;211;211m[38;2;211;211;211m▄[48;2;210;210;210m[38;2;210;210;210m▄[48;2;210;210;211m[38;2;210;210;211m▄[48;2;210;210;210m[38;2;211;211;211m▄[48;2;209;209;209m[38;2;210;210;210m▄[48;2;209;209;209m[38;2;209;209;209m▄[48;2;209;208;210m[38;2;208;208;209m▄[48;2;208;208;209m[38;2;208;208;208m▄[48;2;208;208;208m[38;2;207;207;207m▄[48;2;207;207;207m[38;2;207;207;207m▄[48;2;206;206;206m[38;2;206;206;206m▄[48;2;206;206;206m[38;2;206;206;206m▄[0m
[48;2;216;216;216m[38;2;216;216;216m▄[48;2;216;216;216m[38;2;216;216;216m▄[48;2;216;216;216m[38;2;216;216;216m▄[48;2;217;217;216m[38;2;216;216;217m▄[48;2;218;218;215m[38;2;217;217;217m▄[48;2;218;218;214m[38;2;218;218;216m▄[48;2;220;219;214m[38;2;219;219;215m▄[48;2;221;219;215m[38;2;221;219;215m▄[48;2;223;220;216m[38;2;221;218;214m▄[48;2;221;219;215m[38;2;221;219;214m▄[48;2;224;220;216m[38;2;222;219;214m▄[48;2;225;220;217m[38;2;222;219;214m▄[48;2;225;220;217m[38;2;223;220;214m▄[48;2;225;220;216m[38;2;223;219;216m▄[48;2;224;219;217m[38;2;222;220;216m▄[48;2;223;220;217m[38;2;222;220;216m▄[48;2;222;220;217m[38;2;221;220;217m▄[48;2;221;221;219m[38;2;221;220;219m▄[48;2;221;221;220m[38;2;221;221;220m▄[48;2;221;221;220m[38;2;221;221;221m▄[48;2;221;221;221m[38;2;221;221;221m▄[48;2;221;221;221m[38;2;221;221;221m▄[48;2;221;219;219m[38;2;221;220;220m▄[48;2;223;232;230m[38;2;221;225;224m▄[48;2;212;163;174m[38;2;212;142;158m▄[48;2;227;151;162m[38;2;233;160;169m▄[48;2;231;147;155m[38;2;228;134;145m▄[48;2;229;136;147m[38;2;230;139;150m▄[48;2;221;117;132m[38;2;224;126;140m▄[48;2;216;127;143m[38;2;227;150;158m▄[48;2;236;161;168m[38;2;231;138;150m▄[48;2;227;128;141m[38;2;229;134;147m▄[48;2;228;136;148m[38;2;228;135;147m▄[48;2;226;136;146m[38;2;229;136;147m▄[48;2;230;136;148m[38;2;228;136;146m▄[48;2;235;136;151m[38;2;227;137;147m▄[48;2;230;121;140m[38;2;220;111;128m▄[48;2;212;175;180m[38;2;211;110;127m▄[48;2;209;215;210m[38;2;220;211;206m▄[48;2;213;212;212m[38;2;221;220;217m▄[48;2;216;216;216m[38;2;216;215;216m▄[48;2;216;216;216m[38;2;215;216;216m▄[48;2;215;215;215m[38;2;215;215;215m▄[48;2;216;216;216m[38;2;217;217;217m▄[48;2;217;217;216m[38;2;222;222;220m▄[48;2;214;214;214m[38;2;214;214;214m▄[48;2;214;214;215m[38;2;214;214;214m▄[48;2;212;212;214m[38;2;217;216;215m▄[48;2;211;211;211m[38;2;218;218;217m▄[48;2;211;211;211m[38;2;211;211;211m▄[48;2;211;211;211m[38;2;211;211;211m▄[48;2;211;211;210m[38;2;210;210;211m▄[48;2;210;210;210m[38;2;210;210;210m▄[48;2;211;211;211m[38;2;210;210;210m▄[48;2;210;210;210m[38;2;210;210;210m▄[48;2;210;210;210m[38;2;209;209;209m▄[48;2;209;209;209m[38;2;209;209;209m▄[48;2;209;209;209m[38;2;209;209;209m▄[48;2;208;208;208m[38;2;208;208;208m▄[48;2;207;207;208m[38;2;207;207;207m▄[48;2;206;206;207m[38;2;206;206;206m▄[48;2;206;206;207m[38;2;206;206;206m▄[48;2;206;206;206m[38;2;206;206;206m▄[48;2;205;205;205m[38;2;204;204;204m▄[0m
[48;2;215;215;215m[38;2;215;215;215m▄[48;2;216;216;216m[38;2;216;216;216m▄[48;2;216;216;216m[38;2;215;215;215m▄[48;2;216;216;216m[38;2;215;215;215m▄[48;2;216;216;216m[38;2;216;216;216m▄[48;2;217;217;217m[38;2;217;217;217m▄[48;2;218;218;215m[38;2;216;216;216m▄[48;2;219;219;216m[38;2;217;217;215m▄[48;2;219;220;215m[38;2;218;218;214m▄[48;2;220;220;215m[38;2;218;218;214m▄[48;2;221;220;214m[38;2;219;219;215m▄[48;2;221;220;214m[38;2;220;220;216m▄[48;2;221;220;214m[38;2;220;220;216m▄[48;2;221;220;216m[38;2;219;219;215m▄[48;2;221;220;216m[38;2;220;220;217m▄[48;2;221;221;217m[38;2;220;220;217m▄[48;2;221;221;218m[38;2;219;219;218m▄[48;2;220;220;219m[38;2;218;218;219m▄[48;2;220;220;219m[38;2;217;217;218m▄[48;2;220;220;220m[38;2;218;218;218m▄[48;2;219;220;219m[38;2;218;218;218m▄[48;2;220;219;219m[38;2;217;217;217m▄[48;2;219;220;220m[38;2;217;217;217m▄[48;2;217;216;217m[38;2;216;216;217m▄[48;2;213;141;156m[38;2;211;141;155m▄[48;2;233;156;166m[38;2;232;156;165m▄[48;2;227;133;146m[38;2;228;133;146m▄[48;2;228;136;147m[38;2;228;137;149m▄[48;2;231;147;157m[38;2;228;137;149m▄[48;2;231;151;160m[38;2;227;138;148m▄[48;2;229;134;145m[38;2;230;139;148m▄[48;2;230;137;148m[38;2;230;137;149m▄[48;2;229;136;147m[38;2;229;136;147m▄[48;2;229;136;147m[38;2;230;136;147m▄[48;2;230;135;147m[38;2;230;136;148m▄[48;2;229;137;148m[38;2;229;136;148m▄[48;2;224;121;136m[38;2;223;117;131m▄[48;2;212;100;120m[38;2;214;102;121m▄[48;2;200;174;180m[38;2;196;166;174m▄[48;2;220;222;218m[38;2;209;216;214m▄[48;2;223;217;214m[38;2;219;215;214m▄[48;2;218;216;215m[38;2;225;219;216m▄[48;2;215;215;216m[38;2;217;215;214m▄[48;2;214;214;214m[38;2;216;216;217m▄[48;2;213;213;213m[38;2;214;213;214m▄[48;2;216;216;216m[38;2;213;212;213m▄[48;2;217;216;215m[38;2;213;212;213m▄[48;2;227;226;220m[38;2;212;211;211m▄[48;2;218;216;215m[38;2;210;210;210m▄[48;2;210;210;211m[38;2;211;211;211m▄[48;2;211;211;211m[38;2;211;211;211m▄[48;2;210;210;210m[38;2;210;210;210m▄[48;2;210;210;210m[38;2;210;210;210m▄[48;2;210;210;210m[38;2;210;210;210m▄[48;2;209;209;209m[38;2;208;208;208m▄[48;2;209;209;209m[38;2;209;209;209m▄[48;2;208;208;209m[38;2;208;208;208m▄[48;2;208;208;208m[38;2;208;208;208m▄[48;2;207;207;207m[38;2;208;208;208m▄[48;2;207;207;207m[38;2;207;207;207m▄[48;2;206;207;206m[38;2;207;207;207m▄[48;2;206;206;206m[38;2;207;207;207m▄[48;2;205;205;205m[38;2;205;205;205m▄[48;2;204;204;204m[38;2;204;204;204m▄[0m
[48;2;215;215;215m[38;2;215;215;215m▄[48;2;215;215;215m[38;2;215;215;215m▄[48;2;215;215;215m[38;2;216;216;216m▄[48;2;215;215;215m[38;2;216;216;216m▄[48;2;216;216;216m[38;2;216;216;216m▄[48;2;217;217;217m[38;2;216;216;216m▄[48;2;217;217;217m[38;2;216;216;216m▄[48;2;216;216;216m[38;2;216;216;216m▄[48;2;216;216;216m[38;2;217;217;217m▄[48;2;216;216;216m[38;2;216;216;216m▄[48;2;217;217;217m[38;2;216;216;216m▄[48;2;218;218;217m[38;2;216;216;216m▄[48;2;217;217;217m[38;2;216;216;217m▄[48;2;217;217;217m[38;2;216;216;217m▄[48;2;217;217;216m[38;2;217;217;217m▄[48;2;218;218;217m[38;2;216;216;217m▄[48;2;217;217;218m[38;2;219;219;218m▄[48;2;216;216;216m[38;2;219;219;218m▄[48;2;217;217;217m[38;2;216;216;216m▄[48;2;217;217;218m[38;2;216;216;216m▄[48;2;217;217;217m[38;2;216;216;216m▄[48;2;217;217;217m[38;2;216;216;216m▄[48;2;217;215;215m[38;2;216;215;215m▄[48;2;217;224;223m[38;2;217;222;220m▄[48;2;208;150;163m[38;2;213;192;197m▄[48;2;230;147;158m[38;2;228;165;173m▄[48;2;229;136;147m[38;2;231;144;154m▄[48;2;228;137;147m[38;2;228;133;145m▄[48;2;228;133;145m[38;2;228;136;147m▄[48;2;229;145;152m[38;2;229;137;148m▄[48;2;229;143;150m[38;2;228;136;147m▄[48;2;229;135;147m[38;2;229;136;147m▄[48;2;229;137;148m[38;2;228;136;146m▄[48;2;230;137;147m[38;2;229;136;148m▄[48;2;230;138;149m[38;2;230;139;150m▄[48;2;227;132;144m[38;2;222;120;134m▄[48;2;222;114;129m[38;2;229;138;147m▄[48;2;210;105;124m[38;2;204;127;141m▄[48;2;194;178;183m[38;2;195;199;198m▄[48;2;212;215;214m[38;2;209;208;209m▄[48;2;221;220;219m[38;2;215;215;215m▄[48;2;214;213;213m[38;2;214;213;214m▄[48;2;219;217;214m[38;2;212;212;213m▄[48;2;216;214;213m[38;2;214;212;212m▄[48;2;211;211;212m[38;2;216;213;211m▄[48;2;212;212;212m[38;2;215;214;214m▄[48;2;211;211;211m[38;2;211;211;211m▄[48;2;211;211;211m[38;2;212;212;211m▄[48;2;211;211;211m[38;2;210;210;210m▄[48;2;211;211;211m[38;2;209;209;210m▄[48;2;211;211;211m[38;2;216;215;215m▄[48;2;211;211;211m[38;2;212;212;211m▄[48;2;210;210;210m[38;2;209;209;209m▄[48;2;209;209;209m[38;2;209;209;209m▄[48;2;208;208;208m[38;2;208;208;208m▄[48;2;208;208;208m[38;2;208;208;208m▄[48;2;208;208;208m[38;2;208;208;208m▄[48;2;208;208;208m[38;2;208;208;208m▄[48;2;207;207;207m[38;2;207;207;207m▄[48;2;207;207;207m[38;2;206;206;206m▄[48;2;206;206;206m[38;2;206;205;206m▄[48;2;206;206;206m[38;2;205;204;205m▄[48;2;204;204;204m[38;2;204;204;204m▄[48;2;203;203;203m[38;2;204;204;204m▄[0m
[48;2;214;214;214m[38;2;214;214;214m▄[48;2;215;215;215m[38;2;214;214;214m▄[48;2;216;216;216m[38;2;215;215;215m▄[48;2;215;215;215m[38;2;215;215;215m▄[48;2;215;215;216m[38;2;215;215;215m▄[48;2;216;216;216m[38;2;216;216;216m▄[48;2;215;215;215m[38;2;215;215;215m▄[48;2;216;216;216m[38;2;215;215;215m▄[48;2;216;216;216m[38;2;216;216;217m▄[48;2;216;216;216m[38;2;216;216;216m▄[48;2;216;216;216m[38;2;216;216;216m▄[48;2;216;216;216m[38;2;216;216;216m▄[48;2;216;216;216m[38;2;216;216;216m▄[48;2;216;216;216m[38;2;216;216;216m▄[48;2;216;216;216m[38;2;216;216;216m▄[48;2;216;216;216m[38;2;216;216;216m▄[48;2;217;217;217m[38;2;216;216;216m▄[48;2;217;217;217m[38;2;216;216;216m▄[48;2;216;216;216m[38;2;216;216;216m▄[48;2;216;216;216m[38;2;216;216;216m▄[48;2;216;216;216m[38;2;215;215;216m▄[48;2;216;216;216m[38;2;216;216;216m▄[48;2;216;216;216m[38;2;216;216;216m▄[48;2;216;214;215m[38;2;216;215;215m▄[48;2;216;223;222m[38;2;217;222;221m▄[48;2;217;172;181m[38;2;208;182;189m▄[48;2;232;148;159m[38;2;212;121;136m▄[48;2;229;135;147m[38;2;231;142;151m▄[48;2;227;135;146m[38;2;231;141;151m▄[48;2;228;136;147m[38;2;227;136;147m▄[48;2;229;138;148m[38;2;222;120;135m▄[48;2;228;135;146m[38;2;231;135;147m▄[48;2;228;137;147m[38;2;225;124;137m▄[48;2;229;137;148m[38;2;219;111;126m▄[48;2;223;118;133m[38;2;221;111;127m▄[48;2;219;107;124m[38;2;217;101;120m▄[48;2;220;116;135m[38;2;194;134;149m▄[48;2;197;182;185m[38;2;194;201;200m▄[48;2;199;203;202m[38;2;204;203;204m▄[48;2;211;210;210m[38;2;212;213;213m▄[48;2;214;214;214m[38;2;217;217;217m▄[48;2;213;212;213m[38;2;213;213;212m▄[48;2;212;212;213m[38;2;211;211;211m▄[48;2;210;211;211m[38;2;211;211;211m▄[48;2;213;211;211m[38;2;210;210;210m▄[48;2;215;212;212m[38;2;212;210;210m▄[48;2;211;210;211m[38;2;213;211;210m▄[48;2;210;210;210m[38;2;209;209;211m▄[48;2;210;210;210m[38;2;209;209;209m▄[48;2;213;212;213m[38;2;212;212;211m▄[48;2;212;211;212m[38;2;210;211;210m▄[48;2;209;209;209m[38;2;213;213;213m▄[48;2;209;209;210m[38;2;210;209;212m▄[48;2;209;208;210m[38;2;208;207;211m▄[48;2;208;208;210m[38;2;211;210;212m▄[48;2;208;208;208m[38;2;209;210;210m▄[48;2;208;208;208m[38;2;207;207;208m▄[48;2;208;208;208m[38;2;208;208;207m▄[48;2;207;207;207m[38;2;207;207;207m▄[48;2;206;206;206m[38;2;207;207;205m▄[48;2;206;206;206m[38;2;206;206;205m▄[48;2;204;203;204m[38;2;204;204;204m▄[48;2;203;203;203m[38;2;203;204;203m▄[48;2;203;203;203m[38;2;203;203;203m▄[0m
[48;2;214;214;214m[38;2;212;212;213m▄[48;2;214;214;214m[38;2;213;213;214m▄[48;2;214;214;214m[38;2;214;214;214m▄[48;2;214;214;214m[38;2;214;214;214m▄[48;2;215;215;215m[38;2;214;214;214m▄[48;2;215;215;215m[38;2;214;214;214m▄[48;2;215;215;215m[38;2;215;215;215m▄[48;2;215;215;216m[38;2;215;215;215m▄[48;2;215;215;215m[38;2;215;215;215m▄[48;2;215;215;215m[38;2;215;215;215m▄[48;2;215;215;215m[38;2;215;215;215m▄[48;2;216;216;215m[38;2;215;215;215m▄[48;2;216;216;216m[38;2;215;215;215m▄[48;2;216;216;216m[38;2;215;215;216m▄[48;2;216;216;216m[38;2;215;215;215m▄[48;2;216;216;216m[38;2;216;216;216m▄[48;2;216;216;217m[38;2;216;216;217m▄[48;2;216;216;217m[38;2;216;216;217m▄[48;2;216;216;216m[38;2;216;216;216m▄[48;2;215;215;216m[38;2;215;215;216m▄[48;2;220;220;217m[38;2;225;224;218m▄[48;2;218;218;216m[38;2;220;220;216m▄[48;2;215;215;216m[38;2;215;215;216m▄[48;2;217;217;217m[38;2;222;222;219m▄[48;2;216;214;214m[38;2;216;216;216m▄[48;2;217;225;223m[38;2;215;214;215m▄[48;2;204;167;175m[38;2;215;221;220m▄[48;2;206;106;127m[38;2;203;193;197m▄[48;2;220;111;130m[38;2;195;155;165m▄[48;2;217;107;126m[38;2;193;158;167m▄[48;2;199;89;112m[38;2;194;185;187m▄[48;2;206;104;124m[38;2;194;184;186m▄[48;2;214;95;117m[38;2;195;154;165m▄[48;2;216;98;120m[38;2;194;146;157m▄[48;2;210;99;120m[38;2;192;169;174m▄[48;2;193;126;142m[38;2;192;198;197m▄[48;2;193;197;196m[38;2;198;198;198m▄[48;2;200;199;200m[38;2;207;206;206m▄[48;2;209;209;209m[38;2;213;212;212m▄[48;2;212;212;212m[38;2;212;212;212m▄[48;2;212;212;213m[38;2;210;210;210m▄[48;2;217;217;213m[38;2;211;211;211m▄[48;2;223;221;214m[38;2;212;212;211m▄[48;2;209;209;209m[38;2;210;210;211m▄[48;2;219;218;214m[38;2;211;211;212m▄[48;2;213;213;212m[38;2;208;208;210m▄[48;2;209;208;209m[38;2;217;217;216m▄[48;2;210;209;210m[38;2;217;216;213m▄[48;2;209;209;209m[38;2;211;210;209m▄[48;2;209;208;210m[38;2;211;211;211m▄[48;2;208;207;209m[38;2;208;208;209m▄[48;2;216;216;217m[38;2;210;209;209m▄[48;2;211;210;213m[38;2;209;209;209m▄[48;2;209;208;211m[38;2;211;210;212m▄[48;2;210;209;211m[38;2;213;212;213m▄[48;2;208;208;210m[38;2;207;206;209m▄[48;2;207;207;207m[38;2;207;208;207m▄[48;2;208;208;205m[38;2;208;208;204m▄[48;2;208;208;204m[38;2;207;207;203m▄[48;2;207;207;203m[38;2;206;207;202m▄[48;2;205;205;203m[38;2;204;205;203m▄[48;2;203;203;204m[38;2;203;204;204m▄[48;2;203;203;203m[38;2;202;202;202m▄[48;2;203;203;203m[38;2;202;202;202m▄[0m
[48;2;211;211;212m[38;2;210;210;210m▄[48;2;212;212;212m[38;2;211;211;211m▄[48;2;213;213;213m[38;2;211;211;211m▄[48;2;213;213;213m[38;2;212;212;212m▄[48;2;214;214;214m[38;2;213;213;213m▄[48;2;214;214;214m[38;2;213;213;213m▄[48;2;214;214;214m[38;2;214;214;214m▄[48;2;214;214;214m[38;2;214;214;214m▄[48;2;215;215;215m[38;2;214;214;214m▄[48;2;215;215;215m[38;2;214;214;214m▄[48;2;215;214;215m[38;2;214;214;214m▄[48;2;215;215;215m[38;2;215;215;215m▄[48;2;215;215;215m[38;2;215;215;215m▄[48;2;215;215;215m[38;2;215;215;215m▄[48;2;215;215;215m[38;2;215;215;215m▄[48;2;216;216;216m[38;2;215;215;215m▄[48;2;216;216;216m[38;2;215;215;215m▄[48;2;216;216;216m[38;2;214;214;214m▄[48;2;215;215;215m[38;2;215;215;215m▄[48;2;215;215;215m[38;2;215;215;215m▄[48;2;217;217;216m[38;2;215;215;215m▄[48;2;215;216;216m[38;2;215;215;215m▄[48;2;215;215;215m[38;2;215;215;215m▄[48;2;215;215;215m[38;2;214;214;214m▄[48;2;215;215;215m[38;2;214;214;214m▄[48;2;215;215;215m[38;2;215;215;215m▄[48;2;215;214;214m[38;2;215;215;215m▄[48;2;214;216;215m[38;2;215;214;214m▄[48;2;208;215;215m[38;2;214;212;213m▄[48;2;204;211;210m[38;2;212;211;212m▄[48;2;203;206;205m[38;2;213;212;212m▄[48;2;207;209;208m[38;2;213;212;212m▄[48;2;207;214;213m[38;2;212;210;211m▄[48;2;202;210;208m[38;2;212;209;210m▄[48;2;200;205;204m[38;2;211;210;210m▄[48;2;202;201;202m[38;2;211;210;210m▄[48;2;207;208;208m[38;2;211;210;210m▄[48;2;209;210;210m[38;2;210;210;210m▄[48;2;219;217;212m[38;2;211;211;210m▄[48;2;217;216;212m[38;2;221;219;213m▄[48;2;210;210;210m[38;2;211;210;209m▄[48;2;210;210;210m[38;2;210;209;210m▄[48;2;209;209;210m[38;2;210;210;210m▄[48;2;210;209;211m[38;2;209;209;210m▄[48;2;209;209;210m[38;2;209;209;210m▄[48;2;212;211;210m[38;2;212;212;211m▄[48;2;213;213;211m[38;2;215;214;213m▄[48;2;210;210;208m[38;2;206;206;207m▄[48;2;211;210;209m[38;2;212;212;210m▄[48;2;207;207;207m[38;2;214;213;210m▄[48;2;207;207;207m[38;2;206;205;206m▄[48;2;213;213;212m[38;2;208;208;208m▄[48;2;214;213;212m[38;2;208;207;207m▄[48;2;206;206;207m[38;2;213;213;210m▄[48;2;207;207;208m[38;2;207;208;207m▄[48;2;207;207;208m[38;2;207;207;206m▄[48;2;207;207;207m[38;2;207;207;207m▄[48;2;207;207;204m[38;2;207;207;205m▄[48;2;206;207;202m[38;2;206;206;203m▄[48;2;205;207;202m[38;2;203;205;204m▄[48;2;203;206;204m[38;2;201;203;204m▄[48;2;201;203;205m[38;2;201;201;205m▄[48;2;202;201;204m[38;2;201;202;203m▄[48;2;202;201;204m[38;2;202;201;204m▄[0m
[48;2;210;210;210m[38;2;210;210;210m▄[48;2;210;210;210m[38;2;210;210;210m▄[48;2;211;211;211m[38;2;211;211;211m▄[48;2;211;211;211m[38;2;210;210;210m▄[48;2;211;211;211m[38;2;210;210;210m▄[48;2;212;212;212m[38;2;210;210;210m▄[48;2;212;212;212m[38;2;210;210;210m▄[48;2;212;212;214m[38;2;211;211;211m▄[48;2;213;213;214m[38;2;212;212;213m▄[48;2;214;214;214m[38;2;212;211;214m▄[48;2;214;214;214m[38;2;213;213;213m▄[48;2;215;214;215m[38;2;213;213;213m▄[48;2;214;214;215m[38;2;213;213;213m▄[48;2;215;215;215m[38;2;213;213;213m▄[48;2;214;214;214m[38;2;213;213;213m▄[48;2;215;215;215m[38;2;213;213;213m▄[48;2;214;214;214m[38;2;212;212;212m▄[48;2;214;214;214m[38;2;213;213;213m▄[48;2;214;214;214m[38;2;213;213;213m▄[48;2;214;214;214m[38;2;213;213;213m▄[48;2;214;214;214m[38;2;213;213;213m▄[48;2;214;214;214m[38;2;214;214;214m▄[48;2;215;215;215m[38;2;213;213;213m▄[48;2;215;215;215m[38;2;213;213;213m▄[48;2;214;214;214m[38;2;213;213;213m▄[48;2;214;214;215m[38;2;213;213;213m▄[48;2;214;214;215m[38;2;213;213;213m▄[48;2;214;214;214m[38;2;212;212;213m▄[48;2;213;213;213m[38;2;213;213;213m▄[48;2;212;212;212m[38;2;214;214;214m▄[48;2;212;212;212m[38;2;213;213;213m▄[48;2;212;212;212m[38;2;211;211;212m▄[48;2;217;216;214m[38;2;213;213;213m▄[48;2;214;213;212m[38;2;214;214;214m▄[48;2;210;209;210m[38;2;211;211;212m▄[48;2;210;210;210m[38;2;211;211;211m▄[48;2;210;210;210m[38;2;211;210;211m▄[48;2;210;209;210m[38;2;210;210;210m▄[48;2;209;210;210m[38;2;210;210;210m▄[48;2;210;210;210m[38;2;209;209;210m▄[48;2;210;210;210m[38;2;210;210;210m▄[48;2;209;209;209m[38;2;210;210;210m▄[48;2;210;210;210m[38;2;209;209;209m▄[48;2;219;217;214m[38;2;212;211;210m▄[48;2;210;209;209m[38;2;208;207;208m▄[48;2;208;208;208m[38;2;208;208;208m▄[48;2;208;208;208m[38;2;207;206;207m▄[48;2;207;207;208m[38;2;208;208;208m▄[48;2;210;210;208m[38;2;207;207;207m▄[48;2;209;209;208m[38;2;205;205;205m▄[48;2;208;208;208m[38;2;206;206;206m▄[48;2;210;209;209m[38;2;207;207;207m▄[48;2;205;206;206m[38;2;212;212;211m▄[48;2;207;207;207m[38;2;205;205;205m▄[48;2;206;206;206m[38;2;204;204;204m▄[48;2;205;205;205m[38;2;204;204;203m▄[48;2;205;205;205m[38;2;204;204;204m▄[48;2;205;205;205m[38;2;203;203;203m▄[48;2;204;204;204m[38;2;202;202;202m▄[48;2;202;203;203m[38;2;202;201;202m▄[48;2;201;202;203m[38;2;203;202;203m▄[48;2;201;201;204m[38;2;203;203;203m▄[48;2;201;202;203m[38;2;202;202;203m▄[48;2;201;202;202m[38;2;202;202;202m▄[0m
[48;2;210;210;210m[38;2;211;211;211m▄[48;2;211;211;211m[38;2;212;212;212m▄[48;2;211;211;211m[38;2;212;212;212m▄[48;2;211;211;211m[38;2;212;212;212m▄[48;2;211;211;211m[38;2;213;212;213m▄[48;2;210;210;210m[38;2;213;212;213m▄[48;2;210;210;210m[38;2;213;213;213m▄[48;2;211;210;212m[38;2;214;213;214m▄[48;2;211;211;211m[38;2;214;214;214m▄[48;2;211;211;212m[38;2;214;214;214m▄[48;2;212;212;212m[38;2;214;214;214m▄[48;2;212;212;212m[38;2;215;214;215m▄[48;2;212;211;213m[38;2;214;214;215m▄[48;2;211;212;212m[38;2;214;215;215m▄[48;2;212;213;213m[38;2;214;215;215m▄[48;2;212;212;212m[38;2;215;215;215m▄[48;2;212;212;212m[38;2;214;214;215m▄[48;2;213;213;213m[38;2;215;215;215m▄[48;2;212;212;212m[38;2;215;215;215m▄[48;2;213;213;213m[38;2;214;214;214m▄[48;2;213;213;213m[38;2;214;214;214m▄[48;2;213;213;213m[38;2;214;214;214m▄[48;2;213;213;214m[38;2;212;212;212m▄[48;2;214;214;214m[38;2;210;208;210m▄[48;2;214;214;214m[38;2;207;203;205m▄[48;2;213;213;213m[38;2;202;196;200m▄[48;2;210;211;211m[38;2;199;190;191m▄[48;2;207;208;208m[38;2;196;185;186m▄[48;2;205;205;205m[38;2;192;179;181m▄[48;2;204;203;202m[38;2;204;192;185m▄[48;2;202;202;203m[38;2;196;185;180m▄[48;2;203;203;203m[38;2;186;175;177m▄[48;2;203;203;202m[38;2;189;176;177m▄[48;2;202;202;202m[38;2;188;176;177m▄[48;2;203;202;202m[38;2;188;175;176m▄[48;2;203;202;202m[38;2;192;181;179m▄[48;2;203;203;204m[38;2;194;185;184m▄[48;2;205;206;206m[38;2;189;180;181m▄[48;2;207;207;207m[38;2;194;187;187m▄[48;2;207;208;208m[38;2;197;193;193m▄[48;2;209;210;210m[38;2;201;199;199m▄[48;2;210;210;209m[38;2;204;205;205m▄[48;2;207;208;207m[38;2;208;207;208m▄[48;2;208;208;208m[38;2;209;209;210m▄[48;2;210;210;209m[38;2;210;210;210m▄[48;2;207;207;208m[38;2;208;208;208m▄[48;2;207;207;208m[38;2;209;209;209m▄[48;2;206;206;206m[38;2;212;212;211m▄[48;2;206;206;206m[38;2;208;207;209m▄[48;2;206;206;206m[38;2;207;208;208m▄[48;2;205;205;204m[38;2;216;215;212m▄[48;2;210;209;206m[38;2;212;211;209m▄[48;2;206;206;206m[38;2;206;206;206m▄[48;2;204;203;204m[38;2;206;206;206m▄[48;2;203;203;203m[38;2;206;205;206m▄[48;2;203;203;203m[38;2;205;204;206m▄[48;2;203;203;203m[38;2;204;204;206m▄[48;2;202;202;202m[38;2;203;203;203m▄[48;2;206;206;206m[38;2;211;211;211m▄[48;2;210;210;211m[38;2;216;216;216m▄[48;2;203;202;203m[38;2;203;203;204m▄[48;2;202;201;202m[38;2;202;202;202m▄[48;2;201;201;202m[38;2;202;202;202m▄[48;2;202;202;202m[38;2;201;201;201m▄[0m
[48;2;214;214;214m[38;2;215;215;215m▄[48;2;214;214;214m[38;2;216;216;216m▄[48;2;215;215;215m[38;2;216;216;216m▄[48;2;215;215;215m[38;2;216;216;216m▄[48;2;215;214;216m[38;2;216;216;216m▄[48;2;215;215;215m[38;2;216;216;216m▄[48;2;215;215;216m[38;2;216;216;216m▄[48;2;215;215;215m[38;2;216;216;216m▄[48;2;215;215;215m[38;2;216;216;216m▄[48;2;215;215;216m[38;2;216;216;216m▄[48;2;216;216;216m[38;2;217;217;217m▄[48;2;216;216;216m[38;2;217;217;217m▄[48;2;216;216;216m[38;2;216;216;216m▄[48;2;216;216;217m[38;2;217;217;218m▄[48;2;216;216;217m[38;2;217;217;218m▄[48;2;216;216;216m[38;2;217;217;217m▄[48;2;215;215;215m[38;2;216;216;216m▄[48;2;215;215;215m[38;2;216;216;216m▄[48;2;215;215;216m[38;2;216;216;216m▄[48;2;215;215;216m[38;2;216;216;216m▄[48;2;215;215;215m[38;2;216;216;216m▄[48;2;215;215;215m[38;2;216;216;216m▄[48;2;212;212;213m[38;2;216;216;216m▄[48;2;209;206;209m[38;2;216;216;217m▄[48;2;206;199;201m[38;2;216;216;216m▄[48;2;201;191;193m[38;2;216;215;215m▄[48;2;199;184;185m[38;2;215;214;214m▄[48;2;197;180;181m[38;2;214;213;213m▄[48;2;194;176;178m[38;2;213;211;211m▄[48;2;207;191;185m[38;2;210;207;209m▄[48;2;202;186;179m[38;2;211;209;209m▄[48;2;193;175;177m[38;2;212;210;210m▄[48;2;195;177;178m[38;2;211;210;210m▄[48;2;194;176;177m[38;2;211;209;209m▄[48;2;195;177;178m[38;2;211;209;210m▄[48;2;195;180;179m[38;2;214;212;212m▄[48;2;199;186;184m[38;2;217;216;214m▄[48;2;200;188;188m[38;2;214;214;214m▄[48;2;201;193;193m[38;2;214;215;215m▄[48;2;204;199;199m[38;2;213;214;215m▄[48;2;219;216;210m[38;2;220;220;217m▄[48;2;214;213;211m[38;2;217;216;215m▄[48;2;210;210;211m[38;2;212;212;213m▄[48;2;211;210;210m[38;2;221;220;215m▄[48;2;209;209;209m[38;2;227;226;218m▄[48;2;209;209;209m[38;2;210;210;211m▄[48;2;209;209;209m[38;2;211;211;211m▄[48;2;210;210;209m[38;2;211;211;211m▄[48;2;209;209;209m[38;2;212;212;211m▄[48;2;208;209;208m[38;2;210;210;210m▄[48;2;218;217;215m[38;2;208;208;209m▄[48;2;208;208;210m[38;2;209;209;211m▄[48;2;207;207;208m[38;2;208;209;210m▄[48;2;208;207;208m[38;2;208;208;209m▄[48;2;207;207;208m[38;2;208;208;209m▄[48;2;207;207;207m[38;2;208;209;208m▄[48;2;207;207;207m[38;2;208;208;208m▄[48;2;206;206;206m[38;2;208;208;208m▄[48;2;206;206;206m[38;2;207;208;208m▄[48;2;206;206;206m[38;2;207;207;207m▄[48;2;204;204;204m[38;2;207;207;207m▄[48;2;204;204;204m[38;2;207;207;207m▄[48;2;203;203;203m[38;2;206;206;206m▄[48;2;203;203;203m[38;2;206;206;206m▄[0m
[48;2;217;217;217m[38;2;220;220;220m▄[48;2;217;217;217m[38;2;221;221;221m▄[48;2;217;217;217m[38;2;221;221;221m▄[48;2;217;217;217m[38;2;221;221;221m▄[48;2;217;217;217m[38;2;221;221;221m▄[48;2;218;218;218m[38;2;221;221;221m▄[48;2;218;218;218m[38;2;222;222;222m▄[48;2;218;218;218m[38;2;221;221;221m▄[48;2;218;218;218m[38;2;222;222;222m▄[48;2;218;218;218m[38;2;222;222;222m▄[48;2;218;218;218m[38;2;222;222;222m▄[48;2;219;219;219m[38;2;222;222;222m▄[48;2;219;219;219m[38;2;222;222;222m▄[48;2;219;219;219m[38;2;222;222;222m▄[48;2;219;219;218m[38;2;222;222;222m▄[48;2;219;219;219m[38;2;222;222;222m▄[48;2;218;218;218m[38;2;222;222;222m▄[48;2;218;218;218m[38;2;222;222;222m▄[48;2;218;218;218m[38;2;221;221;221m▄[48;2;219;219;219m[38;2;222;222;222m▄[48;2;218;218;218m[38;2;221;221;221m▄[48;2;219;219;219m[38;2;221;221;221m▄[48;2;219;219;219m[38;2;221;221;221m▄[48;2;217;218;217m[38;2;221;221;221m▄[48;2;217;217;217m[38;2;221;221;221m▄[48;2;217;217;217m[38;2;220;220;220m▄[48;2;217;218;218m[38;2;220;220;220m▄[48;2;217;218;218m[38;2;219;219;219m▄[48;2;217;218;218m[38;2;218;218;218m▄[48;2;217;218;218m[38;2;217;217;217m▄[48;2;217;218;217m[38;2;217;217;217m▄[48;2;217;217;217m[38;2;217;217;217m▄[48;2;216;217;217m[38;2;217;216;216m▄[48;2;217;217;217m[38;2;216;216;216m▄[48;2;216;217;217m[38;2;216;216;216m▄[48;2;216;216;216m[38;2;216;216;216m▄[48;2;215;215;215m[38;2;216;216;216m▄[48;2;215;215;215m[38;2;216;216;216m▄[48;2;215;215;215m[38;2;216;216;216m▄[48;2;216;215;215m[38;2;216;216;216m▄[48;2;215;215;215m[38;2;216;216;216m▄[48;2;215;215;215m[38;2;216;216;216m▄[48;2;215;215;215m[38;2;217;217;217m▄[48;2;216;216;215m[38;2;218;218;217m▄[48;2;218;218;215m[38;2;214;214;215m▄[48;2;214;214;215m[38;2;215;215;215m▄[48;2;214;214;214m[38;2;215;215;215m▄[48;2;213;213;213m[38;2;215;215;215m▄[48;2;212;212;212m[38;2;215;215;215m▄[48;2;212;212;212m[38;2;214;214;214m▄[48;2;210;210;210m[38;2;213;213;213m▄[48;2;210;210;210m[38;2;212;212;212m▄[48;2;210;210;210m[38;2;211;211;212m▄[48;2;209;209;209m[38;2;210;210;210m▄[48;2;209;209;209m[38;2;210;210;210m▄[48;2;209;209;209m[38;2;210;210;210m▄[48;2;209;209;209m[38;2;210;210;210m▄[48;2;209;209;209m[38;2;209;209;209m▄[48;2;208;209;209m[38;2;209;209;209m▄[48;2;208;208;208m[38;2;210;210;210m▄[48;2;208;208;208m[38;2;210;210;210m▄[48;2;208;208;208m[38;2;209;209;209m▄[48;2;208;208;208m[38;2;208;208;208m▄[48;2;207;207;207m[38;2;208;208;208m▄[0m
