[48;2;219;219;219m[38;2;218;218;218m▄[48;2;221;221;221m[38;2;218;218;218m▄[48;2;222;222;222m[38;2;221;221;221m▄[48;2;222;222;222m[38;2;222;222;222m▄[48;2;222;222;222m[38;2;223;223;223m▄[48;2;223;223;223m[38;2;223;223;223m▄[48;2;224;224;224m[38;2;223;223;223m▄[48;2;224;224;224m[38;2;224;224;224m▄[48;2;225;225;225m[38;2;224;224;224m▄[48;2;224;224;224m[38;2;224;224;224m▄[48;2;225;225;225m[38;2;225;225;225m▄[48;2;225;225;225m[38;2;224;224;224m▄[48;2;226;226;226m[38;2;226;226;226m▄[48;2;227;227;227m[38;2;227;227;227m▄[48;2;227;227;227m[38;2;227;227;227m▄[48;2;227;227;227m[38;2;227;227;227m▄[48;2;227;227;227m[38;2;227;227;227m▄[48;2;227;227;227m[38;2;226;226;226m▄[48;2;227;227;227m[38;2;227;227;227m▄[48;2;228;228;228m[38;2;226;226;226m▄[48;2;228;228;228m[38;2;226;226;226m▄[48;2;227;227;227m[38;2;226;226;226m▄[48;2;227;227;227m[38;2;227;227;227m▄[48;2;227;227;227m[38;2;226;226;226m▄[48;2;227;227;227m[38;2;227;227;227m▄[48;2;227;227;227m[38;2;227;227;227m▄[48;2;227;227;227m[38;2;227;227;227m▄[48;2;227;227;227m[38;2;227;227;227m▄[48;2;227;227;227m[38;2;226;226;226m▄[48;2;225;225;225m[38;2;224;224;224m▄[48;2;225;225;225m[38;2;224;224;224m▄[48;2;225;225;225m[38;2;224;224;224m▄[48;2;225;225;225m[38;2;224;224;224m▄[48;2;224;224;224m[38;2;224;224;224m▄[48;2;224;224;224m[38;2;223;223;223m▄[48;2;223;223;223m[38;2;223;223;223m▄[48;2;223;223;223m[38;2;223;223;223m▄[48;2;222;222;222m[38;2;223;223;223m▄[48;2;221;221;221m[38;2;222;222;222m▄[48;2;221;221;221m[38;2;221;221;221m▄[48;2;219;219;219m[38;2;220;220;220m▄[48;2;217;217;217m[38;2;218;218;218m▄[48;2;217;217;217m[38;2;217;217;217m▄[48;2;216;216;216m[38;2;216;216;216m▄[48;2;216;216;216m[38;2;216;216;216m▄[48;2;217;217;217m[38;2;217;217;217m▄[48;2;216;216;216m[38;2;215;215;215m▄[48;2;216;216;216m[38;2;215;215;215m▄[48;2;215;215;215m[38;2;215;215;215m▄[48;2;215;215;215m[38;2;215;215;215m▄[48;2;214;214;214m[38;2;214;214;214m▄[48;2;213;213;213m[38;2;213;213;213m▄[48;2;211;211;211m[38;2;212;212;212m▄[48;2;211;211;211m[38;2;210;210;211m▄[48;2;211;211;211m[38;2;211;211;211m▄[48;2;211;211;211m[38;2;210;210;210m▄[48;2;209;209;209m[38;2;209;209;209m▄[48;2;209;209;209m[38;2;208;208;208m▄[48;2;208;208;208m[38;2;208;208;208m▄[48;2;208;208;208m[38;2;208;208;208m▄[48;2;207;207;207m[38;2;207;207;207m▄[48;2;206;206;206m[38;2;207;207;207m▄[48;2;206;206;206m[38;2;205;205;205m▄[48;2;204;204;204m[38;2;204;204;204m▄[0m
[48;2;217;217;217m[38;2;217;217;217m▄[48;2;218;218;218m[38;2;217;217;217m▄[48;2;220;220;220m[38;2;218;218;218m▄[48;2;221;221;221m[38;2;220;220;220m▄[48;2;222;222;222m[38;2;221;221;221m▄[48;2;222;222;222m[38;2;222;222;222m▄[48;2;223;223;223m[38;2;223;223;223m▄[48;2;223;223;223m[38;2;223;223;223m▄[48;2;224;224;224m[38;2;223;223;223m▄[48;2;224;224;224m[38;2;224;224;224m▄[48;2;225;225;225m[38;2;225;225;225m▄[48;2;224;224;224m[38;2;224;224;224m▄[48;2;224;224;224m[38;2;224;224;224m▄[48;2;225;225;225m[38;2;224;224;224m▄[48;2;226;226;226m[38;2;224;224;224m▄[48;2;227;227;227m[38;2;226;226;226m▄[48;2;227;227;227m[38;2;227;227;227m▄[48;2;227;227;227m[38;2;227;227;227m▄[48;2;226;226;226m[38;2;226;226;226m▄[48;2;227;227;227m[38;2;226;226;226m▄[48;2;227;227;227m[38;2;226;226;226m▄[48;2;227;227;227m[38;2;228;228;228m▄[48;2;227;227;227m[38;2;227;227;227m▄[48;2;226;226;226m[38;2;227;227;227m▄[48;2;226;226;226m[38;2;226;226;226m▄[48;2;227;227;227m[38;2;226;226;226m▄[48;2;227;227;227m[38;2;225;225;225m▄[48;2;226;226;226m[38;2;226;226;226m▄[48;2;224;224;224m[38;2;223;224;223m▄[48;2;224;224;224m[38;2;222;223;222m▄[48;2;224;224;224m[38;2;223;223;223m▄[48;2;224;224;224m[38;2;224;224;224m▄[48;2;224;224;224m[38;2;224;224;224m▄[48;2;224;224;224m[38;2;224;224;224m▄[48;2;223;223;223m[38;2;221;222;221m▄[48;2;223;223;223m[38;2;222;222;222m▄[48;2;222;222;222m[38;2;222;222;222m▄[48;2;222;222;222m[38;2;222;222;222m▄[48;2;222;222;222m[38;2;221;221;221m▄[48;2;221;221;221m[38;2;221;221;221m▄[48;2;219;219;219m[38;2;218;218;218m▄[48;2;217;217;217m[38;2;218;218;218m▄[48;2;217;217;217m[38;2;216;216;216m▄[48;2;216;216;216m[38;2;216;216;216m▄[48;2;216;216;216m[38;2;216;216;216m▄[48;2;216;216;216m[38;2;216;216;216m▄[48;2;215;215;215m[38;2;215;215;215m▄[48;2;215;215;215m[38;2;215;215;215m▄[48;2;215;215;215m[38;2;214;214;214m▄[48;2;215;215;215m[38;2;214;214;214m▄[48;2;213;213;213m[38;2;213;213;213m▄[48;2;213;213;213m[38;2;213;213;213m▄[48;2;211;211;211m[38;2;212;212;212m▄[48;2;210;210;210m[38;2;210;210;210m▄[48;2;211;211;211m[38;2;210;210;210m▄[48;2;210;210;210m[38;2;210;210;210m▄[48;2;209;209;209m[38;2;209;209;209m▄[48;2;208;208;208m[38;2;208;209;208m▄[48;2;208;208;208m[38;2;209;209;209m▄[48;2;208;208;208m[38;2;208;208;208m▄[48;2;207;207;207m[38;2;207;207;207m▄[48;2;207;207;207m[38;2;206;206;206m▄[48;2;204;204;204m[38;2;205;205;205m▄[48;2;203;203;203m[38;2;204;204;204m▄[0m
[48;2;217;217;217m[38;2;217;217;217m▄[48;2;217;217;217m[38;2;217;217;217m▄[48;2;218;218;218m[38;2;217;217;217m▄[48;2;219;219;219m[38;2;219;219;219m▄[48;2;221;221;221m[38;2;221;221;221m▄[48;2;222;222;222m[38;2;221;221;221m▄[48;2;223;223;223m[38;2;223;223;223m▄[48;2;223;223;223m[38;2;223;223;223m▄[48;2;224;224;224m[38;2;223;223;223m▄[48;2;224;224;224m[38;2;224;224;224m▄[48;2;224;224;224m[38;2;224;224;224m▄[48;2;225;225;225m[38;2;225;225;225m▄[48;2;225;225;225m[38;2;225;225;225m▄[48;2;224;224;224m[38;2;225;225;225m▄[48;2;224;224;224m[38;2;225;225;225m▄[48;2;225;225;225m[38;2;225;225;225m▄[48;2;225;225;225m[38;2;224;224;224m▄[48;2;226;226;226m[38;2;224;224;224m▄[48;2;226;226;226m[38;2;224;224;224m▄[48;2;226;226;226m[38;2;224;224;224m▄[48;2;227;227;227m[38;2;225;225;225m▄[48;2;226;226;226m[38;2;225;225;225m▄[48;2;226;226;226m[38;2;224;224;224m▄[48;2;225;225;225m[38;2;224;224;224m▄[48;2;225;225;225m[38;2;224;224;224m▄[48;2;224;224;224m[38;2;224;224;224m▄[48;2;224;224;224m[38;2;223;224;223m▄[48;2;223;224;223m[38;2;227;226;228m▄[48;2;228;226;229m[38;2;203;214;201m▄[48;2;233;229;234m[38;2;180;201;177m▄[48;2;230;228;230m[38;2;203;211;205m▄[48;2;223;224;223m[38;2;230;227;231m▄[48;2;223;223;223m[38;2;224;224;223m▄[48;2;224;224;223m[38;2;226;224;228m▄[48;2;232;228;233m[38;2;176;197;171m▄[48;2;226;224;227m[38;2;204;213;200m▄[48;2;222;222;222m[38;2;226;225;227m▄[48;2;221;221;221m[38;2;220;221;220m▄[48;2;221;221;221m[38;2;221;221;221m▄[48;2;220;220;220m[38;2;219;219;219m▄[48;2;218;218;218m[38;2;218;218;218m▄[48;2;217;217;217m[38;2;217;217;217m▄[48;2;216;216;216m[38;2;217;217;217m▄[48;2;216;216;216m[38;2;217;217;217m▄[48;2;217;217;217m[38;2;217;217;217m▄[48;2;215;215;215m[38;2;216;216;216m▄[48;2;216;216;216m[38;2;216;216;216m▄[48;2;215;215;215m[38;2;215;215;215m▄[48;2;215;214;215m[38;2;214;214;214m▄[48;2;214;214;214m[38;2;214;214;214m▄[48;2;213;213;213m[38;2;214;214;214m▄[48;2;213;213;213m[38;2;212;212;212m▄[48;2;212;212;212m[38;2;211;211;211m▄[48;2;210;210;210m[38;2;210;210;210m▄[48;2;210;210;210m[38;2;211;211;211m▄[48;2;210;210;210m[38;2;210;210;210m▄[48;2;209;209;209m[38;2;209;209;209m▄[48;2;208;208;208m[38;2;208;208;208m▄[48;2;208;208;208m[38;2;208;208;208m▄[48;2;207;207;207m[38;2;207;207;207m▄[48;2;207;207;207m[38;2;207;207;207m▄[48;2;207;207;207m[38;2;207;207;207m▄[48;2;205;205;205m[38;2;205;204;205m▄[48;2;204;203;205m[38;2;203;203;203m▄[0m
[48;2;216;216;216m[38;2;216;216;216m▄[48;2;217;217;217m[38;2;216;216;216m▄[48;2;217;217;217m[38;2;217;217;217m▄[48;2;219;219;219m[38;2;218;218;218m▄[48;2;221;221;221m[38;2;219;219;220m▄[48;2;221;221;221m[38;2;221;221;221m▄[48;2;222;222;222m[38;2;222;222;222m▄[48;2;223;223;223m[38;2;223;223;223m▄[48;2;223;223;223m[38;2;223;223;223m▄[48;2;223;223;223m[38;2;223;223;223m▄[48;2;224;224;224m[38;2;224;224;224m▄[48;2;224;224;224m[38;2;224;224;224m▄[48;2;225;225;225m[38;2;224;224;224m▄[48;2;225;225;225m[38;2;224;224;224m▄[48;2;225;225;225m[38;2;225;225;225m▄[48;2;224;224;224m[38;2;224;224;224m▄[48;2;224;224;224m[38;2;224;224;224m▄[48;2;224;224;224m[38;2;224;224;224m▄[48;2;224;224;224m[38;2;224;224;224m▄[48;2;224;224;224m[38;2;224;224;224m▄[48;2;224;224;224m[38;2;224;224;224m▄[48;2;225;225;224m[38;2;224;224;224m▄[48;2;224;224;224m[38;2;224;224;224m▄[48;2;224;224;224m[38;2;224;224;224m▄[48;2;224;224;224m[38;2;224;224;224m▄[48;2;224;224;224m[38;2;224;224;224m▄[48;2;223;223;222m[38;2;222;223;222m▄[48;2;231;227;232m[38;2;231;228;231m▄[48;2;169;197;161m[38;2;187;202;184m▄[48;2;146;191;100m[38;2;136;182;84m▄[48;2;136;181;98m[38;2;138;183;76m▄[48;2;165;190;158m[38;2;127;175;82m▄[48;2;234;228;238m[38;2;165;189;161m▄[48;2;166;192;155m[38;2;115;164;92m▄[48;2;98;158;61m[38;2;173;190;167m▄[48;2;171;193;166m[38;2;211;209;215m▄[48;2;227;224;227m[38;2;222;220;223m▄[48;2;218;220;218m[38;2;224;223;224m▄[48;2;221;221;221m[38;2;220;220;220m▄[48;2;219;219;219m[38;2;219;219;219m▄[48;2;217;217;217m[38;2;217;217;217m▄[48;2;217;217;217m[38;2;217;217;217m▄[48;2;217;217;217m[38;2;217;217;217m▄[48;2;217;217;217m[38;2;217;217;217m▄[48;2;217;217;217m[38;2;216;216;216m▄[48;2;216;216;216m[38;2;216;216;216m▄[48;2;216;216;216m[38;2;216;216;216m▄[48;2;215;215;215m[38;2;215;215;215m▄[48;2;215;215;215m[38;2;215;215;215m▄[48;2;214;214;214m[38;2;214;214;214m▄[48;2;213;213;213m[38;2;213;213;213m▄[48;2;212;212;212m[38;2;213;213;213m▄[48;2;211;211;211m[38;2;211;211;211m▄[48;2;210;210;210m[38;2;210;210;210m▄[48;2;210;210;210m[38;2;210;210;210m▄[48;2;210;210;210m[38;2;210;210;210m▄[48;2;209;209;209m[38;2;209;209;209m▄[48;2;209;209;209m[38;2;209;209;209m▄[48;2;208;209;208m[38;2;208;208;208m▄[48;2;207;207;208m[38;2;208;207;208m▄[48;2;207;207;207m[38;2;207;207;207m▄[48;2;206;206;206m[38;2;206;206;206m▄[48;2;204;204;204m[38;2;204;204;204m▄[48;2;203;203;204m[38;2;204;204;204m▄[0m
[48;2;216;216;216m[38;2;216;216;216m▄[48;2;216;216;216m[38;2;216;216;216m▄[48;2;216;216;216m[38;2;216;216;216m▄[48;2;217;217;217m[38;2;217;217;217m▄[48;2;219;219;219m[38;2;218;218;218m▄[48;2;220;220;220m[38;2;219;219;219m▄[48;2;221;221;221m[38;2;220;220;220m▄[48;2;222;222;222m[38;2;222;222;222m▄[48;2;223;223;223m[38;2;222;222;222m▄[48;2;223;223;223m[38;2;222;222;222m▄[48;2;223;223;223m[38;2;222;222;222m▄[48;2;223;223;223m[38;2;223;223;223m▄[48;2;224;224;224m[38;2;223;223;223m▄[48;2;224;224;224m[38;2;223;223;223m▄[48;2;224;224;224m[38;2;224;224;224m▄[48;2;224;224;224m[38;2;224;224;224m▄[48;2;224;224;224m[38;2;224;224;224m▄[48;2;224;224;224m[38;2;224;224;224m▄[48;2;224;224;224m[38;2;224;224;224m▄[48;2;224;224;225m[38;2;224;224;224m▄[48;2;224;224;224m[38;2;224;224;224m▄[48;2;224;224;224m[38;2;224;224;224m▄[48;2;225;225;225m[38;2;224;224;224m▄[48;2;224;224;224m[38;2;224;224;224m▄[48;2;224;224;224m[38;2;223;223;223m▄[48;2;224;224;224m[38;2;223;223;223m▄[48;2;224;224;224m[38;2;224;224;224m▄[48;2;225;225;224m[38;2;222;225;225m▄[48;2;223;228;232m[38;2;222;189;195m▄[48;2;144;183;130m[38;2;221;167;176m▄[48;2;115;178;70m[38;2;164;150;125m▄[48;2;106;169;71m[38;2;119;148;98m▄[48;2;83;146;64m[38;2;89;140;73m▄[48;2;122;162;113m[38;2;85;156;71m▄[48;2;156;185;141m[38;2;108;170;72m▄[48;2;147;184;126m[38;2;138;189;83m▄[48;2;162;188;156m[38;2;143;192;85m▄[48;2;209;213;209m[38;2;122;168;100m▄[48;2;222;221;222m[38;2;207;210;209m▄[48;2;217;217;217m[38;2;219;219;219m▄[48;2;217;217;217m[38;2;216;216;216m▄[48;2;217;217;217m[38;2;216;216;216m▄[48;2;217;217;217m[38;2;216;216;216m▄[48;2;217;217;217m[38;2;217;217;217m▄[48;2;216;216;216m[38;2;216;216;216m▄[48;2;216;216;216m[38;2;216;216;215m▄[48;2;215;215;215m[38;2;215;215;215m▄[48;2;215;215;215m[38;2;214;214;214m▄[48;2;214;214;214m[38;2;213;213;213m▄[48;2;214;214;213m[38;2;213;213;213m▄[48;2;213;213;213m[38;2;212;212;212m▄[48;2;211;211;211m[38;2;210;210;210m▄[48;2;210;210;210m[38;2;210;210;210m▄[48;2;210;210;210m[38;2;210;210;210m▄[48;2;211;211;211m[38;2;211;211;211m▄[48;2;210;210;210m[38;2;209;209;209m▄[48;2;209;209;209m[38;2;208;208;208m▄[48;2;209;209;209m[38;2;209;208;209m▄[48;2;208;208;208m[38;2;208;208;208m▄[48;2;208;208;208m[38;2;207;207;207m▄[48;2;207;207;207m[38;2;207;207;207m▄[48;2;206;206;206m[38;2;205;205;205m▄[48;2;204;204;205m[38;2;204;204;204m▄[48;2;204;204;204m[38;2;204;204;204m▄[0m
[48;2;216;216;216m[38;2;216;216;216m▄[48;2;216;216;216m[38;2;216;216;216m▄[48;2;216;216;216m[38;2;216;216;216m▄[48;2;216;216;216m[38;2;216;216;216m▄[48;2;217;217;217m[38;2;217;217;217m▄[48;2;218;218;218m[38;2;217;217;217m▄[48;2;219;219;219m[38;2;217;217;217m▄[48;2;220;220;220m[38;2;219;219;219m▄[48;2;222;222;222m[38;2;221;221;221m▄[48;2;222;222;222m[38;2;221;221;221m▄[48;2;222;222;222m[38;2;221;221;221m▄[48;2;222;222;222m[38;2;221;221;221m▄[48;2;223;222;223m[38;2;222;222;222m▄[48;2;223;223;223m[38;2;222;222;222m▄[48;2;224;224;224m[38;2;223;223;223m▄[48;2;224;224;224m[38;2;223;223;223m▄[48;2;223;223;223m[38;2;223;223;223m▄[48;2;223;223;223m[38;2;223;223;223m▄[48;2;224;224;224m[38;2;223;223;223m▄[48;2;224;224;224m[38;2;223;223;223m▄[48;2;223;223;223m[38;2;223;223;223m▄[48;2;224;224;224m[38;2;223;223;223m▄[48;2;224;224;224m[38;2;223;223;223m▄[48;2;223;223;223m[38;2;223;223;223m▄[48;2;223;223;223m[38;2;223;222;223m▄[48;2;223;222;222m[38;2;223;225;225m▄[48;2;224;227;227m[38;2;220;216;217m▄[48;2;220;175;178m[38;2;218;127;139m▄[48;2;233;136;144m[38;2;228;131;140m▄[48;2;239;139;147m[38;2;225;125;136m▄[48;2;235;128;144m[38;2;221;130;139m▄[48;2;231;145;163m[38;2;240;165;170m▄[48;2;222;152;156m[38;2;240;152;163m▄[48;2;131;133;92m[38;2;232;132;148m▄[48;2;110;163;82m[38;2;225;149;154m▄[48;2;122;173;78m[38;2;196;141;141m▄[48;2;124;170;91m[38;2;192;195;197m▄[48;2;161;182;154m[38;2;209;206;211m▄[48;2;209;208;210m[38;2;210;210;210m▄[48;2;216;216;216m[38;2;216;216;216m▄[48;2;216;216;216m[38;2;216;216;216m▄[48;2;217;217;217m[38;2;216;216;217m▄[48;2;217;217;217m[38;2;217;217;216m▄[48;2;216;216;216m[38;2;216;216;216m▄[48;2;215;215;215m[38;2;216;216;216m▄[48;2;215;215;215m[38;2;215;215;215m▄[48;2;214;214;215m[38;2;214;214;215m▄[48;2;215;214;215m[38;2;214;214;214m▄[48;2;213;213;213m[38;2;213;213;213m▄[48;2;213;213;213m[38;2;213;213;213m▄[48;2;213;213;213m[38;2;212;212;212m▄[48;2;211;211;211m[38;2;210;210;210m▄[48;2;211;211;211m[38;2;210;210;210m▄[48;2;210;210;210m[38;2;211;211;211m▄[48;2;211;211;211m[38;2;211;211;211m▄[48;2;209;209;209m[38;2;209;208;210m▄[48;2;209;209;209m[38;2;209;209;209m▄[48;2;208;208;208m[38;2;208;209;208m▄[48;2;208;208;208m[38;2;208;208;208m▄[48;2;207;207;207m[38;2;207;207;207m▄[48;2;207;207;207m[38;2;206;206;206m▄[48;2;205;205;205m[38;2;205;205;205m▄[48;2;204;204;204m[38;2;204;204;204m▄[48;2;203;203;203m[38;2;203;203;203m▄[0m
[48;2;216;216;216m[38;2;215;215;215m▄[48;2;216;216;216m[38;2;216;216;216m▄[48;2;216;216;216m[38;2;216;216;216m▄[48;2;216;216;216m[38;2;216;216;216m▄[48;2;216;216;216m[38;2;216;216;216m▄[48;2;217;217;217m[38;2;216;216;216m▄[48;2;218;218;218m[38;2;216;216;216m▄[48;2;218;218;218m[38;2;217;217;217m▄[48;2;219;219;219m[38;2;218;218;218m▄[48;2;220;220;220m[38;2;218;218;218m▄[48;2;221;221;221m[38;2;219;219;219m▄[48;2;221;221;221m[38;2;220;220;220m▄[48;2;222;222;222m[38;2;220;220;220m▄[48;2;222;222;222m[38;2;221;221;221m▄[48;2;222;222;222m[38;2;222;222;222m▄[48;2;223;223;223m[38;2;222;222;222m▄[48;2;223;223;223m[38;2;222;222;222m▄[48;2;223;223;223m[38;2;222;222;222m▄[48;2;223;223;223m[38;2;223;223;223m▄[48;2;223;223;223m[38;2;222;222;222m▄[48;2;223;223;223m[38;2;223;223;223m▄[48;2;223;223;223m[38;2;222;222;222m▄[48;2;223;223;223m[38;2;222;222;222m▄[48;2;222;222;222m[38;2;222;221;221m▄[48;2;227;226;226m[38;2;228;231;230m▄[48;2;233;238;237m[38;2;232;221;225m▄[48;2;218;167;176m[38;2;227;133;148m▄[48;2;224;126;139m[38;2;235;126;139m▄[48;2;233;136;148m[38;2;219;101;118m▄[48;2;219;128;140m[38;2;212;136;150m▄[48;2;217;146;156m[38;2;252;255;255m▄[48;2;232;142;152m[38;2;223;166;175m▄[48;2;241;161;169m[38;2;224;130;143m▄[48;2;222;131;142m[38;2;224;135;145m▄[48;2;243;156;166m[38;2;224;143;154m▄[48;2;227;132;144m[38;2;217;110;123m▄[48;2;201;154;161m[38;2;213;111;127m▄[48;2;212;219;217m[38;2;209;205;206m▄[48;2;217;216;217m[38;2;217;217;215m▄[48;2;217;217;219m[38;2;215;210;204m▄[48;2;216;216;217m[38;2;214;207;197m▄[48;2;217;216;216m[38;2;213;204;190m▄[48;2;217;218;220m[38;2;213;204;190m▄[48;2;216;216;216m[38;2;216;216;216m▄[48;2;216;216;216m[38;2;215;215;215m▄[48;2;215;215;215m[38;2;215;215;215m▄[48;2;215;215;215m[38;2;214;214;215m▄[48;2;213;213;213m[38;2;214;214;214m▄[48;2;213;213;213m[38;2;213;213;213m▄[48;2;213;213;213m[38;2;212;212;212m▄[48;2;211;211;211m[38;2;211;211;211m▄[48;2;210;210;210m[38;2;211;211;211m▄[48;2;211;211;211m[38;2;211;211;211m▄[48;2;210;210;210m[38;2;211;211;211m▄[48;2;210;210;210m[38;2;209;209;209m▄[48;2;209;209;209m[38;2;209;209;209m▄[48;2;209;209;209m[38;2;208;208;208m▄[48;2;209;209;209m[38;2;208;208;208m▄[48;2;207;207;208m[38;2;207;207;207m▄[48;2;207;207;207m[38;2;207;207;207m▄[48;2;206;206;206m[38;2;205;205;205m▄[48;2;204;204;204m[38;2;205;205;205m▄[48;2;204;204;204m[38;2;204;204;204m▄[48;2;203;203;203m[38;2;203;203;203m▄[0m
[48;2;215;215;215m[38;2;215;214;215m▄[48;2;215;215;215m[38;2;216;216;216m▄[48;2;217;217;217m[38;2;216;216;216m▄[48;2;217;217;217m[38;2;216;216;216m▄[48;2;216;216;216m[38;2;216;216;216m▄[48;2;216;216;216m[38;2;216;216;216m▄[48;2;216;216;216m[38;2;217;217;217m▄[48;2;217;217;217m[38;2;216;216;216m▄[48;2;217;217;217m[38;2;216;216;216m▄[48;2;218;218;218m[38;2;217;217;217m▄[48;2;218;218;218m[38;2;217;217;217m▄[48;2;218;218;218m[38;2;218;218;218m▄[48;2;219;219;219m[38;2;218;218;218m▄[48;2;219;219;219m[38;2;218;218;218m▄[48;2;221;221;221m[38;2;220;220;220m▄[48;2;222;222;222m[38;2;220;220;220m▄[48;2;221;221;221m[38;2;220;220;220m▄[48;2;222;222;222m[38;2;221;221;221m▄[48;2;221;221;221m[38;2;221;221;221m▄[48;2;222;222;222m[38;2;220;220;220m▄[48;2;221;221;221m[38;2;221;221;221m▄[48;2;221;221;221m[38;2;221;221;221m▄[48;2;221;221;221m[38;2;221;220;220m▄[48;2;221;220;220m[38;2;220;218;218m▄[48;2;223;227;227m[38;2;221;219;219m▄[48;2;214;198;201m[38;2;220;221;220m▄[48;2;220;114;129m[38;2;199;118;132m▄[48;2;221;110;128m[38;2;212;98;117m▄[48;2;209;99;119m[38;2;220;106;124m▄[48;2;203;92;113m[38;2;217;105;123m▄[48;2;225;182;190m[38;2;217;106;123m▄[48;2;255;255;255m[38;2;216;152;163m▄[48;2;238;214;218m[38;2;239;224;229m▄[48;2;204;110;127m[38;2;213;115;132m▄[48;2;214;104;122m[38;2;230;120;134m▄[48;2;230;118;133m[38;2;224;110;124m▄[48;2;212;107;123m[38;2;196;123;135m▄[48;2;201;190;193m[38;2;202;206;205m▄[48;2;216;216;212m[38;2;216;215;216m▄[48;2;215;212;207m[38;2;216;216;217m▄[48;2;215;215;214m[38;2;215;214;214m▄[48;2;214;216;217m[38;2;217;219;221m▄[48;2;210;201;189m[38;2;215;215;216m▄[48;2;212;202;189m[38;2;207;193;173m▄[48;2;215;217;219m[38;2;215;217;218m▄[48;2;215;214;214m[38;2;215;214;214m▄[48;2;214;213;214m[38;2;214;214;214m▄[48;2;213;213;213m[38;2;213;213;213m▄[48;2;212;212;212m[38;2;211;211;211m▄[48;2;211;211;211m[38;2;210;210;210m▄[48;2;211;211;211m[38;2;211;211;211m▄[48;2;211;211;211m[38;2;211;211;211m▄[48;2;211;211;211m[38;2;210;210;210m▄[48;2;211;211;211m[38;2;210;210;210m▄[48;2;209;209;209m[38;2;209;209;209m▄[48;2;209;209;209m[38;2;209;209;209m▄[48;2;208;208;208m[38;2;208;208;208m▄[48;2;208;208;208m[38;2;208;208;208m▄[48;2;207;207;207m[38;2;207;207;207m▄[48;2;207;207;207m[38;2;207;207;207m▄[48;2;204;204;204m[38;2;204;204;204m▄[48;2;204;204;204m[38;2;204;204;204m▄[48;2;204;204;204m[38;2;203;203;203m▄[48;2;203;203;203m[38;2;203;203;203m▄[0m
[48;2;214;214;214m[38;2;214;214;214m▄[48;2;215;215;215m[38;2;214;214;214m▄[48;2;215;215;215m[38;2;215;215;215m▄[48;2;215;215;215m[38;2;216;216;216m▄[48;2;217;217;217m[38;2;216;216;216m▄[48;2;217;217;217m[38;2;215;215;215m▄[48;2;217;217;217m[38;2;216;216;216m▄[48;2;217;217;217m[38;2;217;217;217m▄[48;2;217;217;217m[38;2;217;217;217m▄[48;2;216;216;216m[38;2;217;217;217m▄[48;2;216;216;216m[38;2;216;216;216m▄[48;2;216;216;216m[38;2;216;216;216m▄[48;2;217;217;217m[38;2;217;217;217m▄[48;2;217;217;217m[38;2;216;216;216m▄[48;2;217;217;217m[38;2;217;217;217m▄[48;2;218;218;218m[38;2;217;217;217m▄[48;2;219;219;219m[38;2;218;217;217m▄[48;2;220;220;220m[38;2;218;218;218m▄[48;2;219;219;219m[38;2;218;217;217m▄[48;2;220;219;219m[38;2;217;220;220m▄[48;2;220;219;219m[38;2;217;220;220m▄[48;2;219;222;222m[38;2;222;208;209m▄[48;2;218;224;223m[38;2;226;198;199m▄[48;2;217;224;223m[38;2;224;189;192m▄[48;2;218;223;223m[38;2;221;183;186m▄[48;2;222;230;229m[38;2;217;197;200m▄[48;2;206;189;194m[38;2;217;226;225m▄[48;2;210;103;120m[38;2;201;120;135m▄[48;2;223;106;123m[38;2;223;95;112m▄[48;2;210;97;117m[38;2;210;92;112m▄[48;2;233;131;142m[38;2;227;117;132m▄[48;2;225;114;128m[38;2;207;100;119m▄[48;2;195;81;104m[38;2;205;83;105m▄[48;2;203;87;110m[38;2;219;94;114m▄[48;2;211;94;114m[38;2;211;77;100m▄[48;2;193;83;105m[38;2;189;114;130m▄[48;2;191;185;188m[38;2;199;208;206m▄[48;2;208;215;215m[38;2;219;171;175m▄[48;2;215;217;217m[38;2;225;165;169m▄[48;2;216;218;218m[38;2;217;204;207m▄[48;2;217;218;220m[38;2;205;199;186m▄[48;2;212;207;202m[38;2;201;194;174m▄[48;2;204;187;166m[38;2;211;211;206m▄[48;2;210;203;194m[38;2;211;211;208m▄[48;2;213;214;215m[38;2;208;203;197m▄[48;2;213;213;213m[38;2;212;213;214m▄[48;2;213;213;213m[38;2;212;212;211m▄[48;2;212;212;212m[38;2;212;212;212m▄[48;2;211;211;211m[38;2;210;210;210m▄[48;2;211;211;211m[38;2;210;210;210m▄[48;2;211;211;211m[38;2;211;211;211m▄[48;2;211;211;211m[38;2;210;210;210m▄[48;2;210;210;210m[38;2;209;209;209m▄[48;2;209;209;209m[38;2;209;209;209m▄[48;2;209;209;209m[38;2;208;208;208m▄[48;2;208;208;208m[38;2;208;208;208m▄[48;2;208;208;208m[38;2;207;207;207m▄[48;2;207;207;207m[38;2;207;207;207m▄[48;2;207;207;207m[38;2;207;207;207m▄[48;2;206;206;206m[38;2;205;205;205m▄[48;2;204;204;204m[38;2;204;204;204m▄[48;2;204;204;204m[38;2;203;203;203m▄[48;2;204;204;204m[38;2;203;203;203m▄[48;2;203;203;203m[38;2;203;203;203m▄[0m
[48;2;214;214;214m[38;2;214;214;214m▄[48;2;214;214;214m[38;2;214;214;214m▄[48;2;215;215;215m[38;2;215;215;215m▄[48;2;215;215;215m[38;2;215;215;215m▄[48;2;215;215;215m[38;2;215;215;215m▄[48;2;215;215;215m[38;2;215;215;215m▄[48;2;216;216;216m[38;2;215;215;215m▄[48;2;216;216;216m[38;2;215;215;215m▄[48;2;217;217;217m[38;2;216;216;215m▄[48;2;217;217;217m[38;2;217;217;217m▄[48;2;217;217;217m[38;2;217;217;217m▄[48;2;217;217;217m[38;2;217;217;217m▄[48;2;216;216;216m[38;2;217;217;217m▄[48;2;216;216;216m[38;2;216;216;216m▄[48;2;217;217;217m[38;2;216;216;216m▄[48;2;217;217;217m[38;2;217;217;217m▄[48;2;217;217;217m[38;2;217;217;217m▄[48;2;217;217;217m[38;2;216;217;217m▄[48;2;216;220;219m[38;2;218;212;212m▄[48;2;220;209;210m[38;2;243;196;202m▄[48;2;238;202;203m[38;2;243;209;212m▄[48;2;242;197;198m[38;2;218;121;131m▄[48;2;229;149;156m[38;2;232;161;168m▄[48;2;226;137;146m[38;2;221;135;144m▄[48;2;232;155;162m[38;2;208;121;130m▄[48;2;230;151;159m[38;2;243;187;192m▄[48;2;218;182;184m[38;2;220;151;158m▄[48;2;210;205;206m[38;2;213;213;212m▄[48;2;199;116;132m[38;2;209;209;211m▄[48;2;199;89;111m[38;2;198;201;203m▄[48;2;193;106;124m[38;2;203;170;171m▄[48;2;207;132;140m[38;2;235;156;163m▄[48;2;211;132;141m[38;2;222;148;156m▄[48;2;199;91;113m[38;2;195;190;192m▄[48;2;191;110;127m[38;2;196;200;199m▄[48;2;191;192;192m[38;2;205;206;206m▄[48;2;208;171;172m[38;2;222;149;158m▄[48;2;235;162;168m[38;2;232;175;181m▄[48;2;232;162;169m[38;2;211;116;129m▄[48;2;213;165;164m[38;2;207;179;180m▄[48;2;202;198;186m[38;2;209;176;181m▄[48;2;219;174;181m[38;2;232;144;152m▄[48;2;217;193;197m[38;2;218;139;145m▄[48;2;207;204;195m[38;2;210;207;206m▄[48;2;210;207;203m[38;2;212;213;213m▄[48;2;211;212;213m[38;2;211;210;210m▄[48;2;211;211;211m[38;2;211;211;211m▄[48;2;211;211;211m[38;2;211;211;211m▄[48;2;211;211;211m[38;2;210;210;210m▄[48;2;211;211;211m[38;2;211;211;211m▄[48;2;211;211;211m[38;2;210;209;210m▄[48;2;209;209;209m[38;2;208;208;208m▄[48;2;209;209;209m[38;2;208;209;208m▄[48;2;208;208;208m[38;2;209;209;209m▄[48;2;208;208;208m[38;2;208;208;208m▄[48;2;208;208;208m[38;2;207;207;208m▄[48;2;207;207;207m[38;2;207;207;208m▄[48;2;207;207;207m[38;2;207;207;207m▄[48;2;207;207;207m[38;2;206;206;206m▄[48;2;205;205;205m[38;2;204;204;204m▄[48;2;203;203;203m[38;2;203;203;203m▄[48;2;203;203;203m[38;2;203;203;203m▄[48;2;203;203;203m[38;2;203;203;203m▄[48;2;203;203;203m[38;2;202;202;202m▄[0m
[48;2;213;213;213m[38;2;212;212;212m▄[48;2;214;214;214m[38;2;212;212;212m▄[48;2;214;214;214m[38;2;213;213;213m▄[48;2;215;215;215m[38;2;215;215;215m▄[48;2;215;215;215m[38;2;215;215;215m▄[48;2;215;215;215m[38;2;215;215;215m▄[48;2;215;215;215m[38;2;215;215;215m▄[48;2;215;215;215m[38;2;215;215;215m▄[48;2;215;215;215m[38;2;215;215;215m▄[48;2;216;216;216m[38;2;216;216;216m▄[48;2;216;216;216m[38;2;216;216;216m▄[48;2;216;216;216m[38;2;216;216;216m▄[48;2;216;216;216m[38;2;216;216;216m▄[48;2;217;217;217m[38;2;216;216;216m▄[48;2;217;217;217m[38;2;216;216;216m▄[48;2;217;217;217m[38;2;217;217;218m▄[48;2;217;216;216m[38;2;217;216;217m▄[48;2;216;223;222m[38;2;217;219;219m▄[48;2;220;187;191m[38;2;220;210;211m▄[48;2;246;205;207m[38;2;221;153;162m▄[48;2;227;173;179m[38;2;198;105;118m▄[48;2;213;117;128m[38;2;216;132;142m▄[48;2;238;181;187m[38;2;231;162;169m▄[48;2;197;108;119m[38;2;207;114;129m▄[48;2;215;147;155m[38;2;221;151;162m▄[48;2;238;179;186m[38;2;190;90;107m▄[48;2;199;103;117m[38;2;214;132;144m▄[48;2;214;146;156m[38;2;210;130;143m▄[48;2;215;141;151m[38;2;225;158;167m▄[48;2;209;149;158m[38;2;215;131;145m▄[48;2;205;136;145m[38;2;198;100;118m▄[48;2;208;109;121m[38;2;231;169;177m▄[48;2;202;123;134m[38;2;188;88;104m▄[48;2;205;150;158m[38;2;226;158;167m▄[48;2;219;148;157m[38;2;207;128;140m▄[48;2;205;127;139m[38;2;201;112;126m▄[48;2;228;158;166m[38;2;230;168;177m▄[48;2;224;169;175m[38;2;209;143;155m▄[48;2;210;117;130m[38;2;227;165;173m▄[48;2;206;144;154m[38;2;210;121;136m▄[48;2;204;142;150m[38;2;200;110;124m▄[48;2;211;112;125m[38;2;231;160;170m▄[48;2;203;147;154m[38;2;185;125;136m▄[48;2;205;212;212m[38;2;205;206;206m▄[48;2;211;209;209m[38;2;211;211;211m▄[48;2;211;211;211m[38;2;210;210;210m▄[48;2;211;211;211m[38;2;211;211;211m▄[48;2;211;211;211m[38;2;210;210;210m▄[48;2;210;210;210m[38;2;210;210;210m▄[48;2;211;211;210m[38;2;209;210;211m▄[48;2;210;210;211m[38;2;209;211;215m▄[48;2;209;209;211m[38;2;209;208;214m▄[48;2;209;208;209m[38;2;209;208;212m▄[48;2;208;208;208m[38;2;208;208;208m▄[48;2;208;208;208m[38;2;208;208;208m▄[48;2;208;208;207m[38;2;208;208;205m▄[48;2;207;207;206m[38;2;207;207;202m▄[48;2;207;207;206m[38;2;206;206;202m▄[48;2;205;204;205m[38;2;204;204;202m▄[48;2;203;203;204m[38;2;203;203;203m▄[48;2;203;203;203m[38;2;203;203;203m▄[48;2;203;203;203m[38;2;202;202;202m▄[48;2;203;203;203m[38;2;202;202;202m▄[48;2;201;201;201m[38;2;202;201;202m▄[0m
[48;2;210;210;210m[38;2;210;210;210m▄[48;2;211;211;211m[38;2;210;210;210m▄[48;2;213;213;213m[38;2;211;211;211m▄[48;2;213;213;213m[38;2;212;212;212m▄[48;2;213;213;213m[38;2;212;212;212m▄[48;2;214;214;214m[38;2;214;214;214m▄[48;2;215;215;215m[38;2;214;214;214m▄[48;2;215;215;215m[38;2;214;214;214m▄[48;2;215;215;215m[38;2;214;214;214m▄[48;2;215;215;215m[38;2;215;214;215m▄[48;2;215;215;215m[38;2;215;215;215m▄[48;2;215;215;215m[38;2;215;215;215m▄[48;2;216;216;216m[38;2;215;215;215m▄[48;2;215;215;216m[38;2;215;215;215m▄[48;2;216;216;216m[38;2;215;215;215m▄[48;2;216;216;217m[38;2;216;216;216m▄[48;2;216;216;216m[38;2;216;216;216m▄[48;2;216;215;215m[38;2;216;216;216m▄[48;2;216;217;217m[38;2;216;215;214m▄[48;2;215;216;216m[38;2;211;214;208m▄[48;2;188;128;141m[38;2;188;114;132m▄[48;2;222;130;142m[38;2;227;124;140m▄[48;2;196;104;120m[38;2;160;70;91m▄[48;2;229;153;162m[38;2;202;109;126m▄[48;2;184;91;110m[38;2;215;127;142m▄[48;2;187;96;113m[38;2;165;64;89m▄[48;2;228;149;161m[38;2;233;138;152m▄[48;2;169;61;83m[38;2;197;106;123m▄[48;2;231;157;167m[38;2;232;144;156m▄[48;2;178;77;99m[38;2;191;96;117m▄[48;2;221;138;151m[38;2;223;132;145m▄[48;2;193;99;118m[38;2;197;101;120m▄[48;2;210;122;138m[38;2;202;111;129m▄[48;2;210;130;143m[38;2;216;125;140m▄[48;2;166;66;86m[38;2;184;99;117m▄[48;2;188;89;110m[38;2;205;120;136m▄[48;2;241;167;178m[38;2;224;134;148m▄[48;2;185;92;111m[38;2;157;47;73m▄[48;2;219;135;148m[38;2;226;130;145m▄[48;2;184;88;107m[38;2;193;101;118m▄[48;2;218;132;146m[38;2;223;136;148m▄[48;2;195;103;121m[38;2;197;101;120m▄[48;2;178;69;91m[38;2;176;81;104m▄[48;2;197;150;159m[38;2;195;173;178m▄[48;2;212;220;218m[38;2;208;212;211m▄[48;2;210;208;208m[38;2;210;209;210m▄[48;2;210;210;210m[38;2;211;211;211m▄[48;2;211;211;211m[38;2;211;211;211m▄[48;2;211;211;210m[38;2;210;210;210m▄[48;2;209;210;211m[38;2;210;210;210m▄[48;2;208;212;216m[38;2;207;209;211m▄[48;2;208;209;215m[38;2;207;208;212m▄[48;2;209;208;213m[38;2;209;208;212m▄[48;2;208;207;209m[38;2;208;207;209m▄[48;2;208;208;208m[38;2;208;208;208m▄[48;2;208;208;206m[38;2;208;208;206m▄[48;2;207;207;202m[38;2;205;207;201m▄[48;2;206;207;201m[38;2;204;207;201m▄[48;2;203;204;201m[38;2;203;205;202m▄[48;2;202;202;203m[38;2;202;203;202m▄[48;2;203;203;203m[38;2;202;202;202m▄[48;2;202;202;203m[38;2;202;201;203m▄[48;2;201;201;202m[38;2;201;200;202m▄[48;2;201;201;201m[38;2;201;201;201m▄[0m
[48;2;210;210;210m[38;2;210;210;210m▄[48;2;210;210;210m[38;2;210;210;210m▄[48;2;210;210;210m[38;2;210;210;210m▄[48;2;210;210;210m[38;2;210;210;210m▄[48;2;211;211;211m[38;2;210;210;210m▄[48;2;211;211;211m[38;2;210;210;210m▄[48;2;213;213;213m[38;2;212;212;212m▄[48;2;213;213;213m[38;2;212;212;212m▄[48;2;213;213;213m[38;2;212;212;212m▄[48;2;214;214;214m[38;2;213;213;213m▄[48;2;215;215;215m[38;2;214;214;214m▄[48;2;215;215;215m[38;2;214;214;215m▄[48;2;215;215;215m[38;2;214;214;214m▄[48;2;215;215;215m[38;2;215;215;215m▄[48;2;215;215;215m[38;2;215;215;215m▄[48;2;215;215;215m[38;2;215;215;215m▄[48;2;215;215;215m[38;2;215;215;214m▄[48;2;216;217;219m[38;2;216;218;219m▄[48;2;210;204;197m[38;2;209;202;196m▄[48;2;210;208;200m[38;2;205;197;181m▄[48;2;179;103;122m[38;2;205;187;192m▄[48;2;183;66;88m[38;2;177;122;133m▄[48;2;182;143;154m[38;2;191;176;168m▄[48;2;171;102;120m[38;2;195;178;169m▄[48;2;223;121;137m[38;2;166;70;92m▄[48;2;192;93;114m[38;2;224;120;136m▄[48;2;161;55;80m[38;2;206;116;132m▄[48;2;179;85;107m[38;2;168;86;105m▄[48;2;169;63;90m[38;2;163;66;91m▄[48;2;181;93;113m[38;2;186;122;137m▄[48;2;177;92;112m[38;2;184;136;147m▄[48;2;185;94;114m[38;2;177;99;118m▄[48;2;168;77;99m[38;2;186;113;129m▄[48;2;179;80;103m[38;2;174;87;106m▄[48;2;179;83;105m[38;2;175;86;107m▄[48;2;158;55;81m[38;2;186;102;122m▄[48;2;169;72;95m[38;2;178;94;114m▄[48;2;180;123;136m[38;2;195;188;190m▄[48;2;178;83;106m[38;2;197;183;179m▄[48;2;178;88;111m[38;2;192;178;169m▄[48;2;173;81;105m[38;2;193;182;175m▄[48;2;182;84;108m[38;2;192;180;181m▄[48;2;184;143;154m[38;2;194;196;188m▄[48;2;193;199;198m[38;2;200;199;198m▄[48;2;205;204;205m[38;2;208;208;209m▄[48;2;210;210;210m[38;2;208;208;208m▄[48;2;210;210;210m[38;2;209;209;209m▄[48;2;209;209;209m[38;2;209;209;209m▄[48;2;209;209;209m[38;2;208;208;208m▄[48;2;209;209;209m[38;2;208;208;208m▄[48;2;208;207;208m[38;2;208;208;208m▄[48;2;208;207;209m[38;2;208;208;207m▄[48;2;208;207;208m[38;2;207;207;207m▄[48;2;207;207;208m[38;2;207;207;207m▄[48;2;207;207;205m[38;2;206;206;204m▄[48;2;207;207;202m[38;2;206;206;201m▄[48;2;206;207;202m[38;2;206;206;201m▄[48;2;203;206;201m[38;2;203;205;203m▄[48;2;202;205;204m[38;2;202;203;203m▄[48;2;203;203;204m[38;2;203;203;203m▄[48;2;202;202;203m[38;2;202;201;201m▄[48;2;202;202;202m[38;2;201;201;201m▄[48;2;201;201;201m[38;2;201;201;201m▄[48;2;201;201;201m[38;2;201;201;201m▄[0m
[48;2;210;210;210m[38;2;209;209;209m▄[48;2;210;210;210m[38;2;210;210;210m▄[48;2;210;210;210m[38;2;210;210;210m▄[48;2;210;210;210m[38;2;210;210;210m▄[48;2;210;210;210m[38;2;211;211;211m▄[48;2;211;211;211m[38;2;211;211;211m▄[48;2;211;211;211m[38;2;211;211;212m▄[48;2;211;211;211m[38;2;212;212;212m▄[48;2;211;211;211m[38;2;212;212;212m▄[48;2;211;211;211m[38;2;212;212;212m▄[48;2;212;212;212m[38;2;212;212;212m▄[48;2;213;213;213m[38;2;213;213;213m▄[48;2;213;213;213m[38;2;213;213;213m▄[48;2;213;213;213m[38;2;213;213;213m▄[48;2;213;213;213m[38;2;212;212;212m▄[48;2;213;213;213m[38;2;213;212;214m▄[48;2;214;214;214m[38;2;213;213;214m▄[48;2;214;214;214m[38;2;214;213;214m▄[48;2;214;214;217m[38;2;213;213;214m▄[48;2;201;191;180m[38;2;214;215;217m▄[48;2;198;188;170m[38;2;211;211;212m▄[48;2;198;194;178m[38;2;210;209;210m▄[48;2;197;190;181m[38;2;211;213;215m▄[48;2;210;214;212m[38;2;211;210;211m▄[48;2;199;179;185m[38;2;214;218;217m▄[48;2;168;83;103m[38;2;205;199;200m▄[48;2;194;86;108m[38;2;181;135;147m▄[48;2;204;99;120m[38;2;174;104;123m▄[48;2;196;103;123m[38;2;174;97;118m▄[48;2;191;86;109m[38;2;176;111;128m▄[48;2;194;101;120m[38;2;173;95;114m▄[48;2;179;91;112m[38;2;176;79;101m▄[48;2;161;61;87m[38;2;183;82;106m▄[48;2;178;110;127m[38;2;185;91;112m▄[48;2;178;122;136m[38;2;190;91;113m▄[48;2;178;92;111m[38;2;192;96;115m▄[48;2;193;96;116m[38;2;164;70;93m▄[48;2;179;146;152m[38;2;192;180;183m▄[48;2;205;209;198m[38;2;209;211;213m▄[48;2;200;193;185m[38;2;210;210;213m▄[48;2;198;191;176m[38;2;208;209;212m▄[48;2;200;193;176m[38;2;207;207;210m▄[48;2;205;199;192m[38;2;208;208;210m▄[48;2;207;207;208m[38;2;207;207;207m▄[48;2;208;208;208m[38;2;207;207;207m▄[48;2;208;208;209m[38;2;208;208;208m▄[48;2;208;208;208m[38;2;207;207;207m▄[48;2;208;208;208m[38;2;207;207;207m▄[48;2;208;208;208m[38;2;207;207;207m▄[48;2;207;207;207m[38;2;207;207;207m▄[48;2;207;207;207m[38;2;206;206;207m▄[48;2;207;206;207m[38;2;206;205;206m▄[48;2;206;206;206m[38;2;205;205;205m▄[48;2;205;205;205m[38;2;204;205;204m▄[48;2;205;205;202m[38;2;204;204;203m▄[48;2;204;204;201m[38;2;204;204;204m▄[48;2;203;203;202m[38;2;203;203;204m▄[48;2;203;203;203m[38;2;203;203;203m▄[48;2;203;203;203m[38;2;203;203;203m▄[48;2;203;203;203m[38;2;203;202;203m▄[48;2;202;202;202m[38;2;202;201;203m▄[48;2;201;201;201m[38;2;201;201;201m▄[48;2;201;201;201m[38;2;201;201;201m▄[48;2;201;201;201m[38;2;201;201;201m▄[0m
[48;2;212;212;212m[38;2;216;216;216m▄[48;2;213;213;213m[38;2;216;216;216m▄[48;2;213;213;213m[38;2;216;216;216m▄[48;2;214;213;214m[38;2;216;216;216m▄[48;2;214;214;214m[38;2;217;217;217m▄[48;2;215;214;215m[38;2;217;217;217m▄[48;2;215;215;215m[38;2;217;217;217m▄[48;2;215;215;215m[38;2;217;217;216m▄[48;2;215;215;215m[38;2;217;217;217m▄[48;2;215;215;215m[38;2;217;217;217m▄[48;2;216;216;216m[38;2;217;217;217m▄[48;2;216;216;216m[38;2;217;217;217m▄[48;2;216;216;216m[38;2;217;217;217m▄[48;2;215;215;216m[38;2;217;217;217m▄[48;2;216;216;216m[38;2;217;217;217m▄[48;2;216;216;216m[38;2;218;218;218m▄[48;2;216;216;216m[38;2;217;217;217m▄[48;2;216;216;216m[38;2;217;217;217m▄[48;2;216;216;216m[38;2;216;216;216m▄[48;2;217;216;216m[38;2;215;215;216m▄[48;2;216;216;217m[38;2;214;214;214m▄[48;2;215;215;215m[38;2;215;215;215m▄[48;2;217;217;216m[38;2;210;207;208m▄[48;2;221;223;222m[38;2;158;129;134m▄[48;2;218;218;219m[38;2;177;160;163m▄[48;2;218;221;221m[38;2;162;138;143m▄[48;2;214;221;219m[38;2;172;152;156m▄[48;2;207;213;211m[38;2;161;138;142m▄[48;2;201;204;202m[38;2;167;146;149m▄[48;2;199;205;204m[38;2;154;130;136m▄[48;2;197;195;194m[38;2;141;114;120m▄[48;2;177;143;151m[38;2;194;200;199m▄[48;2;169;107;123m[38;2;194;199;198m▄[48;2;172;97;114m[38;2;157;136;141m▄[48;2;171;94;112m[38;2;154;125;131m▄[48;2;168;106;120m[38;2;163;149;149m▄[48;2;187;169;173m[38;2;153;135;139m▄[48;2;196;201;200m[38;2;174;157;161m▄[48;2;212;213;213m[38;2;158;133;139m▄[48;2;211;212;211m[38;2;202;199;201m▄[48;2;210;209;209m[38;2;214;214;215m▄[48;2;210;210;210m[38;2;211;210;210m▄[48;2;210;210;210m[38;2;211;211;211m▄[48;2;210;210;210m[38;2;211;211;211m▄[48;2;210;210;210m[38;2;210;210;210m▄[48;2;209;209;210m[38;2;210;210;210m▄[48;2;210;210;210m[38;2;210;210;210m▄[48;2;210;210;210m[38;2;210;210;210m▄[48;2;208;208;208m[38;2;210;210;210m▄[48;2;208;208;209m[38;2;210;210;210m▄[48;2;208;208;208m[38;2;210;209;210m▄[48;2;207;208;207m[38;2;209;209;210m▄[48;2;207;207;208m[38;2;209;209;209m▄[48;2;207;207;207m[38;2;209;209;209m▄[48;2;207;207;207m[38;2;209;209;209m▄[48;2;207;207;207m[38;2;209;209;209m▄[48;2;207;207;207m[38;2;208;208;208m▄[48;2;206;206;206m[38;2;208;208;208m▄[48;2;205;205;205m[38;2;207;207;207m▄[48;2;204;204;205m[38;2;207;207;206m▄[48;2;204;204;204m[38;2;207;207;207m▄[48;2;203;203;203m[38;2;207;207;207m▄[48;2;202;202;202m[38;2;206;206;206m▄[48;2;202;202;202m[38;2;205;205;205m▄[0m
[48;2;219;219;219m[38;2;223;223;223m▄[48;2;219;219;219m[38;2;223;223;223m▄[48;2;219;219;219m[38;2;224;224;224m▄[48;2;220;220;220m[38;2;224;224;224m▄[48;2;220;220;220m[38;2;224;224;224m▄[48;2;220;220;220m[38;2;224;224;224m▄[48;2;220;220;220m[38;2;224;224;224m▄[48;2;220;220;220m[38;2;224;224;224m▄[48;2;221;221;221m[38;2;224;224;224m▄[48;2;221;221;221m[38;2;224;224;224m▄[48;2;221;221;221m[38;2;224;224;224m▄[48;2;221;221;221m[38;2;224;224;224m▄[48;2;221;221;221m[38;2;225;225;225m▄[48;2;221;221;221m[38;2;224;224;224m▄[48;2;222;222;222m[38;2;224;224;224m▄[48;2;222;222;222m[38;2;224;224;224m▄[48;2;220;220;221m[38;2;224;224;225m▄[48;2;217;217;217m[38;2;224;224;224m▄[48;2;212;212;212m[38;2;222;222;221m▄[48;2;204;204;204m[38;2;222;223;222m▄[48;2;200;200;200m[38;2;207;204;204m▄[48;2;202;204;204m[38;2;182;168;171m▄[48;2;196;194;196m[38;2;179;163;165m▄[48;2;139;108;112m[38;2;177;163;164m▄[48;2;159;141;142m[38;2;177;163;166m▄[48;2;140;112;117m[38;2;178;165;168m▄[48;2;155;133;137m[38;2;170;155;158m▄[48;2;151;126;130m[38;2;169;156;158m▄[48;2;162;139;144m[38;2;169;155;157m▄[48;2;154;133;136m[38;2;179;168;171m▄[48;2;139;112;116m[38;2;184;176;177m▄[48;2;189;182;183m[38;2;163;146;148m▄[48;2;196;196;195m[38;2;176;168;169m▄[48;2;148;126;130m[38;2;170;156;158m▄[48;2;143;114;119m[38;2;171;154;157m▄[48;2;161;142;145m[38;2;165;149;152m▄[48;2;148;121;126m[38;2;164;147;149m▄[48;2;165;149;150m[38;2;191;185;186m▄[48;2;149;123;126m[38;2;183;171;172m▄[48;2;172;159;160m[38;2;175;159;161m▄[48;2;192;190;191m[38;2;177;162;165m▄[48;2;202;205;205m[38;2;170;153;157m▄[48;2;200;201;201m[38;2;185;174;177m▄[48;2;202;202;203m[38;2;213;213;213m▄[48;2;208;208;209m[38;2;214;214;214m▄[48;2;211;211;212m[38;2;215;216;216m▄[48;2;213;213;213m[38;2;216;216;216m▄[48;2;214;214;214m[38;2;215;215;215m▄[48;2;213;213;213m[38;2;215;215;215m▄[48;2;213;213;213m[38;2;215;215;215m▄[48;2;212;212;212m[38;2;215;215;215m▄[48;2;211;211;212m[38;2;214;214;214m▄[48;2;211;211;211m[38;2;214;214;214m▄[48;2;210;210;210m[38;2;213;213;213m▄[48;2;210;210;210m[38;2;213;213;213m▄[48;2;210;210;210m[38;2;212;212;212m▄[48;2;210;210;210m[38;2;212;212;212m▄[48;2;209;209;209m[38;2;210;210;210m▄[48;2;213;213;213m[38;2;216;216;216m▄[48;2;216;216;216m[38;2;222;222;222m▄[48;2;209;209;209m[38;2;211;211;210m▄[48;2;208;208;208m[38;2;209;209;209m▄[48;2;208;208;208m[38;2;209;209;209m▄[48;2;208;208;208m[38;2;210;210;210m▄[0m
[48;2;224;224;224m[38;2;227;227;227m▄[48;2;225;225;225m[38;2;227;227;227m▄[48;2;226;226;226m[38;2;228;228;228m▄[48;2;227;227;227m[38;2;228;228;228m▄[48;2;226;226;226m[38;2;228;228;228m▄[48;2;226;226;226m[38;2;229;229;229m▄[48;2;226;226;226m[38;2;229;229;229m▄[48;2;226;226;226m[38;2;229;229;229m▄[48;2;226;226;226m[38;2;229;229;229m▄[48;2;226;226;226m[38;2;229;229;229m▄[48;2;226;226;226m[38;2;228;228;228m▄[48;2;227;227;227m[38;2;228;228;228m▄[48;2;227;227;227m[38;2;228;228;228m▄[48;2;226;226;226m[38;2;228;228;228m▄[48;2;226;226;226m[38;2;228;228;228m▄[48;2;227;226;227m[38;2;228;228;228m▄[48;2;226;226;226m[38;2;228;228;228m▄[48;2;227;227;227m[38;2;228;228;228m▄[48;2;226;226;226m[38;2;228;228;228m▄[48;2;229;230;230m[38;2;227;227;227m▄[48;2;218;213;215m[38;2;229;229;229m▄[48;2;186;168;172m[38;2;233;235;234m▄[48;2;181;162;165m[38;2;234;236;236m▄[48;2;191;175;178m[38;2;231;232;232m▄[48;2;201;188;191m[38;2;229;231;230m▄[48;2;206;197;199m[38;2;230;231;231m▄[48;2;182;165;168m[38;2;232;235;234m▄[48;2;191;174;177m[38;2;230;231;231m▄[48;2;193;177;181m[38;2;229;230;230m▄[48;2;192;178;180m[38;2;228;229;229m▄[48;2;204;193;195m[38;2;227;229;228m▄[48;2;188;170;174m[38;2;231;233;233m▄[48;2;204;194;197m[38;2;227;228;228m▄[48;2;193;178;181m[38;2;227;229;229m▄[48;2;189;173;175m[38;2;228;230;229m▄[48;2;189;173;175m[38;2;228;229;229m▄[48;2;193;180;181m[38;2;227;229;229m▄[48;2;210;204;205m[38;2;224;225;225m▄[48;2;192;177;181m[38;2;225;227;226m▄[48;2;204;194;196m[38;2;225;226;226m▄[48;2;191;174;177m[38;2;226;227;227m▄[48;2;182;164;167m[38;2;228;230;230m▄[48;2;201;189;192m[38;2;224;225;225m▄[48;2;220;221;221m[38;2;219;219;219m▄[48;2;217;217;217m[38;2;218;218;218m▄[48;2;217;217;217m[38;2;217;217;217m▄[48;2;216;216;216m[38;2;217;217;217m▄[48;2;216;216;216m[38;2;217;217;217m▄[48;2;216;216;216m[38;2;216;216;216m▄[48;2;215;215;215m[38;2;216;216;216m▄[48;2;214;214;214m[38;2;216;216;216m▄[48;2;215;215;215m[38;2;216;216;216m▄[48;2;215;215;215m[38;2;216;216;216m▄[48;2;215;215;215m[38;2;215;215;215m▄[48;2;214;214;214m[38;2;215;215;215m▄[48;2;214;214;214m[38;2;215;215;215m▄[48;2;214;214;214m[38;2;215;215;215m▄[48;2;213;213;213m[38;2;214;214;214m▄[48;2;212;212;212m[38;2;215;214;215m▄[48;2;212;212;212m[38;2;214;214;214m▄[48;2;211;211;211m[38;2;214;214;214m▄[48;2;211;211;211m[38;2;213;213;213m▄[48;2;210;210;210m[38;2;213;213;213m▄[48;2;210;210;210m[38;2;212;212;212m▄[0m
[48;2;230;230;230m[38;2;231;231;231m▄[48;2;231;231;231m[38;2;231;231;231m▄[48;2;230;230;230m[38;2;231;231;231m▄[48;2;230;230;230m[38;2;231;231;231m▄[48;2;230;230;230m[38;2;231;231;231m▄[48;2;230;230;230m[38;2;230;230;230m▄[48;2;230;230;230m[38;2;230;230;230m▄[48;2;230;230;230m[38;2;231;231;231m▄[48;2;230;230;230m[38;2;231;231;231m▄[48;2;230;230;230m[38;2;231;231;231m▄[48;2;230;230;230m[38;2;231;231;231m▄[48;2;230;230;230m[38;2;231;231;231m▄[48;2;230;230;230m[38;2;231;231;231m▄[48;2;230;230;230m[38;2;230;230;230m▄[48;2;230;230;230m[38;2;230;230;230m▄[48;2;229;229;229m[38;2;230;230;230m▄[48;2;229;229;229m[38;2;231;231;231m▄[48;2;229;229;229m[38;2;231;231;231m▄[48;2;229;229;229m[38;2;230;230;230m▄[48;2;230;230;230m[38;2;229;229;229m▄[48;2;229;229;229m[38;2;229;229;229m▄[48;2;229;228;228m[38;2;230;230;230m▄[48;2;227;227;227m[38;2;229;229;229m▄[48;2;227;227;227m[38;2;229;229;229m▄[48;2;227;226;227m[38;2;228;228;228m▄[48;2;227;226;226m[38;2;227;227;227m▄[48;2;226;226;226m[38;2;227;227;227m▄[48;2;227;227;227m[38;2;227;227;227m▄[48;2;227;227;227m[38;2;227;227;227m▄[48;2;227;227;227m[38;2;227;227;227m▄[48;2;226;226;226m[38;2;227;227;227m▄[48;2;226;225;225m[38;2;227;227;227m▄[48;2;224;224;224m[38;2;225;225;225m▄[48;2;223;223;223m[38;2;224;224;224m▄[48;2;223;223;223m[38;2;224;224;224m▄[48;2;223;223;223m[38;2;225;225;225m▄[48;2;222;222;222m[38;2;224;224;224m▄[48;2;223;223;223m[38;2;223;223;223m▄[48;2;222;222;222m[38;2;223;223;223m▄[48;2;222;222;222m[38;2;223;223;223m▄[48;2;221;221;221m[38;2;222;222;222m▄[48;2;221;221;221m[38;2;222;222;222m▄[48;2;222;221;221m[38;2;222;222;222m▄[48;2;221;221;221m[38;2;221;221;221m▄[48;2;221;221;221m[38;2;221;221;221m▄[48;2;220;220;220m[38;2;221;221;221m▄[48;2;218;218;218m[38;2;219;219;219m▄[48;2;216;216;216m[38;2;217;217;217m▄[48;2;216;216;216m[38;2;217;217;217m▄[48;2;216;216;216m[38;2;216;216;216m▄[48;2;216;216;216m[38;2;216;216;216m▄[48;2;216;216;216m[38;2;216;216;216m▄[48;2;216;216;216m[38;2;216;216;216m▄[48;2;216;216;216m[38;2;216;216;216m▄[48;2;216;216;216m[38;2;216;216;216m▄[48;2;215;215;215m[38;2;216;216;216m▄[48;2;215;215;215m[38;2;216;216;216m▄[48;2;215;215;215m[38;2;215;215;215m▄[48;2;215;215;215m[38;2;216;216;216m▄[48;2;215;215;215m[38;2;216;216;216m▄[48;2;215;215;215m[38;2;216;216;216m▄[48;2;215;215;215m[38;2;216;216;216m▄[48;2;215;215;215m[38;2;215;215;215m▄[48;2;215;215;215m[38;2;215;215;215m▄[0m
