[48;2;223;223;223m[38;2;223;223;223m▄[48;2;223;223;223m[38;2;223;223;223m▄[48;2;223;223;223m[38;2;223;223;223m▄[48;2;224;224;224m[38;2;224;224;224m▄[48;2;225;225;225m[38;2;224;224;224m▄[48;2;224;224;224m[38;2;224;224;224m▄[48;2;224;224;224m[38;2;224;224;224m▄[48;2;224;224;224m[38;2;224;224;224m▄[48;2;224;224;224m[38;2;224;224;224m▄[48;2;225;225;225m[38;2;224;224;224m▄[48;2;225;225;225m[38;2;225;225;225m▄[48;2;227;227;227m[38;2;225;225;225m▄[48;2;228;228;228m[38;2;226;226;226m▄[48;2;228;228;228m[38;2;227;227;227m▄[48;2;228;228;228m[38;2;227;227;227m▄[48;2;228;228;228m[38;2;228;228;228m▄[48;2;227;227;227m[38;2;227;227;227m▄[48;2;227;227;227m[38;2;226;226;226m▄[48;2;228;228;228m[38;2;227;227;227m▄[48;2;228;228;228m[38;2;227;227;227m▄[48;2;227;227;227m[38;2;227;227;227m▄[48;2;227;227;227m[38;2;227;227;227m▄[48;2;227;227;227m[38;2;226;226;226m▄[48;2;228;228;228m[38;2;226;226;226m▄[48;2;228;228;228m[38;2;225;225;225m▄[48;2;227;227;227m[38;2;224;224;224m▄[48;2;225;225;225m[38;2;224;224;224m▄[48;2;224;224;224m[38;2;224;224;224m▄[48;2;224;224;224m[38;2;224;224;224m▄[48;2;224;224;224m[38;2;224;224;224m▄[48;2;225;225;225m[38;2;224;224;224m▄[48;2;224;224;224m[38;2;224;224;224m▄[48;2;224;224;224m[38;2;223;223;223m▄[48;2;223;223;223m[38;2;223;223;223m▄[48;2;223;223;223m[38;2;223;223;223m▄[48;2;223;223;223m[38;2;223;223;223m▄[48;2;223;223;223m[38;2;222;222;222m▄[48;2;222;222;222m[38;2;222;222;222m▄[48;2;221;221;221m[38;2;221;221;221m▄[48;2;221;221;221m[38;2;220;221;220m▄[48;2;220;220;220m[38;2;220;220;221m▄[48;2;219;219;219m[38;2;220;219;220m▄[48;2;219;219;219m[38;2;218;218;217m▄[48;2;217;217;217m[38;2;217;217;217m▄[48;2;217;217;217m[38;2;216;216;216m▄[48;2;216;216;216m[38;2;216;216;216m▄[48;2;216;216;216m[38;2;216;216;217m▄[48;2;217;217;217m[38;2;217;216;217m▄[48;2;216;217;216m[38;2;216;215;216m▄[48;2;216;216;216m[38;2;215;215;216m▄[48;2;215;215;215m[38;2;215;215;215m▄[48;2;214;214;214m[38;2;214;214;214m▄[48;2;214;214;214m[38;2;214;214;214m▄[48;2;214;214;214m[38;2;214;214;214m▄[48;2;214;214;214m[38;2;213;213;213m▄[48;2;213;213;213m[38;2;212;212;212m▄[48;2;211;211;211m[38;2;211;211;211m▄[48;2;211;211;211m[38;2;211;211;211m▄[48;2;211;211;211m[38;2;210;210;210m▄[48;2;210;210;210m[38;2;210;210;210m▄[48;2;210;210;210m[38;2;210;210;210m▄[48;2;210;210;210m[38;2;209;209;209m▄[48;2;209;209;209m[38;2;208;208;208m▄[48;2;208;207;209m[38;2;209;209;209m▄[0m
[48;2;222;222;222m[38;2;222;222;222m▄[48;2;222;222;222m[38;2;223;223;223m▄[48;2;223;223;223m[38;2;223;223;223m▄[48;2;223;223;223m[38;2;223;223;223m▄[48;2;224;224;224m[38;2;224;224;224m▄[48;2;224;224;224m[38;2;224;224;224m▄[48;2;223;223;223m[38;2;224;224;224m▄[48;2;224;224;224m[38;2;224;224;224m▄[48;2;224;224;224m[38;2;224;224;224m▄[48;2;224;224;224m[38;2;224;224;224m▄[48;2;224;224;224m[38;2;224;224;224m▄[48;2;225;225;225m[38;2;224;224;224m▄[48;2;226;226;226m[38;2;224;224;224m▄[48;2;226;226;226m[38;2;224;224;224m▄[48;2;226;226;226m[38;2;225;225;225m▄[48;2;226;226;226m[38;2;225;225;225m▄[48;2;226;226;226m[38;2;225;225;225m▄[48;2;227;227;227m[38;2;226;226;226m▄[48;2;227;227;227m[38;2;226;226;226m▄[48;2;227;227;227m[38;2;225;225;225m▄[48;2;227;227;227m[38;2;225;225;225m▄[48;2;227;227;227m[38;2;225;225;225m▄[48;2;225;225;225m[38;2;224;224;224m▄[48;2;225;225;225m[38;2;224;224;224m▄[48;2;225;225;225m[38;2;225;225;225m▄[48;2;225;225;225m[38;2;224;224;224m▄[48;2;225;225;225m[38;2;224;224;224m▄[48;2;224;224;224m[38;2;224;224;224m▄[48;2;224;224;224m[38;2;224;224;224m▄[48;2;224;224;224m[38;2;224;224;224m▄[48;2;224;224;224m[38;2;224;224;224m▄[48;2;224;224;224m[38;2;224;224;224m▄[48;2;223;223;223m[38;2;224;224;224m▄[48;2;224;224;224m[38;2;223;223;223m▄[48;2;223;223;223m[38;2;223;223;223m▄[48;2;222;222;222m[38;2;222;222;222m▄[48;2;222;222;222m[38;2;222;222;222m▄[48;2;222;222;222m[38;2;222;222;222m▄[48;2;221;221;221m[38;2;221;221;221m▄[48;2;220;220;220m[38;2;220;220;220m▄[48;2;220;220;220m[38;2;218;218;218m▄[48;2;219;219;219m[38;2;218;218;218m▄[48;2;217;217;217m[38;2;217;217;217m▄[48;2;217;217;217m[38;2;217;217;217m▄[48;2;216;216;216m[38;2;216;216;216m▄[48;2;216;216;216m[38;2;216;216;216m▄[48;2;216;216;217m[38;2;216;216;216m▄[48;2;216;216;216m[38;2;215;215;215m▄[48;2;215;215;216m[38;2;215;215;216m▄[48;2;215;214;216m[38;2;215;215;215m▄[48;2;215;215;215m[38;2;215;215;215m▄[48;2;215;215;215m[38;2;214;214;214m▄[48;2;214;214;214m[38;2;214;214;214m▄[48;2;214;214;214m[38;2;214;214;214m▄[48;2;213;213;213m[38;2;213;213;213m▄[48;2;212;212;212m[38;2;212;212;212m▄[48;2;212;211;212m[38;2;212;212;213m▄[48;2;211;210;212m[38;2;211;211;211m▄[48;2;210;210;210m[38;2;210;210;210m▄[48;2;210;210;210m[38;2;210;210;210m▄[48;2;210;210;210m[38;2;209;209;209m▄[48;2;209;209;209m[38;2;209;209;209m▄[48;2;208;208;208m[38;2;209;209;209m▄[48;2;208;208;209m[38;2;209;208;209m▄[0m
[48;2;221;221;221m[38;2;221;221;221m▄[48;2;222;222;222m[38;2;222;222;223m▄[48;2;223;223;223m[38;2;222;222;222m▄[48;2;223;223;223m[38;2;223;223;223m▄[48;2;223;223;223m[38;2;223;223;223m▄[48;2;224;224;224m[38;2;223;223;223m▄[48;2;224;224;224m[38;2;224;224;224m▄[48;2;224;224;224m[38;2;224;224;224m▄[48;2;224;224;224m[38;2;224;224;224m▄[48;2;225;225;225m[38;2;224;224;224m▄[48;2;224;224;224m[38;2;224;224;224m▄[48;2;224;224;224m[38;2;224;224;224m▄[48;2;224;224;224m[38;2;224;224;224m▄[48;2;224;224;224m[38;2;224;224;224m▄[48;2;225;225;225m[38;2;224;224;224m▄[48;2;225;225;225m[38;2;224;224;224m▄[48;2;225;225;225m[38;2;224;224;224m▄[48;2;225;225;225m[38;2;224;224;224m▄[48;2;225;225;225m[38;2;224;224;224m▄[48;2;225;225;225m[38;2;225;225;225m▄[48;2;224;224;224m[38;2;224;224;224m▄[48;2;224;224;224m[38;2;224;224;224m▄[48;2;224;224;224m[38;2;224;224;224m▄[48;2;224;224;224m[38;2;224;224;224m▄[48;2;224;224;224m[38;2;224;224;224m▄[48;2;224;224;224m[38;2;225;224;225m▄[48;2;227;226;227m[38;2;213;219;212m▄[48;2;227;225;227m[38;2;215;220;214m▄[48;2;224;224;224m[38;2;230;228;231m▄[48;2;222;223;222m[38;2;236;230;237m▄[48;2;223;223;224m[38;2;225;224;225m▄[48;2;224;223;224m[38;2;222;223;222m▄[48;2;223;223;223m[38;2;223;223;223m▄[48;2;223;223;224m[38;2;223;223;223m▄[48;2;223;223;223m[38;2;222;222;222m▄[48;2;222;222;222m[38;2;222;222;222m▄[48;2;222;222;222m[38;2;222;222;222m▄[48;2;221;221;221m[38;2;222;222;222m▄[48;2;221;221;221m[38;2;220;220;220m▄[48;2;220;220;220m[38;2;220;220;220m▄[48;2;218;218;218m[38;2;218;218;218m▄[48;2;218;218;218m[38;2;218;218;218m▄[48;2;217;217;217m[38;2;217;217;217m▄[48;2;216;216;216m[38;2;216;216;216m▄[48;2;216;216;216m[38;2;216;216;216m▄[48;2;216;216;216m[38;2;216;216;216m▄[48;2;216;216;216m[38;2;216;216;216m▄[48;2;215;215;215m[38;2;215;215;215m▄[48;2;215;215;215m[38;2;215;215;215m▄[48;2;215;215;215m[38;2;215;215;215m▄[48;2;214;214;214m[38;2;214;214;214m▄[48;2;214;214;214m[38;2;214;214;214m▄[48;2;214;214;214m[38;2;214;214;214m▄[48;2;214;214;214m[38;2;214;214;213m▄[48;2;213;213;213m[38;2;212;213;212m▄[48;2;212;212;212m[38;2;212;212;212m▄[48;2;212;212;212m[38;2;212;212;212m▄[48;2;211;211;211m[38;2;210;210;210m▄[48;2;210;210;210m[38;2;210;210;210m▄[48;2;210;210;210m[38;2;210;210;210m▄[48;2;210;210;210m[38;2;209;210;210m▄[48;2;209;209;209m[38;2;209;209;209m▄[48;2;208;208;208m[38;2;208;208;208m▄[48;2;208;208;208m[38;2;208;208;208m▄[0m
[48;2;221;221;222m[38;2;221;221;221m▄[48;2;221;221;222m[38;2;221;221;221m▄[48;2;222;222;222m[38;2;222;222;222m▄[48;2;223;223;223m[38;2;222;222;222m▄[48;2;223;223;223m[38;2;222;222;222m▄[48;2;223;223;223m[38;2;222;223;222m▄[48;2;223;223;223m[38;2;223;223;223m▄[48;2;224;224;224m[38;2;224;224;224m▄[48;2;224;224;224m[38;2;223;223;223m▄[48;2;224;224;224m[38;2;224;224;224m▄[48;2;224;224;224m[38;2;224;224;224m▄[48;2;224;224;224m[38;2;224;224;224m▄[48;2;224;224;224m[38;2;224;224;224m▄[48;2;224;224;224m[38;2;224;224;224m▄[48;2;224;224;224m[38;2;225;225;225m▄[48;2;225;225;225m[38;2;225;225;225m▄[48;2;225;225;225m[38;2;224;224;224m▄[48;2;225;225;225m[38;2;224;224;224m▄[48;2;224;224;224m[38;2;224;224;224m▄[48;2;224;224;224m[38;2;224;224;224m▄[48;2;224;224;224m[38;2;224;224;224m▄[48;2;224;224;224m[38;2;224;224;224m▄[48;2;224;224;224m[38;2;224;224;224m▄[48;2;224;224;224m[38;2;224;224;224m▄[48;2;223;223;223m[38;2;224;224;224m▄[48;2;230;227;230m[38;2;224;224;224m▄[48;2;172;197;168m[38;2;225;223;226m▄[48;2;115;164;110m[38;2;216;217;217m▄[48;2;128;172;120m[38;2;200;208;198m▄[48;2;159;191;154m[38;2;147;180;143m▄[48;2;220;222;220m[38;2;114;166;106m▄[48;2;229;226;229m[38;2;209;216;208m▄[48;2;221;222;221m[38;2;228;225;228m▄[48;2;223;223;223m[38;2;221;222;221m▄[48;2;222;222;222m[38;2;222;222;222m▄[48;2;222;222;222m[38;2;221;221;221m▄[48;2;222;222;222m[38;2;221;221;221m▄[48;2;221;221;221m[38;2;221;221;221m▄[48;2;220;220;220m[38;2;221;221;221m▄[48;2;219;219;219m[38;2;219;219;219m▄[48;2;217;217;217m[38;2;218;218;218m▄[48;2;217;217;217m[38;2;217;217;217m▄[48;2;217;217;217m[38;2;217;217;217m▄[48;2;216;216;216m[38;2;216;216;216m▄[48;2;216;216;216m[38;2;216;216;216m▄[48;2;216;216;216m[38;2;216;216;216m▄[48;2;215;215;215m[38;2;215;215;215m▄[48;2;215;215;215m[38;2;216;216;216m▄[48;2;215;215;215m[38;2;215;215;215m▄[48;2;214;214;214m[38;2;215;215;215m▄[48;2;214;214;214m[38;2;215;215;215m▄[48;2;214;214;214m[38;2;214;214;214m▄[48;2;214;214;214m[38;2;213;213;213m▄[48;2;213;213;214m[38;2;213;212;214m▄[48;2;212;211;213m[38;2;212;211;213m▄[48;2;212;212;212m[38;2;212;213;212m▄[48;2;211;211;211m[38;2;211;211;211m▄[48;2;211;211;211m[38;2;211;211;211m▄[48;2;210;210;210m[38;2;210;210;210m▄[48;2;210;210;210m[38;2;210;210;210m▄[48;2;210;210;210m[38;2;209;209;209m▄[48;2;209;209;209m[38;2;209;209;209m▄[48;2;208;208;208m[38;2;208;208;208m▄[48;2;208;208;208m[38;2;208;208;208m▄[0m
[48;2;220;220;220m[38;2;219;219;219m▄[48;2;221;221;221m[38;2;220;219;220m▄[48;2;222;222;222m[38;2;221;220;221m▄[48;2;222;222;222m[38;2;221;221;221m▄[48;2;222;222;222m[38;2;221;221;221m▄[48;2;222;222;222m[38;2;222;222;223m▄[48;2;222;222;223m[38;2;222;222;223m▄[48;2;222;222;222m[38;2;222;222;222m▄[48;2;223;223;223m[38;2;223;223;223m▄[48;2;224;224;224m[38;2;223;223;223m▄[48;2;223;223;223m[38;2;223;223;223m▄[48;2;223;223;223m[38;2;223;223;223m▄[48;2;223;223;223m[38;2;224;224;224m▄[48;2;224;224;224m[38;2;224;224;225m▄[48;2;224;224;224m[38;2;223;223;223m▄[48;2;224;224;224m[38;2;224;224;224m▄[48;2;224;224;224m[38;2;224;224;224m▄[48;2;224;224;224m[38;2;224;224;224m▄[48;2;224;224;224m[38;2;224;224;224m▄[48;2;224;224;224m[38;2;224;224;224m▄[48;2;224;224;224m[38;2;224;224;224m▄[48;2;224;224;224m[38;2;224;224;224m▄[48;2;224;224;224m[38;2;223;223;223m▄[48;2;224;224;224m[38;2;223;223;223m▄[48;2;223;223;223m[38;2;223;223;223m▄[48;2;223;223;223m[38;2;223;223;223m▄[48;2;223;223;222m[38;2;223;223;223m▄[48;2;224;224;224m[38;2;223;223;222m▄[48;2;227;225;227m[38;2;221;222;221m▄[48;2;238;230;239m[38;2;218;220;217m▄[48;2;189;203;186m[38;2;238;230;240m▄[48;2;117;167;109m[38;2;151;183;146m▄[48;2;221;222;222m[38;2;162;190;158m▄[48;2;223;222;223m[38;2;234;228;235m▄[48;2;219;220;219m[38;2;230;226;231m▄[48;2;221;221;221m[38;2;223;222;224m▄[48;2;221;221;221m[38;2;219;220;220m▄[48;2;220;220;221m[38;2;219;219;219m▄[48;2;219;219;220m[38;2;218;218;218m▄[48;2;218;218;218m[38;2;217;217;217m▄[48;2;218;218;218m[38;2;217;217;217m▄[48;2;217;217;217m[38;2;216;216;216m▄[48;2;216;216;216m[38;2;216;216;216m▄[48;2;216;216;216m[38;2;217;217;217m▄[48;2;216;216;216m[38;2;216;216;216m▄[48;2;216;216;216m[38;2;215;215;216m▄[48;2;215;215;216m[38;2;215;215;216m▄[48;2;215;215;215m[38;2;215;215;215m▄[48;2;215;215;215m[38;2;215;215;215m▄[48;2;215;215;215m[38;2;215;215;215m▄[48;2;214;214;214m[38;2;214;214;214m▄[48;2;214;214;214m[38;2;213;213;213m▄[48;2;213;213;214m[38;2;213;213;213m▄[48;2;213;213;213m[38;2;213;213;213m▄[48;2;213;213;213m[38;2;212;212;212m▄[48;2;211;211;211m[38;2;211;211;211m▄[48;2;210;210;210m[38;2;211;211;211m▄[48;2;210;210;210m[38;2;211;211;211m▄[48;2;211;211;211m[38;2;211;211;211m▄[48;2;210;210;210m[38;2;210;210;210m▄[48;2;209;209;209m[38;2;209;209;209m▄[48;2;209;209;209m[38;2;209;208;209m▄[48;2;208;208;209m[38;2;208;208;208m▄[48;2;208;208;208m[38;2;208;208;208m▄[0m
[48;2;218;218;218m[38;2;217;217;217m▄[48;2;219;218;219m[38;2;218;218;218m▄[48;2;220;220;220m[38;2;219;219;219m▄[48;2;221;221;221m[38;2;220;220;220m▄[48;2;222;222;222m[38;2;220;220;220m▄[48;2;221;221;222m[38;2;221;221;221m▄[48;2;222;221;223m[38;2;221;221;222m▄[48;2;222;222;222m[38;2;222;222;222m▄[48;2;222;222;222m[38;2;222;222;222m▄[48;2;223;223;223m[38;2;222;222;222m▄[48;2;223;223;223m[38;2;222;222;222m▄[48;2;223;223;223m[38;2;222;222;222m▄[48;2;223;223;223m[38;2;222;222;222m▄[48;2;223;223;223m[38;2;222;222;222m▄[48;2;223;223;223m[38;2;222;222;222m▄[48;2;224;224;224m[38;2;223;223;223m▄[48;2;223;223;223m[38;2;223;223;223m▄[48;2;224;224;224m[38;2;222;222;222m▄[48;2;224;224;224m[38;2;223;223;223m▄[48;2;223;223;223m[38;2;223;223;223m▄[48;2;223;223;223m[38;2;224;224;224m▄[48;2;223;223;223m[38;2;223;223;223m▄[48;2;223;223;223m[38;2;223;223;223m▄[48;2;223;223;223m[38;2;223;223;223m▄[48;2;223;223;223m[38;2;223;222;222m▄[48;2;223;223;223m[38;2;223;225;224m▄[48;2;223;222;222m[38;2;223;231;229m▄[48;2;223;222;222m[38;2;222;226;225m▄[48;2;222;222;222m[38;2;223;223;223m▄[48;2;221;220;220m[38;2;221;227;226m▄[48;2;228;224;227m[38;2;223;227;227m▄[48;2;193;207;192m[38;2;213;216;212m▄[48;2;135;176;131m[38;2;116;166;110m▄[48;2;230;226;231m[38;2;121;168;114m▄[48;2;157;190;153m[38;2;149;181;145m▄[48;2;201;212;200m[38;2;212;214;212m▄[48;2;224;221;225m[38;2;219;219;219m▄[48;2;218;218;218m[38;2;217;218;217m▄[48;2;218;218;218m[38;2;217;217;217m▄[48;2;217;217;217m[38;2;217;217;217m▄[48;2;217;217;217m[38;2;216;216;216m▄[48;2;216;216;216m[38;2;216;216;216m▄[48;2;216;216;216m[38;2;216;216;216m▄[48;2;216;216;216m[38;2;216;216;216m▄[48;2;215;215;215m[38;2;216;216;216m▄[48;2;215;215;215m[38;2;215;215;215m▄[48;2;215;216;215m[38;2;215;215;215m▄[48;2;215;215;215m[38;2;215;215;215m▄[48;2;215;215;215m[38;2;215;215;215m▄[48;2;214;214;214m[38;2;214;214;214m▄[48;2;214;214;214m[38;2;214;214;214m▄[48;2;213;213;213m[38;2;213;213;213m▄[48;2;213;213;213m[38;2;213;213;213m▄[48;2;213;213;213m[38;2;213;213;213m▄[48;2;212;212;212m[38;2;212;212;212m▄[48;2;211;211;211m[38;2;211;211;211m▄[48;2;211;211;211m[38;2;211;211;211m▄[48;2;211;211;211m[38;2;210;210;210m▄[48;2;210;210;210m[38;2;210;210;210m▄[48;2;211;211;211m[38;2;209;209;209m▄[48;2;209;210;210m[38;2;208;209;209m▄[48;2;208;208;208m[38;2;208;208;208m▄[48;2;208;208;208m[38;2;208;208;208m▄[48;2;208;208;208m[38;2;208;208;208m▄[0m
[48;2;217;217;217m[38;2;216;216;216m▄[48;2;217;217;217m[38;2;217;217;217m▄[48;2;218;218;218m[38;2;217;217;217m▄[48;2;218;218;218m[38;2;217;217;217m▄[48;2;218;218;218m[38;2;218;218;218m▄[48;2;221;221;221m[38;2;219;219;219m▄[48;2;221;221;221m[38;2;220;220;220m▄[48;2;221;221;221m[38;2;220;220;220m▄[48;2;222;222;222m[38;2;220;220;220m▄[48;2;222;222;222m[38;2;222;222;222m▄[48;2;222;222;222m[38;2;221;222;222m▄[48;2;222;222;222m[38;2;222;222;222m▄[48;2;222;222;222m[38;2;222;222;222m▄[48;2;222;222;222m[38;2;222;222;222m▄[48;2;222;222;222m[38;2;222;222;222m▄[48;2;222;222;222m[38;2;222;222;222m▄[48;2;223;223;223m[38;2;223;223;223m▄[48;2;223;223;223m[38;2;223;223;223m▄[48;2;222;222;222m[38;2;223;223;223m▄[48;2;222;222;222m[38;2;222;222;222m▄[48;2;223;223;223m[38;2;223;223;223m▄[48;2;223;223;223m[38;2;222;222;222m▄[48;2;223;223;223m[38;2;222;221;221m▄[48;2;223;221;222m[38;2;223;228;227m▄[48;2;223;228;227m[38;2;223;202;205m▄[48;2;223;217;218m[38;2;220;143;156m▄[48;2;223;174;183m[38;2;214;166;174m▄[48;2;220;155;168m[38;2;212;196;199m▄[48;2;220;153;164m[38;2;211;205;205m▄[48;2;220;161;171m[38;2;213;194;196m▄[48;2;223;198;203m[38;2;216;159;169m▄[48;2;220;223;223m[38;2;219;197;200m▄[48;2;115;165;108m[38;2;216;219;220m▄[48;2;176;195;174m[38;2;221;207;213m▄[48;2;230;223;231m[38;2;216;218;216m▄[48;2;218;217;218m[38;2;218;223;222m▄[48;2;217;218;217m[38;2;217;216;216m▄[48;2;217;217;217m[38;2;217;217;217m▄[48;2;217;217;217m[38;2;216;216;216m▄[48;2;216;216;216m[38;2;216;216;216m▄[48;2;216;216;216m[38;2;216;216;216m▄[48;2;216;216;216m[38;2;216;216;216m▄[48;2;216;216;216m[38;2;217;217;217m▄[48;2;216;216;216m[38;2;216;216;216m▄[48;2;216;216;216m[38;2;215;215;215m▄[48;2;215;215;215m[38;2;215;215;215m▄[48;2;216;216;216m[38;2;215;215;215m▄[48;2;215;215;215m[38;2;214;214;214m▄[48;2;214;214;214m[38;2;214;214;214m▄[48;2;214;214;214m[38;2;215;215;215m▄[48;2;213;213;213m[38;2;214;214;214m▄[48;2;213;213;213m[38;2;214;213;215m▄[48;2;213;213;213m[38;2;213;213;213m▄[48;2;211;211;211m[38;2;211;211;211m▄[48;2;211;211;211m[38;2;211;210;211m▄[48;2;211;211;211m[38;2;210;210;210m▄[48;2;210;210;210m[38;2;211;211;211m▄[48;2;210;210;210m[38;2;210;210;210m▄[48;2;210;210;210m[38;2;209;209;209m▄[48;2;208;208;208m[38;2;209;209;209m▄[48;2;209;209;209m[38;2;208;208;209m▄[48;2;208;208;208m[38;2;208;208;208m▄[48;2;208;208;208m[38;2;208;207;208m▄[48;2;207;207;207m[38;2;208;208;208m▄[0m
[48;2;216;216;216m[38;2;216;216;216m▄[48;2;216;216;216m[38;2;216;216;216m▄[48;2;217;217;217m[38;2;216;216;216m▄[48;2;217;217;217m[38;2;217;217;217m▄[48;2;217;217;217m[38;2;217;217;217m▄[48;2;217;217;217m[38;2;217;217;217m▄[48;2;218;218;218m[38;2;217;217;217m▄[48;2;218;218;218m[38;2;217;217;217m▄[48;2;219;219;220m[38;2;218;218;218m▄[48;2;220;220;221m[38;2;219;219;219m▄[48;2;221;221;221m[38;2;220;220;220m▄[48;2;221;221;221m[38;2;220;220;220m▄[48;2;221;221;221m[38;2;221;221;221m▄[48;2;221;221;221m[38;2;221;221;221m▄[48;2;221;221;221m[38;2;221;221;221m▄[48;2;221;221;221m[38;2;220;220;220m▄[48;2;222;222;222m[38;2;221;221;221m▄[48;2;222;222;222m[38;2;221;221;221m▄[48;2;222;222;222m[38;2;221;221;221m▄[48;2;222;222;222m[38;2;221;221;221m▄[48;2;222;222;222m[38;2;221;221;221m▄[48;2;222;221;221m[38;2;221;220;220m▄[48;2;222;225;225m[38;2;222;228;227m▄[48;2;223;210;213m[38;2;219;154;165m▄[48;2;220;139;153m[38;2;212;179;184m▄[48;2;212;194;196m[38;2;217;227;225m▄[48;2;216;226;224m[38;2;221;218;218m▄[48;2;219;224;223m[38;2;221;223;223m▄[48;2;219;208;210m[38;2;216;184;191m▄[48;2;219;212;213m[38;2;214;140;155m▄[48;2;217;194;198m[38;2;215;145;157m▄[48;2;219;141;155m[38;2;209;168;175m▄[48;2;218;142;157m[38;2;209;193;196m▄[48;2;216;140;155m[38;2;211;211;211m▄[48;2;219;138;154m[38;2;213;190;193m▄[48;2;218;190;195m[38;2;217;134;150m▄[48;2;217;222;221m[38;2;217;208;209m▄[48;2;216;215;216m[38;2;217;219;219m▄[48;2;216;216;216m[38;2;216;216;216m▄[48;2;216;216;216m[38;2;216;216;216m▄[48;2;216;216;216m[38;2;216;216;216m▄[48;2;216;216;216m[38;2;216;216;216m▄[48;2;216;216;216m[38;2;215;215;215m▄[48;2;216;216;216m[38;2;216;216;216m▄[48;2;215;215;215m[38;2;215;215;215m▄[48;2;215;214;215m[38;2;215;214;215m▄[48;2;215;214;216m[38;2;215;215;215m▄[48;2;215;214;215m[38;2;214;214;215m▄[48;2;214;214;214m[38;2;213;213;213m▄[48;2;214;214;213m[38;2;213;213;213m▄[48;2;213;213;214m[38;2;213;213;212m▄[48;2;213;213;214m[38;2;212;212;212m▄[48;2;213;213;213m[38;2;211;211;211m▄[48;2;211;211;211m[38;2;211;211;211m▄[48;2;211;211;211m[38;2;211;211;211m▄[48;2;210;210;210m[38;2;210;210;210m▄[48;2;210;210;210m[38;2;210;210;210m▄[48;2;209;209;209m[38;2;209;209;209m▄[48;2;209;209;209m[38;2;208;208;208m▄[48;2;209;209;209m[38;2;208;208;208m▄[48;2;208;208;208m[38;2;208;208;208m▄[48;2;208;208;208m[38;2;208;208;208m▄[48;2;208;207;208m[38;2;208;208;207m▄[48;2;207;207;208m[38;2;207;206;209m▄[0m
[48;2;217;217;217m[38;2;215;215;215m▄[48;2;216;216;216m[38;2;216;216;216m▄[48;2;216;216;216m[38;2;216;216;216m▄[48;2;217;217;217m[38;2;216;216;216m▄[48;2;217;217;217m[38;2;216;216;216m▄[48;2;217;217;217m[38;2;216;216;216m▄[48;2;217;217;217m[38;2;216;216;216m▄[48;2;217;217;217m[38;2;217;217;217m▄[48;2;217;217;217m[38;2;217;217;217m▄[48;2;217;217;217m[38;2;217;217;217m▄[48;2;218;218;218m[38;2;217;217;217m▄[48;2;219;219;219m[38;2;217;217;217m▄[48;2;220;220;220m[38;2;218;218;218m▄[48;2;219;219;219m[38;2;218;218;218m▄[48;2;220;220;220m[38;2;218;218;218m▄[48;2;220;220;220m[38;2;219;219;219m▄[48;2;220;220;220m[38;2;218;218;218m▄[48;2;221;221;221m[38;2;219;219;219m▄[48;2;220;220;221m[38;2;219;219;220m▄[48;2;221;221;221m[38;2;220;219;220m▄[48;2;221;220;220m[38;2;220;218;219m▄[48;2;221;225;224m[38;2;220;227;226m▄[48;2;221;204;206m[38;2;219;178;185m▄[48;2;216;147;157m[38;2;213;163;171m▄[48;2;214;217;216m[38;2;216;224;222m▄[48;2;220;219;219m[38;2;219;216;217m▄[48;2;219;218;218m[38;2;217;221;220m▄[48;2;219;218;218m[38;2;217;220;219m▄[48;2;217;221;221m[38;2;217;216;216m▄[48;2;212;214;213m[38;2;218;218;218m▄[48;2;210;214;213m[38;2;218;217;217m▄[48;2;213;220;219m[38;2;217;216;216m▄[48;2;216;220;219m[38;2;216;215;216m▄[48;2;217;216;216m[38;2;216;215;215m▄[48;2;216;228;225m[38;2;216;223;221m▄[48;2;217;158;167m[38;2;218;160;170m▄[48;2;215;178;184m[38;2;212;174;180m▄[48;2;216;223;222m[38;2;215;223;222m▄[48;2;216;215;215m[38;2;217;216;216m▄[48;2;217;217;217m[38;2;216;216;216m▄[48;2;216;216;216m[38;2;215;215;215m▄[48;2;215;215;215m[38;2;215;215;215m▄[48;2;215;215;215m[38;2;215;215;215m▄[48;2;215;215;215m[38;2;215;215;215m▄[48;2;215;215;215m[38;2;214;214;214m▄[48;2;215;215;215m[38;2;214;214;214m▄[48;2;215;215;214m[38;2;214;214;214m▄[48;2;214;214;214m[38;2;214;214;214m▄[48;2;213;213;213m[38;2;214;214;214m▄[48;2;213;213;213m[38;2;213;213;213m▄[48;2;212;212;212m[38;2;212;212;212m▄[48;2;211;211;211m[38;2;211;211;211m▄[48;2;211;211;211m[38;2;211;210;212m▄[48;2;210;210;210m[38;2;210;210;210m▄[48;2;210;210;210m[38;2;210;210;210m▄[48;2;210;210;210m[38;2;211;211;211m▄[48;2;210;210;210m[38;2;209;209;209m▄[48;2;209;209;209m[38;2;209;210;209m▄[48;2;209;208;209m[38;2;209;208;209m▄[48;2;208;208;209m[38;2;208;208;208m▄[48;2;208;208;208m[38;2;208;208;208m▄[48;2;208;208;208m[38;2;208;208;208m▄[48;2;208;208;208m[38;2;207;207;207m▄[48;2;207;207;207m[38;2;207;207;207m▄[0m
[48;2;216;216;216m[38;2;216;216;216m▄[48;2;215;215;215m[38;2;216;216;216m▄[48;2;216;216;216m[38;2;216;216;216m▄[48;2;217;217;217m[38;2;216;216;216m▄[48;2;217;217;217m[38;2;216;216;216m▄[48;2;216;216;216m[38;2;217;217;217m▄[48;2;217;217;217m[38;2;217;217;217m▄[48;2;216;216;216m[38;2;216;216;216m▄[48;2;217;217;217m[38;2;216;216;216m▄[48;2;217;217;217m[38;2;216;216;216m▄[48;2;217;217;217m[38;2;216;216;216m▄[48;2;217;217;217m[38;2;216;216;216m▄[48;2;217;217;217m[38;2;217;217;217m▄[48;2;218;218;218m[38;2;217;217;217m▄[48;2;218;218;218m[38;2;217;217;217m▄[48;2;218;218;218m[38;2;217;217;217m▄[48;2;218;218;218m[38;2;217;217;217m▄[48;2;218;218;218m[38;2;217;217;217m▄[48;2;218;219;218m[38;2;217;217;217m▄[48;2;219;219;219m[38;2;217;217;217m▄[48;2;219;217;218m[38;2;218;217;216m▄[48;2;218;226;225m[38;2;217;225;224m▄[48;2;220;163;172m[38;2;219;160;169m▄[48;2;213;174;179m[38;2;212;171;178m▄[48;2;216;224;223m[38;2;215;227;225m▄[48;2;217;221;220m[38;2;220;166;177m▄[48;2;218;203;207m[38;2;219;139;154m▄[48;2;219;206;208m[38;2;220;140;155m▄[48;2;217;221;220m[38;2;218;190;195m▄[48;2;216;216;216m[38;2;216;220;220m▄[48;2;216;216;216m[38;2;216;215;215m▄[48;2;216;216;216m[38;2;216;216;216m▄[48;2;216;216;216m[38;2;217;214;214m▄[48;2;216;215;216m[38;2;215;224;223m▄[48;2;216;218;219m[38;2;218;186;192m▄[48;2;217;143;158m[38;2;213;146;159m▄[48;2;208;190;194m[38;2;209;214;213m▄[48;2;216;220;219m[38;2;216;216;216m▄[48;2;216;215;216m[38;2;215;215;215m▄[48;2;216;216;216m[38;2;215;215;215m▄[48;2;215;215;215m[38;2;215;215;215m▄[48;2;216;216;216m[38;2;214;214;214m▄[48;2;215;215;215m[38;2;215;215;215m▄[48;2;215;215;215m[38;2;214;214;214m▄[48;2;214;214;214m[38;2;214;214;214m▄[48;2;214;214;214m[38;2;214;214;214m▄[48;2;214;214;214m[38;2;214;214;213m▄[48;2;214;214;214m[38;2;213;213;213m▄[48;2;213;213;213m[38;2;213;212;213m▄[48;2;212;212;212m[38;2;212;211;213m▄[48;2;212;212;212m[38;2;212;211;213m▄[48;2;212;212;212m[38;2;210;210;211m▄[48;2;210;211;210m[38;2;210;210;210m▄[48;2;210;210;210m[38;2;210;210;210m▄[48;2;210;210;210m[38;2;211;211;211m▄[48;2;210;209;211m[38;2;209;209;210m▄[48;2;209;209;209m[38;2;208;208;209m▄[48;2;209;208;210m[38;2;208;208;209m▄[48;2;208;207;209m[38;2;208;208;209m▄[48;2;208;208;208m[38;2;208;208;208m▄[48;2;208;208;208m[38;2;208;208;208m▄[48;2;208;208;208m[38;2;207;207;207m▄[48;2;207;207;207m[38;2;207;207;207m▄[48;2;206;206;206m[38;2;206;206;206m▄[0m
[48;2;216;216;216m[38;2;215;215;215m▄[48;2;216;216;216m[38;2;215;215;215m▄[48;2;216;216;216m[38;2;216;216;216m▄[48;2;215;215;215m[38;2;216;216;216m▄[48;2;216;215;217m[38;2;216;216;217m▄[48;2;216;216;216m[38;2;215;215;215m▄[48;2;217;217;217m[38;2;215;215;215m▄[48;2;216;216;216m[38;2;216;216;216m▄[48;2;216;216;216m[38;2;217;217;217m▄[48;2;217;217;217m[38;2;217;217;217m▄[48;2;217;217;217m[38;2;216;216;216m▄[48;2;216;216;216m[38;2;216;216;216m▄[48;2;216;216;216m[38;2;217;217;217m▄[48;2;216;216;216m[38;2;217;217;217m▄[48;2;216;216;216m[38;2;216;216;216m▄[48;2;217;217;217m[38;2;217;217;217m▄[48;2;217;217;217m[38;2;217;217;217m▄[48;2;216;216;216m[38;2;216;216;216m▄[48;2;217;217;217m[38;2;217;217;217m▄[48;2;217;217;217m[38;2;216;216;216m▄[48;2;217;216;216m[38;2;216;215;216m▄[48;2;216;224;222m[38;2;216;218;218m▄[48;2;218;173;180m[38;2;215;208;210m▄[48;2;215;156;166m[38;2;219;138;152m▄[48;2;217;188;195m[38;2;220;131;147m▄[48;2;214;137;152m[38;2;206;194;196m▄[48;2;206;217;213m[38;2;214;217;216m▄[48;2;214;189;194m[38;2;219;148;161m▄[48;2;216;152;163m[38;2;211;167;175m▄[48;2;215;222;220m[38;2;214;221;220m▄[48;2;216;214;215m[38;2;216;218;218m▄[48;2;216;214;214m[38;2;216;224;222m▄[48;2;215;223;221m[38;2;218;196;200m▄[48;2;217;205;207m[38;2;217;143;156m▄[48;2;218;140;154m[38;2;207;182;187m▄[48;2;207;193;195m[38;2;211;217;216m▄[48;2;215;218;217m[38;2;216;215;216m▄[48;2;215;214;215m[38;2;215;215;215m▄[48;2;215;215;215m[38;2;215;215;215m▄[48;2;215;215;215m[38;2;215;215;215m▄[48;2;214;214;214m[38;2;214;214;214m▄[48;2;214;214;214m[38;2;214;214;214m▄[48;2;215;215;215m[38;2;215;215;215m▄[48;2;214;214;214m[38;2;213;213;213m▄[48;2;214;214;214m[38;2;213;213;213m▄[48;2;213;213;213m[38;2;213;212;214m▄[48;2;212;212;213m[38;2;212;212;213m▄[48;2;212;212;212m[38;2;212;212;212m▄[48;2;213;212;213m[38;2;212;212;212m▄[48;2;211;211;211m[38;2;211;211;211m▄[48;2;211;211;211m[38;2;210;210;210m▄[48;2;210;210;210m[38;2;210;210;210m▄[48;2;210;210;210m[38;2;210;210;210m▄[48;2;210;210;210m[38;2;210;210;210m▄[48;2;210;210;210m[38;2;209;209;210m▄[48;2;209;209;210m[38;2;209;208;211m▄[48;2;208;209;209m[38;2;208;208;209m▄[48;2;208;209;209m[38;2;209;209;208m▄[48;2;208;208;208m[38;2;208;208;209m▄[48;2;208;208;208m[38;2;208;207;208m▄[48;2;208;208;208m[38;2;207;207;207m▄[48;2;207;207;207m[38;2;207;207;207m▄[48;2;207;207;207m[38;2;207;207;207m▄[48;2;206;205;206m[38;2;205;204;206m▄[0m
[48;2;215;215;215m[38;2;215;215;215m▄[48;2;215;215;215m[38;2;215;215;215m▄[48;2;215;215;215m[38;2;215;215;215m▄[48;2;216;216;216m[38;2;215;215;215m▄[48;2;215;215;216m[38;2;216;216;216m▄[48;2;215;215;215m[38;2;215;215;215m▄[48;2;216;216;216m[38;2;216;216;216m▄[48;2;216;216;216m[38;2;216;216;216m▄[48;2;216;216;216m[38;2;215;215;215m▄[48;2;216;216;216m[38;2;216;216;216m▄[48;2;216;216;216m[38;2;216;216;216m▄[48;2;217;217;217m[38;2;216;216;216m▄[48;2;217;217;217m[38;2;216;216;216m▄[48;2;216;216;216m[38;2;216;216;216m▄[48;2;217;217;217m[38;2;216;216;216m▄[48;2;216;216;216m[38;2;216;216;216m▄[48;2;216;216;216m[38;2;216;216;216m▄[48;2;217;217;217m[38;2;216;216;216m▄[48;2;217;217;217m[38;2;216;216;216m▄[48;2;216;216;216m[38;2;216;216;216m▄[48;2;216;216;216m[38;2;217;217;217m▄[48;2;216;214;215m[38;2;216;216;216m▄[48;2;216;221;220m[38;2;216;215;215m▄[48;2;212;189;193m[38;2;215;221;221m▄[48;2;219;124;140m[38;2;218;146;157m▄[48;2;219;137;150m[38;2;217;146;156m▄[48;2;218;138;153m[38;2;214;151;161m▄[48;2;210;163;171m[38;2;215;166;173m▄[48;2;209;215;214m[38;2;218;164;172m▄[48;2;216;217;217m[38;2;217;155;164m▄[48;2;218;201;205m[38;2;214;152;162m▄[48;2;220;165;177m[38;2;209;173;180m▄[48;2;216;146;159m[38;2;207;208;208m▄[48;2;207;190;192m[38;2;213;218;217m▄[48;2;211;217;217m[38;2;216;215;215m▄[48;2;216;214;215m[38;2;215;215;215m▄[48;2;215;215;215m[38;2;214;215;215m▄[48;2;215;215;215m[38;2;214;214;214m▄[48;2;215;215;215m[38;2;214;214;214m▄[48;2;214;214;214m[38;2;214;214;214m▄[48;2;214;214;214m[38;2;214;214;214m▄[48;2;214;214;214m[38;2;214;214;214m▄[48;2;214;214;214m[38;2;213;213;213m▄[48;2;213;213;213m[38;2;212;212;212m▄[48;2;212;212;212m[38;2;212;211;212m▄[48;2;212;212;212m[38;2;211;211;212m▄[48;2;212;212;212m[38;2;212;212;212m▄[48;2;212;212;212m[38;2;211;210;212m▄[48;2;211;211;211m[38;2;210;210;210m▄[48;2;210;210;210m[38;2;210;210;210m▄[48;2;210;210;210m[38;2;211;211;211m▄[48;2;210;210;210m[38;2;211;211;211m▄[48;2;210;210;210m[38;2;209;209;209m▄[48;2;208;208;208m[38;2;208;208;208m▄[48;2;209;209;209m[38;2;209;209;209m▄[48;2;209;209;210m[38;2;208;209;208m▄[48;2;209;209;209m[38;2;209;209;208m▄[48;2;209;209;208m[38;2;208;208;208m▄[48;2;208;207;208m[38;2;207;207;207m▄[48;2;207;207;207m[38;2;207;207;207m▄[48;2;207;207;207m[38;2;206;206;206m▄[48;2;206;206;206m[38;2;206;205;207m▄[48;2;206;206;206m[38;2;204;204;205m▄[48;2;205;205;205m[38;2;204;204;204m▄[0m
[48;2;214;214;214m[38;2;213;213;213m▄[48;2;214;214;214m[38;2;213;213;213m▄[48;2;215;214;216m[38;2;214;214;214m▄[48;2;215;215;216m[38;2;215;215;215m▄[48;2;215;215;215m[38;2;215;215;215m▄[48;2;215;215;215m[38;2;215;215;215m▄[48;2;215;215;215m[38;2;215;215;215m▄[48;2;215;215;215m[38;2;215;215;215m▄[48;2;215;215;215m[38;2;215;215;215m▄[48;2;215;215;215m[38;2;215;215;215m▄[48;2;215;215;215m[38;2;215;215;215m▄[48;2;216;216;216m[38;2;216;216;216m▄[48;2;216;216;216m[38;2;216;216;216m▄[48;2;215;215;215m[38;2;215;215;215m▄[48;2;215;215;215m[38;2;215;215;215m▄[48;2;215;215;217m[38;2;215;215;215m▄[48;2;216;216;216m[38;2;216;216;216m▄[48;2;216;216;216m[38;2;215;215;215m▄[48;2;215;215;215m[38;2;215;215;215m▄[48;2;215;215;215m[38;2;215;215;215m▄[48;2;215;215;215m[38;2;215;215;215m▄[48;2;216;216;216m[38;2;215;215;215m▄[48;2;216;214;215m[38;2;215;215;215m▄[48;2;215;222;221m[38;2;216;217;217m▄[48;2;218;168;177m[38;2;214;211;211m▄[48;2;214;161;171m[38;2;218;137;151m▄[48;2;207;213;212m[38;2;219;174;181m▄[48;2;210;187;193m[38;2;215;219;218m▄[48;2;208;188;193m[38;2;215;217;217m▄[48;2;207;200;202m[38;2;216;198;202m▄[48;2;207;217;215m[38;2;219;183;190m▄[48;2;210;221;219m[38;2;217;197;201m▄[48;2;215;215;216m[38;2;214;214;214m▄[48;2;215;213;215m[38;2;214;214;215m▄[48;2;215;215;215m[38;2;215;214;216m▄[48;2;214;214;215m[38;2;214;214;215m▄[48;2;214;214;214m[38;2;214;214;214m▄[48;2;214;214;214m[38;2;214;214;214m▄[48;2;214;214;214m[38;2;214;214;214m▄[48;2;214;214;214m[38;2;213;213;213m▄[48;2;213;213;214m[38;2;213;213;213m▄[48;2;213;212;213m[38;2;212;212;212m▄[48;2;212;212;211m[38;2;212;212;212m▄[48;2;212;212;212m[38;2;212;212;212m▄[48;2;212;212;212m[38;2;211;211;211m▄[48;2;211;211;212m[38;2;210;210;210m▄[48;2;211;210;211m[38;2;210;210;210m▄[48;2;211;211;211m[38;2;211;211;211m▄[48;2;211;211;211m[38;2;210;210;210m▄[48;2;210;210;210m[38;2;210;210;210m▄[48;2;211;211;211m[38;2;210;210;210m▄[48;2;210;210;210m[38;2;210;210;210m▄[48;2;209;209;209m[38;2;209;209;209m▄[48;2;209;209;209m[38;2;209;208;209m▄[48;2;209;209;209m[38;2;208;208;209m▄[48;2;208;208;208m[38;2;208;208;208m▄[48;2;208;208;208m[38;2;208;208;208m▄[48;2;207;207;207m[38;2;207;207;207m▄[48;2;207;207;207m[38;2;207;207;207m▄[48;2;207;207;207m[38;2;206;206;206m▄[48;2;205;205;206m[38;2;205;204;205m▄[48;2;205;204;205m[38;2;204;204;204m▄[48;2;204;204;205m[38;2;203;203;203m▄[48;2;204;204;204m[38;2;203;203;203m▄[0m
[48;2;212;212;212m[38;2;211;211;211m▄[48;2;212;212;212m[38;2;211;211;211m▄[48;2;213;213;213m[38;2;212;212;212m▄[48;2;214;214;214m[38;2;213;213;213m▄[48;2;214;214;214m[38;2;213;213;213m▄[48;2;214;214;214m[38;2;213;213;213m▄[48;2;214;214;214m[38;2;214;214;214m▄[48;2;215;215;215m[38;2;214;214;214m▄[48;2;215;215;215m[38;2;214;214;214m▄[48;2;215;215;215m[38;2;214;214;214m▄[48;2;215;215;215m[38;2;215;215;215m▄[48;2;216;216;216m[38;2;215;215;215m▄[48;2;216;216;216m[38;2;215;215;215m▄[48;2;215;215;215m[38;2;215;215;215m▄[48;2;216;216;216m[38;2;215;215;215m▄[48;2;215;215;215m[38;2;215;215;215m▄[48;2;216;216;216m[38;2;215;215;215m▄[48;2;215;215;215m[38;2;215;215;215m▄[48;2;215;215;215m[38;2;215;215;215m▄[48;2;215;215;215m[38;2;215;215;215m▄[48;2;215;215;215m[38;2;215;215;215m▄[48;2;215;215;215m[38;2;215;215;215m▄[48;2;215;215;215m[38;2;215;215;215m▄[48;2;215;214;214m[38;2;215;215;215m▄[48;2;215;218;218m[38;2;215;214;214m▄[48;2;211;204;205m[38;2;215;217;217m▄[48;2;214;145;157m[38;2;210;216;215m▄[48;2;220;139;155m[38;2;206;193;196m▄[48;2;219;142;156m[38;2;205;192;195m▄[48;2;217;146;159m[38;2;206;208;207m▄[48;2;212;154;164m[38;2;208;216;215m▄[48;2;213;164;174m[38;2;209;212;214m▄[48;2;213;208;209m[38;2;213;212;213m▄[48;2;215;216;216m[38;2;214;214;214m▄[48;2;215;214;215m[38;2;214;214;214m▄[48;2;214;214;214m[38;2;213;213;213m▄[48;2;214;214;214m[38;2;213;213;213m▄[48;2;213;213;213m[38;2;212;212;212m▄[48;2;213;213;213m[38;2;212;212;212m▄[48;2;213;213;213m[38;2;212;212;212m▄[48;2;212;212;212m[38;2;211;211;211m▄[48;2;212;212;212m[38;2;211;211;211m▄[48;2;212;212;213m[38;2;211;210;212m▄[48;2;211;211;211m[38;2;211;211;211m▄[48;2;210;210;210m[38;2;211;211;211m▄[48;2;210;210;211m[38;2;211;211;211m▄[48;2;210;210;210m[38;2;210;210;210m▄[48;2;210;210;210m[38;2;210;210;210m▄[48;2;210;210;210m[38;2;210;210;210m▄[48;2;210;210;210m[38;2;209;209;209m▄[48;2;209;209;210m[38;2;208;208;208m▄[48;2;209;209;209m[38;2;208;208;208m▄[48;2;208;208;208m[38;2;208;208;208m▄[48;2;208;208;208m[38;2;208;208;208m▄[48;2;208;208;208m[38;2;208;208;208m▄[48;2;208;207;209m[38;2;207;207;208m▄[48;2;208;208;208m[38;2;207;207;207m▄[48;2;207;207;207m[38;2;206;206;206m▄[48;2;206;206;206m[38;2;205;205;206m▄[48;2;206;206;206m[38;2;205;205;205m▄[48;2;204;205;204m[38;2;204;204;204m▄[48;2;204;204;204m[38;2;204;204;204m▄[48;2;203;203;203m[38;2;203;203;203m▄[48;2;203;203;203m[38;2;203;203;204m▄[0m
[48;2;210;210;210m[38;2;211;211;211m▄[48;2;211;211;211m[38;2;210;210;210m▄[48;2;211;211;211m[38;2;211;211;212m▄[48;2;212;212;212m[38;2;211;211;212m▄[48;2;212;212;212m[38;2;211;211;211m▄[48;2;213;213;213m[38;2;212;212;212m▄[48;2;214;214;214m[38;2;213;213;213m▄[48;2;213;213;213m[38;2;212;212;212m▄[48;2;214;214;214m[38;2;212;212;212m▄[48;2;213;213;213m[38;2;213;213;213m▄[48;2;214;214;214m[38;2;213;213;213m▄[48;2;214;214;214m[38;2;213;213;213m▄[48;2;214;214;214m[38;2;213;213;213m▄[48;2;215;215;215m[38;2;214;214;214m▄[48;2;214;214;214m[38;2;214;214;214m▄[48;2;215;215;215m[38;2;213;213;214m▄[48;2;215;215;215m[38;2;214;214;214m▄[48;2;214;214;214m[38;2;214;214;214m▄[48;2;215;215;215m[38;2;214;214;214m▄[48;2;215;215;215m[38;2;213;213;213m▄[48;2;215;215;215m[38;2;213;213;213m▄[48;2;215;215;215m[38;2;214;214;214m▄[48;2;214;214;214m[38;2;214;214;214m▄[48;2;214;214;214m[38;2;213;213;213m▄[48;2;214;215;215m[38;2;213;213;213m▄[48;2;214;213;214m[38;2;213;213;213m▄[48;2;215;214;214m[38;2;213;213;213m▄[48;2;214;217;216m[38;2;213;212;213m▄[48;2;213;216;216m[38;2;213;212;213m▄[48;2;215;214;214m[38;2;213;212;212m▄[48;2;215;213;214m[38;2;213;213;213m▄[48;2;215;214;214m[38;2;213;213;213m▄[48;2;214;214;214m[38;2;212;212;212m▄[48;2;213;213;213m[38;2;212;212;212m▄[48;2;213;213;213m[38;2;212;212;212m▄[48;2;212;212;212m[38;2;212;212;212m▄[48;2;213;213;213m[38;2;212;212;212m▄[48;2;212;212;212m[38;2;212;212;212m▄[48;2;211;211;211m[38;2;211;211;211m▄[48;2;211;211;211m[38;2;210;210;210m▄[48;2;210;211;210m[38;2;210;210;210m▄[48;2;211;211;211m[38;2;211;211;211m▄[48;2;210;210;210m[38;2;210;210;210m▄[48;2;210;210;210m[38;2;210;210;210m▄[48;2;210;210;210m[38;2;210;210;210m▄[48;2;211;211;211m[38;2;210;210;209m▄[48;2;210;209;210m[38;2;209;209;209m▄[48;2;210;210;210m[38;2;209;209;209m▄[48;2;210;210;210m[38;2;209;209;209m▄[48;2;209;209;209m[38;2;208;208;208m▄[48;2;209;209;209m[38;2;207;208;208m▄[48;2;209;209;209m[38;2;208;208;208m▄[48;2;208;208;208m[38;2;208;208;208m▄[48;2;208;208;208m[38;2;208;208;208m▄[48;2;207;208;207m[38;2;207;207;207m▄[48;2;207;207;207m[38;2;207;206;208m▄[48;2;207;206;207m[38;2;205;205;207m▄[48;2;205;205;205m[38;2;205;205;205m▄[48;2;205;204;205m[38;2;203;203;203m▄[48;2;204;204;204m[38;2;203;203;203m▄[48;2;203;203;203m[38;2;202;202;202m▄[48;2;203;203;203m[38;2;202;202;202m▄[48;2;203;203;203m[38;2;203;203;203m▄[48;2;203;203;203m[38;2;202;202;203m▄[0m
[48;2;210;210;210m[38;2;211;211;211m▄[48;2;210;210;210m[38;2;211;211;211m▄[48;2;211;211;212m[38;2;211;211;211m▄[48;2;211;211;211m[38;2;210;210;210m▄[48;2;211;211;211m[38;2;210;210;210m▄[48;2;212;212;212m[38;2;212;212;212m▄[48;2;212;212;212m[38;2;212;212;212m▄[48;2;211;211;211m[38;2;211;211;211m▄[48;2;211;211;211m[38;2;212;212;212m▄[48;2;212;212;212m[38;2;212;212;212m▄[48;2;213;213;213m[38;2;212;212;212m▄[48;2;213;213;213m[38;2;212;212;212m▄[48;2;213;213;213m[38;2;213;213;213m▄[48;2;213;213;213m[38;2;213;213;213m▄[48;2;214;214;214m[38;2;212;212;212m▄[48;2;213;213;213m[38;2;213;213;213m▄[48;2;213;213;213m[38;2;212;212;212m▄[48;2;212;212;212m[38;2;212;212;212m▄[48;2;212;212;212m[38;2;212;212;212m▄[48;2;213;213;213m[38;2;212;212;212m▄[48;2;213;213;213m[38;2;213;213;213m▄[48;2;214;214;214m[38;2;213;213;213m▄[48;2;213;213;213m[38;2;213;213;213m▄[48;2;213;213;213m[38;2;213;213;213m▄[48;2;213;213;213m[38;2;213;213;213m▄[48;2;211;211;211m[38;2;213;213;213m▄[48;2;212;212;212m[38;2;213;213;213m▄[48;2;212;212;212m[38;2;212;212;212m▄[48;2;212;212;212m[38;2;212;212;212m▄[48;2;211;211;211m[38;2;211;211;211m▄[48;2;211;211;211m[38;2;212;212;212m▄[48;2;212;212;212m[38;2;212;212;212m▄[48;2;211;211;212m[38;2;211;211;211m▄[48;2;212;212;212m[38;2;211;211;211m▄[48;2;211;211;211m[38;2;211;211;211m▄[48;2;211;211;211m[38;2;210;210;210m▄[48;2;211;211;211m[38;2;210;210;210m▄[48;2;212;212;212m[38;2;210;210;210m▄[48;2;211;211;211m[38;2;210;210;210m▄[48;2;210;210;210m[38;2;210;210;210m▄[48;2;210;210;210m[38;2;210;210;210m▄[48;2;210;210;210m[38;2;210;210;210m▄[48;2;210;210;210m[38;2;210;210;210m▄[48;2;210;210;210m[38;2;210;210;210m▄[48;2;210;210;210m[38;2;209;209;209m▄[48;2;209;209;209m[38;2;209;209;209m▄[48;2;210;210;210m[38;2;209;209;209m▄[48;2;209;209;209m[38;2;209;209;209m▄[48;2;208;208;208m[38;2;208;208;208m▄[48;2;208;208;208m[38;2;208;208;208m▄[48;2;208;208;208m[38;2;208;208;208m▄[48;2;207;207;207m[38;2;207;207;207m▄[48;2;207;207;207m[38;2;207;207;207m▄[48;2;207;207;207m[38;2;207;207;207m▄[48;2;206;206;207m[38;2;205;205;205m▄[48;2;206;206;206m[38;2;204;204;204m▄[48;2;204;204;204m[38;2;204;204;204m▄[48;2;204;204;203m[38;2;202;202;202m▄[48;2;208;208;208m[38;2;211;211;211m▄[48;2;211;211;211m[38;2;216;216;216m▄[48;2;203;203;203m[38;2;204;204;204m▄[48;2;203;203;203m[38;2;203;203;203m▄[48;2;202;202;202m[38;2;202;202;202m▄[48;2;202;202;203m[38;2;202;202;203m▄[0m
[48;2;210;210;210m[38;2;209;209;210m▄[48;2;210;210;210m[38;2;210;210;211m▄[48;2;210;210;210m[38;2;210;210;210m▄[48;2;210;210;210m[38;2;211;211;211m▄[48;2;210;210;210m[38;2;211;211;211m▄[48;2;210;210;210m[38;2;211;211;211m▄[48;2;211;211;211m[38;2;211;211;211m▄[48;2;212;212;212m[38;2;211;211;211m▄[48;2;211;211;211m[38;2;212;212;212m▄[48;2;211;211;211m[38;2;211;211;211m▄[48;2;211;211;211m[38;2;213;213;213m▄[48;2;211;211;211m[38;2;213;213;213m▄[48;2;211;211;211m[38;2;212;212;212m▄[48;2;212;212;212m[38;2;213;213;213m▄[48;2;211;211;211m[38;2;213;213;213m▄[48;2;211;211;211m[38;2;213;213;213m▄[48;2;211;211;211m[38;2;213;213;213m▄[48;2;211;211;211m[38;2;213;213;213m▄[48;2;212;212;212m[38;2;213;213;213m▄[48;2;211;211;211m[38;2;213;213;213m▄[48;2;212;212;212m[38;2;213;213;213m▄[48;2;213;213;213m[38;2;213;213;213m▄[48;2;212;212;212m[38;2;211;211;211m▄[48;2;212;212;212m[38;2;211;211;211m▄[48;2;213;213;213m[38;2;211;211;211m▄[48;2;213;213;213m[38;2;211;211;211m▄[48;2;212;212;212m[38;2;210;210;210m▄[48;2;211;211;212m[38;2;210;210;210m▄[48;2;211;211;211m[38;2;209;209;209m▄[48;2;210;211;211m[38;2;208;208;209m▄[48;2;210;210;210m[38;2;208;208;209m▄[48;2;210;210;210m[38;2;208;208;208m▄[48;2;210;210;210m[38;2;208;208;208m▄[48;2;210;210;210m[38;2;208;208;209m▄[48;2;210;210;210m[38;2;209;209;209m▄[48;2;210;210;210m[38;2;209;209;209m▄[48;2;210;210;210m[38;2;210;210;210m▄[48;2;210;210;210m[38;2;210;210;210m▄[48;2;210;210;210m[38;2;210;210;210m▄[48;2;210;210;210m[38;2;210;210;210m▄[48;2;210;210;210m[38;2;210;210;210m▄[48;2;209;209;210m[38;2;208;209;209m▄[48;2;208;208;208m[38;2;208;208;208m▄[48;2;209;208;209m[38;2;208;208;208m▄[48;2;208;208;208m[38;2;208;208;208m▄[48;2;208;208;208m[38;2;208;208;208m▄[48;2;208;208;208m[38;2;208;208;208m▄[48;2;208;208;208m[38;2;208;208;208m▄[48;2;207;207;207m[38;2;207;207;207m▄[48;2;207;207;207m[38;2;207;207;207m▄[48;2;207;207;207m[38;2;207;207;207m▄[48;2;207;207;207m[38;2;207;207;207m▄[48;2;206;206;206m[38;2;206;206;207m▄[48;2;206;206;206m[38;2;206;206;206m▄[48;2;204;204;204m[38;2;205;205;205m▄[48;2;203;203;203m[38;2;204;204;204m▄[48;2;202;202;202m[38;2;203;203;203m▄[48;2;203;203;203m[38;2;203;203;203m▄[48;2;203;203;203m[38;2;203;203;203m▄[48;2;203;203;203m[38;2;202;202;202m▄[48;2;202;202;202m[38;2;203;203;203m▄[48;2;202;202;202m[38;2;202;202;203m▄[48;2;202;202;202m[38;2;202;201;202m▄[48;2;202;202;202m[38;2;202;202;202m▄[0m
[48;2;212;212;212m[38;2;214;214;214m▄[48;2;212;212;212m[38;2;214;214;214m▄[48;2;212;212;212m[38;2;214;214;214m▄[48;2;213;213;213m[38;2;215;215;215m▄[48;2;213;213;213m[38;2;215;215;215m▄[48;2;213;213;213m[38;2;215;215;215m▄[48;2;214;214;214m[38;2;215;215;215m▄[48;2;214;214;214m[38;2;216;216;216m▄[48;2;214;214;214m[38;2;216;216;216m▄[48;2;214;214;214m[38;2;216;216;216m▄[48;2;214;214;214m[38;2;216;216;216m▄[48;2;215;215;215m[38;2;216;216;216m▄[48;2;215;215;215m[38;2;216;216;216m▄[48;2;215;215;215m[38;2;216;216;216m▄[48;2;215;215;215m[38;2;216;216;216m▄[48;2;215;215;215m[38;2;216;216;216m▄[48;2;215;215;215m[38;2;216;216;216m▄[48;2;215;215;215m[38;2;216;216;216m▄[48;2;214;214;214m[38;2;216;216;216m▄[48;2;214;214;214m[38;2;215;215;215m▄[48;2;213;213;213m[38;2;215;215;215m▄[48;2;210;210;210m[38;2;213;213;213m▄[48;2;208;208;208m[38;2;210;210;210m▄[48;2;207;207;207m[38;2;208;208;208m▄[48;2;208;208;208m[38;2;207;207;207m▄[48;2;208;208;208m[38;2;207;207;207m▄[48;2;209;209;209m[38;2;207;207;207m▄[48;2;209;209;209m[38;2;207;207;208m▄[48;2;210;209;210m[38;2;209;209;209m▄[48;2;210;209;210m[38;2;210;210;210m▄[48;2;210;210;211m[38;2;210;210;210m▄[48;2;211;211;211m[38;2;211;211;211m▄[48;2;210;210;210m[38;2;210;210;210m▄[48;2;210;209;210m[38;2;209;210;210m▄[48;2;209;209;209m[38;2;210;210;210m▄[48;2;209;209;209m[38;2;210;210;210m▄[48;2;208;208;208m[38;2;210;210;210m▄[48;2;208;208;208m[38;2;210;210;210m▄[48;2;210;210;210m[38;2;212;212;212m▄[48;2;210;210;210m[38;2;212;212;212m▄[48;2;210;210;210m[38;2;211;211;211m▄[48;2;209;210;210m[38;2;210;210;210m▄[48;2;210;210;210m[38;2;211;211;211m▄[48;2;209;209;209m[38;2;211;211;211m▄[48;2;209;209;209m[38;2;211;211;211m▄[48;2;209;209;209m[38;2;210;210;210m▄[48;2;208;208;208m[38;2;210;210;210m▄[48;2;208;208;208m[38;2;209;209;209m▄[48;2;208;208;208m[38;2;209;209;209m▄[48;2;208;208;208m[38;2;209;209;209m▄[48;2;208;208;208m[38;2;209;209;209m▄[48;2;208;208;208m[38;2;208;208;208m▄[48;2;208;207;209m[38;2;208;208;209m▄[48;2;207;207;207m[38;2;208;208;208m▄[48;2;207;207;207m[38;2;207;207;207m▄[48;2;206;206;206m[38;2;208;208;208m▄[48;2;205;205;205m[38;2;207;207;207m▄[48;2;205;205;205m[38;2;207;207;207m▄[48;2;205;205;205m[38;2;207;207;207m▄[48;2;204;204;204m[38;2;206;206;206m▄[48;2;204;204;204m[38;2;205;205;205m▄[48;2;204;203;204m[38;2;205;205;205m▄[48;2;203;203;204m[38;2;204;204;204m▄[48;2;203;203;203m[38;2;204;204;204m▄[0m
