[48;2;218;218;218m[38;2;218;218;218m▄[48;2;220;220;220m[38;2;220;220;220m▄[48;2;221;221;221m[38;2;221;221;221m▄[48;2;222;222;222m[38;2;222;222;222m▄[48;2;223;223;223m[38;2;222;222;222m▄[48;2;223;223;223m[38;2;223;223;223m▄[48;2;224;224;224m[38;2;223;223;223m▄[48;2;225;225;225m[38;2;224;224;224m▄[48;2;225;225;225m[38;2;224;224;224m▄[48;2;225;225;225m[38;2;224;224;224m▄[48;2;225;225;225m[38;2;224;224;224m▄[48;2;226;226;226m[38;2;224;224;224m▄[48;2;227;227;227m[38;2;225;225;225m▄[48;2;228;228;228m[38;2;225;225;225m▄[48;2;227;227;227m[38;2;227;227;227m▄[48;2;228;228;228m[38;2;227;227;227m▄[48;2;227;227;227m[38;2;227;227;227m▄[48;2;227;227;227m[38;2;227;227;227m▄[48;2;227;227;227m[38;2;226;226;226m▄[48;2;227;227;227m[38;2;227;227;227m▄[48;2;227;227;227m[38;2;227;227;227m▄[48;2;227;227;227m[38;2;227;227;227m▄[48;2;227;227;227m[38;2;227;227;227m▄[48;2;227;227;227m[38;2;227;227;227m▄[48;2;227;227;227m[38;2;227;227;227m▄[48;2;227;227;227m[38;2;227;227;227m▄[48;2;228;228;228m[38;2;227;227;227m▄[48;2;227;227;227m[38;2;225;225;225m▄[48;2;225;225;225m[38;2;224;224;224m▄[48;2;225;225;225m[38;2;224;224;224m▄[48;2;226;226;226m[38;2;224;224;224m▄[48;2;226;226;226m[38;2;224;224;224m▄[48;2;225;225;225m[38;2;224;224;224m▄[48;2;224;224;224m[38;2;223;223;223m▄[48;2;224;224;224m[38;2;223;223;223m▄[48;2;223;223;223m[38;2;223;223;223m▄[48;2;223;223;223m[38;2;223;223;223m▄[48;2;222;222;222m[38;2;222;222;222m▄[48;2;221;221;221m[38;2;221;221;221m▄[48;2;221;221;221m[38;2;220;220;220m▄[48;2;220;220;220m[38;2;220;220;220m▄[48;2;219;219;219m[38;2;218;218;218m▄[48;2;217;217;217m[38;2;217;217;217m▄[48;2;216;216;216m[38;2;216;216;216m▄[48;2;216;216;216m[38;2;216;216;216m▄[48;2;216;216;216m[38;2;216;216;216m▄[48;2;216;216;216m[38;2;216;216;216m▄[48;2;216;216;216m[38;2;215;215;215m▄[48;2;216;216;216m[38;2;215;215;215m▄[48;2;215;215;215m[38;2;215;215;215m▄[48;2;214;214;214m[38;2;214;214;214m▄[48;2;213;213;213m[38;2;213;213;213m▄[48;2;213;213;213m[38;2;213;213;213m▄[48;2;211;211;211m[38;2;211;211;211m▄[48;2;210;210;210m[38;2;210;210;210m▄[48;2;210;210;210m[38;2;210;210;210m▄[48;2;210;210;210m[38;2;210;210;210m▄[48;2;210;210;210m[38;2;210;210;210m▄[48;2;209;209;209m[38;2;209;209;209m▄[48;2;208;208;208m[38;2;208;208;208m▄[48;2;208;208;208m[38;2;208;208;208m▄[48;2;207;207;207m[38;2;208;208;208m▄[48;2;207;207;207m[38;2;207;207;207m▄[48;2;207;207;207m[38;2;206;206;206m▄[0m
[48;2;217;217;217m[38;2;217;217;217m▄[48;2;218;218;218m[38;2;218;218;218m▄[48;2;221;221;221m[38;2;220;220;220m▄[48;2;222;222;222m[38;2;222;222;222m▄[48;2;223;223;223m[38;2;222;222;222m▄[48;2;223;223;223m[38;2;222;222;222m▄[48;2;223;223;223m[38;2;223;223;223m▄[48;2;223;223;223m[38;2;223;223;223m▄[48;2;224;224;224m[38;2;223;223;223m▄[48;2;224;224;224m[38;2;224;224;224m▄[48;2;224;224;224m[38;2;224;224;224m▄[48;2;224;224;224m[38;2;225;225;225m▄[48;2;224;224;224m[38;2;224;224;224m▄[48;2;224;224;224m[38;2;225;225;225m▄[48;2;226;226;226m[38;2;224;224;224m▄[48;2;226;226;226m[38;2;225;225;225m▄[48;2;226;226;226m[38;2;225;225;225m▄[48;2;227;227;227m[38;2;226;226;226m▄[48;2;227;227;227m[38;2;227;227;227m▄[48;2;227;227;227m[38;2;227;227;227m▄[48;2;227;227;227m[38;2;227;227;227m▄[48;2;227;227;227m[38;2;226;226;226m▄[48;2;227;227;227m[38;2;227;227;227m▄[48;2;226;226;226m[38;2;225;225;225m▄[48;2;227;227;227m[38;2;224;224;224m▄[48;2;226;226;226m[38;2;224;224;224m▄[48;2;225;225;225m[38;2;225;225;225m▄[48;2;225;225;225m[38;2;226;226;226m▄[48;2;223;223;222m[38;2;231;228;233m▄[48;2;222;223;222m[38;2;231;227;232m▄[48;2;222;223;222m[38;2;232;229;232m▄[48;2;224;225;224m[38;2;224;224;223m▄[48;2;224;224;224m[38;2;223;223;223m▄[48;2;223;223;223m[38;2;222;223;222m▄[48;2;222;223;222m[38;2;228;225;228m▄[48;2;221;222;221m[38;2;231;227;233m▄[48;2;222;223;222m[38;2;225;224;225m▄[48;2;222;222;222m[38;2;221;222;221m▄[48;2;221;221;221m[38;2;221;221;221m▄[48;2;221;221;221m[38;2;220;220;220m▄[48;2;219;219;219m[38;2;219;219;219m▄[48;2;218;218;218m[38;2;217;217;217m▄[48;2;216;216;216m[38;2;216;216;216m▄[48;2;216;216;216m[38;2;216;216;216m▄[48;2;216;216;216m[38;2;216;216;216m▄[48;2;216;216;216m[38;2;216;216;216m▄[48;2;216;216;216m[38;2;215;215;215m▄[48;2;216;216;216m[38;2;215;215;215m▄[48;2;215;215;215m[38;2;215;215;215m▄[48;2;215;215;215m[38;2;214;214;214m▄[48;2;214;214;214m[38;2;214;214;214m▄[48;2;213;213;213m[38;2;212;212;213m▄[48;2;212;212;212m[38;2;212;212;212m▄[48;2;211;211;211m[38;2;211;211;211m▄[48;2;210;210;210m[38;2;210;210;210m▄[48;2;210;210;210m[38;2;210;210;210m▄[48;2;210;210;210m[38;2;210;210;211m▄[48;2;210;210;210m[38;2;209;209;210m▄[48;2;210;210;210m[38;2;209;209;209m▄[48;2;208;208;208m[38;2;209;209;209m▄[48;2;208;208;208m[38;2;208;208;208m▄[48;2;208;208;208m[38;2;208;208;208m▄[48;2;207;207;207m[38;2;207;207;207m▄[48;2;206;206;206m[38;2;207;207;207m▄[0m
[48;2;217;217;217m[38;2;217;217;217m▄[48;2;218;218;218m[38;2;218;218;218m▄[48;2;220;220;220m[38;2;220;220;220m▄[48;2;222;222;222m[38;2;221;221;221m▄[48;2;223;223;223m[38;2;222;222;222m▄[48;2;222;222;222m[38;2;223;223;223m▄[48;2;223;223;223m[38;2;223;223;223m▄[48;2;223;223;223m[38;2;223;223;223m▄[48;2;223;223;223m[38;2;224;224;224m▄[48;2;224;224;224m[38;2;224;224;224m▄[48;2;225;225;225m[38;2;224;224;224m▄[48;2;225;225;225m[38;2;224;224;224m▄[48;2;225;225;225m[38;2;225;225;225m▄[48;2;225;225;225m[38;2;225;225;225m▄[48;2;224;224;224m[38;2;224;224;224m▄[48;2;224;224;224m[38;2;224;224;224m▄[48;2;225;225;225m[38;2;224;224;224m▄[48;2;225;225;225m[38;2;224;224;224m▄[48;2;225;225;225m[38;2;224;224;224m▄[48;2;225;225;225m[38;2;224;224;224m▄[48;2;225;225;225m[38;2;224;224;224m▄[48;2;224;224;224m[38;2;224;224;224m▄[48;2;225;225;225m[38;2;224;224;224m▄[48;2;225;225;225m[38;2;224;224;224m▄[48;2;225;225;225m[38;2;224;224;224m▄[48;2;224;224;224m[38;2;224;224;224m▄[48;2;225;225;225m[38;2;226;226;226m▄[48;2;224;224;224m[38;2;219;221;221m▄[48;2;159;188;152m[38;2;138;182;120m▄[48;2;159;190;152m[38;2;152;196;98m▄[48;2;188;203;187m[38;2;133;179;92m▄[48;2;226;225;228m[38;2;146;179;135m▄[48;2;224;224;223m[38;2;230;227;231m▄[48;2;231;228;231m[38;2;196;207;198m▄[48;2;189;204;186m[38;2;119;170;86m▄[48;2;146;182;134m[38;2;109;164;81m▄[48;2;214;217;214m[38;2;200;207;200m▄[48;2;224;223;224m[38;2;222;221;222m▄[48;2;221;221;221m[38;2;220;221;220m▄[48;2;220;220;220m[38;2;220;220;220m▄[48;2;218;218;218m[38;2;218;218;218m▄[48;2;217;217;217m[38;2;217;217;217m▄[48;2;216;216;216m[38;2;217;217;217m▄[48;2;216;216;216m[38;2;216;216;216m▄[48;2;216;216;216m[38;2;216;216;216m▄[48;2;216;216;216m[38;2;216;216;216m▄[48;2;215;215;215m[38;2;215;215;215m▄[48;2;215;215;215m[38;2;215;215;215m▄[48;2;214;214;214m[38;2;215;215;215m▄[48;2;214;214;214m[38;2;214;214;214m▄[48;2;214;213;214m[38;2;214;214;214m▄[48;2;213;213;213m[38;2;213;213;213m▄[48;2;213;213;212m[38;2;212;212;212m▄[48;2;211;211;211m[38;2;210;210;210m▄[48;2;210;210;210m[38;2;210;210;210m▄[48;2;210;210;210m[38;2;210;210;210m▄[48;2;210;210;210m[38;2;210;210;210m▄[48;2;210;210;210m[38;2;209;209;209m▄[48;2;208;208;208m[38;2;208;208;208m▄[48;2;209;209;209m[38;2;208;208;208m▄[48;2;208;208;208m[38;2;208;208;208m▄[48;2;207;207;207m[38;2;207;207;207m▄[48;2;207;207;207m[38;2;207;207;207m▄[48;2;207;207;207m[38;2;207;207;207m▄[0m
[48;2;217;217;217m[38;2;216;216;216m▄[48;2;217;217;217m[38;2;217;217;217m▄[48;2;218;218;218m[38;2;217;217;217m▄[48;2;221;221;221m[38;2;219;219;219m▄[48;2;221;221;221m[38;2;221;221;221m▄[48;2;222;222;222m[38;2;221;221;221m▄[48;2;223;223;223m[38;2;222;222;222m▄[48;2;223;223;223m[38;2;223;223;223m▄[48;2;223;223;223m[38;2;223;223;223m▄[48;2;224;224;224m[38;2;223;223;223m▄[48;2;224;224;224m[38;2;223;223;223m▄[48;2;224;224;224m[38;2;224;224;224m▄[48;2;224;224;224m[38;2;224;224;224m▄[48;2;225;225;225m[38;2;224;224;224m▄[48;2;224;224;224m[38;2;224;224;224m▄[48;2;224;224;224m[38;2;224;224;224m▄[48;2;224;224;224m[38;2;224;224;224m▄[48;2;224;224;224m[38;2;224;224;224m▄[48;2;224;224;224m[38;2;224;224;224m▄[48;2;224;224;224m[38;2;224;224;224m▄[48;2;224;224;224m[38;2;225;225;225m▄[48;2;224;224;224m[38;2;224;224;224m▄[48;2;224;224;224m[38;2;224;224;224m▄[48;2;224;224;224m[38;2;224;224;224m▄[48;2;224;224;224m[38;2;224;224;224m▄[48;2;224;224;224m[38;2;224;224;224m▄[48;2;223;224;223m[38;2;223;223;223m▄[48;2;230;227;232m[38;2;229;226;228m▄[48;2;151;183;142m[38;2;201;213;206m▄[48;2;142;186;82m[38;2;122;177;97m▄[48;2;141;186;84m[38;2;125;181;73m▄[48;2;124;176;71m[38;2;113;166;71m▄[48;2;165;188;159m[38;2;107;161;79m▄[48;2;134;174;119m[38;2;102;153;90m▄[48;2;125;167;106m[38;2;160;183;157m▄[48;2;202;203;207m[38;2;157;184;144m▄[48;2;218;214;220m[38;2;153;182;144m▄[48;2;224;221;224m[38;2;177;195;177m▄[48;2;220;220;220m[38;2;221;220;224m▄[48;2;219;219;219m[38;2;222;221;222m▄[48;2;218;218;218m[38;2;216;217;216m▄[48;2;217;217;217m[38;2;217;217;217m▄[48;2;216;216;216m[38;2;216;216;216m▄[48;2;216;216;216m[38;2;216;216;216m▄[48;2;217;217;217m[38;2;216;216;216m▄[48;2;216;216;216m[38;2;215;215;215m▄[48;2;215;215;215m[38;2;215;215;215m▄[48;2;215;215;215m[38;2;215;215;215m▄[48;2;215;215;215m[38;2;214;214;214m▄[48;2;215;215;215m[38;2;214;214;214m▄[48;2;214;214;214m[38;2;213;213;213m▄[48;2;212;212;212m[38;2;213;213;213m▄[48;2;212;212;212m[38;2;211;211;211m▄[48;2;210;210;211m[38;2;210;210;210m▄[48;2;210;210;210m[38;2;210;210;210m▄[48;2;210;210;210m[38;2;211;211;211m▄[48;2;210;210;210m[38;2;211;211;211m▄[48;2;210;210;210m[38;2;209;209;209m▄[48;2;209;209;209m[38;2;208;208;208m▄[48;2;208;208;208m[38;2;209;209;209m▄[48;2;208;208;208m[38;2;208;208;208m▄[48;2;207;207;207m[38;2;207;207;207m▄[48;2;207;207;207m[38;2;207;207;207m▄[48;2;205;205;205m[38;2;206;206;206m▄[0m
[48;2;216;216;216m[38;2;216;216;216m▄[48;2;217;217;217m[38;2;216;216;216m▄[48;2;217;217;217m[38;2;216;216;216m▄[48;2;218;218;218m[38;2;217;217;217m▄[48;2;219;219;219m[38;2;218;218;218m▄[48;2;220;220;220m[38;2;220;220;220m▄[48;2;221;221;221m[38;2;220;220;220m▄[48;2;222;222;222m[38;2;221;221;221m▄[48;2;223;223;223m[38;2;222;222;222m▄[48;2;223;223;223m[38;2;222;222;222m▄[48;2;223;223;223m[38;2;223;223;223m▄[48;2;223;223;223m[38;2;223;223;223m▄[48;2;223;223;223m[38;2;223;223;223m▄[48;2;224;224;224m[38;2;223;223;224m▄[48;2;224;224;224m[38;2;223;223;223m▄[48;2;224;224;224m[38;2;223;223;223m▄[48;2;224;224;224m[38;2;224;224;224m▄[48;2;224;224;224m[38;2;224;224;224m▄[48;2;224;224;224m[38;2;224;224;224m▄[48;2;224;224;224m[38;2;223;223;223m▄[48;2;224;224;224m[38;2;223;223;223m▄[48;2;224;224;224m[38;2;223;223;224m▄[48;2;224;224;224m[38;2;223;223;223m▄[48;2;224;224;224m[38;2;223;223;223m▄[48;2;223;223;223m[38;2;223;223;223m▄[48;2;224;224;224m[38;2;223;223;223m▄[48;2;224;224;224m[38;2;223;225;225m▄[48;2;223;228;227m[38;2;218;166;175m▄[48;2;227;209;215m[38;2;227;139;149m▄[48;2;188;173;166m[38;2;235;141;153m▄[48;2;123;157;97m[38;2;227;134;151m▄[48;2;97;164;82m[38;2;194;134;139m▄[48;2;67;139;56m[38;2;182;146;133m▄[48;2;79;146;72m[38;2;104;142;75m▄[48;2;114;168;84m[38;2;88;161;62m▄[48;2;124;178;79m[38;2;114;176;70m▄[48;2;142;187;90m[38;2;130;185;74m▄[48;2;143;188;99m[38;2;128;178;69m▄[48;2;136;175;120m[38;2;119;164;98m▄[48;2;207;211;208m[38;2;199;204;201m▄[48;2;220;219;220m[38;2;219;218;219m▄[48;2;216;216;216m[38;2;215;216;215m▄[48;2;216;216;216m[38;2;216;216;216m▄[48;2;216;216;216m[38;2;216;216;216m▄[48;2;216;216;216m[38;2;216;216;216m▄[48;2;215;215;215m[38;2;215;215;215m▄[48;2;215;215;215m[38;2;215;215;215m▄[48;2;215;215;215m[38;2;215;215;215m▄[48;2;214;214;214m[38;2;214;214;214m▄[48;2;213;213;213m[38;2;213;213;213m▄[48;2;213;213;213m[38;2;213;213;213m▄[48;2;212;212;212m[38;2;212;212;212m▄[48;2;210;210;210m[38;2;210;210;210m▄[48;2;210;210;210m[38;2;210;210;210m▄[48;2;210;210;210m[38;2;210;210;210m▄[48;2;211;211;211m[38;2;210;211;210m▄[48;2;210;210;210m[38;2;209;208;209m▄[48;2;209;209;209m[38;2;208;208;208m▄[48;2;209;209;209m[38;2;208;208;208m▄[48;2;208;208;208m[38;2;208;208;208m▄[48;2;207;207;207m[38;2;208;208;208m▄[48;2;207;207;207m[38;2;207;207;207m▄[48;2;207;207;207m[38;2;206;206;206m▄[48;2;205;205;205m[38;2;206;206;206m▄[0m
[48;2;216;216;216m[38;2;216;216;216m▄[48;2;216;216;216m[38;2;216;216;216m▄[48;2;216;216;216m[38;2;216;216;216m▄[48;2;217;217;217m[38;2;216;216;216m▄[48;2;217;217;217m[38;2;217;217;217m▄[48;2;219;219;219m[38;2;217;217;217m▄[48;2;220;220;220m[38;2;218;218;218m▄[48;2;221;221;221m[38;2;220;220;220m▄[48;2;221;221;221m[38;2;221;221;221m▄[48;2;221;221;221m[38;2;221;221;221m▄[48;2;222;222;222m[38;2;221;221;221m▄[48;2;223;223;223m[38;2;221;221;221m▄[48;2;223;223;223m[38;2;222;222;222m▄[48;2;223;223;223m[38;2;222;222;222m▄[48;2;223;223;223m[38;2;223;223;223m▄[48;2;224;224;224m[38;2;223;223;223m▄[48;2;223;223;223m[38;2;223;223;223m▄[48;2;223;223;223m[38;2;223;223;223m▄[48;2;224;224;224m[38;2;223;223;223m▄[48;2;223;223;223m[38;2;223;223;223m▄[48;2;223;223;223m[38;2;223;223;223m▄[48;2;224;223;224m[38;2;223;223;223m▄[48;2;224;223;223m[38;2;223;223;223m▄[48;2;223;223;223m[38;2;223;223;223m▄[48;2;223;221;222m[38;2;222;220;221m▄[48;2;224;230;229m[38;2;225;234;232m▄[48;2;217;187;191m[38;2;210;144;154m▄[48;2;227;128;140m[38;2;221;120;132m▄[48;2;235;138;148m[38;2;224;134;145m▄[48;2;236;139;148m[38;2;218;114;129m▄[48;2;224;124;135m[38;2;222;142;151m▄[48;2;231;147;157m[38;2;238;167;172m▄[48;2;250;166;178m[38;2;235;155;162m▄[48;2;218;126;135m[38;2;228;139;149m▄[48;2;169;147;120m[38;2;239;137;154m▄[48;2;147;156;103m[38;2;249;154;169m▄[48;2;136;154;104m[38;2;216;141;157m▄[48;2;150;175;148m[38;2;205;204;210m▄[48;2;197;196;199m[38;2;207;206;206m▄[48;2;209;206;209m[38;2;212;212;212m▄[48;2;214;214;214m[38;2;216;216;216m▄[48;2;216;216;216m[38;2;216;216;216m▄[48;2;216;216;216m[38;2;216;216;217m▄[48;2;216;216;216m[38;2;215;216;215m▄[48;2;216;216;216m[38;2;215;215;214m▄[48;2;216;216;216m[38;2;215;215;215m▄[48;2;215;215;215m[38;2;214;214;214m▄[48;2;214;214;214m[38;2;214;214;214m▄[48;2;214;214;214m[38;2;214;214;214m▄[48;2;213;213;213m[38;2;213;213;213m▄[48;2;213;213;213m[38;2;212;212;212m▄[48;2;212;212;212m[38;2;211;211;211m▄[48;2;211;211;211m[38;2;211;211;211m▄[48;2;210;210;210m[38;2;211;211;211m▄[48;2;211;211;211m[38;2;211;211;211m▄[48;2;210;210;210m[38;2;210;210;210m▄[48;2;210;210;210m[38;2;210;209;210m▄[48;2;209;209;209m[38;2;209;209;209m▄[48;2;209;209;209m[38;2;209;209;209m▄[48;2;209;209;209m[38;2;208;208;208m▄[48;2;208;208;208m[38;2;208;208;208m▄[48;2;207;207;207m[38;2;207;207;207m▄[48;2;207;207;207m[38;2;206;206;206m▄[48;2;206;206;206m[38;2;205;205;205m▄[0m
[48;2;216;216;216m[38;2;216;216;216m▄[48;2;216;216;216m[38;2;217;217;217m▄[48;2;216;216;216m[38;2;216;216;216m▄[48;2;216;216;216m[38;2;216;216;216m▄[48;2;217;217;217m[38;2;216;216;216m▄[48;2;217;217;217m[38;2;217;217;217m▄[48;2;217;217;217m[38;2;217;217;217m▄[48;2;218;218;218m[38;2;218;218;218m▄[48;2;219;219;219m[38;2;219;219;219m▄[48;2;219;219;219m[38;2;218;218;218m▄[48;2;221;221;221m[38;2;219;219;219m▄[48;2;221;221;221m[38;2;220;220;220m▄[48;2;221;221;221m[38;2;220;220;220m▄[48;2;221;221;221m[38;2;221;221;221m▄[48;2;222;222;222m[38;2;221;221;221m▄[48;2;222;222;223m[38;2;221;221;221m▄[48;2;223;223;223m[38;2;221;221;221m▄[48;2;222;222;222m[38;2;222;222;222m▄[48;2;222;222;222m[38;2;221;221;221m▄[48;2;222;222;222m[38;2;222;222;222m▄[48;2;223;223;223m[38;2;222;222;222m▄[48;2;223;223;223m[38;2;222;222;222m▄[48;2;222;222;222m[38;2;222;222;222m▄[48;2;222;221;221m[38;2;223;222;222m▄[48;2;224;230;229m[38;2;220;223;223m▄[48;2;212;179;185m[38;2;208;135;148m▄[48;2;219;121;134m[38;2;230;124;136m▄[48;2;231;131;144m[38;2;229;117;131m▄[48;2;233;131;145m[38;2;213;96;115m▄[48;2;218;126;138m[38;2;208;113;127m▄[48;2;236;164;171m[38;2;239;167;172m▄[48;2;236;154;162m[38;2;233;155;160m▄[48;2;238;159;166m[38;2;236;159;164m▄[48;2;228;145;151m[38;2;227;144;151m▄[48;2;222;130;139m[38;2;223;136;147m▄[48;2;239;167;172m[38;2;219;133;145m▄[48;2;210;104;119m[38;2;220;103;120m▄[48;2;202;150;158m[38;2;211;112;128m▄[48;2;215;222;221m[38;2;208;205;206m▄[48;2;216;215;215m[38;2;218;218;217m▄[48;2;215;216;217m[38;2;218;216;213m▄[48;2;216;217;218m[38;2;215;209;199m▄[48;2;215;215;213m[38;2;212;203;193m▄[48;2;215;215;216m[38;2;211;199;184m▄[48;2;216;217;220m[38;2;211;202;189m▄[48;2;215;214;214m[38;2;215;216;217m▄[48;2;215;215;215m[38;2;214;214;214m▄[48;2;214;214;214m[38;2;214;214;214m▄[48;2;214;214;214m[38;2;214;214;214m▄[48;2;213;213;213m[38;2;212;212;213m▄[48;2;212;212;212m[38;2;212;212;212m▄[48;2;211;211;211m[38;2;211;211;211m▄[48;2;211;211;211m[38;2;211;211;211m▄[48;2;211;211;211m[38;2;211;211;211m▄[48;2;210;210;210m[38;2;211;211;211m▄[48;2;210;210;210m[38;2;210;210;210m▄[48;2;209;209;209m[38;2;208;208;208m▄[48;2;209;209;209m[38;2;209;209;209m▄[48;2;208;208;208m[38;2;208;208;208m▄[48;2;207;207;208m[38;2;208;208;208m▄[48;2;207;207;207m[38;2;207;207;207m▄[48;2;207;207;207m[38;2;207;207;207m▄[48;2;206;206;206m[38;2;206;206;206m▄[48;2;205;205;205m[38;2;205;204;205m▄[0m
[48;2;215;215;215m[38;2;215;215;215m▄[48;2;215;215;215m[38;2;215;215;215m▄[48;2;216;216;216m[38;2;216;216;216m▄[48;2;216;216;216m[38;2;216;216;216m▄[48;2;216;216;216m[38;2;216;216;216m▄[48;2;216;216;216m[38;2;216;216;216m▄[48;2;216;216;216m[38;2;216;216;216m▄[48;2;217;217;217m[38;2;216;216;216m▄[48;2;218;218;218m[38;2;216;216;216m▄[48;2;217;217;217m[38;2;216;216;216m▄[48;2;217;217;217m[38;2;217;217;217m▄[48;2;218;218;218m[38;2;217;217;217m▄[48;2;219;219;219m[38;2;218;218;218m▄[48;2;219;219;219m[38;2;219;219;219m▄[48;2;220;220;220m[38;2;219;219;219m▄[48;2;221;221;221m[38;2;220;220;220m▄[48;2;220;220;220m[38;2;219;219;219m▄[48;2;221;221;221m[38;2;219;219;219m▄[48;2;221;221;221m[38;2;220;220;220m▄[48;2;221;221;221m[38;2;221;221;221m▄[48;2;221;221;221m[38;2;220;220;220m▄[48;2;222;222;222m[38;2;221;221;221m▄[48;2;221;221;221m[38;2;221;220;220m▄[48;2;222;222;222m[38;2;220;218;219m▄[48;2;218;220;220m[38;2;222;229;228m▄[48;2;206;123;139m[38;2;202;143;154m▄[48;2;229;117;132m[38;2;203;85;104m▄[48;2;211;103;121m[38;2;219;113;130m▄[48;2;209;97;117m[38;2;215;97;116m▄[48;2;200;91;110m[38;2;220;109;126m▄[48;2;218;128;140m[38;2;215;105;121m▄[48;2;238;163;169m[38;2;208;110;125m▄[48;2;239;162;167m[38;2;233;158;165m▄[48;2;223;135;144m[38;2;213;121;134m▄[48;2;202;95;114m[38;2;224;108;123m▄[48;2;217;106;124m[38;2;233;125;138m▄[48;2;231;118;134m[38;2;227;108;125m▄[48;2;211;104;121m[38;2;196;115;130m▄[48;2;200;191;193m[38;2;199;203;203m▄[48;2;218;218;216m[38;2;214;213;213m▄[48;2;218;215;212m[38;2;215;215;216m▄[48;2;215;214;212m[38;2;214;214;215m▄[48;2;215;215;216m[38;2;213;213;211m▄[48;2;214;215;216m[38;2;214;215;216m▄[48;2;208;195;176m[38;2;214;212;210m▄[48;2;211;203;191m[38;2;207;193;172m▄[48;2;214;216;218m[38;2;214;216;219m▄[48;2;213;213;213m[38;2;213;213;213m▄[48;2;213;213;214m[38;2;212;212;212m▄[48;2;211;212;212m[38;2;211;211;211m▄[48;2;211;211;211m[38;2;211;211;211m▄[48;2;211;211;211m[38;2;211;211;211m▄[48;2;211;211;211m[38;2;211;211;211m▄[48;2;210;210;210m[38;2;210;210;210m▄[48;2;210;210;210m[38;2;210;210;210m▄[48;2;210;210;210m[38;2;209;209;209m▄[48;2;208;208;208m[38;2;209;209;209m▄[48;2;209;209;209m[38;2;209;209;209m▄[48;2;208;208;208m[38;2;207;207;208m▄[48;2;207;207;207m[38;2;207;207;207m▄[48;2;207;207;207m[38;2;207;207;207m▄[48;2;207;207;207m[38;2;206;206;207m▄[48;2;205;205;205m[38;2;204;204;204m▄[48;2;204;204;204m[38;2;204;204;204m▄[0m
[48;2;215;215;215m[38;2;214;214;214m▄[48;2;215;215;215m[38;2;215;215;215m▄[48;2;216;216;216m[38;2;215;215;215m▄[48;2;216;216;216m[38;2;215;215;215m▄[48;2;216;216;216m[38;2;215;215;215m▄[48;2;216;216;216m[38;2;216;216;216m▄[48;2;216;216;216m[38;2;217;217;217m▄[48;2;216;216;216m[38;2;216;216;216m▄[48;2;216;216;216m[38;2;216;216;216m▄[48;2;216;216;216m[38;2;216;216;216m▄[48;2;216;216;216m[38;2;216;216;216m▄[48;2;217;217;217m[38;2;216;216;216m▄[48;2;217;217;217m[38;2;217;217;217m▄[48;2;217;217;217m[38;2;217;217;217m▄[48;2;217;217;217m[38;2;217;217;217m▄[48;2;218;218;218m[38;2;217;217;217m▄[48;2;219;219;219m[38;2;217;217;217m▄[48;2;218;218;218m[38;2;217;216;216m▄[48;2;219;219;219m[38;2;218;218;218m▄[48;2;218;217;217m[38;2;218;225;224m▄[48;2;219;217;217m[38;2;217;222;222m▄[48;2;219;220;219m[38;2;217;216;216m▄[48;2;219;220;220m[38;2;218;211;212m▄[48;2;219;219;219m[38;2;217;214;214m▄[48;2;220;219;219m[38;2;217;221;221m▄[48;2;215;212;213m[38;2;221;233;231m▄[48;2;193;107;125m[38;2;200;152;163m▄[48;2;226;110;127m[38;2;218;95;115m▄[48;2;213;92;113m[38;2;221;104;122m▄[48;2;216;103;122m[38;2;209;94;113m▄[48;2;232;126;139m[38;2;231;126;138m▄[48;2;218;108;124m[38;2;227;119;133m▄[48;2;204;99;116m[38;2;203;81;102m▄[48;2;197;85;105m[38;2;209;84;105m▄[48;2;217;101;119m[38;2;210;89;110m▄[48;2;212;96;113m[38;2;210;75;99m▄[48;2;195;90;110m[38;2;188;113;130m▄[48;2;189;177;181m[38;2;195;206;204m▄[48;2;203;206;206m[38;2;212;207;207m▄[48;2;213;215;215m[38;2;224;212;212m▄[48;2;215;214;214m[38;2;216;218;216m▄[48;2;214;214;213m[38;2;217;219;221m▄[48;2;216;217;219m[38;2;206;198;187m▄[48;2;217;218;221m[38;2;197;179;155m▄[48;2;204;191;172m[38;2;205;193;178m▄[48;2;205;195;180m[38;2;211;211;211m▄[48;2;213;214;218m[38;2;207;204;199m▄[48;2;212;212;211m[38;2;211;212;212m▄[48;2;211;211;211m[38;2;211;211;211m▄[48;2;211;211;211m[38;2;211;211;211m▄[48;2;210;210;210m[38;2;210;210;210m▄[48;2;210;210;210m[38;2;210;210;210m▄[48;2;210;210;210m[38;2;211;211;211m▄[48;2;210;210;210m[38;2;210;210;210m▄[48;2;210;210;210m[38;2;208;208;208m▄[48;2;209;209;209m[38;2;208;208;208m▄[48;2;208;208;208m[38;2;208;208;208m▄[48;2;208;208;208m[38;2;207;207;207m▄[48;2;207;207;207m[38;2;207;207;207m▄[48;2;207;207;207m[38;2;206;206;206m▄[48;2;206;206;206m[38;2;206;206;206m▄[48;2;205;205;205m[38;2;205;205;205m▄[48;2;204;204;204m[38;2;204;204;204m▄[48;2;204;204;204m[38;2;203;203;203m▄[0m
[48;2;214;214;214m[38;2;214;214;214m▄[48;2;214;214;214m[38;2;214;214;214m▄[48;2;215;215;215m[38;2;214;214;214m▄[48;2;215;215;215m[38;2;215;215;215m▄[48;2;215;215;215m[38;2;215;215;215m▄[48;2;216;216;216m[38;2;215;215;215m▄[48;2;216;216;216m[38;2;215;215;215m▄[48;2;217;217;217m[38;2;216;216;216m▄[48;2;217;217;217m[38;2;216;216;216m▄[48;2;216;216;216m[38;2;216;216;216m▄[48;2;216;216;216m[38;2;216;216;216m▄[48;2;216;216;216m[38;2;216;216;216m▄[48;2;216;216;216m[38;2;216;216;217m▄[48;2;216;216;216m[38;2;216;216;216m▄[48;2;216;216;216m[38;2;216;216;216m▄[48;2;217;217;217m[38;2;217;216;216m▄[48;2;217;216;216m[38;2;217;221;220m▄[48;2;217;220;220m[38;2;215;203;205m▄[48;2;217;219;218m[38;2;216;134;145m▄[48;2;216;179;183m[38;2;232;167;173m▄[48;2;222;160;167m[38;2;226;149;157m▄[48;2;226;157;162m[38;2;219;131;139m▄[48;2;228;160;165m[38;2;219;124;134m▄[48;2;229;161;165m[38;2;226;139;150m▄[48;2;220;157;163m[38;2;240;175;182m▄[48;2;218;204;205m[38;2;220;137;146m▄[48;2;211;208;209m[38;2;218;212;211m▄[48;2;195;98;118m[38;2;206;201;204m▄[48;2;219;91;111m[38;2;192;128;142m▄[48;2;206;80;102m[38;2;193;107;125m▄[48;2;217;104;121m[38;2;188;122;135m▄[48;2;195;98;115m[38;2;215;143;149m▄[48;2;201;97;117m[38;2;221;147;152m▄[48;2;217;91;111m[38;2;195;118;133m▄[48;2;216;83;106m[38;2;187;110;128m▄[48;2;198;79;103m[38;2;187;166;172m▄[48;2;187;169;174m[38;2;195;203;202m▄[48;2;206;206;205m[38;2;231;202;204m▄[48;2;243;216;216m[38;2;255;244;244m▄[48;2;254;232;231m[38;2;242;203;207m▄[48;2;230;194;194m[38;2;216;135;141m▄[48;2;201;195;184m[38;2;199;195;185m▄[48;2;199;191;172m[38;2;215;176;182m▄[48;2;210;211;210m[38;2;223;143;151m▄[48;2;213;219;223m[38;2;212;180;183m▄[48;2;206;201;194m[38;2;204;204;195m▄[48;2;205;200;191m[38;2;209;207;206m▄[48;2;211;212;214m[38;2;211;211;211m▄[48;2;210;210;210m[38;2;211;211;211m▄[48;2;211;211;211m[38;2;211;211;211m▄[48;2;210;210;210m[38;2;210;210;210m▄[48;2;210;210;210m[38;2;210;210;210m▄[48;2;210;210;210m[38;2;209;209;209m▄[48;2;208;208;208m[38;2;208;208;208m▄[48;2;209;209;208m[38;2;208;208;208m▄[48;2;208;208;209m[38;2;208;208;208m▄[48;2;207;207;207m[38;2;207;207;207m▄[48;2;207;207;207m[38;2;207;207;207m▄[48;2;207;207;207m[38;2;206;206;207m▄[48;2;207;207;207m[38;2;206;206;206m▄[48;2;206;206;206m[38;2;205;205;205m▄[48;2;205;205;205m[38;2;204;204;204m▄[48;2;204;204;204m[38;2;203;203;203m▄[48;2;203;203;203m[38;2;203;203;203m▄[0m
[48;2;214;214;214m[38;2;213;213;213m▄[48;2;214;214;214m[38;2;214;214;214m▄[48;2;214;214;214m[38;2;214;214;214m▄[48;2;215;215;215m[38;2;214;214;214m▄[48;2;215;215;215m[38;2;215;215;215m▄[48;2;216;216;216m[38;2;215;215;215m▄[48;2;216;216;216m[38;2;215;215;215m▄[48;2;215;215;215m[38;2;216;216;216m▄[48;2;215;215;215m[38;2;216;216;216m▄[48;2;216;216;216m[38;2;215;215;215m▄[48;2;217;217;217m[38;2;216;216;216m▄[48;2;216;216;216m[38;2;216;216;216m▄[48;2;216;216;216m[38;2;216;216;216m▄[48;2;217;217;217m[38;2;216;216;216m▄[48;2;217;216;216m[38;2;216;216;216m▄[48;2;217;217;217m[38;2;218;221;221m▄[48;2;216;218;218m[38;2;211;194;197m▄[48;2;212;137;147m[38;2;212;131;142m▄[48;2;240;197;202m[38;2;239;196;203m▄[48;2;215;141;149m[38;2;194;86;103m▄[48;2;205;89;103m[38;2;221;142;153m▄[48;2;239;180;185m[38;2;234;173;182m▄[48;2;219;132;141m[38;2;192;102;116m▄[48;2;202;115;125m[38;2;205;132;143m▄[48;2;234;176;182m[38;2;245;193;199m▄[48;2;232;159;167m[38;2;208;118;133m▄[48;2;206;170;174m[38;2;201;111;125m▄[48;2;213;216;216m[38;2;216;144;154m▄[48;2;210;212;212m[38;2;209;126;138m▄[48;2;202;220;218m[38;2;206;139;150m▄[48;2;205;171;174m[38;2;202;131;140m▄[48;2;232;149;157m[38;2;207;105;117m▄[48;2;229;144;152m[38;2;199;106;119m▄[48;2;198;168;171m[38;2;220;186;190m▄[48;2;197;212;209m[38;2;239;207;208m▄[48;2;200;203;202m[38;2;240;213;212m▄[48;2;209;200;201m[38;2;234;188;191m▄[48;2;249;219;220m[38;2;253;237;237m▄[48;2;246;236;234m[38;2;229;194;197m▄[48;2;219;128;139m[38;2;206;111;125m▄[48;2;202;130;140m[38;2;205;121;132m▄[48;2;201;210;208m[38;2;197;155;159m▄[48;2;213;127;137m[38;2;207;116;130m▄[48;2;235;160;168m[38;2;205;98;115m▄[48;2;211;128;136m[38;2;199;153;160m▄[48;2;208;213;214m[38;2;202;209;209m▄[48;2;211;210;211m[38;2;211;209;210m▄[48;2;211;210;210m[38;2;210;210;211m▄[48;2;210;210;210m[38;2;210;210;211m▄[48;2;210;210;210m[38;2;210;210;210m▄[48;2;209;210;210m[38;2;210;210;211m▄[48;2;210;210;210m[38;2;210;209;212m▄[48;2;209;209;209m[38;2;209;208;211m▄[48;2;208;208;208m[38;2;208;208;208m▄[48;2;209;209;209m[38;2;209;209;209m▄[48;2;208;208;208m[38;2;208;208;208m▄[48;2;208;208;208m[38;2;207;207;206m▄[48;2;207;207;208m[38;2;207;207;206m▄[48;2;206;205;208m[38;2;206;206;207m▄[48;2;205;205;205m[38;2;204;204;205m▄[48;2;204;204;204m[38;2;204;203;204m▄[48;2;204;204;204m[38;2;203;203;203m▄[48;2;203;203;203m[38;2;203;203;204m▄[48;2;203;203;203m[38;2;203;203;203m▄[0m
[48;2;212;212;212m[38;2;211;211;211m▄[48;2;212;212;213m[38;2;211;211;211m▄[48;2;214;214;214m[38;2;212;211;212m▄[48;2;214;214;214m[38;2;213;213;213m▄[48;2;214;214;214m[38;2;214;214;214m▄[48;2;214;214;214m[38;2;214;214;214m▄[48;2;215;215;215m[38;2;214;214;214m▄[48;2;214;214;215m[38;2;214;214;214m▄[48;2;215;215;215m[38;2;214;214;214m▄[48;2;215;215;215m[38;2;215;215;215m▄[48;2;215;215;215m[38;2;215;215;215m▄[48;2;216;215;216m[38;2;215;215;215m▄[48;2;216;215;216m[38;2;216;216;216m▄[48;2;215;215;215m[38;2;216;216;216m▄[48;2;215;215;215m[38;2;215;215;215m▄[48;2;216;216;216m[38;2;216;215;215m▄[48;2;216;216;216m[38;2;216;219;218m▄[48;2;199;117;131m[38;2;214;207;208m▄[48;2;197;92;110m[38;2;196;154;162m▄[48;2;183;73;93m[38;2;188;95;113m▄[48;2;234;165;176m[38;2;234;153;164m▄[48;2;219;140;152m[38;2;205;121;138m▄[48;2;202;106;120m[38;2;238;166;176m▄[48;2;229;163;173m[38;2;179;88;106m▄[48;2;223;164;172m[38;2;184;106;122m▄[48;2;209;136;148m[38;2;228;160;171m▄[48;2;233;169;179m[38;2;199;111;128m▄[48;2;201;113;129m[38;2;170;59;82m▄[48;2;240;183;192m[38;2;240;176;185m▄[48;2;206;115;129m[38;2;168;60;85m▄[48;2;195;90;107m[38;2;207;117;133m▄[48;2;238;182;189m[38;2;231;169;177m▄[48;2;210;129;139m[38;2;226;174;180m▄[48;2;249;227;225m[38;2;250;244;242m▄[48;2;244;218;218m[38;2;230;179;186m▄[48;2;244;223;225m[38;2;230;177;184m▄[48;2;242;200;202m[38;2;229;178;184m▄[48;2;246;223;223m[38;2;234;169;178m▄[48;2;205;132;146m[38;2;186;99;117m▄[48;2;217;145;156m[38;2;200;108;126m▄[48;2;238;172;181m[38;2;214;131;145m▄[48;2;179;64;83m[38;2;166;57;79m▄[48;2;232;165;174m[38;2;236;163;172m▄[48;2;216;132;146m[38;2;178;75;96m▄[48;2;186;156;161m[38;2;179;71;93m▄[48;2;205;211;210m[38;2;198;161;168m▄[48;2;210;209;210m[38;2;212;219;217m▄[48;2;210;210;211m[38;2;209;208;207m▄[48;2;210;210;211m[38;2;209;209;209m▄[48;2;210;210;210m[38;2;210;210;210m▄[48;2;210;209;211m[38;2;210;209;211m▄[48;2;208;210;214m[38;2;206;209;212m▄[48;2;208;209;215m[38;2;208;208;214m▄[48;2;209;208;210m[38;2;209;208;210m▄[48;2;208;208;208m[38;2;208;208;208m▄[48;2;208;208;208m[38;2;209;209;207m▄[48;2;207;208;202m[38;2;207;207;201m▄[48;2;207;207;202m[38;2;205;207;201m▄[48;2;205;205;204m[38;2;205;205;204m▄[48;2;203;203;203m[38;2;204;203;204m▄[48;2;204;204;204m[38;2;203;203;203m▄[48;2;203;203;203m[38;2;202;202;203m▄[48;2;203;203;203m[38;2;202;202;202m▄[48;2;203;203;203m[38;2;203;203;203m▄[0m
[48;2;210;210;210m[38;2;210;210;210m▄[48;2;210;210;210m[38;2;210;210;210m▄[48;2;211;211;211m[38;2;210;210;210m▄[48;2;212;212;213m[38;2;210;210;210m▄[48;2;213;213;213m[38;2;211;211;211m▄[48;2;213;213;213m[38;2;212;212;212m▄[48;2;214;214;214m[38;2;213;213;213m▄[48;2;214;214;214m[38;2;214;214;214m▄[48;2;214;214;214m[38;2;214;214;214m▄[48;2;214;214;214m[38;2;215;215;215m▄[48;2;214;214;214m[38;2;214;214;214m▄[48;2;215;215;215m[38;2;214;214;214m▄[48;2;215;215;215m[38;2;214;214;214m▄[48;2;215;215;215m[38;2;214;214;214m▄[48;2;215;215;215m[38;2;215;215;215m▄[48;2;215;215;215m[38;2;215;215;215m▄[48;2;215;213;214m[38;2;213;211;212m▄[48;2;217;223;221m[38;2;209;209;195m▄[48;2;193;177;182m[38;2;184;140;151m▄[48;2;199;98;118m[38;2;205;96;117m▄[48;2;221;131;145m[38;2;201;101;120m▄[48;2;151;43;70m[38;2;170;116;129m▄[48;2;223;131;147m[38;2;179;84;107m▄[48;2;207;120;136m[38;2;237;143;158m▄[48;2;158;65;88m[38;2;166;65;87m▄[48;2;236;143;159m[38;2;185;84;106m▄[48;2;196;100;118m[38;2;212;111;131m▄[48;2;211;123;139m[38;2;177;76;101m▄[48;2;232;140;153m[38;2;212;117;133m▄[48;2;180;83;104m[38;2;183;79;102m▄[48;2;236;155;168m[38;2;217;154;166m▄[48;2;232;180;187m[38;2;239;215;215m▄[48;2;239;212;214m[38;2;220;177;183m▄[48;2;253;232;232m[38;2;234;199;201m▄[48;2;219;175;180m[38;2;241;215;216m▄[48;2;229;190;194m[38;2;196;139;149m▄[48;2;232;167;177m[38;2;175;76;98m▄[48;2;231;137;153m[38;2;195;97;116m▄[48;2;154;46;71m[38;2;150;51;75m▄[48;2;226;129;146m[38;2;193;86;108m▄[48;2;198;101;120m[38;2;200;94;116m▄[48;2;206;121;136m[38;2;171;65;88m▄[48;2;231;136;152m[38;2;206;104;123m▄[48;2;176;79;101m[38;2;182;75;99m▄[48;2;182;82;104m[38;2;173;99;116m▄[48;2;189;152;161m[38;2;193;197;196m▄[48;2;209;215;214m[38;2;203;203;204m▄[48;2;209;208;208m[38;2;210;210;209m▄[48;2;209;209;209m[38;2;208;208;208m▄[48;2;209;209;209m[38;2;208;208;208m▄[48;2;208;208;210m[38;2;208;208;208m▄[48;2;208;207;210m[38;2;208;208;208m▄[48;2;208;207;210m[38;2;207;207;208m▄[48;2;208;208;208m[38;2;207;207;207m▄[48;2;208;208;208m[38;2;207;207;206m▄[48;2;208;208;206m[38;2;207;207;206m▄[48;2;206;207;202m[38;2;206;207;203m▄[48;2;204;208;202m[38;2;204;207;202m▄[48;2;203;206;203m[38;2;201;205;203m▄[48;2;203;203;204m[38;2;201;203;206m▄[48;2;203;202;204m[38;2;203;202;205m▄[48;2;202;202;202m[38;2;202;202;202m▄[48;2;203;203;203m[38;2;202;202;202m▄[48;2;203;203;203m[38;2;203;203;203m▄[0m
[48;2;210;210;210m[38;2;209;209;209m▄[48;2;210;210;210m[38;2;210;210;210m▄[48;2;210;210;210m[38;2;210;210;210m▄[48;2;210;210;210m[38;2;210;210;210m▄[48;2;210;210;210m[38;2;210;210;210m▄[48;2;210;210;210m[38;2;210;210;210m▄[48;2;210;210;210m[38;2;210;210;210m▄[48;2;212;212;212m[38;2;211;211;211m▄[48;2;213;213;213m[38;2;210;210;210m▄[48;2;214;214;214m[38;2;211;211;211m▄[48;2;213;213;214m[38;2;211;211;211m▄[48;2;214;213;214m[38;2;212;212;212m▄[48;2;214;214;214m[38;2;212;212;212m▄[48;2;214;214;214m[38;2;212;212;212m▄[48;2;214;214;214m[38;2;212;212;212m▄[48;2;215;216;217m[38;2;213;213;213m▄[48;2;209;205;200m[38;2;213;212;212m▄[48;2;203;196;180m[38;2;194;178;160m▄[48;2;207;190;199m[38;2;209;206;198m▄[48;2;168;67;91m[38;2;203;186;187m▄[48;2;169;65;92m[38;2;189;162;160m▄[48;2;192;186;190m[38;2;190;180;164m▄[48;2;172;113;124m[38;2;204;194;184m▄[48;2;194;87;108m[38;2;163;82;103m▄[48;2;233;137;152m[38;2;191;80;103m▄[48;2;152;46;72m[38;2;236;140;154m▄[48;2;160;68;92m[38;2;197;106;125m▄[48;2;164;76;96m[38;2;158;64;87m▄[48;2;149;39;66m[38;2;182;96;115m▄[48;2;186;120;135m[38;2;223;187;191m▄[48;2;218;188;192m[38;2;216;187;191m▄[48;2;217;173;179m[38;2;223;186;192m▄[48;2;217;180;184m[38;2;226;191;195m▄[48;2;223;177;183m[38;2;230;196;200m▄[48;2;211;159;168m[38;2;185;111;125m▄[48;2;164;69;92m[38;2;173;86;106m▄[48;2;160;58;83m[38;2;186;101;121m▄[48;2;158;64;87m[38;2;180;89;110m▄[48;2;194;172;176m[38;2;185;171;175m▄[48;2;176;111;129m[38;2;200;204;194m▄[48;2;174;101;121m[38;2;190;183;165m▄[48;2;183;130;146m[38;2;191;187;170m▄[48;2;171;94;116m[38;2;195;194;184m▄[48;2;180;118;135m[38;2;193;196;191m▄[48;2;189;186;186m[38;2;193;189;181m▄[48;2;193;195;195m[38;2;204;203;204m▄[48;2;206;206;207m[38;2;208;208;208m▄[48;2;208;208;208m[38;2;208;208;208m▄[48;2;208;208;208m[38;2;207;207;207m▄[48;2;208;208;208m[38;2;207;207;207m▄[48;2;207;207;207m[38;2;207;207;207m▄[48;2;207;207;207m[38;2;206;206;206m▄[48;2;207;207;207m[38;2;206;206;206m▄[48;2;206;206;206m[38;2;206;206;206m▄[48;2;207;207;206m[38;2;204;204;204m▄[48;2;206;206;206m[38;2;204;204;204m▄[48;2;205;204;205m[38;2;203;203;203m▄[48;2;203;203;204m[38;2;203;203;203m▄[48;2;203;203;205m[38;2;203;203;203m▄[48;2;202;202;204m[38;2;202;202;202m▄[48;2;202;202;204m[38;2;201;201;202m▄[48;2;202;202;202m[38;2;202;202;202m▄[48;2;203;202;202m[38;2;202;202;202m▄[48;2;202;202;202m[38;2;200;200;201m▄[0m
[48;2;209;209;209m[38;2;211;211;211m▄[48;2;209;209;209m[38;2;212;212;212m▄[48;2;210;210;210m[38;2;212;212;213m▄[48;2;211;211;211m[38;2;213;213;213m▄[48;2;211;210;211m[38;2;213;213;213m▄[48;2;211;211;211m[38;2;214;214;214m▄[48;2;211;211;211m[38;2;214;214;214m▄[48;2;211;211;211m[38;2;214;214;214m▄[48;2;211;211;211m[38;2;214;214;215m▄[48;2;211;211;212m[38;2;214;214;214m▄[48;2;212;212;212m[38;2;214;214;214m▄[48;2;211;211;211m[38;2;215;215;215m▄[48;2;212;211;212m[38;2;214;214;214m▄[48;2;212;212;212m[38;2;215;215;215m▄[48;2;213;213;213m[38;2;215;215;215m▄[48;2;212;212;212m[38;2;215;215;215m▄[48;2;213;214;215m[38;2;215;215;214m▄[48;2;209;206;202m[38;2;215;216;217m▄[48;2;195;181;163m[38;2;214;216;219m▄[48;2;196;187;168m[38;2;213;214;216m▄[48;2;196;192;177m[38;2;213;214;216m▄[48;2;203;199;195m[38;2;212;213;214m▄[48;2;211;214;215m[38;2;212;211;211m▄[48;2;209;204;204m[38;2;212;214;214m▄[48;2;170;98;116m[38;2;211;213;212m▄[48;2;165;57;83m[38;2;190;157;166m▄[48;2;199;88;110m[38;2;164;98;116m▄[48;2;206;108;126m[38;2;187;126;141m▄[48;2;225;177;182m[38;2;218;180;186m▄[48;2;234;200;202m[38;2;208;169;176m▄[48;2;236;202;204m[38;2;211;168;175m▄[48;2;225;193;195m[38;2;226;185;190m▄[48;2;221;173;179m[38;2;214;156;166m▄[48;2;191;127;139m[38;2;185;87;110m▄[48;2;168;117;129m[38;2;186;84;108m▄[48;2;165;105;119m[38;2;196;94;116m▄[48;2;179;81;103m[38;2;198;96;117m▄[48;2;189;86;109m[38;2;156;54;81m▄[48;2;173;136;146m[38;2;186;174;178m▄[48;2;204;205;197m[38;2;204;208;208m▄[48;2;200;194;190m[38;2;208;209;210m▄[48;2;199;192;183m[38;2;207;209;211m▄[48;2;199;187;171m[38;2;207;208;211m▄[48;2;201;190;176m[38;2;207;208;210m▄[48;2;204;201;198m[38;2;207;208;208m▄[48;2;206;207;208m[38;2;208;208;209m▄[48;2;208;208;207m[38;2;208;208;209m▄[48;2;207;207;207m[38;2;209;209;209m▄[48;2;207;207;207m[38;2;208;208;208m▄[48;2;207;207;207m[38;2;208;208;208m▄[48;2;206;206;206m[38;2;207;207;207m▄[48;2;206;206;206m[38;2;207;207;207m▄[48;2;206;206;206m[38;2;207;207;207m▄[48;2;204;204;204m[38;2;207;207;207m▄[48;2;204;204;204m[38;2;206;206;206m▄[48;2;203;203;203m[38;2;206;206;206m▄[48;2;202;202;202m[38;2;205;205;205m▄[48;2;202;202;203m[38;2;205;205;205m▄[48;2;203;203;203m[38;2;204;204;204m▄[48;2;202;202;202m[38;2;203;203;203m▄[48;2;202;202;202m[38;2;203;203;203m▄[48;2;202;202;202m[38;2;203;203;203m▄[48;2;201;201;201m[38;2;202;202;202m▄[48;2;201;201;201m[38;2;203;203;203m▄[0m
[48;2;215;215;215m[38;2;216;216;216m▄[48;2;215;215;215m[38;2;217;217;217m▄[48;2;216;216;216m[38;2;217;217;217m▄[48;2;216;216;216m[38;2;218;218;218m▄[48;2;216;216;216m[38;2;217;217;217m▄[48;2;216;216;216m[38;2;218;218;218m▄[48;2;216;216;216m[38;2;218;218;218m▄[48;2;216;216;216m[38;2;218;218;218m▄[48;2;216;216;216m[38;2;218;218;218m▄[48;2;216;216;216m[38;2;218;218;218m▄[48;2;216;216;216m[38;2;218;218;218m▄[48;2;217;217;217m[38;2;218;218;218m▄[48;2;216;216;216m[38;2;218;218;218m▄[48;2;216;216;216m[38;2;218;218;218m▄[48;2;216;216;216m[38;2;218;218;218m▄[48;2;216;216;216m[38;2;217;217;217m▄[48;2;216;216;217m[38;2;217;217;217m▄[48;2;217;216;216m[38;2;216;216;216m▄[48;2;217;216;216m[38;2;215;215;215m▄[48;2;217;216;216m[38;2;214;214;214m▄[48;2;217;216;216m[38;2;213;213;213m▄[48;2;217;217;216m[38;2;212;212;213m▄[48;2;217;217;217m[38;2;212;212;212m▄[48;2;216;215;215m[38;2;211;211;211m▄[48;2;210;210;210m[38;2;210;209;209m▄[48;2;204;210;208m[38;2;207;206;206m▄[48;2;197;201;200m[38;2;203;202;202m▄[48;2;189;188;187m[38;2;199;197;197m▄[48;2;183;177;179m[38;2;197;192;193m▄[48;2;180;178;179m[38;2;196;190;193m▄[48;2;187;178;180m[38;2;194;188;192m▄[48;2;203;173;179m[38;2;189;188;188m▄[48;2;167;99;116m[38;2;190;190;190m▄[48;2;156;69;91m[38;2;187;179;181m▄[48;2;166;71;94m[38;2;187;172;176m▄[48;2;159;66;90m[38;2;190;179;181m▄[48;2;157;79;98m[38;2;192;193;192m▄[48;2;180;154;161m[38;2;189;193;192m▄[48;2;188;191;191m[38;2;198;197;198m▄[48;2;202;200;201m[38;2;205;205;205m▄[48;2;209;209;209m[38;2;207;208;208m▄[48;2;210;210;210m[38;2;210;210;210m▄[48;2;210;210;209m[38;2;211;211;211m▄[48;2;210;209;209m[38;2;210;210;210m▄[48;2;210;209;209m[38;2;210;210;210m▄[48;2;210;210;211m[38;2;210;210;210m▄[48;2;209;209;210m[38;2;210;210;210m▄[48;2;210;210;210m[38;2;210;210;210m▄[48;2;210;210;210m[38;2;210;210;210m▄[48;2;209;209;209m[38;2;211;210;211m▄[48;2;209;209;209m[38;2;210;210;210m▄[48;2;209;209;209m[38;2;210;210;210m▄[48;2;209;209;209m[38;2;210;210;210m▄[48;2;208;208;208m[38;2;210;210;210m▄[48;2;208;208;208m[38;2;210;210;210m▄[48;2;208;208;208m[38;2;210;210;210m▄[48;2;207;208;207m[38;2;209;209;209m▄[48;2;207;207;207m[38;2;209;209;209m▄[48;2;211;211;211m[38;2;216;216;216m▄[48;2;213;213;213m[38;2;220;220;220m▄[48;2;206;206;206m[38;2;208;208;208m▄[48;2;206;206;206m[38;2;208;208;208m▄[48;2;205;205;205m[38;2;208;208;208m▄[48;2;205;205;205m[38;2;208;208;208m▄[0m
[48;2;219;219;219m[38;2;223;223;223m▄[48;2;219;219;219m[38;2;223;223;223m▄[48;2;220;220;220m[38;2;224;224;224m▄[48;2;221;221;221m[38;2;224;224;224m▄[48;2;221;221;221m[38;2;224;224;224m▄[48;2;222;222;222m[38;2;224;224;224m▄[48;2;221;221;221m[38;2;224;224;224m▄[48;2;221;221;221m[38;2;224;224;224m▄[48;2;222;222;222m[38;2;224;224;224m▄[48;2;222;222;222m[38;2;224;224;224m▄[48;2;222;222;222m[38;2;224;224;224m▄[48;2;222;222;222m[38;2;224;224;224m▄[48;2;222;222;222m[38;2;224;224;224m▄[48;2;222;222;222m[38;2;224;224;224m▄[48;2;221;221;221m[38;2;224;224;224m▄[48;2;219;219;219m[38;2;224;224;224m▄[48;2;215;215;214m[38;2;221;221;221m▄[48;2;208;208;208m[38;2;217;217;217m▄[48;2;200;200;200m[38;2;211;211;211m▄[48;2;194;194;195m[38;2;206;206;206m▄[48;2;191;191;191m[38;2;204;204;204m▄[48;2;189;189;190m[38;2;203;203;203m▄[48;2;189;188;189m[38;2;201;201;201m▄[48;2;188;188;188m[38;2;196;196;196m▄[48;2;189;189;189m[38;2;191;191;191m▄[48;2;192;192;192m[38;2;187;187;187m▄[48;2;196;196;196m[38;2;185;185;185m▄[48;2;198;198;199m[38;2;185;185;185m▄[48;2;199;199;200m[38;2;185;185;186m▄[48;2;198;198;199m[38;2;187;187;187m▄[48;2;198;197;198m[38;2;188;188;188m▄[48;2;196;195;196m[38;2;186;187;186m▄[48;2;193;192;194m[38;2;186;185;186m▄[48;2;192;193;195m[38;2;186;185;186m▄[48;2;191;194;194m[38;2;185;184;184m▄[48;2;190;192;192m[38;2;184;184;184m▄[48;2;190;189;190m[38;2;184;184;184m▄[48;2;190;189;190m[38;2;186;186;186m▄[48;2;188;188;188m[38;2;191;191;191m▄[48;2;186;186;186m[38;2;195;194;195m▄[48;2;187;187;187m[38;2;196;196;196m▄[48;2;190;190;190m[38;2;195;195;195m▄[48;2;192;192;192m[38;2;195;195;195m▄[48;2;192;192;192m[38;2;196;196;196m▄[48;2;195;195;196m[38;2;200;199;201m▄[48;2;202;201;202m[38;2;204;205;205m▄[48;2;208;207;208m[38;2;209;210;210m▄[48;2;211;210;211m[38;2;213;213;213m▄[48;2;213;213;214m[38;2;215;215;216m▄[48;2;213;213;213m[38;2;215;215;215m▄[48;2;213;213;213m[38;2;215;215;215m▄[48;2;213;213;213m[38;2;215;215;215m▄[48;2;212;212;212m[38;2;215;215;215m▄[48;2;212;212;212m[38;2;214;214;214m▄[48;2;211;211;211m[38;2;214;214;214m▄[48;2;210;210;210m[38;2;213;213;213m▄[48;2;210;210;210m[38;2;213;213;213m▄[48;2;210;210;210m[38;2;212;212;212m▄[48;2;210;210;210m[38;2;211;211;211m▄[48;2;210;210;210m[38;2;210;210;210m▄[48;2;210;209;210m[38;2;210;210;210m▄[48;2;210;210;210m[38;2;210;210;210m▄[48;2;209;209;209m[38;2;210;210;210m▄[48;2;209;209;209m[38;2;210;210;210m▄[0m
[48;2;225;225;225m[38;2;228;228;228m▄[48;2;225;225;225m[38;2;228;228;228m▄[48;2;225;225;225m[38;2;228;228;228m▄[48;2;226;226;226m[38;2;229;229;229m▄[48;2;226;226;226m[38;2;228;228;228m▄[48;2;225;225;225m[38;2;228;228;228m▄[48;2;226;226;226m[38;2;228;228;228m▄[48;2;226;226;226m[38;2;228;228;228m▄[48;2;226;226;226m[38;2;228;228;228m▄[48;2;226;226;226m[38;2;228;228;228m▄[48;2;227;227;227m[38;2;228;228;228m▄[48;2;227;227;227m[38;2;228;228;228m▄[48;2;226;226;226m[38;2;228;228;228m▄[48;2;226;226;226m[38;2;227;227;227m▄[48;2;225;225;225m[38;2;227;227;227m▄[48;2;225;225;225m[38;2;227;227;227m▄[48;2;225;225;225m[38;2;227;227;227m▄[48;2;225;225;225m[38;2;227;227;227m▄[48;2;225;225;225m[38;2;227;227;227m▄[48;2;225;225;225m[38;2;227;227;227m▄[48;2;226;226;226m[38;2;228;228;228m▄[48;2;226;226;226m[38;2;227;227;227m▄[48;2;225;225;225m[38;2;227;227;227m▄[48;2;223;223;223m[38;2;227;227;227m▄[48;2;219;219;219m[38;2;228;228;228m▄[48;2;217;217;217m[38;2;227;227;227m▄[48;2;214;214;214m[38;2;227;227;227m▄[48;2;213;213;213m[38;2;228;228;228m▄[48;2;212;213;213m[38;2;227;227;227m▄[48;2;211;211;211m[38;2;226;226;226m▄[48;2;210;210;210m[38;2;226;226;226m▄[48;2;207;207;207m[38;2;226;226;226m▄[48;2;204;204;204m[38;2;225;225;225m▄[48;2;202;202;202m[38;2;225;225;225m▄[48;2;201;201;201m[38;2;225;225;225m▄[48;2;202;202;202m[38;2;224;224;224m▄[48;2;202;202;202m[38;2;224;223;223m▄[48;2;206;206;206m[38;2;224;224;224m▄[48;2;212;212;212m[38;2;223;223;223m▄[48;2;216;216;216m[38;2;222;222;222m▄[48;2;219;219;219m[38;2;221;221;221m▄[48;2;219;219;219m[38;2;221;221;221m▄[48;2;218;218;218m[38;2;221;221;221m▄[48;2;218;218;218m[38;2;219;219;219m▄[48;2;218;218;218m[38;2;218;218;218m▄[48;2;217;217;217m[38;2;217;217;217m▄[48;2;216;217;217m[38;2;217;217;217m▄[48;2;217;217;217m[38;2;216;216;216m▄[48;2;216;216;216m[38;2;216;216;216m▄[48;2;216;216;216m[38;2;216;216;216m▄[48;2;216;216;216m[38;2;216;216;216m▄[48;2;215;215;215m[38;2;216;216;216m▄[48;2;216;216;216m[38;2;216;216;216m▄[48;2;215;215;215m[38;2;216;216;216m▄[48;2;215;215;215m[38;2;215;215;215m▄[48;2;215;215;215m[38;2;215;215;215m▄[48;2;214;214;214m[38;2;215;215;215m▄[48;2;215;215;215m[38;2;215;215;215m▄[48;2;214;214;215m[38;2;215;215;215m▄[48;2;214;213;214m[38;2;215;215;215m▄[48;2;213;213;213m[38;2;214;214;214m▄[48;2;212;212;212m[38;2;214;214;214m▄[48;2;211;211;211m[38;2;214;214;214m▄[48;2;211;211;211m[38;2;214;214;214m▄[0m
