[48;2;218;218;218m[38;2;218;218;218m▄[48;2;220;220;220m[38;2;219;219;219m▄[48;2;222;222;222m[38;2;221;221;221m▄[48;2;222;222;222m[38;2;222;222;222m▄[48;2;223;223;223m[38;2;222;222;222m▄[48;2;223;223;223m[38;2;223;223;223m▄[48;2;224;224;224m[38;2;223;223;223m▄[48;2;225;225;225m[38;2;224;224;224m▄[48;2;225;225;225m[38;2;225;225;225m▄[48;2;225;225;225m[38;2;225;225;225m▄[48;2;225;225;225m[38;2;224;224;224m▄[48;2;225;225;225m[38;2;224;224;224m▄[48;2;227;227;227m[38;2;225;225;225m▄[48;2;228;228;228m[38;2;226;226;226m▄[48;2;228;228;228m[38;2;227;227;227m▄[48;2;228;228;228m[38;2;227;227;227m▄[48;2;227;227;227m[38;2;227;227;227m▄[48;2;227;227;227m[38;2;227;227;227m▄[48;2;227;227;227m[38;2;227;227;227m▄[48;2;227;227;227m[38;2;227;227;227m▄[48;2;228;228;228m[38;2;227;227;227m▄[48;2;228;228;228m[38;2;227;227;227m▄[48;2;227;227;227m[38;2;227;227;227m▄[48;2;227;227;227m[38;2;227;227;227m▄[48;2;227;227;227m[38;2;228;228;228m▄[48;2;227;227;227m[38;2;227;227;227m▄[48;2;228;228;228m[38;2;226;226;226m▄[48;2;227;227;227m[38;2;225;225;225m▄[48;2;225;225;225m[38;2;225;225;225m▄[48;2;225;225;225m[38;2;224;224;224m▄[48;2;225;225;225m[38;2;224;224;224m▄[48;2;225;225;225m[38;2;224;224;224m▄[48;2;225;225;225m[38;2;224;224;224m▄[48;2;224;224;224m[38;2;223;223;223m▄[48;2;224;224;224m[38;2;224;224;224m▄[48;2;223;223;223m[38;2;223;223;223m▄[48;2;223;223;223m[38;2;222;222;222m▄[48;2;222;222;222m[38;2;222;222;222m▄[48;2;221;221;221m[38;2;221;221;221m▄[48;2;221;221;221m[38;2;220;220;220m▄[48;2;221;221;221m[38;2;220;220;220m▄[48;2;219;219;219m[38;2;218;218;218m▄[48;2;218;218;218m[38;2;217;217;217m▄[48;2;216;216;216m[38;2;216;216;216m▄[48;2;216;216;216m[38;2;216;216;216m▄[48;2;216;216;216m[38;2;216;216;216m▄[48;2;216;216;216m[38;2;216;216;216m▄[48;2;216;216;216m[38;2;215;215;215m▄[48;2;215;215;215m[38;2;215;215;215m▄[48;2;215;215;215m[38;2;215;215;215m▄[48;2;214;214;214m[38;2;214;214;214m▄[48;2;214;214;214m[38;2;214;213;214m▄[48;2;213;213;213m[38;2;213;213;213m▄[48;2;212;212;213m[38;2;211;211;211m▄[48;2;211;211;212m[38;2;211;211;211m▄[48;2;210;210;210m[38;2;210;210;210m▄[48;2;210;210;210m[38;2;210;210;210m▄[48;2;210;210;210m[38;2;209;209;209m▄[48;2;209;209;209m[38;2;209;209;209m▄[48;2;209;209;209m[38;2;209;209;209m▄[48;2;209;209;209m[38;2;208;208;208m▄[48;2;208;208;208m[38;2;207;207;207m▄[48;2;207;207;207m[38;2;207;207;207m▄[48;2;207;207;207m[38;2;206;206;206m▄[0m
[48;2;218;218;218m[38;2;218;218;218m▄[48;2;219;219;219m[38;2;218;218;218m▄[48;2;221;221;221m[38;2;220;220;220m▄[48;2;222;222;222m[38;2;222;222;222m▄[48;2;223;223;223m[38;2;223;223;223m▄[48;2;223;223;223m[38;2;223;223;223m▄[48;2;223;223;223m[38;2;223;223;223m▄[48;2;223;223;223m[38;2;223;223;223m▄[48;2;224;224;224m[38;2;224;224;224m▄[48;2;225;225;225m[38;2;224;224;224m▄[48;2;224;224;224m[38;2;224;224;224m▄[48;2;224;224;224m[38;2;224;224;224m▄[48;2;224;224;224m[38;2;224;224;224m▄[48;2;224;224;224m[38;2;224;224;224m▄[48;2;225;225;225m[38;2;224;224;224m▄[48;2;226;226;226m[38;2;224;224;224m▄[48;2;226;226;226m[38;2;225;225;225m▄[48;2;227;227;227m[38;2;226;226;226m▄[48;2;227;227;227m[38;2;226;226;226m▄[48;2;227;227;227m[38;2;227;227;227m▄[48;2;227;227;227m[38;2;227;227;227m▄[48;2;227;227;227m[38;2;226;226;226m▄[48;2;227;227;227m[38;2;227;227;227m▄[48;2;226;226;226m[38;2;225;225;225m▄[48;2;227;227;227m[38;2;224;224;224m▄[48;2;225;225;225m[38;2;224;224;224m▄[48;2;224;224;224m[38;2;224;224;224m▄[48;2;225;225;225m[38;2;225;225;225m▄[48;2;223;224;223m[38;2;231;228;233m▄[48;2;223;224;222m[38;2;232;228;233m▄[48;2;223;224;223m[38;2;233;229;233m▄[48;2;224;224;224m[38;2;224;224;224m▄[48;2;223;223;223m[38;2;223;223;223m▄[48;2;223;223;223m[38;2;222;223;222m▄[48;2;222;222;222m[38;2;228;226;228m▄[48;2;221;222;221m[38;2;231;227;233m▄[48;2;223;223;223m[38;2;224;223;224m▄[48;2;223;222;223m[38;2;222;222;222m▄[48;2;222;222;222m[38;2;222;222;222m▄[48;2;221;221;221m[38;2;220;220;220m▄[48;2;219;219;219m[38;2;219;219;219m▄[48;2;218;218;218m[38;2;218;218;218m▄[48;2;217;217;217m[38;2;217;217;217m▄[48;2;216;216;216m[38;2;216;216;216m▄[48;2;216;216;216m[38;2;216;216;216m▄[48;2;216;216;216m[38;2;216;216;216m▄[48;2;216;216;216m[38;2;215;215;215m▄[48;2;215;215;215m[38;2;215;215;215m▄[48;2;215;215;215m[38;2;215;215;215m▄[48;2;215;215;215m[38;2;215;215;215m▄[48;2;214;214;214m[38;2;214;214;214m▄[48;2;213;213;214m[38;2;213;213;214m▄[48;2;212;212;214m[38;2;212;212;213m▄[48;2;211;211;211m[38;2;211;211;211m▄[48;2;210;210;210m[38;2;211;211;211m▄[48;2;210;210;210m[38;2;210;210;210m▄[48;2;210;210;210m[38;2;210;210;211m▄[48;2;209;209;209m[38;2;209;209;210m▄[48;2;209;209;209m[38;2;209;209;209m▄[48;2;208;208;208m[38;2;208;208;208m▄[48;2;208;208;208m[38;2;208;208;208m▄[48;2;208;208;208m[38;2;207;207;208m▄[48;2;207;207;207m[38;2;207;207;207m▄[48;2;207;207;207m[38;2;207;207;207m▄[0m
[48;2;218;218;218m[38;2;217;217;217m▄[48;2;218;218;218m[38;2;218;218;218m▄[48;2;220;220;220m[38;2;220;220;220m▄[48;2;221;221;221m[38;2;221;221;221m▄[48;2;222;222;222m[38;2;221;221;221m▄[48;2;223;223;223m[38;2;222;222;222m▄[48;2;223;223;223m[38;2;223;223;223m▄[48;2;223;223;223m[38;2;223;223;223m▄[48;2;224;224;224m[38;2;224;224;224m▄[48;2;224;224;224m[38;2;224;224;224m▄[48;2;225;225;225m[38;2;224;224;224m▄[48;2;225;225;225m[38;2;225;225;225m▄[48;2;225;225;225m[38;2;225;225;225m▄[48;2;225;225;225m[38;2;225;225;225m▄[48;2;225;225;225m[38;2;225;225;225m▄[48;2;225;225;225m[38;2;225;225;225m▄[48;2;224;224;224m[38;2;225;225;225m▄[48;2;225;225;225m[38;2;225;225;225m▄[48;2;225;225;225m[38;2;225;225;225m▄[48;2;226;226;226m[38;2;225;225;225m▄[48;2;226;226;226m[38;2;224;224;224m▄[48;2;224;224;224m[38;2;224;224;224m▄[48;2;224;224;224m[38;2;225;225;225m▄[48;2;225;225;225m[38;2;224;224;224m▄[48;2;225;225;225m[38;2;225;225;225m▄[48;2;224;225;224m[38;2;224;224;224m▄[48;2;225;225;225m[38;2;226;225;225m▄[48;2;223;224;224m[38;2;219;221;221m▄[48;2;158;189;152m[38;2;139;183;120m▄[48;2;160;191;153m[38;2;153;197;99m▄[48;2;187;203;187m[38;2;132;180;91m▄[48;2;226;225;228m[38;2;145;179;135m▄[48;2;224;224;223m[38;2;230;227;231m▄[48;2;231;227;231m[38;2;197;207;198m▄[48;2;188;204;186m[38;2;118;170;86m▄[48;2;146;183;134m[38;2;109;165;81m▄[48;2;214;217;214m[38;2;199;206;201m▄[48;2;224;223;224m[38;2;222;221;222m▄[48;2;221;221;221m[38;2;220;220;220m▄[48;2;220;220;220m[38;2;220;220;220m▄[48;2;219;219;219m[38;2;218;218;218m▄[48;2;218;218;218m[38;2;217;217;217m▄[48;2;217;217;217m[38;2;217;217;217m▄[48;2;216;216;216m[38;2;216;216;216m▄[48;2;216;216;216m[38;2;216;216;216m▄[48;2;216;216;216m[38;2;216;216;216m▄[48;2;215;215;215m[38;2;215;215;215m▄[48;2;215;215;215m[38;2;215;215;215m▄[48;2;214;214;214m[38;2;215;215;215m▄[48;2;214;214;214m[38;2;214;214;214m▄[48;2;214;214;214m[38;2;214;214;214m▄[48;2;213;213;214m[38;2;213;213;213m▄[48;2;213;213;212m[38;2;212;212;212m▄[48;2;213;213;213m[38;2;211;211;211m▄[48;2;211;211;211m[38;2;211;211;211m▄[48;2;211;211;211m[38;2;211;211;211m▄[48;2;210;210;210m[38;2;211;211;211m▄[48;2;210;210;210m[38;2;210;210;210m▄[48;2;208;208;208m[38;2;209;209;209m▄[48;2;208;209;208m[38;2;209;209;209m▄[48;2;208;208;208m[38;2;208;208;208m▄[48;2;207;207;208m[38;2;208;208;208m▄[48;2;207;207;207m[38;2;207;207;207m▄[48;2;206;206;206m[38;2;206;206;206m▄[0m
[48;2;217;217;217m[38;2;217;217;217m▄[48;2;218;218;218m[38;2;218;218;218m▄[48;2;218;218;219m[38;2;217;217;218m▄[48;2;220;220;220m[38;2;219;219;219m▄[48;2;221;221;221m[38;2;221;221;221m▄[48;2;221;221;221m[38;2;222;222;222m▄[48;2;222;222;222m[38;2;223;223;223m▄[48;2;223;223;223m[38;2;223;223;223m▄[48;2;223;223;223m[38;2;223;223;223m▄[48;2;224;224;224m[38;2;223;223;223m▄[48;2;224;224;224m[38;2;224;224;224m▄[48;2;224;224;224m[38;2;224;224;224m▄[48;2;224;224;224m[38;2;224;224;224m▄[48;2;225;225;225m[38;2;224;224;224m▄[48;2;224;224;224m[38;2;224;224;224m▄[48;2;224;224;224m[38;2;225;225;225m▄[48;2;225;225;225m[38;2;224;224;224m▄[48;2;225;225;225m[38;2;225;225;225m▄[48;2;225;225;225m[38;2;226;226;226m▄[48;2;224;224;225m[38;2;225;225;225m▄[48;2;224;224;224m[38;2;224;224;224m▄[48;2;224;224;224m[38;2;224;224;224m▄[48;2;224;224;224m[38;2;224;224;224m▄[48;2;224;224;224m[38;2;225;225;225m▄[48;2;224;224;224m[38;2;224;224;224m▄[48;2;224;224;224m[38;2;224;224;224m▄[48;2;223;224;223m[38;2;223;224;223m▄[48;2;231;228;232m[38;2;230;227;228m▄[48;2;152;184;142m[38;2;202;214;206m▄[48;2;141;186;82m[38;2;123;178;97m▄[48;2;142;187;84m[38;2;125;181;74m▄[48;2;123;177;69m[38;2;113;167;72m▄[48;2;164;188;159m[38;2;106;162;79m▄[48;2;135;175;119m[38;2;101;153;89m▄[48;2;126;169;106m[38;2;160;183;157m▄[48;2;203;204;209m[38;2;157;184;145m▄[48;2;218;213;220m[38;2;154;184;145m▄[48;2;224;221;224m[38;2;178;196;177m▄[48;2;220;220;219m[38;2;221;220;224m▄[48;2;219;219;219m[38;2;222;221;222m▄[48;2;218;218;218m[38;2;216;217;216m▄[48;2;217;217;217m[38;2;217;217;217m▄[48;2;216;216;216m[38;2;217;217;217m▄[48;2;216;216;216m[38;2;216;216;216m▄[48;2;217;217;217m[38;2;216;216;216m▄[48;2;216;216;216m[38;2;215;215;215m▄[48;2;215;215;215m[38;2;215;215;215m▄[48;2;215;215;215m[38;2;215;215;215m▄[48;2;215;215;215m[38;2;214;214;214m▄[48;2;215;215;215m[38;2;213;213;213m▄[48;2;214;214;214m[38;2;213;213;213m▄[48;2;212;212;212m[38;2;212;213;213m▄[48;2;212;212;212m[38;2;213;213;212m▄[48;2;211;211;211m[38;2;211;211;211m▄[48;2;210;210;210m[38;2;211;211;211m▄[48;2;211;211;211m[38;2;211;211;211m▄[48;2;210;210;210m[38;2;211;211;211m▄[48;2;210;210;210m[38;2;210;210;210m▄[48;2;209;209;209m[38;2;208;208;208m▄[48;2;209;209;209m[38;2;209;209;209m▄[48;2;208;208;209m[38;2;208;208;209m▄[48;2;207;207;207m[38;2;208;208;208m▄[48;2;207;207;207m[38;2;207;207;207m▄[48;2;206;206;206m[38;2;205;205;205m▄[0m
[48;2;216;216;216m[38;2;216;216;216m▄[48;2;217;217;217m[38;2;216;216;216m▄[48;2;217;217;217m[38;2;217;217;217m▄[48;2;218;218;218m[38;2;218;218;218m▄[48;2;221;221;221m[38;2;219;219;219m▄[48;2;222;222;222m[38;2;220;220;220m▄[48;2;222;222;222m[38;2;221;221;221m▄[48;2;222;222;222m[38;2;221;221;221m▄[48;2;223;223;223m[38;2;222;222;222m▄[48;2;223;223;223m[38;2;223;223;223m▄[48;2;223;223;223m[38;2;223;223;223m▄[48;2;223;223;223m[38;2;223;223;223m▄[48;2;223;223;223m[38;2;224;224;224m▄[48;2;224;224;224m[38;2;223;223;223m▄[48;2;224;224;224m[38;2;224;224;224m▄[48;2;224;224;224m[38;2;224;224;224m▄[48;2;224;224;224m[38;2;224;224;223m▄[48;2;224;224;224m[38;2;224;224;224m▄[48;2;224;224;224m[38;2;224;224;224m▄[48;2;224;224;225m[38;2;224;224;224m▄[48;2;224;224;224m[38;2;224;224;224m▄[48;2;225;225;225m[38;2;225;224;225m▄[48;2;225;225;223m[38;2;224;224;224m▄[48;2;224;224;223m[38;2;224;224;223m▄[48;2;223;224;224m[38;2;223;223;223m▄[48;2;224;224;224m[38;2;225;224;224m▄[48;2;224;225;225m[38;2;224;226;226m▄[48;2;223;228;227m[38;2;220;169;176m▄[48;2;227;209;214m[38;2;227;141;149m▄[48;2;189;173;168m[38;2;236;142;154m▄[48;2;125;159;100m[38;2;228;136;152m▄[48;2;100;166;84m[38;2;196;137;142m▄[48;2;69;141;58m[38;2;183;147;134m▄[48;2;80;148;74m[38;2;106;146;80m▄[48;2;112;168;85m[38;2;90;162;66m▄[48;2;124;178;79m[38;2;115;176;71m▄[48;2;141;188;89m[38;2;130;186;73m▄[48;2;143;188;99m[38;2;129;179;69m▄[48;2;137;175;120m[38;2;121;165;98m▄[48;2;207;212;208m[38;2;199;204;201m▄[48;2;220;219;220m[38;2;219;218;219m▄[48;2;216;216;216m[38;2;216;216;216m▄[48;2;216;216;216m[38;2;216;216;216m▄[48;2;217;217;217m[38;2;217;217;217m▄[48;2;216;216;216m[38;2;216;216;216m▄[48;2;216;216;216m[38;2;216;216;216m▄[48;2;215;215;215m[38;2;215;215;215m▄[48;2;215;215;215m[38;2;214;214;214m▄[48;2;214;214;214m[38;2;214;214;214m▄[48;2;214;214;214m[38;2;213;213;213m▄[48;2;214;214;214m[38;2;213;213;213m▄[48;2;212;212;212m[38;2;212;212;212m▄[48;2;211;211;211m[38;2;212;212;212m▄[48;2;211;211;211m[38;2;211;211;211m▄[48;2;211;211;211m[38;2;211;211;211m▄[48;2;212;212;212m[38;2;211;211;211m▄[48;2;211;211;211m[38;2;209;209;209m▄[48;2;209;209;209m[38;2;208;208;208m▄[48;2;209;209;209m[38;2;209;209;209m▄[48;2;208;208;208m[38;2;208;208;208m▄[48;2;208;208;208m[38;2;207;207;207m▄[48;2;207;207;207m[38;2;207;207;207m▄[48;2;207;207;207m[38;2;207;207;207m▄[48;2;206;206;206m[38;2;206;206;206m▄[0m
[48;2;216;216;216m[38;2;216;216;216m▄[48;2;216;216;216m[38;2;216;216;216m▄[48;2;216;216;216m[38;2;216;216;216m▄[48;2;217;217;217m[38;2;216;216;216m▄[48;2;218;218;218m[38;2;218;218;218m▄[48;2;219;219;219m[38;2;218;218;218m▄[48;2;220;220;220m[38;2;219;219;219m▄[48;2;221;221;222m[38;2;220;220;221m▄[48;2;221;221;221m[38;2;221;221;220m▄[48;2;222;222;222m[38;2;221;221;221m▄[48;2;222;222;222m[38;2;222;222;222m▄[48;2;223;223;223m[38;2;222;222;222m▄[48;2;223;223;223m[38;2;222;222;222m▄[48;2;223;223;223m[38;2;223;223;223m▄[48;2;224;224;224m[38;2;223;223;223m▄[48;2;224;224;224m[38;2;223;223;223m▄[48;2;223;223;223m[38;2;223;223;223m▄[48;2;223;223;223m[38;2;223;223;223m▄[48;2;224;224;224m[38;2;223;223;223m▄[48;2;224;224;224m[38;2;224;224;224m▄[48;2;223;223;223m[38;2;223;223;223m▄[48;2;224;224;224m[38;2;224;224;224m▄[48;2;224;224;224m[38;2;224;224;224m▄[48;2;224;224;224m[38;2;223;224;224m▄[48;2;223;222;222m[38;2;223;222;222m▄[48;2;228;233;232m[38;2;236;244;242m▄[48;2;223;194;198m[38;2;230;190;195m▄[48;2;229;135;145m[38;2;225;139;149m▄[48;2;237;140;151m[38;2;225;135;146m▄[48;2;236;140;147m[38;2;217;117;129m▄[48;2;226;128;137m[38;2;221;134;144m▄[48;2;234;146;158m[38;2;242;168;174m▄[48;2;252;164;178m[38;2;235;153;161m▄[48;2;220;127;138m[38;2;230;138;151m▄[48;2;171;147;123m[38;2;241;138;157m▄[48;2;148;156;104m[38;2;250;153;170m▄[48;2;137;155;104m[38;2;217;140;158m▄[48;2;149;177;147m[38;2;204;204;209m▄[48;2;194;195;198m[38;2;207;206;206m▄[48;2;208;206;209m[38;2;212;212;212m▄[48;2;214;215;214m[38;2;216;216;216m▄[48;2;217;217;217m[38;2;217;216;216m▄[48;2;217;217;217m[38;2;217;217;217m▄[48;2;216;216;216m[38;2;215;215;215m▄[48;2;216;216;216m[38;2;216;216;215m▄[48;2;215;215;215m[38;2;215;215;216m▄[48;2;215;215;215m[38;2;214;214;214m▄[48;2;214;214;214m[38;2;214;214;214m▄[48;2;215;215;215m[38;2;214;214;214m▄[48;2;214;214;214m[38;2;213;213;213m▄[48;2;213;213;213m[38;2;213;213;213m▄[48;2;212;212;212m[38;2;212;212;212m▄[48;2;211;211;211m[38;2;211;211;211m▄[48;2;210;210;210m[38;2;211;211;211m▄[48;2;212;212;212m[38;2;211;211;211m▄[48;2;211;211;211m[38;2;211;211;211m▄[48;2;209;209;209m[38;2;209;209;209m▄[48;2;209;209;209m[38;2;209;209;209m▄[48;2;209;209;209m[38;2;209;209;209m▄[48;2;208;208;208m[38;2;208;208;208m▄[48;2;208;208;208m[38;2;208;208;208m▄[48;2;207;207;207m[38;2;207;207;207m▄[48;2;207;207;207m[38;2;207;207;206m▄[48;2;206;206;206m[38;2;206;206;206m▄[0m
[48;2;216;216;216m[38;2;215;215;215m▄[48;2;216;216;216m[38;2;216;216;216m▄[48;2;216;216;216m[38;2;216;216;216m▄[48;2;216;216;216m[38;2;216;216;216m▄[48;2;217;217;217m[38;2;217;217;217m▄[48;2;217;217;217m[38;2;217;217;217m▄[48;2;218;218;218m[38;2;218;218;218m▄[48;2;219;219;219m[38;2;218;218;218m▄[48;2;219;219;219m[38;2;219;219;219m▄[48;2;220;220;220m[38;2;218;218;218m▄[48;2;221;221;221m[38;2;219;219;219m▄[48;2;221;221;221m[38;2;220;220;220m▄[48;2;221;221;221m[38;2;221;221;221m▄[48;2;222;222;222m[38;2;222;222;222m▄[48;2;222;222;222m[38;2;221;221;221m▄[48;2;223;223;223m[38;2;221;221;221m▄[48;2;223;223;223m[38;2;222;222;222m▄[48;2;223;223;223m[38;2;222;222;222m▄[48;2;223;223;223m[38;2;222;222;222m▄[48;2;223;223;223m[38;2;222;222;222m▄[48;2;223;223;223m[38;2;222;222;222m▄[48;2;223;223;223m[38;2;222;222;222m▄[48;2;223;223;223m[38;2;223;223;223m▄[48;2;223;222;222m[38;2;223;222;222m▄[48;2;225;229;229m[38;2;221;223;223m▄[48;2;217;191;196m[38;2;209;137;149m▄[48;2;227;151;159m[38;2;232;125;138m▄[48;2;233;136;149m[38;2;232;120;135m▄[48;2;234;134;146m[38;2;214;95;114m▄[48;2;220;137;149m[38;2;214;144;156m▄[48;2;223;157;167m[38;2;255;253;251m▄[48;2;226;130;142m[38;2;225;168;175m▄[48;2;241;161;169m[38;2;219;128;140m▄[48;2;231;144;154m[38;2;228;135;147m▄[48;2;223;129;140m[38;2;224;137;147m▄[48;2;239;167;172m[38;2;220;134;144m▄[48;2;209;104;117m[38;2;221;103;120m▄[48;2;201;149;157m[38;2;213;112;129m▄[48;2;215;222;221m[38;2;208;205;207m▄[48;2;216;215;216m[38;2;217;217;216m▄[48;2;216;217;218m[38;2;214;211;206m▄[48;2;216;217;218m[38;2;213;207;196m▄[48;2;216;215;214m[38;2;214;205;194m▄[48;2;216;216;215m[38;2;212;199;183m▄[48;2;216;218;220m[38;2;212;203;189m▄[48;2;215;215;215m[38;2;216;217;218m▄[48;2;215;215;215m[38;2;215;214;214m▄[48;2;214;214;214m[38;2;214;214;214m▄[48;2;213;214;213m[38;2;213;213;213m▄[48;2;213;213;213m[38;2;213;213;213m▄[48;2;213;213;213m[38;2;212;212;212m▄[48;2;211;211;211m[38;2;211;211;211m▄[48;2;211;211;211m[38;2;211;211;211m▄[48;2;211;211;211m[38;2;211;211;211m▄[48;2;210;210;210m[38;2;211;211;211m▄[48;2;210;210;210m[38;2;210;210;210m▄[48;2;209;209;209m[38;2;208;208;208m▄[48;2;209;209;209m[38;2;209;209;209m▄[48;2;208;208;209m[38;2;209;209;209m▄[48;2;207;207;208m[38;2;208;208;208m▄[48;2;207;207;207m[38;2;207;207;207m▄[48;2;207;206;207m[38;2;207;207;207m▄[48;2;206;205;206m[38;2;206;206;207m▄[48;2;205;205;205m[38;2;205;205;205m▄[0m
[48;2;215;215;215m[38;2;215;215;215m▄[48;2;216;216;216m[38;2;215;215;215m▄[48;2;216;216;216m[38;2;215;215;215m▄[48;2;216;216;216m[38;2;216;216;216m▄[48;2;216;216;216m[38;2;216;216;216m▄[48;2;216;216;216m[38;2;217;217;217m▄[48;2;217;217;217m[38;2;217;217;217m▄[48;2;217;217;217m[38;2;216;216;216m▄[48;2;217;217;217m[38;2;216;216;216m▄[48;2;218;218;218m[38;2;217;217;217m▄[48;2;218;218;218m[38;2;217;217;217m▄[48;2;219;219;219m[38;2;218;218;218m▄[48;2;219;219;219m[38;2;218;218;218m▄[48;2;219;219;219m[38;2;219;219;219m▄[48;2;220;220;220m[38;2;220;220;220m▄[48;2;220;220;220m[38;2;221;221;221m▄[48;2;221;221;221m[38;2;220;220;220m▄[48;2;222;222;222m[38;2;220;220;220m▄[48;2;221;221;221m[38;2;220;220;220m▄[48;2;221;221;221m[38;2;221;221;221m▄[48;2;221;221;221m[38;2;220;220;220m▄[48;2;222;222;222m[38;2;221;221;221m▄[48;2;222;222;222m[38;2;221;221;221m▄[48;2;222;222;222m[38;2;221;219;219m▄[48;2;219;220;220m[38;2;223;230;229m▄[48;2;208;126;140m[38;2;202;144;155m▄[48;2;230;116;133m[38;2;203;85;106m▄[48;2;211;105;122m[38;2;219;113;130m▄[48;2;209;99;118m[38;2;216;98;117m▄[48;2;202;95;113m[38;2;220;111;126m▄[48;2;227;178;186m[38;2;214;105;122m▄[48;2;255;253;250m[38;2;213;147;159m▄[48;2;239;210;211m[38;2;249;242;241m▄[48;2;209;126;139m[38;2;220;156;166m▄[48;2;206;95;115m[38;2;224;104;120m▄[48;2;219;107;124m[38;2;233;127;140m▄[48;2;231;118;134m[38;2;225;109;124m▄[48;2;211;104;122m[38;2;195;115;129m▄[48;2;200;192;195m[38;2;199;203;203m▄[48;2;215;214;211m[38;2;214;212;213m▄[48;2;214;210;204m[38;2;216;217;218m▄[48;2;214;213;212m[38;2;215;215;216m▄[48;2;215;215;216m[38;2;214;213;212m▄[48;2;213;214;216m[38;2;213;214;215m▄[48;2;208;196;177m[38;2;214;214;212m▄[48;2;210;202;191m[38;2;218;208;192m▄[48;2;215;216;219m[38;2;213;215;217m▄[48;2;213;213;213m[38;2;213;213;213m▄[48;2;213;213;214m[38;2;212;212;212m▄[48;2;212;212;212m[38;2;211;211;211m▄[48;2;211;211;211m[38;2;211;211;211m▄[48;2;211;211;211m[38;2;211;211;211m▄[48;2;211;211;211m[38;2;211;211;211m▄[48;2;211;211;211m[38;2;210;210;210m▄[48;2;210;210;210m[38;2;210;210;210m▄[48;2;210;210;210m[38;2;208;209;209m▄[48;2;209;209;209m[38;2;208;209;209m▄[48;2;209;209;209m[38;2;209;208;208m▄[48;2;208;208;208m[38;2;208;208;208m▄[48;2;208;208;207m[38;2;207;207;207m▄[48;2;207;207;207m[38;2;207;207;207m▄[48;2;206;206;206m[38;2;206;206;206m▄[48;2;205;205;205m[38;2;205;205;205m▄[48;2;205;205;205m[38;2;205;205;205m▄[0m
[48;2;215;215;215m[38;2;215;215;215m▄[48;2;215;215;215m[38;2;215;215;215m▄[48;2;216;216;216m[38;2;216;216;216m▄[48;2;216;216;216m[38;2;215;215;215m▄[48;2;217;217;217m[38;2;216;216;216m▄[48;2;217;217;217m[38;2;216;216;216m▄[48;2;216;216;216m[38;2;217;217;217m▄[48;2;217;217;217m[38;2;217;217;217m▄[48;2;217;217;217m[38;2;217;217;217m▄[48;2;217;217;217m[38;2;217;217;217m▄[48;2;217;217;217m[38;2;217;217;217m▄[48;2;217;217;217m[38;2;217;217;217m▄[48;2;217;217;217m[38;2;217;217;217m▄[48;2;217;217;217m[38;2;217;217;217m▄[48;2;218;218;218m[38;2;217;217;217m▄[48;2;219;219;219m[38;2;217;217;217m▄[48;2;219;219;219m[38;2;217;218;218m▄[48;2;219;219;219m[38;2;218;217;217m▄[48;2;219;219;219m[38;2;218;218;218m▄[48;2;219;218;218m[38;2;218;225;224m▄[48;2;219;218;218m[38;2;218;223;222m▄[48;2;219;220;220m[38;2;218;216;216m▄[48;2;219;221;221m[38;2;218;211;212m▄[48;2;220;220;220m[38;2;217;214;214m▄[48;2;220;219;219m[38;2;217;222;221m▄[48;2;215;212;213m[38;2;220;233;231m▄[48;2;194;108;126m[38;2;201;151;162m▄[48;2;228;110;128m[38;2;218;96;115m▄[48;2;214;92;113m[38;2;221;105;123m▄[48;2;217;106;124m[38;2;208;96;115m▄[48;2;234;129;141m[38;2;231;128;140m▄[48;2;220;107;123m[38;2;230;121;135m▄[48;2;207;110;127m[38;2;202;78;101m▄[48;2;197;87;108m[38;2;208;84;107m▄[48;2;217;101;120m[38;2;209;90;112m▄[48;2;213;97;116m[38;2;210;75;100m▄[48;2;196;91;113m[38;2;189;113;130m▄[48;2;189;177;181m[38;2;197;210;208m▄[48;2;203;208;208m[38;2;209;200;200m▄[48;2;214;220;219m[38;2;216;186;187m▄[48;2;216;217;216m[38;2;215;211;211m▄[48;2;215;214;214m[38;2;217;220;222m▄[48;2;216;218;220m[38;2;206;198;187m▄[48;2;214;215;218m[38;2;199;182;159m▄[48;2;220;211;196m[38;2;217;208;196m▄[48;2;218;211;200m[38;2;212;211;210m▄[48;2;211;212;214m[38;2;213;211;208m▄[48;2;213;213;213m[38;2;212;212;212m▄[48;2;211;211;212m[38;2;211;211;211m▄[48;2;211;211;211m[38;2;211;211;211m▄[48;2;211;211;211m[38;2;211;211;211m▄[48;2;211;211;211m[38;2;211;211;211m▄[48;2;211;211;211m[38;2;211;211;211m▄[48;2;210;210;210m[38;2;210;209;210m▄[48;2;209;209;209m[38;2;209;208;209m▄[48;2;208;208;210m[38;2;208;208;209m▄[48;2;208;208;209m[38;2;208;208;209m▄[48;2;208;208;208m[38;2;208;208;208m▄[48;2;208;208;208m[38;2;207;207;207m▄[48;2;207;207;207m[38;2;207;207;207m▄[48;2;207;207;207m[38;2;207;207;207m▄[48;2;206;206;206m[38;2;206;206;206m▄[48;2;205;205;205m[38;2;204;204;204m▄[48;2;205;205;205m[38;2;204;204;204m▄[0m
[48;2;215;215;215m[38;2;214;214;214m▄[48;2;215;215;215m[38;2;215;215;215m▄[48;2;216;216;216m[38;2;215;215;215m▄[48;2;215;215;215m[38;2;215;215;215m▄[48;2;216;216;216m[38;2;216;215;216m▄[48;2;216;216;216m[38;2;216;216;216m▄[48;2;216;216;216m[38;2;216;216;216m▄[48;2;217;217;217m[38;2;216;216;216m▄[48;2;217;217;217m[38;2;216;216;216m▄[48;2;217;217;217m[38;2;216;216;216m▄[48;2;217;217;217m[38;2;217;217;217m▄[48;2;217;217;217m[38;2;217;217;217m▄[48;2;217;217;217m[38;2;217;217;217m▄[48;2;217;217;217m[38;2;217;217;217m▄[48;2;217;217;217m[38;2;217;217;217m▄[48;2;217;217;217m[38;2;217;216;216m▄[48;2;217;216;216m[38;2;217;221;221m▄[48;2;218;221;220m[38;2;216;203;205m▄[48;2;216;218;218m[38;2;215;135;146m▄[48;2;216;180;183m[38;2;232;167;173m▄[48;2;223;161;167m[38;2;227;149;158m▄[48;2;226;156;162m[38;2;220;132;141m▄[48;2;227;159;165m[38;2;219;123;134m▄[48;2;229;161;166m[38;2;226;138;149m▄[48;2;221;157;163m[38;2;240;175;183m▄[48;2;218;204;205m[38;2;221;135;145m▄[48;2;211;208;209m[38;2;217;212;211m▄[48;2;195;98;116m[38;2;206;201;204m▄[48;2;221;93;113m[38;2;192;128;142m▄[48;2;207;82;104m[38;2;193;107;125m▄[48;2;217;105;122m[38;2;188;122;135m▄[48;2;195;98;116m[38;2;217;143;150m▄[48;2;201;97;117m[38;2;221;148;155m▄[48;2;217;91;113m[38;2;194;117;133m▄[48;2;217;84;107m[38;2;187;110;129m▄[48;2;198;78;103m[38;2;187;167;173m▄[48;2;189;172;178m[38;2;198;209;207m▄[48;2;202;195;195m[38;2;212;143;151m▄[48;2;224;145;151m[38;2;238;168;177m▄[48;2;237;158;163m[38;2;225;157;167m▄[48;2;222;163;168m[38;2;219;140;147m▄[48;2;204;201;189m[38;2;199;194;184m▄[48;2;200;190;171m[38;2;214;182;187m▄[48;2;211;210;210m[38;2;242;205;206m▄[48;2;209;212;216m[38;2;225;210;208m▄[48;2;212;210;205m[38;2;211;210;206m▄[48;2;214;210;204m[38;2;211;210;209m▄[48;2;210;211;212m[38;2;210;210;210m▄[48;2;211;211;210m[38;2;210;210;210m▄[48;2;211;211;211m[38;2;211;211;211m▄[48;2;211;211;211m[38;2;211;211;211m▄[48;2;211;211;211m[38;2;210;210;210m▄[48;2;210;210;210m[38;2;209;209;209m▄[48;2;210;210;210m[38;2;208;208;208m▄[48;2;209;209;209m[38;2;209;209;209m▄[48;2;209;209;209m[38;2;208;208;210m▄[48;2;208;208;208m[38;2;208;208;208m▄[48;2;207;207;207m[38;2;208;208;208m▄[48;2;207;207;207m[38;2;207;207;207m▄[48;2;207;207;207m[38;2;206;206;206m▄[48;2;207;207;207m[38;2;206;206;206m▄[48;2;205;205;205m[38;2;205;205;205m▄[48;2;203;203;203m[38;2;203;203;203m▄[48;2;204;204;204m[38;2;203;203;203m▄[0m
[48;2;214;214;214m[38;2;213;213;213m▄[48;2;214;214;214m[38;2;214;214;214m▄[48;2;215;215;215m[38;2;214;214;214m▄[48;2;215;215;215m[38;2;214;214;214m▄[48;2;215;215;215m[38;2;215;215;215m▄[48;2;216;216;216m[38;2;215;215;215m▄[48;2;216;216;216m[38;2;215;215;215m▄[48;2;216;216;216m[38;2;215;215;215m▄[48;2;216;216;216m[38;2;216;216;216m▄[48;2;216;216;216m[38;2;216;216;216m▄[48;2;216;216;216m[38;2;216;216;216m▄[48;2;216;216;216m[38;2;216;216;216m▄[48;2;216;216;216m[38;2;217;217;217m▄[48;2;216;216;216m[38;2;217;217;217m▄[48;2;217;217;217m[38;2;217;216;216m▄[48;2;217;217;217m[38;2;218;222;221m▄[48;2;216;218;218m[38;2;211;194;197m▄[48;2;212;136;145m[38;2;211;130;141m▄[48;2;240;197;203m[38;2;239;196;202m▄[48;2;217;141;150m[38;2;194;86;104m▄[48;2;207;88;103m[38;2;221;142;154m▄[48;2;240;180;187m[38;2;233;172;181m▄[48;2;219;131;142m[38;2;192;100;115m▄[48;2;202;113;124m[38;2;205;130;143m▄[48;2;234;173;182m[38;2;244;192;198m▄[48;2;232;158;167m[38;2;207;115;129m▄[48;2;206;170;174m[38;2;202;111;124m▄[48;2;213;216;216m[38;2;216;144;155m▄[48;2;209;212;211m[38;2;210;125;138m▄[48;2;202;220;218m[38;2;207;140;151m▄[48;2;205;170;172m[38;2;202;131;141m▄[48;2;232;149;157m[38;2;206;105;117m▄[48;2;229;144;154m[38;2;202;110;123m▄[48;2;202;176;178m[38;2;197;141;149m▄[48;2;195;208;206m[38;2;213;131;144m▄[48;2;200;200;200m[38;2;214;138;149m▄[48;2;205;192;193m[38;2;200;115;126m▄[48;2;224;143;152m[38;2;231;160;168m▄[48;2;233;176;183m[38;2;227;169;176m▄[48;2;213;115;129m[38;2;207;118;132m▄[48;2;206;136;147m[38;2;204;115;129m▄[48;2;201;208;205m[38;2;209;176;178m▄[48;2;233;184;185m[38;2;243;206;207m▄[48;2;255;241;239m[38;2;246;194;198m▄[48;2;239;198;198m[38;2;217;190;192m▄[48;2;207;209;209m[38;2;200;203;204m▄[48;2;211;210;211m[38;2;211;210;211m▄[48;2;211;211;210m[38;2;210;210;211m▄[48;2;210;210;209m[38;2;211;211;209m▄[48;2;211;211;210m[38;2;211;212;211m▄[48;2;210;210;211m[38;2;208;210;211m▄[48;2;210;210;210m[38;2;210;209;213m▄[48;2;210;210;210m[38;2;209;208;210m▄[48;2;209;209;209m[38;2;208;208;208m▄[48;2;208;208;208m[38;2;208;208;208m▄[48;2;208;208;208m[38;2;208;208;208m▄[48;2;208;208;208m[38;2;208;208;206m▄[48;2;208;208;208m[38;2;207;207;205m▄[48;2;207;207;207m[38;2;207;207;207m▄[48;2;206;206;206m[38;2;205;205;205m▄[48;2;205;205;205m[38;2;204;203;204m▄[48;2;205;205;205m[38;2;204;204;204m▄[48;2;204;204;204m[38;2;204;204;204m▄[48;2;203;203;203m[38;2;204;204;203m▄[0m
[48;2;212;212;212m[38;2;211;211;211m▄[48;2;212;212;212m[38;2;212;211;212m▄[48;2;214;214;214m[38;2;213;213;213m▄[48;2;214;214;214m[38;2;214;214;214m▄[48;2;214;214;214m[38;2;214;214;214m▄[48;2;215;215;215m[38;2;214;214;214m▄[48;2;215;215;215m[38;2;214;214;214m▄[48;2;215;215;215m[38;2;215;215;215m▄[48;2;215;215;215m[38;2;215;215;215m▄[48;2;215;215;215m[38;2;215;215;215m▄[48;2;216;216;216m[38;2;215;215;215m▄[48;2;215;215;215m[38;2;215;215;215m▄[48;2;216;216;216m[38;2;215;215;215m▄[48;2;216;216;216m[38;2;216;216;216m▄[48;2;216;216;216m[38;2;216;216;216m▄[48;2;215;216;216m[38;2;216;215;216m▄[48;2;216;215;215m[38;2;216;219;218m▄[48;2;201;118;132m[38;2;215;207;209m▄[48;2;197;91;110m[38;2;197;154;163m▄[48;2;184;72;92m[38;2;189;95;113m▄[48;2;234;164;175m[38;2;235;151;164m▄[48;2;219;138;151m[38;2;205;120;137m▄[48;2;200;102;118m[38;2;237;165;175m▄[48;2;230;163;173m[38;2;180;84;102m▄[48;2;204;112;128m[38;2;180;82;101m▄[48;2;190;80;101m[38;2;223;139;153m▄[48;2;234;170;182m[38;2;202;115;132m▄[48;2;199;110;127m[38;2;170;57;81m▄[48;2;242;186;195m[38;2;240;174;183m▄[48;2;208;117;131m[38;2;168;59;81m▄[48;2;194;86;106m[38;2;214;127;143m▄[48;2;242;189;196m[38;2;217;140;154m▄[48;2;185;79;100m[38;2;172;58;82m▄[48;2;217;140;151m[38;2;238;171;181m▄[48;2;218;140;152m[38;2;181;83;104m▄[48;2;219;145;158m[38;2;176;72;93m▄[48;2;201;104;119m[38;2;184;84;106m▄[48;2;234;175;184m[38;2;242;174;184m▄[48;2;211;140;151m[38;2;192;107;123m▄[48;2;217;146;157m[38;2;198;105;123m▄[48;2;243;184;190m[38;2;242;204;207m▄[48;2;232;160;168m[38;2;224;172;178m▄[48;2;250;238;238m[38;2;250;239;236m▄[48;2;247;215;216m[38;2;231;183;187m▄[48;2;205;184;186m[38;2;232;175;182m▄[48;2;203;208;208m[38;2;206;180;184m▄[48;2;211;210;210m[38;2;209;214;213m▄[48;2;210;210;210m[38;2;210;209;209m▄[48;2;210;210;211m[38;2;210;210;210m▄[48;2;210;210;210m[38;2;209;210;210m▄[48;2;208;210;213m[38;2;208;210;211m▄[48;2;207;210;215m[38;2;206;209;212m▄[48;2;209;209;215m[38;2;208;208;214m▄[48;2;208;207;209m[38;2;209;208;210m▄[48;2;208;208;209m[38;2;208;208;208m▄[48;2;208;208;208m[38;2;209;209;206m▄[48;2;208;208;203m[38;2;208;209;202m▄[48;2;208;208;202m[38;2;206;208;202m▄[48;2;206;206;204m[38;2;205;206;203m▄[48;2;204;204;204m[38;2;204;204;204m▄[48;2;203;203;203m[38;2;203;203;203m▄[48;2;203;203;203m[38;2;202;203;203m▄[48;2;203;203;203m[38;2;203;203;203m▄[48;2;204;204;204m[38;2;203;203;203m▄[0m
[48;2;211;211;211m[38;2;210;210;210m▄[48;2;210;211;210m[38;2;210;210;210m▄[48;2;211;212;212m[38;2;210;210;210m▄[48;2;213;213;213m[38;2;210;210;211m▄[48;2;213;213;213m[38;2;212;212;212m▄[48;2;213;213;213m[38;2;212;212;212m▄[48;2;214;214;214m[38;2;212;212;212m▄[48;2;214;214;214m[38;2;213;213;213m▄[48;2;214;214;214m[38;2;214;214;214m▄[48;2;215;215;215m[38;2;215;215;215m▄[48;2;214;214;214m[38;2;215;215;215m▄[48;2;215;215;215m[38;2;214;214;214m▄[48;2;215;215;215m[38;2;215;215;215m▄[48;2;215;215;215m[38;2;215;215;215m▄[48;2;215;215;215m[38;2;215;215;215m▄[48;2;215;216;215m[38;2;215;215;215m▄[48;2;215;214;215m[38;2;213;212;212m▄[48;2;217;223;221m[38;2;210;209;195m▄[48;2;193;177;182m[38;2;184;140;151m▄[48;2;201;98;120m[38;2;206;96;117m▄[48;2;221;129;146m[38;2;202;101;120m▄[48;2;151;43;69m[38;2;170;115;128m▄[48;2;224;130;147m[38;2;179;82;106m▄[48;2;208;118;135m[38;2;239;141;157m▄[48;2;159;65;89m[38;2;166;63;85m▄[48;2;237;143;160m[38;2;186;83;105m▄[48;2;196;99;117m[38;2;213;111;131m▄[48;2;213;123;139m[38;2;178;74;99m▄[48;2;233;140;154m[38;2;214;117;133m▄[48;2;180;83;105m[38;2;184;82;105m▄[48;2;245;159;170m[38;2;192;87;111m▄[48;2;195;91;111m[38;2;207;106;125m▄[48;2;201;113;131m[38;2;168;70;94m▄[48;2;238;143;157m[38;2;201;102;122m▄[48;2;172;82;100m[38;2;210;114;132m▄[48;2;180;93;112m[38;2;185;87;109m▄[48;2;220;130;148m[38;2;183;86;108m▄[48;2;238;148;163m[38;2;197;99;119m▄[48;2;157;42;68m[38;2;171;82;103m▄[48;2;228;168;178m[38;2;238;203;205m▄[48;2;237;206;208m[38;2;239;204;206m▄[48;2;236;208;210m[38;2;225;182;187m▄[48;2;250;223;224m[38;2;243;211;212m▄[48;2;232;189;192m[38;2;217;155;166m▄[48;2;200;131;144m[38;2;174;98;116m▄[48;2;188;149;158m[38;2;193;196;195m▄[48;2;209;216;214m[38;2;203;203;203m▄[48;2;209;208;208m[38;2;209;209;209m▄[48;2;210;209;210m[38;2;208;208;208m▄[48;2;209;209;211m[38;2;209;209;209m▄[48;2;209;209;209m[38;2;208;208;208m▄[48;2;208;207;209m[38;2;208;208;208m▄[48;2;208;207;210m[38;2;207;207;207m▄[48;2;208;208;209m[38;2;208;207;208m▄[48;2;208;208;206m[38;2;207;207;205m▄[48;2;208;208;204m[38;2;207;207;203m▄[48;2;207;208;202m[38;2;207;208;203m▄[48;2;205;208;203m[38;2;204;207;202m▄[48;2;203;208;204m[38;2;202;207;203m▄[48;2;202;204;206m[38;2;201;204;206m▄[48;2;202;202;204m[38;2;203;202;207m▄[48;2;203;203;202m[38;2;203;202;203m▄[48;2;202;202;202m[38;2;203;203;203m▄[48;2;202;202;202m[38;2;202;202;202m▄[0m
[48;2;210;210;210m[38;2;209;209;209m▄[48;2;211;211;211m[38;2;210;210;210m▄[48;2;210;210;210m[38;2;210;210;210m▄[48;2;210;210;210m[38;2;210;210;210m▄[48;2;211;211;211m[38;2;210;210;210m▄[48;2;211;211;211m[38;2;210;210;210m▄[48;2;211;211;211m[38;2;211;211;211m▄[48;2;212;212;212m[38;2;211;211;211m▄[48;2;213;213;213m[38;2;211;211;211m▄[48;2;214;213;214m[38;2;211;211;211m▄[48;2;214;213;214m[38;2;211;211;211m▄[48;2;213;213;214m[38;2;212;212;212m▄[48;2;214;214;214m[38;2;212;212;212m▄[48;2;214;214;214m[38;2;212;212;212m▄[48;2;214;213;215m[38;2;212;212;213m▄[48;2;215;216;218m[38;2;213;213;213m▄[48;2;209;204;200m[38;2;213;212;212m▄[48;2;203;196;180m[38;2;193;178;159m▄[48;2;207;190;200m[38;2;210;207;198m▄[48;2;168;67;92m[38;2;204;186;188m▄[48;2;170;66;92m[38;2;191;163;161m▄[48;2;192;186;191m[38;2;189;180;164m▄[48;2;172;113;124m[38;2;204;194;184m▄[48;2;194;86;108m[38;2;162;80;102m▄[48;2;235;136;151m[38;2;192;81;104m▄[48;2;153;44;71m[38;2;237;141;155m▄[48;2;159;67;91m[38;2;195;104;122m▄[48;2;166;75;97m[38;2;162;69;92m▄[48;2;152;41;69m[38;2;180;86;108m▄[48;2;181;117;134m[38;2;182;114;128m▄[48;2;181;120;136m[38;2;178;120;134m▄[48;2;171;84;107m[38;2;179;100;119m▄[48;2;181;111;126m[38;2;178;95;115m▄[48;2;163;68;92m[38;2;183;100;118m▄[48;2;163;67;90m[38;2;183;95;115m▄[48;2;167;73;96m[38;2;183;101;118m▄[48;2;165;66;90m[38;2;188;105;123m▄[48;2;171;78;101m[38;2;230;185;193m▄[48;2;209;196;198m[38;2;231;236;235m▄[48;2;216;191;195m[38;2;211;211;204m▄[48;2;215;181;186m[38;2;208;204;194m▄[48;2;209;185;190m[38;2;203;199;189m▄[48;2;217;181;189m[38;2;194;191;182m▄[48;2;194;144;156m[38;2;191;193;186m▄[48;2;185;181;181m[38;2;194;189;180m▄[48;2;195;197;196m[38;2;204;203;204m▄[48;2;207;206;207m[38;2;208;208;208m▄[48;2;209;209;209m[38;2;208;208;208m▄[48;2;208;208;208m[38;2;207;207;207m▄[48;2;208;208;208m[38;2;207;207;207m▄[48;2;208;208;208m[38;2;207;207;207m▄[48;2;207;207;208m[38;2;206;206;206m▄[48;2;207;207;207m[38;2;206;206;206m▄[48;2;207;207;207m[38;2;206;206;206m▄[48;2;207;207;207m[38;2;205;205;206m▄[48;2;207;207;205m[38;2;205;205;205m▄[48;2;206;206;205m[38;2;204;204;204m▄[48;2;205;205;204m[38;2;203;203;204m▄[48;2;203;203;203m[38;2;203;203;203m▄[48;2;203;202;205m[38;2;203;203;203m▄[48;2;203;202;205m[38;2;201;201;202m▄[48;2;202;202;204m[38;2;201;201;201m▄[48;2;203;203;203m[38;2;202;202;202m▄[48;2;202;202;202m[38;2;202;202;202m▄[0m
[48;2;209;209;209m[38;2;211;211;211m▄[48;2;209;209;209m[38;2;212;212;212m▄[48;2;210;210;210m[38;2;213;213;213m▄[48;2;210;210;210m[38;2;213;213;213m▄[48;2;210;210;210m[38;2;213;213;214m▄[48;2;210;210;211m[38;2;214;213;214m▄[48;2;211;211;211m[38;2;214;214;214m▄[48;2;211;211;211m[38;2;215;214;215m▄[48;2;211;211;211m[38;2;214;214;215m▄[48;2;212;212;212m[38;2;215;215;215m▄[48;2;212;212;212m[38;2;215;215;215m▄[48;2;212;212;212m[38;2;215;215;215m▄[48;2;212;212;212m[38;2;215;215;215m▄[48;2;213;213;213m[38;2;215;215;215m▄[48;2;213;213;213m[38;2;215;215;215m▄[48;2;213;213;212m[38;2;215;215;215m▄[48;2;214;215;216m[38;2;215;215;214m▄[48;2;209;206;202m[38;2;215;216;217m▄[48;2;196;182;164m[38;2;215;217;220m▄[48;2;196;187;169m[38;2;213;214;215m▄[48;2;197;192;178m[38;2;213;214;217m▄[48;2;204;199;195m[38;2;213;213;215m▄[48;2;211;214;215m[38;2;212;211;211m▄[48;2;208;203;203m[38;2;212;214;214m▄[48;2;171;99;117m[38;2;212;213;213m▄[48;2;165;57;83m[38;2;191;158;167m▄[48;2;199;89;110m[38;2;170;105;122m▄[48;2;206;104;125m[38;2;166;86;107m▄[48;2;199;97;117m[38;2;168;88;108m▄[48;2;191;84;107m[38;2;170;102;119m▄[48;2;202;104;125m[38;2;166;80;102m▄[48;2;182;94;112m[38;2;170;71;95m▄[48;2;151;50;75m[38;2;184;81;105m▄[48;2;163;83;102m[38;2;191;94;115m▄[48;2;174;128;139m[38;2;186;85;109m▄[48;2;165;102;117m[38;2;198;110;127m▄[48;2;193;123;139m[38;2;234;203;205m▄[48;2;242;221;221m[38;2;214;172;179m▄[48;2;221;208;210m[38;2;201;193;194m▄[48;2;214;213;209m[38;2;205;207;207m▄[48;2;210;207;203m[38;2;209;210;211m▄[48;2;211;206;200m[38;2;207;209;210m▄[48;2;203;192;178m[38;2;207;209;212m▄[48;2;202;191;177m[38;2;207;209;211m▄[48;2;205;201;198m[38;2;207;208;209m▄[48;2;207;207;208m[38;2;209;208;209m▄[48;2;208;207;207m[38;2;209;208;209m▄[48;2;207;207;207m[38;2;209;209;209m▄[48;2;207;207;207m[38;2;208;208;208m▄[48;2;207;207;207m[38;2;208;207;208m▄[48;2;206;206;206m[38;2;207;207;207m▄[48;2;205;206;206m[38;2;207;207;208m▄[48;2;205;205;205m[38;2;207;207;207m▄[48;2;204;204;204m[38;2;207;207;207m▄[48;2;204;204;204m[38;2;207;207;207m▄[48;2;204;204;204m[38;2;206;206;206m▄[48;2;203;203;203m[38;2;205;205;205m▄[48;2;203;203;203m[38;2;204;204;204m▄[48;2;203;203;204m[38;2;204;204;204m▄[48;2;202;202;202m[38;2;203;202;203m▄[48;2;202;202;202m[38;2;203;203;203m▄[48;2;202;202;202m[38;2;203;203;203m▄[48;2;202;202;202m[38;2;202;202;202m▄[48;2;202;202;202m[38;2;203;203;203m▄[0m
[48;2;215;215;215m[38;2;216;216;216m▄[48;2;215;215;215m[38;2;217;217;217m▄[48;2;216;216;216m[38;2;217;217;217m▄[48;2;216;216;216m[38;2;217;217;217m▄[48;2;216;216;216m[38;2;217;217;217m▄[48;2;216;216;216m[38;2;217;217;217m▄[48;2;216;216;216m[38;2;218;218;218m▄[48;2;216;216;217m[38;2;218;218;218m▄[48;2;216;216;216m[38;2;218;218;218m▄[48;2;217;217;217m[38;2;219;219;219m▄[48;2;216;216;216m[38;2;218;218;218m▄[48;2;216;216;216m[38;2;218;218;218m▄[48;2;216;216;216m[38;2;218;218;218m▄[48;2;216;216;216m[38;2;218;218;218m▄[48;2;217;217;217m[38;2;218;218;218m▄[48;2;216;216;216m[38;2;218;218;218m▄[48;2;216;216;216m[38;2;217;217;217m▄[48;2;217;217;216m[38;2;216;216;216m▄[48;2;216;216;215m[38;2;215;215;215m▄[48;2;216;216;216m[38;2;214;214;214m▄[48;2;217;216;216m[38;2;213;213;213m▄[48;2;217;217;217m[38;2;212;212;213m▄[48;2;217;217;217m[38;2;212;212;212m▄[48;2;216;215;215m[38;2;211;211;211m▄[48;2;211;211;211m[38;2;210;210;210m▄[48;2;205;210;209m[38;2;208;206;207m▄[48;2;197;201;200m[38;2;203;202;203m▄[48;2;190;188;189m[38;2;198;197;197m▄[48;2;186;183;184m[38;2;195;192;193m▄[48;2;185;187;186m[38;2;195;188;191m▄[48;2;185;174;177m[38;2;195;191;192m▄[48;2;172;128;141m[38;2;195;197;196m▄[48;2;163;92;110m[38;2;194;194;194m▄[48;2;165;78;100m[38;2;188;179;182m▄[48;2;167;72;97m[38;2;187;175;178m▄[48;2;204;146;157m[38;2;192;187;188m▄[48;2;209;172;177m[38;2;188;187;186m▄[48;2;194;179;182m[38;2;188;189;189m▄[48;2;190;192;191m[38;2;199;199;200m▄[48;2;205;205;205m[38;2;205;206;206m▄[48;2;211;211;211m[38;2;208;209;209m▄[48;2;212;212;211m[38;2;211;211;211m▄[48;2;211;211;210m[38;2;212;212;212m▄[48;2;210;210;210m[38;2;211;211;211m▄[48;2;210;210;209m[38;2;210;210;210m▄[48;2;210;210;210m[38;2;210;210;211m▄[48;2;210;210;210m[38;2;210;210;210m▄[48;2;210;210;210m[38;2;209;209;209m▄[48;2;210;209;210m[38;2;211;211;210m▄[48;2;209;209;210m[38;2;211;211;211m▄[48;2;210;210;210m[38;2;211;211;211m▄[48;2;209;209;210m[38;2;211;211;211m▄[48;2;209;209;209m[38;2;210;210;210m▄[48;2;208;208;208m[38;2;210;210;210m▄[48;2;208;208;208m[38;2;210;210;210m▄[48;2;208;208;208m[38;2;210;210;210m▄[48;2;208;208;207m[38;2;209;209;209m▄[48;2;206;206;207m[38;2;209;209;209m▄[48;2;211;211;211m[38;2;216;216;216m▄[48;2;214;214;214m[38;2;220;220;220m▄[48;2;207;207;207m[38;2;209;209;209m▄[48;2;207;206;207m[38;2;209;209;208m▄[48;2;206;206;206m[38;2;208;208;208m▄[48;2;205;205;205m[38;2;207;207;207m▄[0m
[48;2;220;220;220m[38;2;223;223;223m▄[48;2;220;220;220m[38;2;223;223;223m▄[48;2;221;221;221m[38;2;224;224;224m▄[48;2;220;220;220m[38;2;224;224;224m▄[48;2;221;221;221m[38;2;224;224;224m▄[48;2;221;221;221m[38;2;225;225;225m▄[48;2;222;222;222m[38;2;224;224;224m▄[48;2;222;222;222m[38;2;224;224;224m▄[48;2;222;222;222m[38;2;224;224;224m▄[48;2;222;222;222m[38;2;224;224;224m▄[48;2;222;222;222m[38;2;224;224;224m▄[48;2;222;222;222m[38;2;224;224;224m▄[48;2;223;223;223m[38;2;224;224;224m▄[48;2;222;222;222m[38;2;224;224;224m▄[48;2;222;222;222m[38;2;224;224;224m▄[48;2;219;219;219m[38;2;223;223;223m▄[48;2;214;214;214m[38;2;221;221;221m▄[48;2;207;207;207m[38;2;217;217;217m▄[48;2;200;200;200m[38;2;211;211;211m▄[48;2;195;194;195m[38;2;206;206;206m▄[48;2;191;191;192m[38;2;204;204;204m▄[48;2;190;190;190m[38;2;203;203;203m▄[48;2;189;189;189m[38;2;201;201;201m▄[48;2;188;188;188m[38;2;196;196;196m▄[48;2;189;189;189m[38;2;191;191;191m▄[48;2;192;192;192m[38;2;187;187;187m▄[48;2;196;196;196m[38;2;185;185;185m▄[48;2;198;199;199m[38;2;185;185;185m▄[48;2;199;199;200m[38;2;186;186;186m▄[48;2;199;199;199m[38;2;188;188;188m▄[48;2;197;197;197m[38;2;187;187;187m▄[48;2;196;194;194m[38;2;186;186;186m▄[48;2;194;193;194m[38;2;185;185;185m▄[48;2;193;194;195m[38;2;185;184;186m▄[48;2;191;194;193m[38;2;186;185;185m▄[48;2;189;190;190m[38;2;186;185;186m▄[48;2;191;190;191m[38;2;185;185;185m▄[48;2;191;191;191m[38;2;187;187;187m▄[48;2;188;188;189m[38;2;191;191;191m▄[48;2;187;187;187m[38;2;195;195;195m▄[48;2;188;188;188m[38;2;196;196;196m▄[48;2;191;190;191m[38;2;195;195;195m▄[48;2;192;192;192m[38;2;195;195;195m▄[48;2;193;193;193m[38;2;196;196;196m▄[48;2;196;196;196m[38;2;199;199;199m▄[48;2;203;202;204m[38;2;204;204;204m▄[48;2;208;207;209m[38;2;210;210;210m▄[48;2;211;210;211m[38;2;214;214;214m▄[48;2;213;213;214m[38;2;216;216;216m▄[48;2;213;213;214m[38;2;215;215;215m▄[48;2;213;213;213m[38;2;215;215;215m▄[48;2;213;213;213m[38;2;215;215;215m▄[48;2;213;213;213m[38;2;215;215;215m▄[48;2;211;211;211m[38;2;214;214;214m▄[48;2;211;211;211m[38;2;214;214;214m▄[48;2;211;211;211m[38;2;213;213;213m▄[48;2;210;210;210m[38;2;213;213;213m▄[48;2;210;210;210m[38;2;212;212;212m▄[48;2;210;210;210m[38;2;212;212;212m▄[48;2;210;210;210m[38;2;211;211;211m▄[48;2;209;209;209m[38;2;212;212;212m▄[48;2;210;210;210m[38;2;211;211;211m▄[48;2;209;209;209m[38;2;210;210;210m▄[48;2;209;209;209m[38;2;210;210;210m▄[0m
[48;2;225;225;225m[38;2;228;228;228m▄[48;2;225;225;225m[38;2;228;228;228m▄[48;2;226;226;226m[38;2;227;227;227m▄[48;2;226;226;226m[38;2;228;228;228m▄[48;2;226;226;226m[38;2;229;229;229m▄[48;2;226;226;226m[38;2;229;229;229m▄[48;2;226;226;226m[38;2;229;229;229m▄[48;2;226;226;226m[38;2;228;228;228m▄[48;2;227;227;227m[38;2;229;229;229m▄[48;2;227;227;227m[38;2;229;229;229m▄[48;2;227;227;227m[38;2;228;228;228m▄[48;2;227;227;227m[38;2;228;228;228m▄[48;2;226;226;226m[38;2;227;227;227m▄[48;2;226;226;226m[38;2;228;228;228m▄[48;2;225;225;225m[38;2;228;228;228m▄[48;2;224;224;224m[38;2;227;227;227m▄[48;2;225;225;225m[38;2;227;227;227m▄[48;2;226;226;226m[38;2;227;227;227m▄[48;2;225;225;226m[38;2;227;227;227m▄[48;2;225;225;225m[38;2;227;227;227m▄[48;2;226;226;226m[38;2;227;227;227m▄[48;2;226;226;226m[38;2;227;227;227m▄[48;2;225;225;225m[38;2;227;227;227m▄[48;2;223;223;223m[38;2;228;228;228m▄[48;2;219;219;219m[38;2;227;227;227m▄[48;2;216;216;216m[38;2;227;227;227m▄[48;2;214;214;214m[38;2;228;228;228m▄[48;2;213;213;213m[38;2;227;227;227m▄[48;2;212;213;213m[38;2;227;227;227m▄[48;2;212;212;212m[38;2;226;226;226m▄[48;2;210;210;210m[38;2;226;226;226m▄[48;2;207;207;207m[38;2;226;226;226m▄[48;2;204;204;204m[38;2;225;225;225m▄[48;2;203;202;203m[38;2;225;225;224m▄[48;2;202;202;202m[38;2;224;224;224m▄[48;2;202;202;202m[38;2;224;224;224m▄[48;2;203;203;203m[38;2;224;224;224m▄[48;2;207;207;207m[38;2;223;223;223m▄[48;2;213;213;213m[38;2;223;223;223m▄[48;2;217;217;217m[38;2;222;222;222m▄[48;2;219;219;219m[38;2;222;222;222m▄[48;2;219;219;219m[38;2;221;221;221m▄[48;2;218;219;219m[38;2;221;221;221m▄[48;2;218;218;218m[38;2;219;219;219m▄[48;2;217;217;217m[38;2;218;218;218m▄[48;2;217;217;217m[38;2;217;217;217m▄[48;2;217;217;217m[38;2;217;217;217m▄[48;2;217;217;217m[38;2;217;217;217m▄[48;2;217;217;217m[38;2;217;217;216m▄[48;2;217;217;217m[38;2;216;216;217m▄[48;2;216;216;216m[38;2;216;216;216m▄[48;2;216;216;216m[38;2;216;216;216m▄[48;2;216;216;216m[38;2;216;216;216m▄[48;2;216;216;216m[38;2;216;216;216m▄[48;2;215;215;215m[38;2;216;216;216m▄[48;2;215;215;215m[38;2;215;215;215m▄[48;2;215;215;215m[38;2;216;216;216m▄[48;2;215;215;215m[38;2;216;216;216m▄[48;2;215;215;215m[38;2;216;216;216m▄[48;2;215;214;215m[38;2;216;216;216m▄[48;2;214;214;214m[38;2;215;215;215m▄[48;2;212;212;212m[38;2;214;214;214m▄[48;2;211;211;211m[38;2;214;214;214m▄[48;2;210;210;210m[38;2;213;213;213m▄[0m
