[48;2;224;224;224m[38;2;223;223;223m▄[48;2;223;223;223m[38;2;223;223;223m▄[48;2;223;223;223m[38;2;223;223;223m▄[48;2;224;224;224m[38;2;224;224;224m▄[48;2;225;225;225m[38;2;224;224;224m▄[48;2;225;225;225m[38;2;225;225;225m▄[48;2;225;225;225m[38;2;225;225;225m▄[48;2;224;224;224m[38;2;224;224;224m▄[48;2;225;225;225m[38;2;224;224;224m▄[48;2;225;225;225m[38;2;224;224;224m▄[48;2;226;226;226m[38;2;225;225;225m▄[48;2;227;227;227m[38;2;225;225;225m▄[48;2;228;228;228m[38;2;226;226;226m▄[48;2;228;228;228m[38;2;227;227;227m▄[48;2;228;228;228m[38;2;227;227;227m▄[48;2;228;228;228m[38;2;227;227;227m▄[48;2;227;227;227m[38;2;227;227;227m▄[48;2;227;227;227m[38;2;227;227;227m▄[48;2;227;227;227m[38;2;226;226;226m▄[48;2;228;228;228m[38;2;227;227;227m▄[48;2;227;227;227m[38;2;227;227;227m▄[48;2;228;228;228m[38;2;227;227;227m▄[48;2;228;228;228m[38;2;226;226;226m▄[48;2;228;228;228m[38;2;227;227;227m▄[48;2;228;228;228m[38;2;225;225;225m▄[48;2;227;227;227m[38;2;224;224;224m▄[48;2;225;225;225m[38;2;224;224;224m▄[48;2;224;224;224m[38;2;224;224;224m▄[48;2;224;224;224m[38;2;224;224;224m▄[48;2;224;224;224m[38;2;224;224;224m▄[48;2;224;224;224m[38;2;224;224;224m▄[48;2;225;225;225m[38;2;224;224;224m▄[48;2;225;225;225m[38;2;224;224;224m▄[48;2;224;224;224m[38;2;223;223;223m▄[48;2;223;223;223m[38;2;223;223;223m▄[48;2;223;223;223m[38;2;223;223;223m▄[48;2;223;223;223m[38;2;223;223;223m▄[48;2;223;223;223m[38;2;222;222;222m▄[48;2;222;222;222m[38;2;222;222;222m▄[48;2;222;222;222m[38;2;221;221;221m▄[48;2;220;220;220m[38;2;220;220;220m▄[48;2;220;220;220m[38;2;220;220;220m▄[48;2;219;219;219m[38;2;218;218;218m▄[48;2;217;217;217m[38;2;217;217;217m▄[48;2;216;216;216m[38;2;216;216;216m▄[48;2;216;216;216m[38;2;216;216;216m▄[48;2;216;216;216m[38;2;216;216;216m▄[48;2;216;216;216m[38;2;216;216;216m▄[48;2;216;216;216m[38;2;216;216;216m▄[48;2;216;216;216m[38;2;216;216;216m▄[48;2;216;216;216m[38;2;215;215;215m▄[48;2;215;215;215m[38;2;215;215;215m▄[48;2;215;215;215m[38;2;215;215;215m▄[48;2;214;214;214m[38;2;214;214;214m▄[48;2;214;214;214m[38;2;213;213;213m▄[48;2;213;213;213m[38;2;213;213;213m▄[48;2;212;212;212m[38;2;212;212;212m▄[48;2;211;211;211m[38;2;211;211;211m▄[48;2;211;211;211m[38;2;210;210;210m▄[48;2;210;210;210m[38;2;210;210;210m▄[48;2;210;210;210m[38;2;210;210;210m▄[48;2;210;210;210m[38;2;209;209;209m▄[48;2;209;209;209m[38;2;208;208;208m▄[48;2;209;209;209m[38;2;209;209;209m▄[0m
[48;2;222;222;222m[38;2;222;222;222m▄[48;2;223;223;223m[38;2;223;223;223m▄[48;2;223;223;223m[38;2;223;223;223m▄[48;2;223;223;223m[38;2;223;223;223m▄[48;2;224;224;224m[38;2;224;224;224m▄[48;2;225;225;225m[38;2;224;224;224m▄[48;2;224;224;224m[38;2;224;224;224m▄[48;2;224;224;224m[38;2;224;224;224m▄[48;2;224;224;224m[38;2;224;224;224m▄[48;2;224;224;224m[38;2;224;224;224m▄[48;2;224;224;224m[38;2;224;224;224m▄[48;2;225;225;225m[38;2;224;224;224m▄[48;2;225;225;225m[38;2;224;224;224m▄[48;2;226;226;226m[38;2;224;224;224m▄[48;2;226;226;226m[38;2;225;225;225m▄[48;2;227;227;227m[38;2;226;226;226m▄[48;2;226;226;226m[38;2;225;225;225m▄[48;2;226;226;226m[38;2;226;226;226m▄[48;2;227;227;227m[38;2;226;226;226m▄[48;2;226;226;226m[38;2;225;225;225m▄[48;2;227;227;227m[38;2;225;225;225m▄[48;2;227;227;227m[38;2;225;225;225m▄[48;2;226;226;226m[38;2;225;225;225m▄[48;2;226;226;226m[38;2;224;224;224m▄[48;2;224;224;224m[38;2;225;225;225m▄[48;2;224;224;224m[38;2;224;224;224m▄[48;2;225;225;225m[38;2;224;224;224m▄[48;2;224;224;224m[38;2;224;224;224m▄[48;2;224;224;224m[38;2;224;224;224m▄[48;2;224;224;224m[38;2;224;224;224m▄[48;2;224;224;224m[38;2;224;224;224m▄[48;2;224;224;224m[38;2;224;224;224m▄[48;2;224;224;224m[38;2;224;224;224m▄[48;2;224;224;224m[38;2;224;224;224m▄[48;2;223;223;223m[38;2;223;223;223m▄[48;2;223;223;223m[38;2;223;223;223m▄[48;2;222;222;222m[38;2;222;222;222m▄[48;2;222;222;222m[38;2;222;222;222m▄[48;2;222;222;222m[38;2;221;221;221m▄[48;2;221;221;221m[38;2;221;221;221m▄[48;2;221;221;221m[38;2;219;219;219m▄[48;2;219;219;219m[38;2;218;218;218m▄[48;2;218;218;218m[38;2;217;217;217m▄[48;2;217;217;217m[38;2;217;217;217m▄[48;2;216;216;216m[38;2;216;216;216m▄[48;2;216;216;216m[38;2;216;216;216m▄[48;2;216;216;216m[38;2;216;216;216m▄[48;2;217;217;217m[38;2;216;215;217m▄[48;2;216;216;216m[38;2;216;216;216m▄[48;2;215;215;215m[38;2;215;215;215m▄[48;2;215;215;215m[38;2;215;215;215m▄[48;2;215;215;215m[38;2;214;214;214m▄[48;2;214;214;214m[38;2;215;215;215m▄[48;2;214;214;214m[38;2;214;214;214m▄[48;2;213;213;213m[38;2;213;213;213m▄[48;2;213;213;213m[38;2;212;212;212m▄[48;2;212;212;212m[38;2;212;212;212m▄[48;2;211;211;211m[38;2;211;211;211m▄[48;2;210;210;210m[38;2;210;210;210m▄[48;2;210;210;210m[38;2;210;210;210m▄[48;2;210;210;210m[38;2;209;209;209m▄[48;2;209;209;209m[38;2;209;209;209m▄[48;2;209;209;209m[38;2;209;209;209m▄[48;2;209;209;209m[38;2;209;209;210m▄[0m
[48;2;222;222;222m[38;2;222;222;222m▄[48;2;222;222;222m[38;2;222;222;222m▄[48;2;223;223;223m[38;2;222;222;222m▄[48;2;223;223;223m[38;2;223;223;223m▄[48;2;223;223;223m[38;2;223;223;223m▄[48;2;224;224;224m[38;2;224;224;224m▄[48;2;224;224;224m[38;2;224;224;224m▄[48;2;224;224;224m[38;2;224;224;224m▄[48;2;224;224;224m[38;2;224;224;224m▄[48;2;225;225;225m[38;2;225;225;225m▄[48;2;224;224;224m[38;2;224;224;224m▄[48;2;224;224;224m[38;2;224;224;224m▄[48;2;224;224;224m[38;2;224;224;224m▄[48;2;224;224;224m[38;2;224;224;224m▄[48;2;225;225;225m[38;2;224;224;224m▄[48;2;225;225;225m[38;2;224;224;224m▄[48;2;225;225;225m[38;2;224;224;224m▄[48;2;225;225;225m[38;2;224;224;224m▄[48;2;224;224;224m[38;2;224;224;224m▄[48;2;224;224;224m[38;2;224;224;224m▄[48;2;224;224;224m[38;2;224;224;224m▄[48;2;225;225;225m[38;2;224;224;224m▄[48;2;224;224;224m[38;2;224;224;224m▄[48;2;224;224;224m[38;2;224;224;224m▄[48;2;225;225;225m[38;2;224;224;224m▄[48;2;224;224;224m[38;2;224;224;225m▄[48;2;225;225;225m[38;2;221;224;221m▄[48;2;225;224;225m[38;2;222;224;222m▄[48;2;223;224;223m[38;2;233;229;234m▄[48;2;222;223;222m[38;2;234;229;235m▄[48;2;224;224;224m[38;2;223;223;223m▄[48;2;224;224;224m[38;2;223;223;223m▄[48;2;224;224;224m[38;2;224;224;224m▄[48;2;223;223;223m[38;2;223;223;223m▄[48;2;223;223;223m[38;2;223;223;223m▄[48;2;223;223;223m[38;2;222;222;222m▄[48;2;222;222;222m[38;2;222;222;222m▄[48;2;222;222;222m[38;2;222;222;222m▄[48;2;222;222;222m[38;2;220;220;220m▄[48;2;220;220;220m[38;2;220;220;220m▄[48;2;218;218;218m[38;2;218;218;218m▄[48;2;218;218;218m[38;2;217;217;217m▄[48;2;217;217;217m[38;2;217;217;217m▄[48;2;217;217;217m[38;2;217;217;217m▄[48;2;216;216;216m[38;2;216;216;216m▄[48;2;216;216;216m[38;2;216;216;216m▄[48;2;216;216;216m[38;2;216;216;216m▄[48;2;215;215;215m[38;2;215;215;215m▄[48;2;216;216;216m[38;2;215;215;215m▄[48;2;215;215;215m[38;2;215;215;215m▄[48;2;215;215;215m[38;2;215;215;215m▄[48;2;215;215;215m[38;2;214;214;214m▄[48;2;214;214;214m[38;2;214;214;214m▄[48;2;214;214;214m[38;2;214;214;214m▄[48;2;213;213;213m[38;2;212;212;212m▄[48;2;212;212;212m[38;2;212;212;212m▄[48;2;212;212;212m[38;2;212;212;212m▄[48;2;211;211;211m[38;2;210;210;210m▄[48;2;210;210;210m[38;2;210;210;210m▄[48;2;211;211;211m[38;2;210;210;210m▄[48;2;211;211;211m[38;2;210;210;210m▄[48;2;209;209;209m[38;2;208;208;208m▄[48;2;208;208;208m[38;2;208;208;208m▄[48;2;208;208;209m[38;2;208;208;208m▄[0m
[48;2;221;221;221m[38;2;221;221;221m▄[48;2;221;221;221m[38;2;221;221;221m▄[48;2;222;222;222m[38;2;222;222;222m▄[48;2;223;223;223m[38;2;222;222;222m▄[48;2;222;222;222m[38;2;222;222;222m▄[48;2;223;223;223m[38;2;223;223;223m▄[48;2;223;223;223m[38;2;223;223;223m▄[48;2;224;224;224m[38;2;224;224;224m▄[48;2;224;224;224m[38;2;223;223;223m▄[48;2;224;224;224m[38;2;224;224;224m▄[48;2;224;224;224m[38;2;224;224;224m▄[48;2;224;224;224m[38;2;224;224;224m▄[48;2;224;224;224m[38;2;224;224;224m▄[48;2;224;224;224m[38;2;224;224;224m▄[48;2;224;224;224m[38;2;224;224;224m▄[48;2;224;224;224m[38;2;224;224;224m▄[48;2;224;224;224m[38;2;224;224;224m▄[48;2;224;224;224m[38;2;224;224;224m▄[48;2;224;224;224m[38;2;224;224;224m▄[48;2;224;224;224m[38;2;224;224;224m▄[48;2;224;224;224m[38;2;224;224;224m▄[48;2;224;224;224m[38;2;224;224;224m▄[48;2;224;224;224m[38;2;224;224;224m▄[48;2;224;224;224m[38;2;224;224;224m▄[48;2;223;223;223m[38;2;223;224;223m▄[48;2;229;227;230m[38;2;229;227;229m▄[48;2;127;172;123m[38;2;126;169;122m▄[48;2;116;165;109m[38;2;193;203;192m▄[48;2;141;180;132m[38;2;196;205;193m▄[48;2;172;198;168m[38;2;142;176;136m▄[48;2;225;224;226m[38;2;124;171;117m▄[48;2;227;225;227m[38;2;216;221;214m▄[48;2;222;222;222m[38;2;226;225;227m▄[48;2;223;223;223m[38;2;222;222;222m▄[48;2;222;222;222m[38;2;223;223;223m▄[48;2;222;222;222m[38;2;222;222;222m▄[48;2;222;222;222m[38;2;221;221;221m▄[48;2;221;221;221m[38;2;221;221;221m▄[48;2;221;221;221m[38;2;221;221;221m▄[48;2;218;218;218m[38;2;219;219;219m▄[48;2;218;218;218m[38;2;218;218;218m▄[48;2;217;217;217m[38;2;217;217;217m▄[48;2;217;217;217m[38;2;217;217;217m▄[48;2;216;216;216m[38;2;216;216;216m▄[48;2;216;216;216m[38;2;216;216;216m▄[48;2;216;216;216m[38;2;216;216;216m▄[48;2;216;216;216m[38;2;215;215;215m▄[48;2;215;215;215m[38;2;216;216;216m▄[48;2;215;215;215m[38;2;215;215;215m▄[48;2;215;215;215m[38;2;215;215;215m▄[48;2;214;214;214m[38;2;215;215;215m▄[48;2;214;214;214m[38;2;214;214;214m▄[48;2;214;214;214m[38;2;213;213;213m▄[48;2;213;213;213m[38;2;213;213;213m▄[48;2;212;212;212m[38;2;212;212;212m▄[48;2;212;212;212m[38;2;212;212;212m▄[48;2;211;211;211m[38;2;211;211;211m▄[48;2;211;211;211m[38;2;211;211;211m▄[48;2;210;210;210m[38;2;210;210;210m▄[48;2;210;210;210m[38;2;210;210;210m▄[48;2;210;210;210m[38;2;210;210;210m▄[48;2;209;209;209m[38;2;209;209;209m▄[48;2;208;208;208m[38;2;208;208;208m▄[48;2;208;208;208m[38;2;208;208;208m▄[0m
[48;2;220;220;220m[38;2;219;219;219m▄[48;2;221;221;221m[38;2;220;220;220m▄[48;2;222;222;222m[38;2;221;221;221m▄[48;2;222;222;222m[38;2;221;221;221m▄[48;2;223;223;223m[38;2;222;222;222m▄[48;2;223;223;223m[38;2;222;222;222m▄[48;2;223;223;223m[38;2;223;223;223m▄[48;2;223;223;223m[38;2;223;223;223m▄[48;2;224;224;224m[38;2;223;223;223m▄[48;2;224;224;224m[38;2;223;223;223m▄[48;2;224;224;224m[38;2;224;224;224m▄[48;2;224;224;224m[38;2;224;224;224m▄[48;2;223;223;223m[38;2;224;224;224m▄[48;2;224;224;224m[38;2;224;224;224m▄[48;2;224;224;224m[38;2;224;224;224m▄[48;2;224;224;224m[38;2;224;224;224m▄[48;2;224;224;224m[38;2;224;224;224m▄[48;2;224;224;224m[38;2;224;224;224m▄[48;2;224;224;224m[38;2;224;224;224m▄[48;2;224;224;224m[38;2;224;224;224m▄[48;2;224;224;224m[38;2;224;224;224m▄[48;2;224;224;224m[38;2;224;224;224m▄[48;2;224;224;224m[38;2;223;223;223m▄[48;2;224;224;224m[38;2;223;223;223m▄[48;2;221;222;221m[38;2;222;222;222m▄[48;2;236;230;236m[38;2;234;229;234m▄[48;2;137;178;134m[38;2;175;198;175m▄[48;2;185;201;185m[38;2;135;175;130m▄[48;2;237;230;239m[38;2;233;228;233m▄[48;2;235;228;237m[38;2;216;220;216m▄[48;2;183;200;179m[38;2;238;230;240m▄[48;2;126;172;118m[38;2;152;184;146m▄[48;2;225;223;225m[38;2;171;194;167m▄[48;2;223;223;222m[38;2;232;227;233m▄[48;2;221;222;220m[38;2;231;226;231m▄[48;2;221;221;221m[38;2;226;224;226m▄[48;2;222;222;223m[38;2;215;218;215m▄[48;2;221;221;221m[38;2;218;219;217m▄[48;2;218;219;218m[38;2;229;225;229m▄[48;2;217;218;217m[38;2;227;223;228m▄[48;2;218;218;218m[38;2;216;216;216m▄[48;2;218;218;218m[38;2;216;216;216m▄[48;2;216;216;216m[38;2;217;217;217m▄[48;2;217;217;217m[38;2;217;217;217m▄[48;2;216;216;216m[38;2;216;216;216m▄[48;2;216;216;216m[38;2;215;215;215m▄[48;2;215;215;215m[38;2;215;215;215m▄[48;2;215;215;215m[38;2;215;215;215m▄[48;2;215;215;215m[38;2;215;215;215m▄[48;2;215;215;215m[38;2;215;215;215m▄[48;2;215;215;215m[38;2;214;214;214m▄[48;2;214;214;214m[38;2;213;213;213m▄[48;2;213;213;213m[38;2;213;213;213m▄[48;2;213;213;213m[38;2;213;213;213m▄[48;2;213;213;213m[38;2;212;212;212m▄[48;2;211;211;211m[38;2;210;210;210m▄[48;2;210;210;210m[38;2;211;211;211m▄[48;2;211;211;211m[38;2;211;211;211m▄[48;2;211;211;211m[38;2;211;211;211m▄[48;2;210;210;210m[38;2;210;209;209m▄[48;2;209;209;209m[38;2;209;208;209m▄[48;2;209;208;209m[38;2;209;208;209m▄[48;2;208;208;208m[38;2;208;209;208m▄[48;2;208;208;208m[38;2;208;208;208m▄[0m
[48;2;218;218;218m[38;2;217;217;217m▄[48;2;219;219;219m[38;2;219;219;219m▄[48;2;220;220;220m[38;2;219;219;219m▄[48;2;221;221;221m[38;2;220;220;220m▄[48;2;222;222;222m[38;2;221;221;221m▄[48;2;222;222;222m[38;2;221;221;221m▄[48;2;222;222;222m[38;2;221;221;221m▄[48;2;223;223;223m[38;2;222;222;222m▄[48;2;222;222;222m[38;2;222;222;222m▄[48;2;223;223;223m[38;2;222;222;222m▄[48;2;223;223;223m[38;2;222;222;222m▄[48;2;224;224;224m[38;2;223;223;223m▄[48;2;224;224;224m[38;2;223;223;223m▄[48;2;224;224;224m[38;2;223;223;223m▄[48;2;223;223;223m[38;2;223;223;223m▄[48;2;224;224;224m[38;2;223;223;223m▄[48;2;224;224;224m[38;2;223;223;223m▄[48;2;224;224;224m[38;2;223;223;223m▄[48;2;224;224;224m[38;2;223;223;223m▄[48;2;223;223;223m[38;2;223;223;223m▄[48;2;223;223;223m[38;2;223;223;223m▄[48;2;224;224;224m[38;2;224;224;224m▄[48;2;223;223;223m[38;2;223;223;224m▄[48;2;223;223;223m[38;2;223;222;224m▄[48;2;223;223;223m[38;2;223;222;222m▄[48;2;223;223;222m[38;2;223;223;223m▄[48;2;226;223;226m[38;2;223;229;229m▄[48;2;150;184;138m[38;2;222;225;225m▄[48;2;201;210;198m[38;2;216;220;217m▄[48;2;226;223;226m[38;2;222;226;225m▄[48;2;226;224;226m[38;2;225;226;228m▄[48;2;196;209;193m[38;2;191;206;185m▄[48;2;148;183;141m[38;2;130;174;117m▄[48;2;231;225;233m[38;2;138;178;131m▄[48;2;167;195;162m[38;2;146;180;141m▄[48;2;129;174;125m[38;2;197;205;196m▄[48;2;125;172;123m[38;2;211;212;211m▄[48;2;125;171;123m[38;2;208;211;208m▄[48;2;132;174;127m[38;2;184;197;181m▄[48;2;176;197;173m[38;2;129;169;125m▄[48;2;223;220;222m[38;2;136;176;130m▄[48;2;220;218;220m[38;2;205;211;204m▄[48;2;215;216;215m[38;2;218;217;218m▄[48;2;217;217;217m[38;2;215;215;215m▄[48;2;216;216;216m[38;2;216;216;216m▄[48;2;215;215;215m[38;2;216;216;216m▄[48;2;216;216;216m[38;2;215;215;215m▄[48;2;215;215;215m[38;2;215;215;215m▄[48;2;215;215;215m[38;2;215;215;215m▄[48;2;215;215;215m[38;2;214;214;214m▄[48;2;214;214;214m[38;2;214;214;214m▄[48;2;213;213;213m[38;2;213;213;213m▄[48;2;213;213;213m[38;2;212;212;212m▄[48;2;212;212;212m[38;2;212;212;212m▄[48;2;212;212;212m[38;2;211;211;211m▄[48;2;211;211;211m[38;2;211;211;211m▄[48;2;211;211;211m[38;2;210;210;210m▄[48;2;211;211;211m[38;2;211;211;211m▄[48;2;211;211;211m[38;2;210;210;210m▄[48;2;210;210;210m[38;2;208;208;208m▄[48;2;209;209;209m[38;2;208;208;208m▄[48;2;208;208;208m[38;2;208;208;208m▄[48;2;208;208;208m[38;2;208;208;208m▄[48;2;208;208;208m[38;2;208;207;209m▄[0m
[48;2;217;217;217m[38;2;216;216;216m▄[48;2;218;218;218m[38;2;217;217;217m▄[48;2;218;218;218m[38;2;217;217;217m▄[48;2;218;218;218m[38;2;218;218;218m▄[48;2;220;220;220m[38;2;219;219;219m▄[48;2;221;221;221m[38;2;220;220;220m▄[48;2;221;221;221m[38;2;220;220;220m▄[48;2;221;221;222m[38;2;220;220;220m▄[48;2;222;222;222m[38;2;221;221;221m▄[48;2;222;222;222m[38;2;221;221;221m▄[48;2;222;222;222m[38;2;222;222;222m▄[48;2;223;223;223m[38;2;222;222;222m▄[48;2;223;223;223m[38;2;222;222;222m▄[48;2;223;223;223m[38;2;222;222;222m▄[48;2;223;223;223m[38;2;222;222;222m▄[48;2;223;223;223m[38;2;222;222;222m▄[48;2;223;223;223m[38;2;223;223;223m▄[48;2;223;223;223m[38;2;223;223;223m▄[48;2;223;223;223m[38;2;223;223;223m▄[48;2;223;223;223m[38;2;223;223;223m▄[48;2;223;223;223m[38;2;223;223;223m▄[48;2;223;223;223m[38;2;223;223;223m▄[48;2;223;223;223m[38;2;222;222;221m▄[48;2;223;222;222m[38;2;222;226;225m▄[48;2;223;226;225m[38;2;223;214;215m▄[48;2;223;223;223m[38;2;224;167;175m▄[48;2;223;193;198m[38;2;217;180;185m▄[48;2;222;180;187m[38;2;214;203;204m▄[48;2;223;180;187m[38;2;216;209;209m▄[48;2;221;188;192m[38;2;216;203;205m▄[48;2;226;211;216m[38;2;216;192;195m▄[48;2;205;213;204m[38;2;220;214;215m▄[48;2;107;160;95m[38;2;216;219;221m▄[48;2;181;196;178m[38;2;219;219;223m▄[48;2;228;220;229m[38;2;216;224;222m▄[48;2;220;217;220m[38;2;217;225;223m▄[48;2;218;217;218m[38;2;216;219;218m▄[48;2;218;218;218m[38;2;217;215;217m▄[48;2;234;226;235m[38;2;176;196;173m▄[48;2;228;223;229m[38;2;114;165;109m▄[48;2;103;156;95m[38;2;162;187;160m▄[48;2;165;188;162m[38;2;219;216;220m▄[48;2;225;221;226m[38;2;215;216;215m▄[48;2;215;216;215m[38;2;216;216;216m▄[48;2;216;216;216m[38;2;215;215;215m▄[48;2;215;215;215m[38;2;215;215;215m▄[48;2;215;215;215m[38;2;215;215;215m▄[48;2;215;215;215m[38;2;214;214;214m▄[48;2;214;214;214m[38;2;214;214;214m▄[48;2;214;214;214m[38;2;215;215;215m▄[48;2;213;213;213m[38;2;213;213;213m▄[48;2;213;213;213m[38;2;213;213;213m▄[48;2;213;213;213m[38;2;213;213;213m▄[48;2;211;211;211m[38;2;212;212;212m▄[48;2;211;211;211m[38;2;211;211;211m▄[48;2;211;211;211m[38;2;210;210;210m▄[48;2;210;210;210m[38;2;211;211;211m▄[48;2;211;211;211m[38;2;210;210;210m▄[48;2;210;210;210m[38;2;210;209;210m▄[48;2;208;208;208m[38;2;209;209;209m▄[48;2;208;208;208m[38;2;209;209;209m▄[48;2;208;208;208m[38;2;208;208;208m▄[48;2;208;208;208m[38;2;208;208;208m▄[48;2;208;207;208m[38;2;208;208;208m▄[0m
[48;2;216;216;216m[38;2;216;216;216m▄[48;2;216;216;216m[38;2;216;216;216m▄[48;2;216;216;216m[38;2;216;216;216m▄[48;2;217;217;217m[38;2;216;216;216m▄[48;2;218;218;218m[38;2;217;217;217m▄[48;2;218;218;218m[38;2;218;218;218m▄[48;2;218;218;218m[38;2;218;218;218m▄[48;2;219;219;219m[38;2;217;217;217m▄[48;2;219;219;219m[38;2;218;218;218m▄[48;2;220;220;220m[38;2;219;219;219m▄[48;2;221;221;222m[38;2;220;220;220m▄[48;2;222;221;222m[38;2;221;221;221m▄[48;2;222;222;222m[38;2;221;221;221m▄[48;2;221;221;221m[38;2;221;221;221m▄[48;2;222;222;222m[38;2;222;222;222m▄[48;2;221;221;221m[38;2;221;221;221m▄[48;2;222;222;222m[38;2;221;221;221m▄[48;2;223;223;223m[38;2;221;221;221m▄[48;2;222;222;222m[38;2;222;222;222m▄[48;2;222;222;222m[38;2;222;222;222m▄[48;2;223;223;223m[38;2;221;221;221m▄[48;2;222;222;222m[38;2;222;221;221m▄[48;2;222;223;224m[38;2;221;228;227m▄[48;2;222;218;219m[38;2;221;175;183m▄[48;2;223;161;169m[38;2;214;184;187m▄[48;2;216;197;199m[38;2;217;226;224m▄[48;2;216;224;223m[38;2;220;217;218m▄[48;2;219;222;222m[38;2;220;221;221m▄[48;2;219;215;216m[38;2;219;202;206m▄[48;2;220;217;217m[38;2;216;171;178m▄[48;2;217;206;208m[38;2;215;175;181m▄[48;2;219;188;192m[38;2;219;153;162m▄[48;2;221;176;183m[38;2;220;124;139m▄[48;2;221;157;166m[38;2;214;141;154m▄[48;2;220;160;169m[38;2;211;154;164m▄[48;2;219;181;187m[38;2;215;139;153m▄[48;2;219;208;211m[38;2;216;129;145m▄[48;2;214;223;221m[38;2;217;163;172m▄[48;2;159;184;156m[38;2;224;223;227m▄[48;2;191;200;191m[38;2;219;217;220m▄[48;2;222;217;224m[38;2;215;215;215m▄[48;2;215;216;215m[38;2;216;216;216m▄[48;2;216;216;216m[38;2;216;216;216m▄[48;2;216;216;216m[38;2;216;216;216m▄[48;2;215;215;215m[38;2;215;215;215m▄[48;2;215;215;215m[38;2;215;215;215m▄[48;2;215;215;215m[38;2;214;214;214m▄[48;2;214;214;214m[38;2;215;215;215m▄[48;2;214;214;214m[38;2;213;213;213m▄[48;2;214;214;214m[38;2;213;213;213m▄[48;2;213;213;213m[38;2;212;212;212m▄[48;2;212;212;212m[38;2;212;212;212m▄[48;2;212;212;212m[38;2;211;211;211m▄[48;2;211;211;211m[38;2;210;210;210m▄[48;2;211;211;211m[38;2;210;210;210m▄[48;2;210;210;210m[38;2;211;211;211m▄[48;2;210;210;210m[38;2;210;210;210m▄[48;2;210;210;210m[38;2;210;210;210m▄[48;2;209;209;211m[38;2;209;209;209m▄[48;2;209;208;209m[38;2;208;208;209m▄[48;2;209;209;209m[38;2;208;209;209m▄[48;2;208;208;208m[38;2;208;208;208m▄[48;2;208;208;208m[38;2;207;207;207m▄[48;2;207;207;207m[38;2;207;207;207m▄[0m
[48;2;217;217;217m[38;2;216;216;216m▄[48;2;217;217;217m[38;2;216;216;216m▄[48;2;216;216;216m[38;2;216;216;216m▄[48;2;216;216;216m[38;2;216;216;216m▄[48;2;216;216;216m[38;2;216;216;216m▄[48;2;216;216;216m[38;2;216;216;216m▄[48;2;217;217;217m[38;2;217;217;217m▄[48;2;217;217;217m[38;2;216;216;216m▄[48;2;217;217;217m[38;2;217;217;217m▄[48;2;218;218;218m[38;2;218;218;218m▄[48;2;218;218;218m[38;2;218;218;218m▄[48;2;220;219;220m[38;2;218;218;218m▄[48;2;220;220;220m[38;2;219;219;219m▄[48;2;219;219;219m[38;2;219;219;219m▄[48;2;220;220;220m[38;2;219;219;219m▄[48;2;220;220;220m[38;2;219;219;219m▄[48;2;221;221;221m[38;2;220;220;220m▄[48;2;221;221;221m[38;2;220;220;220m▄[48;2;220;220;220m[38;2;219;219;219m▄[48;2;221;221;221m[38;2;220;220;220m▄[48;2;221;221;221m[38;2;220;220;220m▄[48;2;221;223;223m[38;2;220;225;225m▄[48;2;221;214;215m[38;2;220;197;201m▄[48;2;219;165;173m[38;2;215;173;179m▄[48;2;214;215;214m[38;2;216;222;221m▄[48;2;220;219;220m[38;2;219;216;217m▄[48;2;219;218;218m[38;2;218;221;220m▄[48;2;220;219;220m[38;2;218;219;220m▄[48;2;217;217;218m[38;2;217;223;222m▄[48;2;212;222;219m[38;2;219;189;195m▄[48;2;217;171;179m[38;2;217;124;142m▄[48;2;217;131;148m[38;2;207;204;205m▄[48;2;208;191;194m[38;2;214;220;219m▄[48;2;211;217;217m[38;2;217;214;215m▄[48;2;212;222;220m[38;2;217;216;217m▄[48;2;213;205;205m[38;2;215;207;208m▄[48;2;209;201;202m[38;2;216;215;215m▄[48;2;213;141;155m[38;2;214;221;220m▄[48;2;217;152;165m[38;2;215;132;148m▄[48;2;217;223;222m[38;2;216;192;196m▄[48;2;216;215;215m[38;2;215;220;219m▄[48;2;215;215;215m[38;2;215;214;214m▄[48;2;215;215;215m[38;2;215;215;215m▄[48;2;215;215;215m[38;2;215;215;215m▄[48;2;214;214;214m[38;2;214;214;214m▄[48;2;215;215;215m[38;2;214;214;214m▄[48;2;214;214;214m[38;2;214;214;214m▄[48;2;214;214;214m[38;2;214;214;214m▄[48;2;213;213;213m[38;2;214;214;214m▄[48;2;213;213;213m[38;2;213;213;213m▄[48;2;212;211;213m[38;2;211;211;211m▄[48;2;211;211;212m[38;2;211;211;211m▄[48;2;211;211;211m[38;2;210;210;210m▄[48;2;210;210;210m[38;2;211;211;211m▄[48;2;210;210;210m[38;2;211;211;211m▄[48;2;211;211;211m[38;2;210;211;210m▄[48;2;210;210;210m[38;2;209;209;209m▄[48;2;210;210;210m[38;2;209;209;209m▄[48;2;209;209;208m[38;2;208;208;208m▄[48;2;208;208;208m[38;2;208;208;208m▄[48;2;208;208;208m[38;2;208;208;208m▄[48;2;208;208;208m[38;2;208;208;208m▄[48;2;208;208;208m[38;2;207;207;207m▄[48;2;207;207;207m[38;2;207;207;207m▄[0m
[48;2;216;216;216m[38;2;216;216;216m▄[48;2;216;216;216m[38;2;216;216;216m▄[48;2;216;216;216m[38;2;215;215;215m▄[48;2;217;217;217m[38;2;216;216;216m▄[48;2;215;216;215m[38;2;216;216;216m▄[48;2;215;215;215m[38;2;216;216;216m▄[48;2;216;216;216m[38;2;217;217;217m▄[48;2;216;216;216m[38;2;217;217;217m▄[48;2;217;217;217m[38;2;216;216;216m▄[48;2;217;217;217m[38;2;216;216;216m▄[48;2;217;217;217m[38;2;216;216;216m▄[48;2;217;217;217m[38;2;216;216;216m▄[48;2;218;218;218m[38;2;217;217;217m▄[48;2;218;218;218m[38;2;217;217;217m▄[48;2;218;218;218m[38;2;217;217;217m▄[48;2;218;218;218m[38;2;218;218;218m▄[48;2;219;219;219m[38;2;217;217;217m▄[48;2;219;219;219m[38;2;218;218;218m▄[48;2;219;219;219m[38;2;217;217;217m▄[48;2;219;219;219m[38;2;218;218;218m▄[48;2;219;218;218m[38;2;217;216;217m▄[48;2;219;224;224m[38;2;217;223;222m▄[48;2;219;191;195m[38;2;218;190;194m▄[48;2;214;182;187m[38;2;215;178;185m▄[48;2;216;222;221m[38;2;216;227;225m▄[48;2;217;222;221m[38;2;220;178;186m▄[48;2;219;208;210m[38;2;218;151;162m▄[48;2;218;207;210m[38;2;217;162;171m▄[48;2;218;223;222m[38;2;221;161;171m▄[48;2;220;133;148m[38;2;215;141;154m▄[48;2;209;183;187m[38;2;212;218;216m▄[48;2;214;221;221m[38;2;217;215;215m▄[48;2;217;214;214m[38;2;216;216;216m▄[48;2;216;216;216m[38;2;216;216;216m▄[48;2;216;216;217m[38;2;216;216;217m▄[48;2;216;214;213m[38;2;216;216;215m▄[48;2;216;213;214m[38;2;216;214;216m▄[48;2;216;224;223m[38;2;216;223;222m▄[48;2;217;171;178m[38;2;217;180;188m▄[48;2;215;162;171m[38;2;214;155;167m▄[48;2;214;223;222m[38;2;214;222;220m▄[48;2;216;214;214m[38;2;216;214;214m▄[48;2;215;215;215m[38;2;214;214;214m▄[48;2;215;215;215m[38;2;214;214;214m▄[48;2;215;215;215m[38;2;214;214;214m▄[48;2;214;214;214m[38;2;214;214;214m▄[48;2;214;214;214m[38;2;214;214;214m▄[48;2;214;214;214m[38;2;212;212;212m▄[48;2;213;213;213m[38;2;212;212;212m▄[48;2;212;212;212m[38;2;211;211;211m▄[48;2;211;211;211m[38;2;211;211;212m▄[48;2;212;212;212m[38;2;210;210;211m▄[48;2;210;210;210m[38;2;210;210;210m▄[48;2;210;210;210m[38;2;210;210;210m▄[48;2;210;210;210m[38;2;210;210;210m▄[48;2;209;209;211m[38;2;210;210;210m▄[48;2;209;209;210m[38;2;209;209;210m▄[48;2;209;209;209m[38;2;208;208;209m▄[48;2;209;209;209m[38;2;208;208;208m▄[48;2;208;208;208m[38;2;208;208;208m▄[48;2;208;208;208m[38;2;208;208;208m▄[48;2;208;208;208m[38;2;207;207;207m▄[48;2;207;207;207m[38;2;207;207;207m▄[48;2;207;207;207m[38;2;206;206;206m▄[0m
[48;2;215;215;215m[38;2;215;215;215m▄[48;2;215;215;215m[38;2;215;215;215m▄[48;2;216;216;216m[38;2;215;215;215m▄[48;2;215;215;215m[38;2;216;216;216m▄[48;2;216;215;217m[38;2;216;216;216m▄[48;2;216;216;216m[38;2;216;216;216m▄[48;2;216;216;216m[38;2;215;215;215m▄[48;2;217;217;217m[38;2;216;216;216m▄[48;2;216;216;216m[38;2;217;217;217m▄[48;2;216;216;216m[38;2;217;217;218m▄[48;2;216;216;216m[38;2;216;215;217m▄[48;2;216;216;216m[38;2;216;216;217m▄[48;2;216;216;216m[38;2;217;217;217m▄[48;2;216;216;216m[38;2;217;217;217m▄[48;2;217;217;217m[38;2;217;217;217m▄[48;2;217;217;217m[38;2;216;216;216m▄[48;2;217;217;217m[38;2;216;216;216m▄[48;2;217;217;217m[38;2;216;216;216m▄[48;2;216;216;216m[38;2;216;216;216m▄[48;2;217;217;217m[38;2;216;216;216m▄[48;2;217;217;217m[38;2;217;217;217m▄[48;2;217;220;220m[38;2;217;216;216m▄[48;2;217;202;204m[38;2;217;220;219m▄[48;2;215;174;179m[38;2;217;179;183m▄[48;2;217;197;200m[38;2;219;138;151m▄[48;2;215;146;156m[38;2;210;190;194m▄[48;2;209;214;212m[38;2;215;218;218m▄[48;2;212;209;209m[38;2;220;178;181m▄[48;2;218;119;134m[38;2;219;126;141m▄[48;2;209;170;175m[38;2;208;187;191m▄[48;2;214;222;220m[38;2;216;221;220m▄[48;2;216;215;215m[38;2;216;215;215m▄[48;2;216;216;216m[38;2;216;216;217m▄[48;2;216;216;216m[38;2;215;216;216m▄[48;2;216;216;217m[38;2;216;216;216m▄[48;2;216;216;216m[38;2;216;216;216m▄[48;2;215;214;214m[38;2;216;214;215m▄[48;2;216;224;222m[38;2;215;221;220m▄[48;2;217;173;182m[38;2;217;152;164m▄[48;2;211;161;170m[38;2;209;182;186m▄[48;2;213;221;219m[38;2;213;219;218m▄[48;2;216;214;214m[38;2;215;214;214m▄[48;2;215;215;215m[38;2;214;214;214m▄[48;2;214;214;214m[38;2;214;214;214m▄[48;2;214;214;214m[38;2;213;213;213m▄[48;2;214;214;214m[38;2;213;213;213m▄[48;2;213;213;213m[38;2;213;213;213m▄[48;2;213;213;213m[38;2;212;212;212m▄[48;2;212;212;212m[38;2;212;212;212m▄[48;2;211;211;211m[38;2;211;211;211m▄[48;2;211;211;211m[38;2;210;211;210m▄[48;2;211;211;211m[38;2;211;211;211m▄[48;2;210;210;210m[38;2;210;210;210m▄[48;2;210;210;210m[38;2;210;210;210m▄[48;2;210;210;210m[38;2;209;209;209m▄[48;2;210;210;210m[38;2;209;209;210m▄[48;2;209;209;209m[38;2;209;209;209m▄[48;2;208;208;208m[38;2;209;209;209m▄[48;2;208;208;209m[38;2;208;208;208m▄[48;2;208;208;208m[38;2;208;208;208m▄[48;2;207;207;207m[38;2;207;207;207m▄[48;2;207;207;207m[38;2;207;207;207m▄[48;2;207;207;207m[38;2;207;207;207m▄[48;2;206;206;206m[38;2;205;205;205m▄[0m
[48;2;215;215;215m[38;2;215;215;215m▄[48;2;215;215;215m[38;2;215;215;215m▄[48;2;215;215;215m[38;2;215;215;215m▄[48;2;215;215;215m[38;2;215;215;215m▄[48;2;215;215;215m[38;2;216;216;215m▄[48;2;216;216;216m[38;2;216;216;216m▄[48;2;215;215;215m[38;2;215;215;215m▄[48;2;216;216;216m[38;2;215;215;215m▄[48;2;216;216;215m[38;2;215;215;215m▄[48;2;216;216;217m[38;2;216;216;216m▄[48;2;216;215;217m[38;2;216;216;216m▄[48;2;217;217;217m[38;2;216;216;216m▄[48;2;216;216;216m[38;2;216;216;216m▄[48;2;216;216;217m[38;2;216;216;216m▄[48;2;216;216;215m[38;2;216;216;216m▄[48;2;216;216;216m[38;2;216;216;216m▄[48;2;216;216;216m[38;2;217;217;217m▄[48;2;216;216;216m[38;2;216;216;216m▄[48;2;216;216;216m[38;2;216;216;216m▄[48;2;217;217;217m[38;2;216;216;216m▄[48;2;217;217;217m[38;2;216;216;216m▄[48;2;216;216;216m[38;2;216;216;216m▄[48;2;217;218;218m[38;2;217;215;215m▄[48;2;214;213;214m[38;2;216;223;222m▄[48;2;217;143;154m[38;2;217;160;169m▄[48;2;214;163;169m[38;2;210;185;187m▄[48;2;216;171;178m[38;2;211;214;213m▄[48;2;213;185;188m[38;2;213;220;219m▄[48;2;214;146;158m[38;2;212;189;192m▄[48;2;212;185;190m[38;2;211;198;199m▄[48;2;216;221;220m[38;2;216;217;217m▄[48;2;215;214;214m[38;2;215;214;214m▄[48;2;215;215;216m[38;2;215;215;215m▄[48;2;215;215;215m[38;2;215;215;215m▄[48;2;215;215;215m[38;2;215;214;214m▄[48;2;215;214;214m[38;2;215;213;213m▄[48;2;214;219;218m[38;2;213;221;220m▄[48;2;216;199;202m[38;2;216;156;165m▄[48;2;214;143;155m[38;2;206;177;181m▄[48;2;207;208;208m[38;2;211;217;216m▄[48;2;215;215;215m[38;2;215;214;214m▄[48;2;214;214;214m[38;2;213;213;214m▄[48;2;214;214;214m[38;2;213;213;213m▄[48;2;213;213;213m[38;2;213;213;213m▄[48;2;213;213;213m[38;2;213;213;213m▄[48;2;212;212;212m[38;2;212;212;212m▄[48;2;212;212;212m[38;2;212;212;212m▄[48;2;211;211;211m[38;2;211;211;211m▄[48;2;211;211;211m[38;2;210;210;210m▄[48;2;210;210;210m[38;2;210;210;210m▄[48;2;210;210;210m[38;2;210;210;210m▄[48;2;210;210;210m[38;2;210;210;210m▄[48;2;209;209;209m[38;2;209;209;209m▄[48;2;208;208;208m[38;2;208;208;208m▄[48;2;208;208;208m[38;2;209;209;209m▄[48;2;209;208;209m[38;2;209;209;209m▄[48;2;208;208;208m[38;2;208;208;208m▄[48;2;209;209;209m[38;2;208;208;208m▄[48;2;207;207;207m[38;2;207;207;207m▄[48;2;207;207;207m[38;2;207;207;207m▄[48;2;207;207;207m[38;2;206;206;206m▄[48;2;206;206;206m[38;2;205;205;206m▄[48;2;205;205;205m[38;2;204;204;205m▄[48;2;204;204;204m[38;2;204;204;204m▄[0m
[48;2;214;214;214m[38;2;214;214;214m▄[48;2;214;214;214m[38;2;213;213;213m▄[48;2;215;215;215m[38;2;214;214;214m▄[48;2;215;215;215m[38;2;214;214;214m▄[48;2;215;215;215m[38;2;215;214;216m▄[48;2;215;215;215m[38;2;215;215;215m▄[48;2;215;215;215m[38;2;215;215;215m▄[48;2;215;215;215m[38;2;215;215;215m▄[48;2;215;215;215m[38;2;215;215;215m▄[48;2;216;216;216m[38;2;215;215;215m▄[48;2;216;216;216m[38;2;216;216;216m▄[48;2;216;216;216m[38;2;216;216;216m▄[48;2;216;216;216m[38;2;215;215;215m▄[48;2;215;215;215m[38;2;215;215;215m▄[48;2;216;216;216m[38;2;216;216;216m▄[48;2;216;216;216m[38;2;216;216;216m▄[48;2;216;216;216m[38;2;216;216;216m▄[48;2;216;216;216m[38;2;216;216;216m▄[48;2;216;216;216m[38;2;216;216;216m▄[48;2;216;216;216m[38;2;216;216;216m▄[48;2;216;216;216m[38;2;216;216;216m▄[48;2;216;216;216m[38;2;216;216;216m▄[48;2;216;215;215m[38;2;216;215;215m▄[48;2;215;221;220m[38;2;216;216;215m▄[48;2;217;183;189m[38;2;214;217;217m▄[48;2;215;157;167m[38;2;216;156;166m▄[48;2;214;225;223m[38;2;216;171;178m▄[48;2;215;214;215m[38;2;215;213;214m▄[48;2;214;217;216m[38;2;215;213;213m▄[48;2;213;219;218m[38;2;217;199;202m▄[48;2;215;221;220m[38;2;218;187;192m▄[48;2;214;218;218m[38;2;216;198;200m▄[48;2;214;215;216m[38;2;215;214;214m▄[48;2;214;214;214m[38;2;214;217;218m▄[48;2;214;215;214m[38;2;214;213;213m▄[48;2;213;223;221m[38;2;218;178;185m▄[48;2;218;175;184m[38;2;215;154;166m▄[48;2;211;157;167m[38;2;205;204;205m▄[48;2;206;212;211m[38;2;214;215;215m▄[48;2;215;214;214m[38;2;213;213;213m▄[48;2;214;214;214m[38;2;212;212;212m▄[48;2;213;213;213m[38;2;213;213;213m▄[48;2;213;213;213m[38;2;212;212;212m▄[48;2;212;212;212m[38;2;211;211;211m▄[48;2;212;212;212m[38;2;211;211;211m▄[48;2;211;211;212m[38;2;211;210;212m▄[48;2;210;210;211m[38;2;210;210;211m▄[48;2;210;210;210m[38;2;211;211;211m▄[48;2;210;210;210m[38;2;210;210;210m▄[48;2;210;210;210m[38;2;210;210;210m▄[48;2;210;210;210m[38;2;210;210;210m▄[48;2;210;209;211m[38;2;210;210;210m▄[48;2;209;209;209m[38;2;209;209;209m▄[48;2;209;209;210m[38;2;209;209;210m▄[48;2;209;209;209m[38;2;208;208;208m▄[48;2;208;208;209m[38;2;208;208;208m▄[48;2;208;208;208m[38;2;208;208;208m▄[48;2;207;207;207m[38;2;207;207;207m▄[48;2;207;207;207m[38;2;207;207;207m▄[48;2;207;207;207m[38;2;207;207;207m▄[48;2;206;206;206m[38;2;205;205;205m▄[48;2;205;204;206m[38;2;203;203;203m▄[48;2;204;203;205m[38;2;203;203;203m▄[48;2;204;204;205m[38;2;203;203;203m▄[0m
[48;2;213;213;213m[38;2;213;213;213m▄[48;2;213;213;213m[38;2;213;213;213m▄[48;2;213;213;213m[38;2;213;213;213m▄[48;2;213;213;213m[38;2;212;212;212m▄[48;2;213;213;213m[38;2;213;213;213m▄[48;2;214;214;214m[38;2;214;214;214m▄[48;2;214;214;214m[38;2;214;214;214m▄[48;2;215;215;215m[38;2;214;214;214m▄[48;2;215;215;215m[38;2;214;214;215m▄[48;2;215;215;215m[38;2;214;214;215m▄[48;2;215;215;215m[38;2;215;215;214m▄[48;2;214;214;214m[38;2;214;214;214m▄[48;2;215;215;215m[38;2;215;215;215m▄[48;2;215;215;215m[38;2;215;215;215m▄[48;2;216;216;216m[38;2;215;215;215m▄[48;2;215;215;215m[38;2;215;215;215m▄[48;2;215;215;215m[38;2;215;215;215m▄[48;2;215;215;215m[38;2;215;215;215m▄[48;2;215;215;215m[38;2;215;215;215m▄[48;2;215;215;215m[38;2;215;215;215m▄[48;2;215;215;215m[38;2;215;215;215m▄[48;2;215;215;215m[38;2;215;215;215m▄[48;2;215;215;215m[38;2;215;215;215m▄[48;2;215;214;214m[38;2;215;215;215m▄[48;2;215;216;216m[38;2;215;214;214m▄[48;2;212;212;211m[38;2;215;216;216m▄[48;2;213;168;176m[38;2;211;218;217m▄[48;2;215;157;168m[38;2;208;205;206m▄[48;2;214;159;168m[38;2;207;202;203m▄[48;2;214;163;172m[38;2;207;212;211m▄[48;2;211;173;178m[38;2;210;217;215m▄[48;2;212;169;175m[38;2;210;214;213m▄[48;2;216;165;174m[38;2;208;203;205m▄[48;2;215;172;179m[38;2;208;196;198m▄[48;2;216;164;171m[38;2;207;203;203m▄[48;2;210;169;174m[38;2;208;214;212m▄[48;2;205;206;206m[38;2;212;212;213m▄[48;2;212;213;215m[38;2;213;212;213m▄[48;2;214;213;214m[38;2;212;212;213m▄[48;2;212;213;212m[38;2;212;212;212m▄[48;2;212;212;212m[38;2;212;212;212m▄[48;2;212;212;213m[38;2;211;211;212m▄[48;2;212;212;212m[38;2;211;211;211m▄[48;2;211;211;211m[38;2;211;211;211m▄[48;2;210;210;210m[38;2;210;210;210m▄[48;2;210;210;210m[38;2;210;210;210m▄[48;2;210;210;210m[38;2;210;210;210m▄[48;2;210;210;210m[38;2;210;210;210m▄[48;2;210;210;210m[38;2;210;210;210m▄[48;2;211;211;211m[38;2;210;210;210m▄[48;2;210;210;210m[38;2;209;209;209m▄[48;2;209;209;209m[38;2;208;208;209m▄[48;2;209;209;209m[38;2;208;208;208m▄[48;2;208;208;208m[38;2;208;208;208m▄[48;2;208;208;208m[38;2;207;207;207m▄[48;2;208;208;208m[38;2;207;207;207m▄[48;2;207;207;207m[38;2;207;207;207m▄[48;2;207;207;207m[38;2;207;207;206m▄[48;2;206;206;206m[38;2;205;205;206m▄[48;2;205;205;205m[38;2;205;204;205m▄[48;2;204;204;204m[38;2;204;204;204m▄[48;2;203;203;203m[38;2;203;203;203m▄[48;2;203;203;203m[38;2;203;203;203m▄[48;2;203;203;203m[38;2;203;203;203m▄[0m
[48;2;211;211;211m[38;2;211;211;211m▄[48;2;212;212;212m[38;2;211;211;211m▄[48;2;212;212;212m[38;2;211;211;212m▄[48;2;212;212;212m[38;2;211;211;211m▄[48;2;213;213;213m[38;2;211;211;211m▄[48;2;213;213;213m[38;2;213;213;213m▄[48;2;213;213;213m[38;2;213;213;213m▄[48;2;213;213;213m[38;2;212;212;212m▄[48;2;213;213;213m[38;2;213;213;213m▄[48;2;213;213;214m[38;2;212;212;212m▄[48;2;214;214;214m[38;2;213;213;213m▄[48;2;214;214;214m[38;2;213;213;213m▄[48;2;214;214;214m[38;2;213;213;213m▄[48;2;215;215;215m[38;2;213;213;213m▄[48;2;215;215;215m[38;2;214;214;214m▄[48;2;215;215;215m[38;2;214;214;214m▄[48;2;214;214;214m[38;2;214;214;214m▄[48;2;215;215;215m[38;2;214;214;214m▄[48;2;215;215;215m[38;2;214;214;214m▄[48;2;214;214;214m[38;2;214;214;214m▄[48;2;214;214;214m[38;2;214;214;214m▄[48;2;215;215;215m[38;2;214;214;214m▄[48;2;214;214;214m[38;2;214;214;214m▄[48;2;214;215;215m[38;2;213;213;213m▄[48;2;214;214;214m[38;2;213;213;213m▄[48;2;215;215;215m[38;2;213;213;213m▄[48;2;215;214;214m[38;2;213;213;213m▄[48;2;215;215;215m[38;2;214;213;214m▄[48;2;214;215;215m[38;2;213;213;214m▄[48;2;214;213;214m[38;2;213;213;213m▄[48;2;214;213;213m[38;2;213;213;213m▄[48;2;214;213;213m[38;2;213;213;213m▄[48;2;214;215;215m[38;2;212;212;212m▄[48;2;212;215;215m[38;2;212;212;212m▄[48;2;212;212;212m[38;2;212;212;212m▄[48;2;213;212;213m[38;2;212;212;212m▄[48;2;213;213;213m[38;2;213;213;213m▄[48;2;213;213;212m[38;2;212;212;212m▄[48;2;212;212;212m[38;2;211;211;211m▄[48;2;212;211;212m[38;2;210;210;210m▄[48;2;211;211;211m[38;2;210;210;210m▄[48;2;211;211;211m[38;2;210;210;210m▄[48;2;211;211;211m[38;2;210;210;210m▄[48;2;210;210;210m[38;2;210;210;210m▄[48;2;210;210;210m[38;2;210;210;210m▄[48;2;210;210;210m[38;2;210;210;210m▄[48;2;210;210;210m[38;2;210;209;209m▄[48;2;210;210;210m[38;2;209;209;209m▄[48;2;209;209;209m[38;2;208;208;208m▄[48;2;209;209;209m[38;2;209;209;209m▄[48;2;208;209;209m[38;2;208;208;209m▄[48;2;208;208;208m[38;2;208;208;208m▄[48;2;208;208;208m[38;2;208;208;208m▄[48;2;208;208;208m[38;2;207;207;207m▄[48;2;207;207;207m[38;2;207;207;207m▄[48;2;207;207;207m[38;2;207;207;208m▄[48;2;207;207;207m[38;2;206;205;206m▄[48;2;205;205;205m[38;2;205;205;205m▄[48;2;205;205;205m[38;2;204;204;204m▄[48;2;204;204;204m[38;2;203;203;203m▄[48;2;203;203;203m[38;2;203;203;203m▄[48;2;203;203;203m[38;2;203;203;203m▄[48;2;203;203;203m[38;2;203;203;203m▄[48;2;203;203;203m[38;2;203;203;204m▄[0m
[48;2;210;210;210m[38;2;210;210;210m▄[48;2;210;210;210m[38;2;210;210;210m▄[48;2;211;210;211m[38;2;210;210;210m▄[48;2;211;211;211m[38;2;210;210;210m▄[48;2;211;211;211m[38;2;211;211;211m▄[48;2;212;212;212m[38;2;212;212;212m▄[48;2;213;213;213m[38;2;212;212;212m▄[48;2;212;212;212m[38;2;212;212;212m▄[48;2;212;212;212m[38;2;212;212;212m▄[48;2;212;212;212m[38;2;212;212;212m▄[48;2;213;213;213m[38;2;212;212;212m▄[48;2;213;213;213m[38;2;212;212;212m▄[48;2;213;213;213m[38;2;212;212;212m▄[48;2;212;212;212m[38;2;213;213;213m▄[48;2;213;213;213m[38;2;213;213;213m▄[48;2;214;214;214m[38;2;212;212;212m▄[48;2;213;213;213m[38;2;212;212;212m▄[48;2;212;212;212m[38;2;212;212;212m▄[48;2;213;213;213m[38;2;213;213;213m▄[48;2;213;213;213m[38;2;212;212;212m▄[48;2;214;214;214m[38;2;212;212;212m▄[48;2;214;214;214m[38;2;213;213;213m▄[48;2;213;213;213m[38;2;212;212;212m▄[48;2;213;213;213m[38;2;212;212;212m▄[48;2;213;213;213m[38;2;211;211;211m▄[48;2;212;212;212m[38;2;211;211;211m▄[48;2;212;212;212m[38;2;213;213;212m▄[48;2;213;213;213m[38;2;212;212;212m▄[48;2;212;212;212m[38;2;212;212;212m▄[48;2;212;212;212m[38;2;212;212;212m▄[48;2;212;212;212m[38;2;212;212;212m▄[48;2;212;212;212m[38;2;211;211;211m▄[48;2;212;212;212m[38;2;211;211;211m▄[48;2;212;212;212m[38;2;211;211;211m▄[48;2;211;211;211m[38;2;211;211;211m▄[48;2;211;211;211m[38;2;210;210;210m▄[48;2;211;211;211m[38;2;210;210;210m▄[48;2;211;211;211m[38;2;210;210;210m▄[48;2;210;210;210m[38;2;210;210;210m▄[48;2;210;210;210m[38;2;210;210;210m▄[48;2;210;210;210m[38;2;210;210;210m▄[48;2;210;210;210m[38;2;210;210;210m▄[48;2;210;210;210m[38;2;210;210;210m▄[48;2;211;211;211m[38;2;210;210;210m▄[48;2;211;211;211m[38;2;210;210;210m▄[48;2;210;210;210m[38;2;209;210;211m▄[48;2;209;210;210m[38;2;208;209;210m▄[48;2;208;209;209m[38;2;209;209;209m▄[48;2;208;208;208m[38;2;208;208;208m▄[48;2;208;208;208m[38;2;208;208;208m▄[48;2;208;208;209m[38;2;208;208;208m▄[48;2;208;208;208m[38;2;207;207;208m▄[48;2;207;207;207m[38;2;207;206;208m▄[48;2;207;207;207m[38;2;207;207;207m▄[48;2;206;206;206m[38;2;205;205;205m▄[48;2;206;206;207m[38;2;205;204;206m▄[48;2;205;205;205m[38;2;204;203;205m▄[48;2;203;203;203m[38;2;203;203;203m▄[48;2;208;208;208m[38;2;211;211;211m▄[48;2;211;211;211m[38;2;216;216;216m▄[48;2;203;203;203m[38;2;204;204;204m▄[48;2;203;203;203m[38;2;202;202;202m▄[48;2;203;203;203m[38;2;203;203;203m▄[48;2;202;202;203m[38;2;202;202;202m▄[0m
[48;2;210;210;210m[38;2;210;210;211m▄[48;2;210;210;211m[38;2;211;210;212m▄[48;2;210;210;210m[38;2;211;211;211m▄[48;2;211;210;211m[38;2;211;211;211m▄[48;2;210;210;210m[38;2;211;211;211m▄[48;2;211;211;211m[38;2;211;211;211m▄[48;2;211;211;211m[38;2;212;212;212m▄[48;2;211;211;211m[38;2;211;211;211m▄[48;2;211;211;211m[38;2;211;211;211m▄[48;2;211;211;211m[38;2;212;212;212m▄[48;2;212;212;212m[38;2;213;213;213m▄[48;2;212;212;212m[38;2;213;213;213m▄[48;2;212;212;212m[38;2;213;213;213m▄[48;2;212;212;212m[38;2;213;213;213m▄[48;2;212;212;212m[38;2;213;213;213m▄[48;2;212;212;212m[38;2;213;213;213m▄[48;2;211;211;211m[38;2;213;213;213m▄[48;2;212;212;212m[38;2;213;213;213m▄[48;2;213;213;213m[38;2;214;214;214m▄[48;2;212;212;212m[38;2;213;213;213m▄[48;2;212;212;212m[38;2;213;213;213m▄[48;2;212;212;212m[38;2;213;213;213m▄[48;2;212;212;212m[38;2;212;212;212m▄[48;2;211;211;211m[38;2;211;211;211m▄[48;2;211;211;211m[38;2;211;211;211m▄[48;2;211;211;211m[38;2;210;210;210m▄[48;2;210;210;210m[38;2;209;209;209m▄[48;2;210;210;210m[38;2;209;209;209m▄[48;2;210;210;210m[38;2;209;209;210m▄[48;2;210;210;210m[38;2;208;208;209m▄[48;2;209;209;209m[38;2;208;208;208m▄[48;2;210;210;210m[38;2;208;208;208m▄[48;2;210;210;210m[38;2;208;208;208m▄[48;2;210;210;210m[38;2;208;208;208m▄[48;2;210;210;210m[38;2;208;208;208m▄[48;2;210;210;211m[38;2;208;208;208m▄[48;2;210;209;211m[38;2;208;208;208m▄[48;2;209;209;209m[38;2;208;208;208m▄[48;2;210;210;210m[38;2;208;208;208m▄[48;2;210;210;211m[38;2;207;207;207m▄[48;2;210;210;211m[38;2;207;207;207m▄[48;2;209;209;210m[38;2;207;207;208m▄[48;2;209;209;209m[38;2;207;207;207m▄[48;2;209;209;209m[38;2;207;207;207m▄[48;2;209;209;209m[38;2;208;207;209m▄[48;2;208;208;208m[38;2;208;208;208m▄[48;2;208;208;208m[38;2;208;208;208m▄[48;2;207;207;207m[38;2;208;208;208m▄[48;2;207;207;207m[38;2;207;207;207m▄[48;2;207;207;207m[38;2;207;207;207m▄[48;2;207;206;208m[38;2;207;207;207m▄[48;2;207;206;208m[38;2;207;207;207m▄[48;2;206;206;206m[38;2;206;206;207m▄[48;2;205;205;206m[38;2;206;206;206m▄[48;2;204;203;204m[38;2;205;205;205m▄[48;2;203;203;204m[38;2;204;204;204m▄[48;2;203;203;203m[38;2;203;203;203m▄[48;2;203;203;203m[38;2;203;203;203m▄[48;2;203;203;203m[38;2;202;202;202m▄[48;2;204;204;204m[38;2;202;202;202m▄[48;2;202;202;202m[38;2;203;203;203m▄[48;2;202;202;202m[38;2;202;202;202m▄[48;2;202;202;202m[38;2;202;202;202m▄[48;2;202;202;202m[38;2;202;202;202m▄[0m
[48;2;212;212;212m[38;2;214;214;214m▄[48;2;213;213;212m[38;2;214;214;214m▄[48;2;213;213;213m[38;2;215;215;215m▄[48;2;213;213;213m[38;2;214;214;214m▄[48;2;214;214;214m[38;2;215;215;215m▄[48;2;214;214;214m[38;2;215;215;215m▄[48;2;214;214;214m[38;2;215;215;215m▄[48;2;214;214;214m[38;2;215;215;215m▄[48;2;215;215;215m[38;2;216;216;216m▄[48;2;215;215;215m[38;2;215;215;215m▄[48;2;215;215;215m[38;2;215;215;215m▄[48;2;215;215;215m[38;2;216;216;216m▄[48;2;215;215;215m[38;2;215;215;215m▄[48;2;215;215;215m[38;2;216;216;216m▄[48;2;215;215;215m[38;2;215;215;215m▄[48;2;215;215;215m[38;2;216;216;216m▄[48;2;215;215;215m[38;2;215;215;215m▄[48;2;215;215;215m[38;2;216;216;216m▄[48;2;215;215;215m[38;2;216;216;216m▄[48;2;214;214;214m[38;2;216;216;216m▄[48;2;214;214;214m[38;2;215;216;216m▄[48;2;212;212;212m[38;2;215;215;215m▄[48;2;210;210;210m[38;2;213;213;213m▄[48;2;209;209;209m[38;2;211;211;211m▄[48;2;209;209;209m[38;2;209;209;209m▄[48;2;209;209;209m[38;2;209;209;209m▄[48;2;210;209;210m[38;2;209;209;210m▄[48;2;210;209;210m[38;2;209;210;211m▄[48;2;209;209;210m[38;2;210;210;210m▄[48;2;209;209;209m[38;2;211;211;211m▄[48;2;209;209;209m[38;2;213;213;213m▄[48;2;208;208;208m[38;2;213;213;214m▄[48;2;209;208;210m[38;2;213;213;214m▄[48;2;209;209;209m[38;2;213;214;213m▄[48;2;210;210;210m[38;2;213;213;213m▄[48;2;210;210;210m[38;2;212;212;212m▄[48;2;209;209;209m[38;2;210;210;211m▄[48;2;208;208;208m[38;2;209;209;209m▄[48;2;207;207;208m[38;2;209;209;210m▄[48;2;207;207;207m[38;2;209;209;209m▄[48;2;206;205;206m[38;2;209;209;209m▄[48;2;205;206;207m[38;2;209;209;210m▄[48;2;207;207;207m[38;2;209;209;209m▄[48;2;208;208;208m[38;2;210;210;210m▄[48;2;209;209;208m[38;2;211;211;211m▄[48;2;209;209;209m[38;2;210;210;210m▄[48;2;209;209;209m[38;2;210;210;210m▄[48;2;208;208;208m[38;2;210;210;210m▄[48;2;208;208;208m[38;2;209;209;209m▄[48;2;208;208;208m[38;2;209;209;209m▄[48;2;208;208;208m[38;2;209;208;210m▄[48;2;207;207;208m[38;2;208;208;209m▄[48;2;207;207;208m[38;2;208;208;208m▄[48;2;207;207;207m[38;2;208;208;208m▄[48;2;207;207;207m[38;2;208;208;208m▄[48;2;206;206;206m[38;2;207;207;207m▄[48;2;206;206;206m[38;2;207;207;207m▄[48;2;206;206;206m[38;2;208;208;208m▄[48;2;205;205;205m[38;2;207;207;207m▄[48;2;204;204;204m[38;2;207;207;207m▄[48;2;204;204;204m[38;2;206;206;206m▄[48;2;203;203;203m[38;2;205;205;205m▄[48;2;203;203;203m[38;2;205;205;205m▄[48;2;203;203;203m[38;2;204;204;204m▄[0m
