[48;2;219;219;219m[38;2;219;219;219m▄[48;2;221;221;221m[38;2;220;220;220m▄[48;2;222;222;222m[38;2;222;222;222m▄[48;2;222;222;222m[38;2;223;223;223m▄[48;2;223;223;223m[38;2;223;223;223m▄[48;2;223;223;223m[38;2;223;223;223m▄[48;2;224;224;224m[38;2;224;224;224m▄[48;2;225;225;225m[38;2;224;224;224m▄[48;2;225;225;225m[38;2;224;224;224m▄[48;2;225;225;225m[38;2;224;224;224m▄[48;2;224;224;224m[38;2;224;224;224m▄[48;2;225;225;225m[38;2;225;225;225m▄[48;2;228;228;228m[38;2;225;225;225m▄[48;2;228;228;228m[38;2;226;226;226m▄[48;2;228;228;228m[38;2;226;226;226m▄[48;2;228;228;228m[38;2;227;227;227m▄[48;2;227;227;227m[38;2;227;227;227m▄[48;2;227;227;227m[38;2;227;227;227m▄[48;2;227;227;227m[38;2;227;227;227m▄[48;2;227;227;227m[38;2;227;227;227m▄[48;2;227;227;227m[38;2;227;227;227m▄[48;2;227;227;227m[38;2;227;227;227m▄[48;2;227;227;227m[38;2;227;227;227m▄[48;2;227;227;227m[38;2;227;227;227m▄[48;2;227;227;227m[38;2;227;227;227m▄[48;2;228;228;228m[38;2;227;227;227m▄[48;2;228;228;228m[38;2;227;227;227m▄[48;2;227;227;227m[38;2;225;225;225m▄[48;2;227;227;227m[38;2;225;225;225m▄[48;2;227;227;227m[38;2;225;225;225m▄[48;2;224;224;224m[38;2;224;224;224m▄[48;2;224;224;224m[38;2;224;224;224m▄[48;2;225;225;225m[38;2;224;224;224m▄[48;2;224;224;224m[38;2;224;224;224m▄[48;2;223;223;223m[38;2;223;223;223m▄[48;2;223;223;223m[38;2;223;223;223m▄[48;2;223;223;223m[38;2;223;223;223m▄[48;2;222;222;222m[38;2;222;222;222m▄[48;2;222;222;222m[38;2;222;222;222m▄[48;2;222;222;222m[38;2;221;221;221m▄[48;2;221;221;221m[38;2;220;220;220m▄[48;2;218;218;218m[38;2;218;218;218m▄[48;2;218;218;218m[38;2;217;217;217m▄[48;2;217;217;217m[38;2;217;217;217m▄[48;2;216;216;216m[38;2;216;216;216m▄[48;2;216;216;216m[38;2;216;216;216m▄[48;2;216;216;216m[38;2;216;216;216m▄[48;2;216;216;216m[38;2;216;216;216m▄[48;2;215;215;215m[38;2;215;215;215m▄[48;2;215;215;215m[38;2;215;215;215m▄[48;2;215;215;215m[38;2;214;214;214m▄[48;2;213;213;213m[38;2;214;214;214m▄[48;2;213;213;213m[38;2;212;212;212m▄[48;2;211;211;211m[38;2;212;212;212m▄[48;2;211;211;211m[38;2;211;211;211m▄[48;2;211;211;211m[38;2;211;211;211m▄[48;2;211;211;211m[38;2;210;210;210m▄[48;2;210;210;210m[38;2;210;210;210m▄[48;2;210;209;211m[38;2;209;209;210m▄[48;2;209;209;209m[38;2;209;209;209m▄[48;2;209;209;209m[38;2;209;209;209m▄[48;2;208;208;208m[38;2;208;208;208m▄[48;2;207;207;207m[38;2;207;207;207m▄[48;2;206;206;206m[38;2;206;206;206m▄[0m
[48;2;218;218;218m[38;2;217;217;217m▄[48;2;219;219;219m[38;2;218;218;218m▄[48;2;221;221;221m[38;2;221;221;221m▄[48;2;222;222;222m[38;2;222;222;222m▄[48;2;223;223;223m[38;2;223;223;223m▄[48;2;224;224;224m[38;2;223;223;223m▄[48;2;223;223;223m[38;2;223;223;223m▄[48;2;224;224;224m[38;2;223;223;223m▄[48;2;224;224;224m[38;2;224;224;224m▄[48;2;224;224;224m[38;2;224;224;224m▄[48;2;224;224;224m[38;2;224;224;224m▄[48;2;224;224;224m[38;2;224;224;224m▄[48;2;224;224;224m[38;2;224;224;224m▄[48;2;224;224;224m[38;2;224;224;224m▄[48;2;225;225;225m[38;2;224;224;224m▄[48;2;227;227;227m[38;2;224;224;224m▄[48;2;227;227;227m[38;2;226;226;226m▄[48;2;227;227;227m[38;2;225;225;225m▄[48;2;227;227;227m[38;2;226;226;226m▄[48;2;227;227;227m[38;2;228;228;228m▄[48;2;227;227;227m[38;2;227;227;227m▄[48;2;227;227;227m[38;2;226;226;226m▄[48;2;227;227;227m[38;2;226;226;226m▄[48;2;227;227;227m[38;2;226;226;226m▄[48;2;225;225;225m[38;2;225;225;225m▄[48;2;225;225;225m[38;2;224;224;224m▄[48;2;225;225;225m[38;2;225;225;225m▄[48;2;224;224;224m[38;2;226;225;226m▄[48;2;223;224;223m[38;2;230;227;231m▄[48;2;223;224;223m[38;2;230;227;232m▄[48;2;222;223;222m[38;2;232;229;233m▄[48;2;224;224;224m[38;2;224;224;224m▄[48;2;224;224;224m[38;2;223;223;223m▄[48;2;223;223;223m[38;2;222;222;222m▄[48;2;222;222;222m[38;2;228;226;229m▄[48;2;222;222;221m[38;2;230;226;232m▄[48;2;222;222;222m[38;2;225;224;225m▄[48;2;222;222;222m[38;2;221;222;221m▄[48;2;221;221;221m[38;2;221;221;221m▄[48;2;221;221;221m[38;2;220;220;220m▄[48;2;220;220;220m[38;2;220;220;220m▄[48;2;218;218;218m[38;2;218;218;218m▄[48;2;218;218;218m[38;2;217;217;217m▄[48;2;216;216;216m[38;2;216;216;216m▄[48;2;216;216;216m[38;2;216;216;216m▄[48;2;216;216;216m[38;2;217;217;217m▄[48;2;216;216;216m[38;2;216;216;216m▄[48;2;216;216;216m[38;2;216;216;216m▄[48;2;215;215;215m[38;2;215;215;215m▄[48;2;215;215;215m[38;2;215;215;215m▄[48;2;214;214;214m[38;2;214;214;214m▄[48;2;213;213;213m[38;2;212;212;212m▄[48;2;213;213;213m[38;2;212;212;212m▄[48;2;211;211;211m[38;2;211;211;211m▄[48;2;211;211;211m[38;2;211;211;211m▄[48;2;210;210;210m[38;2;211;211;211m▄[48;2;210;210;210m[38;2;210;210;210m▄[48;2;210;210;210m[38;2;209;209;209m▄[48;2;210;209;210m[38;2;209;209;209m▄[48;2;208;208;209m[38;2;209;209;209m▄[48;2;208;208;208m[38;2;208;208;208m▄[48;2;208;208;208m[38;2;208;208;208m▄[48;2;207;207;207m[38;2;207;207;207m▄[48;2;207;207;207m[38;2;207;207;207m▄[0m
[48;2;217;217;217m[38;2;218;218;218m▄[48;2;218;218;218m[38;2;219;219;219m▄[48;2;220;220;220m[38;2;220;220;220m▄[48;2;222;222;222m[38;2;222;222;222m▄[48;2;222;222;222m[38;2;222;222;222m▄[48;2;222;222;222m[38;2;223;223;223m▄[48;2;223;223;223m[38;2;223;223;223m▄[48;2;223;223;223m[38;2;223;223;223m▄[48;2;223;223;223m[38;2;224;224;224m▄[48;2;224;224;224m[38;2;224;224;224m▄[48;2;225;225;225m[38;2;224;224;224m▄[48;2;225;225;225m[38;2;224;224;224m▄[48;2;224;224;224m[38;2;224;224;224m▄[48;2;224;224;224m[38;2;224;224;224m▄[48;2;225;225;225m[38;2;225;225;225m▄[48;2;224;224;224m[38;2;224;224;224m▄[48;2;225;225;225m[38;2;224;224;224m▄[48;2;225;225;225m[38;2;224;224;224m▄[48;2;226;226;226m[38;2;225;225;225m▄[48;2;226;226;226m[38;2;224;224;224m▄[48;2;226;226;226m[38;2;224;224;224m▄[48;2;225;225;225m[38;2;224;224;224m▄[48;2;225;225;225m[38;2;224;224;224m▄[48;2;225;225;225m[38;2;224;224;224m▄[48;2;224;224;224m[38;2;224;224;224m▄[48;2;224;224;224m[38;2;224;224;224m▄[48;2;226;226;226m[38;2;226;225;225m▄[48;2;223;223;223m[38;2;218;220;220m▄[48;2;153;184;144m[38;2;141;183;120m▄[48;2;157;189;147m[38;2;153;195;97m▄[48;2;182;200;181m[38;2;130;179;86m▄[48;2;225;224;227m[38;2;144;179;132m▄[48;2;224;224;223m[38;2;229;227;232m▄[48;2;231;227;231m[38;2;193;205;193m▄[48;2;183;201;180m[38;2;114;168;80m▄[48;2;136;176;123m[38;2;109;163;84m▄[48;2;212;216;211m[38;2;199;206;200m▄[48;2;224;223;225m[38;2;222;221;221m▄[48;2;221;221;220m[38;2;220;220;220m▄[48;2;220;220;220m[38;2;220;220;220m▄[48;2;219;219;219m[38;2;219;219;219m▄[48;2;218;218;218m[38;2;218;218;218m▄[48;2;217;217;217m[38;2;217;217;217m▄[48;2;216;216;216m[38;2;217;217;217m▄[48;2;216;216;216m[38;2;216;216;216m▄[48;2;216;216;216m[38;2;216;216;216m▄[48;2;215;215;215m[38;2;216;216;216m▄[48;2;216;216;216m[38;2;216;216;216m▄[48;2;215;215;215m[38;2;215;215;215m▄[48;2;215;215;215m[38;2;215;215;215m▄[48;2;214;214;214m[38;2;214;214;214m▄[48;2;213;213;213m[38;2;213;214;213m▄[48;2;212;212;212m[38;2;213;213;213m▄[48;2;212;211;211m[38;2;211;211;212m▄[48;2;211;211;211m[38;2;211;211;211m▄[48;2;210;210;210m[38;2;211;211;211m▄[48;2;210;210;210m[38;2;211;211;211m▄[48;2;209;209;209m[38;2;210;210;210m▄[48;2;208;208;208m[38;2;209;209;209m▄[48;2;209;209;209m[38;2;209;209;209m▄[48;2;208;208;208m[38;2;209;209;209m▄[48;2;208;208;208m[38;2;208;208;208m▄[48;2;207;207;207m[38;2;207;207;207m▄[48;2;207;207;207m[38;2;207;207;207m▄[0m
[48;2;217;217;217m[38;2;216;216;216m▄[48;2;218;218;218m[38;2;217;217;217m▄[48;2;218;218;218m[38;2;218;218;218m▄[48;2;221;221;221m[38;2;219;219;219m▄[48;2;221;221;221m[38;2;221;221;221m▄[48;2;222;222;222m[38;2;222;222;222m▄[48;2;223;223;223m[38;2;223;223;223m▄[48;2;223;223;223m[38;2;223;223;223m▄[48;2;223;223;223m[38;2;223;223;223m▄[48;2;224;224;224m[38;2;223;223;223m▄[48;2;224;224;224m[38;2;224;224;224m▄[48;2;224;224;224m[38;2;224;224;224m▄[48;2;225;225;225m[38;2;224;224;224m▄[48;2;224;224;224m[38;2;224;224;224m▄[48;2;224;224;224m[38;2;225;225;225m▄[48;2;224;224;224m[38;2;224;224;224m▄[48;2;224;224;224m[38;2;224;224;224m▄[48;2;224;224;224m[38;2;224;224;224m▄[48;2;224;224;224m[38;2;224;224;224m▄[48;2;224;224;224m[38;2;224;224;224m▄[48;2;224;224;224m[38;2;224;224;224m▄[48;2;225;225;225m[38;2;224;224;224m▄[48;2;224;224;224m[38;2;224;224;224m▄[48;2;224;224;224m[38;2;224;224;224m▄[48;2;224;224;224m[38;2;224;224;224m▄[48;2;224;224;224m[38;2;224;224;224m▄[48;2;223;223;222m[38;2;223;223;222m▄[48;2;230;227;232m[38;2;229;226;228m▄[48;2;151;183;141m[38;2;203;216;209m▄[48;2;140;185;81m[38;2;123;178;99m▄[48;2;141;186;84m[38;2;121;179;72m▄[48;2;122;174;68m[38;2;107;164;71m▄[48;2;161;185;156m[38;2;103;160;75m▄[48;2;131;173;113m[38;2;102;154;90m▄[48;2;131;170;112m[38;2;160;183;154m▄[48;2;205;204;211m[38;2;154;183;138m▄[48;2;216;212;217m[38;2;151;182;139m▄[48;2;224;221;224m[38;2;173;193;171m▄[48;2;222;221;221m[38;2;219;219;221m▄[48;2;219;219;219m[38;2;224;222;224m▄[48;2;219;218;219m[38;2;217;217;216m▄[48;2;217;217;217m[38;2;217;217;217m▄[48;2;216;216;216m[38;2;217;217;217m▄[48;2;217;217;217m[38;2;216;216;216m▄[48;2;217;217;217m[38;2;217;217;217m▄[48;2;216;216;216m[38;2;216;216;216m▄[48;2;215;215;215m[38;2;215;215;215m▄[48;2;215;215;215m[38;2;215;215;215m▄[48;2;215;215;215m[38;2;215;215;215m▄[48;2;215;215;215m[38;2;214;214;214m▄[48;2;214;214;214m[38;2;213;213;213m▄[48;2;213;213;213m[38;2;213;213;213m▄[48;2;212;212;212m[38;2;211;211;211m▄[48;2;211;211;211m[38;2;210;210;210m▄[48;2;210;210;211m[38;2;210;210;210m▄[48;2;210;210;210m[38;2;210;210;210m▄[48;2;210;210;210m[38;2;210;210;210m▄[48;2;210;210;210m[38;2;209;209;209m▄[48;2;209;209;209m[38;2;209;209;209m▄[48;2;208;208;208m[38;2;209;209;209m▄[48;2;208;208;208m[38;2;208;208;208m▄[48;2;207;207;207m[38;2;208;208;208m▄[48;2;207;207;207m[38;2;207;207;207m▄[48;2;207;207;207m[38;2;206;206;206m▄[0m
[48;2;216;216;216m[38;2;216;216;216m▄[48;2;217;217;217m[38;2;216;216;216m▄[48;2;217;217;217m[38;2;217;217;217m▄[48;2;218;218;218m[38;2;218;218;218m▄[48;2;220;220;220m[38;2;218;218;218m▄[48;2;221;221;221m[38;2;220;220;220m▄[48;2;222;222;222m[38;2;221;221;221m▄[48;2;222;222;222m[38;2;221;221;221m▄[48;2;223;223;223m[38;2;222;222;222m▄[48;2;223;223;223m[38;2;222;222;222m▄[48;2;223;223;223m[38;2;223;223;223m▄[48;2;223;223;223m[38;2;223;223;223m▄[48;2;223;224;223m[38;2;224;223;223m▄[48;2;224;224;224m[38;2;223;223;223m▄[48;2;224;224;224m[38;2;223;223;224m▄[48;2;224;224;224m[38;2;224;224;224m▄[48;2;224;224;224m[38;2;224;224;224m▄[48;2;224;224;224m[38;2;224;224;224m▄[48;2;224;224;224m[38;2;224;224;224m▄[48;2;224;224;224m[38;2;224;224;224m▄[48;2;224;224;224m[38;2;224;224;224m▄[48;2;224;224;224m[38;2;224;224;224m▄[48;2;224;224;224m[38;2;224;223;224m▄[48;2;224;224;224m[38;2;223;223;223m▄[48;2;224;224;224m[38;2;223;222;223m▄[48;2;224;223;223m[38;2;224;226;226m▄[48;2;226;228;227m[38;2;222;219;220m▄[48;2;224;229;227m[38;2;212;149;163m▄[48;2;225;202;210m[38;2;225;143;155m▄[48;2;187;166;164m[38;2;233;140;154m▄[48;2;121;153;98m[38;2;221;117;138m▄[48;2;96;164;84m[38;2;190;116;129m▄[48;2;64;136;54m[38;2;180;136;130m▄[48;2;77;143;68m[38;2;106;149;83m▄[48;2;112;165;80m[38;2;88;161;61m▄[48;2;125;178;77m[38;2;116;178;70m▄[48;2;142;188;90m[38;2;128;183;71m▄[48;2;143;189;97m[38;2;126;177;68m▄[48;2;129;173;113m[38;2;121;165;100m▄[48;2;204;211;206m[38;2;198;204;200m▄[48;2;221;220;221m[38;2;219;217;219m▄[48;2;216;217;216m[38;2;216;216;216m▄[48;2;217;217;217m[38;2;216;216;216m▄[48;2;216;216;216m[38;2;216;216;216m▄[48;2;216;216;216m[38;2;216;216;216m▄[48;2;216;216;216m[38;2;216;216;216m▄[48;2;215;215;215m[38;2;215;215;215m▄[48;2;215;215;215m[38;2;215;215;215m▄[48;2;215;215;215m[38;2;214;214;214m▄[48;2;213;213;213m[38;2;213;213;213m▄[48;2;213;213;213m[38;2;212;212;212m▄[48;2;213;213;213m[38;2;212;212;212m▄[48;2;211;211;211m[38;2;211;211;211m▄[48;2;210;210;210m[38;2;210;210;210m▄[48;2;211;211;211m[38;2;210;210;210m▄[48;2;211;211;211m[38;2;210;210;210m▄[48;2;211;211;211m[38;2;210;210;210m▄[48;2;209;209;209m[38;2;208;209;209m▄[48;2;208;208;208m[38;2;208;208;209m▄[48;2;209;209;209m[38;2;208;208;209m▄[48;2;208;208;208m[38;2;208;208;208m▄[48;2;208;208;208m[38;2;207;207;207m▄[48;2;207;207;207m[38;2;207;207;207m▄[48;2;205;205;205m[38;2;206;206;206m▄[0m
[48;2;216;216;216m[38;2;216;216;216m▄[48;2;216;216;216m[38;2;216;216;216m▄[48;2;217;217;217m[38;2;216;216;216m▄[48;2;217;217;217m[38;2;217;217;217m▄[48;2;217;217;217m[38;2;217;217;217m▄[48;2;219;219;219m[38;2;217;217;217m▄[48;2;221;220;221m[38;2;219;219;219m▄[48;2;221;221;221m[38;2;220;220;220m▄[48;2;221;221;221m[38;2;221;221;221m▄[48;2;222;222;222m[38;2;221;221;221m▄[48;2;222;222;222m[38;2;221;221;221m▄[48;2;223;223;223m[38;2;222;222;222m▄[48;2;223;223;223m[38;2;222;222;222m▄[48;2;223;223;223m[38;2;222;222;222m▄[48;2;223;223;223m[38;2;222;222;222m▄[48;2;223;223;223m[38;2;223;223;223m▄[48;2;223;223;223m[38;2;223;223;223m▄[48;2;223;223;223m[38;2;223;223;223m▄[48;2;223;223;223m[38;2;223;223;223m▄[48;2;223;223;223m[38;2;223;223;223m▄[48;2;223;223;223m[38;2;223;223;223m▄[48;2;223;223;223m[38;2;223;223;223m▄[48;2;223;223;223m[38;2;223;223;223m▄[48;2;223;223;223m[38;2;223;221;221m▄[48;2;223;223;223m[38;2;225;232;230m▄[48;2;224;226;225m[38;2;213;180;187m▄[48;2;210;145;159m[38;2;224;142;155m▄[48;2;229;150;161m[38;2;234;149;158m▄[48;2;233;147;158m[38;2;228;130;142m▄[48;2;224;118;133m[38;2;214;100;122m▄[48;2;212;103;121m[38;2;223;144;156m▄[48;2;231;144;158m[38;2;233;149;157m▄[48;2;243;149;164m[38;2;224;130;140m▄[48;2;226;136;146m[38;2;229;134;146m▄[48;2;167;137;114m[38;2;238;135;153m▄[48;2;143;148;95m[38;2;236;128;146m▄[48;2;136;163;109m[38;2;223;142;156m▄[48;2;152;177;151m[38;2;206;203;208m▄[48;2;198;196;200m[38;2;206;206;205m▄[48;2;207;206;208m[38;2;211;211;211m▄[48;2;213;214;213m[38;2;216;216;217m▄[48;2;217;217;217m[38;2;216;216;216m▄[48;2;217;217;217m[38;2;216;216;216m▄[48;2;217;217;217m[38;2;216;216;216m▄[48;2;216;216;216m[38;2;216;216;216m▄[48;2;215;215;215m[38;2;215;215;215m▄[48;2;215;215;215m[38;2;214;214;214m▄[48;2;214;214;214m[38;2;214;214;214m▄[48;2;214;214;214m[38;2;214;214;214m▄[48;2;213;213;213m[38;2;213;213;213m▄[48;2;213;213;213m[38;2;212;212;212m▄[48;2;212;212;212m[38;2;211;211;211m▄[48;2;211;211;211m[38;2;211;211;211m▄[48;2;211;211;211m[38;2;210;210;210m▄[48;2;211;211;211m[38;2;210;210;210m▄[48;2;210;210;210m[38;2;210;210;210m▄[48;2;210;210;210m[38;2;209;209;209m▄[48;2;209;209;209m[38;2;208;208;208m▄[48;2;209;208;209m[38;2;209;209;209m▄[48;2;208;208;208m[38;2;208;208;208m▄[48;2;208;208;208m[38;2;208;208;208m▄[48;2;207;207;207m[38;2;207;207;207m▄[48;2;207;207;207m[38;2;206;206;206m▄[48;2;207;207;207m[38;2;205;205;205m▄[0m
[48;2;216;216;216m[38;2;216;216;216m▄[48;2;216;216;216m[38;2;216;216;216m▄[48;2;215;215;215m[38;2;216;216;216m▄[48;2;216;216;216m[38;2;216;216;216m▄[48;2;217;217;217m[38;2;217;217;217m▄[48;2;217;217;217m[38;2;217;217;217m▄[48;2;218;218;218m[38;2;217;217;217m▄[48;2;218;218;218m[38;2;218;218;218m▄[48;2;219;219;219m[38;2;218;218;218m▄[48;2;220;220;220m[38;2;219;219;219m▄[48;2;221;221;221m[38;2;220;220;220m▄[48;2;221;221;221m[38;2;220;220;220m▄[48;2;221;221;221m[38;2;221;221;221m▄[48;2;221;221;221m[38;2;221;221;221m▄[48;2;222;222;222m[38;2;221;221;221m▄[48;2;222;222;222m[38;2;221;221;221m▄[48;2;223;223;223m[38;2;221;221;221m▄[48;2;223;223;223m[38;2;221;221;221m▄[48;2;222;222;222m[38;2;222;222;222m▄[48;2;223;223;223m[38;2;222;222;222m▄[48;2;222;222;222m[38;2;222;222;222m▄[48;2;222;222;222m[38;2;222;222;222m▄[48;2;222;222;222m[38;2;222;222;222m▄[48;2;222;221;221m[38;2;222;222;222m▄[48;2;224;229;228m[38;2;220;220;221m▄[48;2;210;149;163m[38;2;212;145;159m▄[48;2;231;155;163m[38;2;232;150;159m▄[48;2;229;132;144m[38;2;226;131;143m▄[48;2;229;133;144m[38;2;227;133;144m▄[48;2;221;125;140m[38;2;233;150;159m▄[48;2;233;153;162m[38;2;229;138;149m▄[48;2;227;131;143m[38;2;227;134;145m▄[48;2;229;137;148m[38;2;228;134;145m▄[48;2;227;135;146m[38;2;228;135;146m▄[48;2;225;135;144m[38;2;226;131;142m▄[48;2;226;136;145m[38;2;227;136;146m▄[48;2;218;104;120m[38;2;224;126;137m▄[48;2;202;148;157m[38;2;208;114;130m▄[48;2;220;227;226m[38;2;222;222;222m▄[48;2;219;217;217m[38;2;221;221;221m▄[48;2;216;216;216m[38;2;216;216;216m▄[48;2;216;216;216m[38;2;216;216;216m▄[48;2;218;218;218m[38;2;217;217;217m▄[48;2;216;216;216m[38;2;215;215;215m▄[48;2;215;215;215m[38;2;215;214;214m▄[48;2;215;215;215m[38;2;215;213;214m▄[48;2;214;214;214m[38;2;214;214;214m▄[48;2;214;214;214m[38;2;214;214;214m▄[48;2;214;214;214m[38;2;214;213;214m▄[48;2;213;212;213m[38;2;213;213;213m▄[48;2;213;213;213m[38;2;211;211;212m▄[48;2;212;212;212m[38;2;211;211;211m▄[48;2;211;211;211m[38;2;211;211;211m▄[48;2;210;210;211m[38;2;211;211;211m▄[48;2;211;210;211m[38;2;211;211;211m▄[48;2;210;210;210m[38;2;210;210;210m▄[48;2;209;209;209m[38;2;209;209;209m▄[48;2;209;209;209m[38;2;209;209;209m▄[48;2;209;209;209m[38;2;208;208;208m▄[48;2;208;208;208m[38;2;208;208;208m▄[48;2;207;207;207m[38;2;207;207;207m▄[48;2;207;207;207m[38;2;207;207;207m▄[48;2;206;206;206m[38;2;206;206;206m▄[48;2;205;204;205m[38;2;204;204;205m▄[0m
[48;2;216;216;216m[38;2;214;214;215m▄[48;2;216;216;216m[38;2;215;214;216m▄[48;2;216;216;216m[38;2;216;216;216m▄[48;2;216;216;216m[38;2;216;216;216m▄[48;2;216;216;216m[38;2;216;216;216m▄[48;2;216;216;216m[38;2;216;216;216m▄[48;2;217;217;217m[38;2;216;216;216m▄[48;2;217;217;217m[38;2;216;216;216m▄[48;2;218;218;218m[38;2;217;217;217m▄[48;2;218;218;218m[38;2;217;217;217m▄[48;2;218;218;218m[38;2;217;217;217m▄[48;2;219;218;219m[38;2;218;218;218m▄[48;2;219;219;219m[38;2;218;218;218m▄[48;2;220;220;220m[38;2;219;219;219m▄[48;2;221;221;221m[38;2;220;220;220m▄[48;2;221;221;221m[38;2;220;220;220m▄[48;2;221;221;221m[38;2;220;220;220m▄[48;2;221;221;221m[38;2;220;220;220m▄[48;2;221;221;221m[38;2;220;220;220m▄[48;2;221;221;221m[38;2;221;221;221m▄[48;2;221;221;221m[38;2;221;221;221m▄[48;2;221;221;221m[38;2;220;220;220m▄[48;2;221;221;221m[38;2;221;220;220m▄[48;2;221;221;221m[38;2;220;218;219m▄[48;2;220;221;221m[38;2;223;229;227m▄[48;2;210;144;157m[38;2;208;156;168m▄[48;2;232;150;159m[38;2;227;142;152m▄[48;2;227;130;143m[38;2;229;132;144m▄[48;2;228;134;146m[38;2;228;134;146m▄[48;2;229;139;148m[38;2;227;135;145m▄[48;2;228;135;146m[38;2;228;136;146m▄[48;2;229;139;150m[38;2;230;150;159m▄[48;2;230;141;151m[38;2;227;140;150m▄[48;2;227;133;144m[38;2;227;139;148m▄[48;2;229;142;151m[38;2;232;160;165m▄[48;2;228;147;156m[38;2;226;133;148m▄[48;2;225;132;145m[38;2;226;111;131m▄[48;2;208;119;134m[38;2;210;132;147m▄[48;2;202;198;200m[38;2;204;208;208m▄[48;2;219;220;220m[38;2;219;218;218m▄[48;2;220;220;220m[38;2;217;217;217m▄[48;2;218;218;218m[38;2;217;217;217m▄[48;2;215;215;215m[38;2;219;218;218m▄[48;2;215;215;215m[38;2;215;215;213m▄[48;2;217;224;222m[38;2;220;173;187m▄[48;2;214;222;219m[38;2;232;165;191m▄[48;2;213;218;216m[38;2;219;191;201m▄[48;2;213;213;213m[38;2;212;214;213m▄[48;2;212;212;212m[38;2;212;211;212m▄[48;2;212;212;212m[38;2;212;212;212m▄[48;2;210;210;211m[38;2;210;210;210m▄[48;2;210;210;210m[38;2;210;210;210m▄[48;2;210;210;210m[38;2;210;210;210m▄[48;2;210;210;210m[38;2;211;211;211m▄[48;2;210;210;210m[38;2;211;211;211m▄[48;2;210;210;210m[38;2;210;210;210m▄[48;2;209;209;209m[38;2;209;209;209m▄[48;2;209;208;209m[38;2;209;208;209m▄[48;2;208;208;208m[38;2;208;208;208m▄[48;2;207;207;207m[38;2;207;207;207m▄[48;2;207;207;207m[38;2;207;207;207m▄[48;2;206;206;206m[38;2;206;206;207m▄[48;2;205;205;205m[38;2;204;204;204m▄[48;2;205;205;205m[38;2;204;204;204m▄[0m
[48;2;215;215;215m[38;2;215;215;215m▄[48;2;215;215;215m[38;2;215;215;215m▄[48;2;215;215;215m[38;2;215;215;215m▄[48;2;216;216;216m[38;2;215;215;215m▄[48;2;216;216;216m[38;2;216;216;216m▄[48;2;216;216;216m[38;2;216;216;216m▄[48;2;216;216;216m[38;2;217;217;217m▄[48;2;216;216;216m[38;2;217;217;217m▄[48;2;216;216;216m[38;2;216;216;216m▄[48;2;216;216;216m[38;2;216;216;216m▄[48;2;217;217;217m[38;2;217;217;217m▄[48;2;218;218;218m[38;2;216;216;216m▄[48;2;217;217;217m[38;2;217;217;217m▄[48;2;217;217;217m[38;2;217;217;217m▄[48;2;218;218;218m[38;2;217;217;217m▄[48;2;219;219;219m[38;2;218;217;218m▄[48;2;219;219;219m[38;2;218;218;218m▄[48;2;218;218;218m[38;2;217;216;216m▄[48;2;219;219;219m[38;2;218;218;218m▄[48;2;220;219;219m[38;2;218;225;225m▄[48;2;220;219;219m[38;2;218;223;223m▄[48;2;219;220;220m[38;2;218;216;216m▄[48;2;220;221;221m[38;2;218;211;212m▄[48;2;218;218;218m[38;2;217;214;215m▄[48;2;220;221;221m[38;2;217;222;222m▄[48;2;213;201;205m[38;2;218;229;228m▄[48;2;227;168;175m[38;2;211;163;172m▄[48;2;230;138;149m[38;2;228;138;150m▄[48;2;227;133;144m[38;2;229;137;148m▄[48;2;226;133;144m[38;2;229;147;155m▄[48;2;227;135;145m[38;2;232;152;159m▄[48;2;231;157;164m[38;2;237;159;168m▄[48;2;226;139;149m[38;2;235;163;171m▄[48;2;231;158;165m[38;2;232;152;163m▄[48;2;230;151;162m[38;2;230;149;161m▄[48;2;222;122;138m[38;2;225;120;135m▄[48;2;223;117;132m[38;2;208;140;149m▄[48;2;206;170;177m[38;2;197;207;205m▄[48;2;210;216;214m[38;2;207;208;208m▄[48;2;221;222;222m[38;2;212;205;206m▄[48;2;214;213;214m[38;2;215;218;218m▄[48;2;219;218;218m[38;2;216;217;218m▄[48;2;219;220;222m[38;2;206;200;189m▄[48;2;215;220;220m[38;2;208;190;180m▄[48;2;223;153;174m[38;2;220;159;177m▄[48;2;228;100;141m[38;2;214;189;197m▄[48;2;216;155;175m[38;2;211;221;218m▄[48;2;211;216;214m[38;2;217;216;217m▄[48;2;211;210;211m[38;2;214;214;214m▄[48;2;211;211;211m[38;2;210;210;210m▄[48;2;210;210;210m[38;2;210;210;210m▄[48;2;210;210;210m[38;2;210;210;210m▄[48;2;210;210;210m[38;2;210;210;210m▄[48;2;210;210;210m[38;2;210;210;210m▄[48;2;209;209;209m[38;2;209;209;209m▄[48;2;209;209;209m[38;2;209;209;209m▄[48;2;208;208;209m[38;2;208;208;208m▄[48;2;208;208;208m[38;2;208;208;208m▄[48;2;208;208;208m[38;2;208;207;208m▄[48;2;207;207;207m[38;2;207;207;207m▄[48;2;207;207;207m[38;2;206;207;206m▄[48;2;205;205;206m[38;2;205;205;205m▄[48;2;204;204;204m[38;2;204;204;204m▄[48;2;204;204;204m[38;2;204;204;204m▄[0m
[48;2;215;215;215m[38;2;215;215;215m▄[48;2;215;215;215m[38;2;215;215;215m▄[48;2;215;215;215m[38;2;215;215;215m▄[48;2;215;215;215m[38;2;215;215;215m▄[48;2;216;216;216m[38;2;215;215;215m▄[48;2;216;216;216m[38;2;215;215;215m▄[48;2;216;216;216m[38;2;215;215;215m▄[48;2;216;216;216m[38;2;216;216;216m▄[48;2;216;216;216m[38;2;216;216;216m▄[48;2;216;216;216m[38;2;216;216;216m▄[48;2;216;216;216m[38;2;216;216;216m▄[48;2;216;216;216m[38;2;216;216;216m▄[48;2;216;216;216m[38;2;216;216;216m▄[48;2;216;216;216m[38;2;217;217;217m▄[48;2;217;217;217m[38;2;217;217;217m▄[48;2;217;217;217m[38;2;216;215;215m▄[48;2;217;216;216m[38;2;217;221;220m▄[48;2;217;221;221m[38;2;215;200;203m▄[48;2;217;217;217m[38;2;218;136;149m▄[48;2;216;178;182m[38;2;235;172;179m▄[48;2;223;160;167m[38;2;226;146;155m▄[48;2;228;156;163m[38;2;219;128;139m▄[48;2;227;159;165m[38;2;219;122;132m▄[48;2;228;160;166m[38;2;226;139;150m▄[48;2;221;159;165m[38;2;240;170;178m▄[48;2;218;207;208m[38;2;221;135;145m▄[48;2;210;200;203m[38;2;216;213;213m▄[48;2;205;115;131m[38;2;207;196;199m▄[48;2;224;120;135m[38;2;198;129;143m▄[48;2;229;137;147m[38;2;198;115;132m▄[48;2;221;123;137m[38;2;197;132;143m▄[48;2;228;164;173m[38;2;226;168;172m▄[48;2;235;188;191m[38;2;237;201;203m▄[48;2;223;126;140m[38;2;226;171;178m▄[48;2;222;118;133m[38;2;209;145;157m▄[48;2;206;106;123m[38;2;189;167;172m▄[48;2;189;172;177m[38;2;198;210;207m▄[48;2;201;203;201m[38;2;210;158;165m▄[48;2;217;156;162m[38;2;237;162;170m▄[48;2;230;149;154m[38;2;233;181;186m▄[48;2;218;167;173m[38;2;235;187;189m▄[48;2;208;209;201m[38;2;219;216;207m▄[48;2;201;182;166m[38;2;227;178;186m▄[48;2;209;167;172m[38;2;246;185;191m▄[48;2;209;205;205m[38;2;222;160;170m▄[48;2;217;223;222m[38;2;214;214;215m▄[48;2;224;223;224m[38;2;214;213;215m▄[48;2;216;217;216m[38;2;215;214;216m▄[48;2;213;213;213m[38;2;218;218;218m▄[48;2;210;210;211m[38;2;214;214;214m▄[48;2;210;210;210m[38;2;211;211;211m▄[48;2;210;210;210m[38;2;210;210;210m▄[48;2;209;209;209m[38;2;209;209;209m▄[48;2;209;209;209m[38;2;208;208;208m▄[48;2;209;209;209m[38;2;208;208;208m▄[48;2;209;209;209m[38;2;208;208;208m▄[48;2;208;208;208m[38;2;208;208;208m▄[48;2;207;207;208m[38;2;208;208;208m▄[48;2;207;207;207m[38;2;207;207;207m▄[48;2;207;207;207m[38;2;207;207;207m▄[48;2;206;206;206m[38;2;207;207;207m▄[48;2;205;205;205m[38;2;204;204;204m▄[48;2;204;204;204m[38;2;203;203;203m▄[48;2;203;203;203m[38;2;203;203;203m▄[0m
[48;2;214;214;214m[38;2;214;214;214m▄[48;2;214;214;214m[38;2;214;214;214m▄[48;2;214;214;214m[38;2;214;214;214m▄[48;2;215;215;215m[38;2;214;214;214m▄[48;2;215;215;215m[38;2;215;215;215m▄[48;2;215;215;215m[38;2;215;215;215m▄[48;2;216;216;216m[38;2;215;215;215m▄[48;2;216;215;217m[38;2;216;216;216m▄[48;2;216;215;216m[38;2;215;215;215m▄[48;2;216;216;216m[38;2;216;216;216m▄[48;2;217;217;217m[38;2;216;216;216m▄[48;2;216;216;216m[38;2;216;216;217m▄[48;2;216;216;216m[38;2;216;216;216m▄[48;2;216;216;216m[38;2;216;216;216m▄[48;2;217;216;216m[38;2;216;215;215m▄[48;2;216;217;217m[38;2;218;223;222m▄[48;2;216;215;215m[38;2;210;186;190m▄[48;2;216;137;149m[38;2;214;134;146m▄[48;2;240;200;205m[38;2;237;190;198m▄[48;2;214;136;145m[38;2;194;88;105m▄[48;2;207;92;107m[38;2;223;143;156m▄[48;2;237;174;182m[38;2;231;165;175m▄[48;2;216;125;136m[38;2;193;102;116m▄[48;2;204;116;127m[38;2;207;131;143m▄[48;2;234;170;179m[38;2;243;186;193m▄[48;2;233;153;163m[38;2;208;113;129m▄[48;2;206;172;176m[38;2;202;112;125m▄[48;2;211;215;214m[38;2;216;141;151m▄[48;2;207;209;208m[38;2;210;124;137m▄[48;2;198;213;211m[38;2;207;141;152m▄[48;2;204;174;174m[38;2;202;133;143m▄[48;2;231;160;163m[38;2;217;131;139m▄[48;2;244;214;214m[38;2;222;166;170m▄[48;2;231;220;219m[38;2;224;193;194m▄[48;2;216;219;217m[38;2;231;172;179m▄[48;2;218;220;217m[38;2;236;194;198m▄[48;2;228;230;228m[38;2;216;154;163m▄[48;2;232;178;184m[38;2;240;183;190m▄[48;2;242;218;216m[38;2;237;196;198m▄[48;2;227;180;182m[38;2;219;147;154m▄[48;2;233;208;207m[38;2;207;125;134m▄[48;2;230;234;232m[38;2;199;158;163m▄[48;2;221;164;169m[38;2;218;129;141m▄[48;2;227;177;176m[38;2;214;122;133m▄[48;2;222;173;176m[38;2;191;161;164m▄[48;2;207;207;207m[38;2;203;213;212m▄[48;2;211;211;211m[38;2;211;209;210m▄[48;2;212;211;212m[38;2;209;209;209m▄[48;2;212;212;212m[38;2;210;210;209m▄[48;2;210;210;211m[38;2;210;210;209m▄[48;2;221;221;220m[38;2;211;211;211m▄[48;2;213;213;213m[38;2;210;210;211m▄[48;2;209;209;210m[38;2;209;208;210m▄[48;2;208;208;208m[38;2;208;208;208m▄[48;2;208;208;208m[38;2;208;208;208m▄[48;2;208;208;208m[38;2;209;208;209m▄[48;2;208;208;208m[38;2;207;207;208m▄[48;2;208;208;208m[38;2;207;207;207m▄[48;2;206;206;206m[38;2;207;207;207m▄[48;2;206;206;206m[38;2;205;205;206m▄[48;2;205;205;205m[38;2;204;203;205m▄[48;2;204;204;204m[38;2;204;204;204m▄[48;2;203;203;203m[38;2;203;203;203m▄[48;2;203;203;203m[38;2;203;203;203m▄[0m
[48;2;212;212;212m[38;2;211;211;211m▄[48;2;213;213;213m[38;2;212;212;212m▄[48;2;214;214;214m[38;2;213;212;213m▄[48;2;214;214;214m[38;2;213;213;213m▄[48;2;214;214;214m[38;2;214;214;214m▄[48;2;215;215;215m[38;2;214;214;215m▄[48;2;215;215;215m[38;2;214;214;214m▄[48;2;215;215;215m[38;2;214;214;214m▄[48;2;215;215;215m[38;2;215;215;215m▄[48;2;215;215;215m[38;2;215;215;215m▄[48;2;215;215;215m[38;2;215;215;215m▄[48;2;215;215;215m[38;2;215;215;215m▄[48;2;215;215;215m[38;2;215;215;215m▄[48;2;215;215;215m[38;2;216;216;216m▄[48;2;215;215;215m[38;2;215;215;215m▄[48;2;216;217;218m[38;2;215;214;215m▄[48;2;215;211;212m[38;2;216;219;219m▄[48;2;199;110;126m[38;2;213;201;204m▄[48;2;199;91;110m[38;2;196;147;158m▄[48;2;185;73;94m[38;2;192;93;112m▄[48;2;234;161;172m[38;2;232;143;157m▄[48;2;215;128;142m[38;2;207;119;135m▄[48;2;201;101;118m[38;2;235;156;167m▄[48;2;231;161;172m[38;2;182;85;104m▄[48;2;203;112;128m[38;2;181;84;104m▄[48;2;191;81;101m[38;2;222;136;150m▄[48;2;233;164;175m[38;2;202;112;129m▄[48;2;200;109;125m[38;2;171;59;82m▄[48;2;240;181;189m[38;2;236;167;177m▄[48;2;207;115;130m[38;2;183;87;105m▄[48;2;195;91;108m[38;2;218;141;152m▄[48;2;240;187;191m[38;2;211;132;145m▄[48;2;195;103;116m[38;2;175;62;84m▄[48;2;217;142;151m[38;2;239;167;177m▄[48;2;219;144;155m[38;2;184;85;103m▄[48;2;222;146;157m[38;2;182;78;99m▄[48;2;204;104;120m[38;2;188;92;110m▄[48;2;232;169;178m[38;2;237;171;178m▄[48;2;215;146;154m[38;2;202;125;137m▄[48;2;222;155;163m[38;2;201;116;130m▄[48;2;234;166;175m[38;2;234;170;179m▄[48;2;185;74;92m[38;2;185;87;105m▄[48;2;238;186;188m[38;2;229;147;160m▄[48;2;211;138;148m[38;2;187;93;111m▄[48;2;185;116;130m[38;2;191;83;105m▄[48;2;209;198;201m[38;2;192;139;150m▄[48;2;213;215;215m[38;2;214;224;222m▄[48;2;209;208;208m[38;2;209;207;207m▄[48;2;210;210;210m[38;2;212;212;212m▄[48;2;210;210;209m[38;2;214;214;214m▄[48;2;210;210;211m[38;2;210;209;210m▄[48;2;209;209;212m[38;2;209;209;211m▄[48;2;209;209;213m[38;2;209;208;213m▄[48;2;209;208;210m[38;2;209;208;211m▄[48;2;208;208;209m[38;2;208;208;209m▄[48;2;208;208;208m[38;2;208;208;207m▄[48;2;208;208;206m[38;2;207;208;203m▄[48;2;207;207;207m[38;2;206;207;205m▄[48;2;206;206;206m[38;2;205;206;206m▄[48;2;204;204;204m[38;2;204;203;204m▄[48;2;204;204;204m[38;2;204;204;204m▄[48;2;204;204;204m[38;2;203;203;203m▄[48;2;203;203;203m[38;2;203;203;203m▄[48;2;203;203;203m[38;2;203;203;203m▄[0m
[48;2;210;210;210m[38;2;210;210;210m▄[48;2;210;210;210m[38;2;210;210;210m▄[48;2;211;211;211m[38;2;210;210;210m▄[48;2;212;212;212m[38;2;210;210;211m▄[48;2;212;212;212m[38;2;211;211;211m▄[48;2;212;212;213m[38;2;212;212;212m▄[48;2;214;214;214m[38;2;212;212;212m▄[48;2;214;214;214m[38;2;213;213;213m▄[48;2;215;215;215m[38;2;214;214;214m▄[48;2;214;214;214m[38;2;214;214;214m▄[48;2;214;214;214m[38;2;214;214;214m▄[48;2;214;214;214m[38;2;214;214;214m▄[48;2;215;215;215m[38;2;214;214;214m▄[48;2;215;215;216m[38;2;215;215;215m▄[48;2;215;214;216m[38;2;214;214;216m▄[48;2;215;215;215m[38;2;214;214;214m▄[48;2;214;212;212m[38;2;213;212;213m▄[48;2;218;225;223m[38;2;220;231;228m▄[48;2;194;174;181m[38;2;183;132;147m▄[48;2;200;95;117m[38;2;209;97;120m▄[48;2;216;121;138m[38;2;199;97;117m▄[48;2;152;43;68m[38;2;169;111;125m▄[48;2;225;128;145m[38;2;183;82;104m▄[48;2;204;111;129m[38;2;236;134;151m▄[48;2;163;70;93m[38;2;163;60;83m▄[48;2;236;137;155m[38;2;191;85;107m▄[48;2;194;95;114m[38;2;214;109;129m▄[48;2;211;121;137m[38;2;178;77;100m▄[48;2;228;134;150m[38;2;214;117;133m▄[48;2;186;93;114m[38;2;183;81;103m▄[48;2;243;157;169m[38;2;190;83;106m▄[48;2;205;113;130m[38;2;209;110;129m▄[48;2;208;124;141m[38;2;179;84;103m▄[48;2;233;135;150m[38;2;203;108;125m▄[48;2;175;83;101m[38;2;209;113;131m▄[48;2;182;95;113m[38;2;186;87;107m▄[48;2;219;130;146m[38;2;194;98;115m▄[48;2;241;146;160m[38;2;214;118;135m▄[48;2;173;73;92m[38;2;143;41;66m▄[48;2;217;131;144m[38;2;204;103;119m▄[48;2;209;128;141m[38;2;214;120;137m▄[48;2;198;115;130m[38;2;176;74;96m▄[48;2;232;131;151m[38;2;184;77;100m▄[48;2;198;110;127m[38;2;184;90;111m▄[48;2;182;95;114m[38;2;181;146;153m▄[48;2;194;175;178m[38;2;193;199;197m▄[48;2;206;210;209m[38;2;206;205;205m▄[48;2;209;208;208m[38;2;212;212;212m▄[48;2;218;218;218m[38;2;208;208;208m▄[48;2;221;221;221m[38;2;208;207;208m▄[48;2;208;208;209m[38;2;208;208;209m▄[48;2;209;208;209m[38;2;208;208;208m▄[48;2;208;208;209m[38;2;208;208;208m▄[48;2;208;208;209m[38;2;208;208;208m▄[48;2;208;208;209m[38;2;207;207;208m▄[48;2;208;208;208m[38;2;208;208;208m▄[48;2;206;208;204m[38;2;207;208;205m▄[48;2;204;207;202m[38;2;204;206;203m▄[48;2;204;206;205m[38;2;203;205;204m▄[48;2;204;204;204m[38;2;203;204;204m▄[48;2;203;203;203m[38;2;203;203;203m▄[48;2;203;203;203m[38;2;203;203;203m▄[48;2;203;203;203m[38;2;202;202;202m▄[48;2;203;203;203m[38;2;203;203;203m▄[0m
[48;2;210;210;210m[38;2;210;210;210m▄[48;2;210;210;210m[38;2;210;210;210m▄[48;2;210;210;210m[38;2;211;211;211m▄[48;2;210;210;210m[38;2;210;210;210m▄[48;2;211;211;211m[38;2;210;210;210m▄[48;2;211;211;211m[38;2;211;211;211m▄[48;2;211;211;211m[38;2;211;211;211m▄[48;2;211;211;211m[38;2;214;213;214m▄[48;2;213;213;213m[38;2;211;211;211m▄[48;2;213;213;213m[38;2;212;211;213m▄[48;2;213;213;213m[38;2;211;211;211m▄[48;2;213;213;213m[38;2;213;213;213m▄[48;2;214;213;214m[38;2;214;213;214m▄[48;2;214;214;214m[38;2;212;211;212m▄[48;2;214;214;214m[38;2;212;211;212m▄[48;2;213;215;215m[38;2;212;214;213m▄[48;2;214;206;209m[38;2;212;205;207m▄[48;2;219;205;210m[38;2;223;112;152m▄[48;2;199;183;187m[38;2;215;169;185m▄[48;2;170;65;90m[38;2;199;177;180m▄[48;2;172;67;93m[38;2;188;158;156m▄[48;2;192;185;190m[38;2;188;179;164m▄[48;2;171;105;118m[38;2;203;189;181m▄[48;2;199;88;110m[38;2;161;74;97m▄[48;2;230;126;146m[38;2;200;87;111m▄[48;2;153;43;70m[38;2;235;132;151m▄[48;2;164;71;94m[38;2;196;106;125m▄[48;2;169;78;99m[38;2;163;68;91m▄[48;2;154;46;72m[38;2;178;81;103m▄[48;2;182;119;133m[38;2;180;115;129m▄[48;2;181;121;135m[38;2;178;126;139m▄[48;2;173;87;107m[38;2;181;103;121m▄[48;2;182;113;126m[38;2;179;95;114m▄[48;2;165;74;95m[38;2;186;105;123m▄[48;2;169;72;96m[38;2;181;94;113m▄[48;2;170;74;95m[38;2;182;93;111m▄[48;2;162;62;83m[38;2;194;111;128m▄[48;2;171;79;100m[38;2;196;118;133m▄[48;2;188;152;160m[38;2;190;178;181m▄[48;2;172;90;111m[38;2;198;193;186m▄[48;2;172;75;100m[38;2;191;170;156m▄[48;2;180;128;142m[38;2;189;183;165m▄[48;2;185;158;167m[38;2;191;193;186m▄[48;2;187;168;173m[38;2;201;205;204m▄[48;2;192;196;195m[38;2;202;201;201m▄[48;2;205;204;205m[38;2;217;217;217m▄[48;2;208;208;209m[38;2;219;219;219m▄[48;2;208;208;208m[38;2;209;209;209m▄[48;2;208;208;208m[38;2;208;208;208m▄[48;2;208;208;208m[38;2;207;207;208m▄[48;2;207;208;208m[38;2;208;207;208m▄[48;2;207;207;207m[38;2;207;207;207m▄[48;2;207;207;207m[38;2;207;207;207m▄[48;2;207;207;207m[38;2;207;206;207m▄[48;2;207;207;207m[38;2;205;205;205m▄[48;2;207;207;207m[38;2;204;204;205m▄[48;2;206;206;207m[38;2;204;204;205m▄[48;2;205;204;205m[38;2;204;204;204m▄[48;2;204;203;204m[38;2;203;203;203m▄[48;2;203;203;203m[38;2;203;202;203m▄[48;2;203;203;203m[38;2;202;202;202m▄[48;2;202;202;202m[38;2;202;202;202m▄[48;2;203;203;203m[38;2;203;203;203m▄[48;2;203;203;203m[38;2;203;203;203m▄[0m
[48;2;210;210;210m[38;2;210;210;210m▄[48;2;210;210;210m[38;2;211;211;211m▄[48;2;210;210;210m[38;2;212;212;212m▄[48;2;210;210;210m[38;2;212;212;212m▄[48;2;210;210;210m[38;2;212;212;213m▄[48;2;210;210;210m[38;2;213;213;213m▄[48;2;210;210;210m[38;2;213;213;213m▄[48;2;212;211;213m[38;2;213;213;213m▄[48;2;211;211;211m[38;2;214;214;214m▄[48;2;211;211;211m[38;2;214;214;214m▄[48;2;212;212;212m[38;2;214;214;214m▄[48;2;213;213;213m[38;2;214;214;214m▄[48;2;212;212;212m[38;2;214;214;214m▄[48;2;212;212;212m[38;2;214;214;214m▄[48;2;211;211;212m[38;2;215;215;215m▄[48;2;212;211;211m[38;2;214;215;215m▄[48;2;212;215;214m[38;2;215;214;214m▄[48;2;213;197;203m[38;2;213;217;216m▄[48;2;212;154;171m[38;2;209;218;215m▄[48;2;202;177;175m[38;2;209;211;211m▄[48;2;194;190;175m[38;2;212;212;215m▄[48;2;201;195;192m[38;2;212;213;215m▄[48;2;211;215;217m[38;2;212;210;210m▄[48;2;209;199;201m[38;2;214;217;217m▄[48;2;174;98;118m[38;2;210;208;208m▄[48;2;170;62;88m[38;2;186;149;159m▄[48;2;204;88;112m[38;2;167;97;117m▄[48;2;206;99;121m[38;2;164;81;103m▄[48;2;199;96;116m[38;2;166;83;104m▄[48;2;191;83;105m[38;2;168;96;114m▄[48;2;200;101;121m[38;2;167;78;98m▄[48;2;182;92;110m[38;2;176;75;97m▄[48;2;153;51;74m[38;2;187;83;107m▄[48;2;165;85;103m[38;2;187;92;113m▄[48;2;175;127;137m[38;2;186;95;113m▄[48;2;170;110;123m[38;2;197;100;120m▄[48;2;179;86;107m[38;2;202;101;123m▄[48;2;201;109;127m[38;2;167;58;86m▄[48;2;173;135;144m[38;2;197;171;181m▄[48;2;207;209;201m[38;2;206;210;212m▄[48;2;207;202;196m[38;2;209;208;211m▄[48;2;201;192;181m[38;2;211;212;215m▄[48;2;206;199;188m[38;2;209;210;213m▄[48;2;206;206;205m[38;2;206;206;206m▄[48;2;210;210;209m[38;2;211;211;211m▄[48;2;220;220;220m[38;2;211;212;212m▄[48;2;211;211;211m[38;2;207;207;207m▄[48;2;207;207;208m[38;2;208;208;208m▄[48;2;207;207;208m[38;2;208;208;208m▄[48;2;207;207;207m[38;2;207;207;208m▄[48;2;207;207;207m[38;2;207;207;207m▄[48;2;207;207;207m[38;2;207;207;207m▄[48;2;205;205;205m[38;2;207;207;207m▄[48;2;205;205;204m[38;2;206;206;207m▄[48;2;204;204;203m[38;2;206;206;206m▄[48;2;203;203;203m[38;2;205;205;206m▄[48;2;203;203;203m[38;2;205;205;205m▄[48;2;203;203;203m[38;2;204;204;204m▄[48;2;202;202;203m[38;2;203;203;203m▄[48;2;203;203;203m[38;2;202;202;203m▄[48;2;202;202;202m[38;2;203;203;203m▄[48;2;202;202;202m[38;2;203;202;203m▄[48;2;202;202;202m[38;2;203;202;203m▄[48;2;201;201;201m[38;2;203;203;203m▄[0m
[48;2;214;214;214m[38;2;216;216;216m▄[48;2;215;215;215m[38;2;216;216;216m▄[48;2;215;215;215m[38;2;216;216;216m▄[48;2;215;215;215m[38;2;216;216;216m▄[48;2;215;215;215m[38;2;217;217;217m▄[48;2;215;215;215m[38;2;217;217;217m▄[48;2;215;215;215m[38;2;216;216;216m▄[48;2;216;215;216m[38;2;216;216;216m▄[48;2;216;216;216m[38;2;217;217;217m▄[48;2;216;216;216m[38;2;217;217;217m▄[48;2;216;216;216m[38;2;217;217;217m▄[48;2;216;216;216m[38;2;217;217;217m▄[48;2;215;215;215m[38;2;217;217;217m▄[48;2;216;216;216m[38;2;218;218;218m▄[48;2;216;216;216m[38;2;218;218;218m▄[48;2;216;216;216m[38;2;217;217;217m▄[48;2;216;216;216m[38;2;217;217;217m▄[48;2;217;216;216m[38;2;217;217;217m▄[48;2;217;215;215m[38;2;215;215;216m▄[48;2;214;214;214m[38;2;215;215;215m▄[48;2;216;215;215m[38;2;214;214;214m▄[48;2;216;216;216m[38;2;214;214;214m▄[48;2;217;218;218m[38;2;214;214;214m▄[48;2;216;215;215m[38;2;213;213;213m▄[48;2;210;210;210m[38;2;212;212;212m▄[48;2;203;208;206m[38;2;210;208;209m▄[48;2;196;196;196m[38;2;205;202;203m▄[48;2;188;181;183m[38;2;201;198;199m▄[48;2;185;177;178m[38;2;197;192;193m▄[48;2;187;185;182m[38;2;195;189;189m▄[48;2;183;166;168m[38;2;199;196;196m▄[48;2;172;118;131m[38;2;200;201;198m▄[48;2;163;85;104m[38;2;195;191;189m▄[48;2;166;75;97m[38;2;189;174;176m▄[48;2;169;70;92m[38;2;191;168;173m▄[48;2;167;65;90m[38;2;192;173;176m▄[48;2;160;81;99m[38;2;199;195;193m▄[48;2;195;127;146m[38;2;197;197;196m▄[48;2;216;140;170m[38;2;198;186;191m▄[48;2;206;211;210m[38;2;208;209;208m▄[48;2;208;207;207m[38;2;209;209;209m▄[48;2;212;211;211m[38;2;210;210;210m▄[48;2;211;210;210m[38;2;210;210;211m▄[48;2;211;211;211m[38;2;209;209;210m▄[48;2;210;210;210m[38;2;208;207;209m▄[48;2;210;210;210m[38;2;207;206;208m▄[48;2;210;210;210m[38;2;207;207;207m▄[48;2;210;210;210m[38;2;208;208;209m▄[48;2;209;209;209m[38;2;209;209;210m▄[48;2;209;209;209m[38;2;210;210;210m▄[48;2;209;209;209m[38;2;211;211;211m▄[48;2;209;209;209m[38;2;210;210;210m▄[48;2;208;208;208m[38;2;209;209;209m▄[48;2;208;208;209m[38;2;210;210;210m▄[48;2;208;208;208m[38;2;210;210;210m▄[48;2;207;207;208m[38;2;209;209;209m▄[48;2;207;207;207m[38;2;209;209;209m▄[48;2;207;206;207m[38;2;208;208;208m▄[48;2;211;211;211m[38;2;216;216;216m▄[48;2;213;213;213m[38;2;220;220;220m▄[48;2;206;206;206m[38;2;209;208;209m▄[48;2;206;205;205m[38;2;208;208;208m▄[48;2;205;204;205m[38;2;207;207;207m▄[48;2;205;205;205m[38;2;207;207;207m▄[0m
[48;2;219;219;219m[38;2;223;223;223m▄[48;2;219;219;219m[38;2;223;223;223m▄[48;2;219;219;219m[38;2;224;224;224m▄[48;2;220;220;220m[38;2;223;223;223m▄[48;2;220;220;220m[38;2;223;223;223m▄[48;2;221;221;221m[38;2;224;224;224m▄[48;2;221;221;221m[38;2;224;224;224m▄[48;2;221;221;221m[38;2;224;224;224m▄[48;2;221;221;221m[38;2;224;224;224m▄[48;2;221;221;221m[38;2;224;224;224m▄[48;2;221;221;221m[38;2;224;224;224m▄[48;2;222;222;222m[38;2;224;224;224m▄[48;2;222;222;222m[38;2;224;224;224m▄[48;2;222;222;223m[38;2;224;224;224m▄[48;2;221;220;221m[38;2;223;223;223m▄[48;2;217;217;217m[38;2;222;222;222m▄[48;2;212;212;213m[38;2;218;218;218m▄[48;2;206;206;206m[38;2;213;213;213m▄[48;2;199;198;201m[38;2;207;207;207m▄[48;2;195;194;195m[38;2;202;202;202m▄[48;2;192;192;192m[38;2;205;205;205m▄[48;2;192;192;192m[38;2;201;201;201m▄[48;2;190;190;190m[38;2;198;198;198m▄[48;2;189;188;190m[38;2;194;194;194m▄[48;2;193;193;193m[38;2;188;188;188m▄[48;2;198;198;198m[38;2;186;186;186m▄[48;2;198;198;199m[38;2;187;186;187m▄[48;2;202;202;203m[38;2;185;185;185m▄[48;2;202;202;203m[38;2;185;184;187m▄[48;2;200;201;201m[38;2;187;187;187m▄[48;2;200;200;200m[38;2;187;187;187m▄[48;2;197;196;196m[38;2;187;187;187m▄[48;2;194;193;194m[38;2;187;188;188m▄[48;2;195;197;196m[38;2;186;186;186m▄[48;2;198;201;200m[38;2;184;183;183m▄[48;2;195;199;199m[38;2;190;189;190m▄[48;2;201;201;202m[38;2;187;187;187m▄[48;2;194;193;194m[38;2;182;182;182m▄[48;2;192;195;194m[38;2;196;195;196m▄[48;2;188;187;187m[38;2;194;194;194m▄[48;2;187;187;188m[38;2;190;190;190m▄[48;2;191;190;192m[38;2;192;192;193m▄[48;2;191;191;191m[38;2;193;193;193m▄[48;2;191;191;191m[38;2;196;196;196m▄[48;2;193;192;193m[38;2;200;200;200m▄[48;2;199;198;200m[38;2;206;206;206m▄[48;2;205;205;205m[38;2;211;211;211m▄[48;2;210;210;211m[38;2;214;214;214m▄[48;2;214;213;214m[38;2;216;216;216m▄[48;2;214;214;214m[38;2;216;216;216m▄[48;2;213;213;213m[38;2;215;215;215m▄[48;2;213;212;213m[38;2;215;215;215m▄[48;2;212;212;212m[38;2;215;215;215m▄[48;2;211;211;211m[38;2;214;214;214m▄[48;2;211;211;211m[38;2;213;213;213m▄[48;2;210;210;211m[38;2;213;213;213m▄[48;2;210;210;210m[38;2;212;212;212m▄[48;2;210;210;210m[38;2;211;211;211m▄[48;2;210;210;210m[38;2;211;210;211m▄[48;2;210;210;210m[38;2;210;210;210m▄[48;2;209;209;209m[38;2;210;210;210m▄[48;2;209;209;209m[38;2;210;210;210m▄[48;2;209;209;209m[38;2;210;210;210m▄[48;2;209;209;209m[38;2;210;210;210m▄[0m
[48;2;224;224;224m[38;2;227;227;227m▄[48;2;224;224;224m[38;2;227;227;227m▄[48;2;225;225;225m[38;2;226;226;226m▄[48;2;225;225;225m[38;2;227;227;227m▄[48;2;226;226;226m[38;2;228;228;228m▄[48;2;226;226;226m[38;2;227;227;227m▄[48;2;225;225;225m[38;2;226;226;226m▄[48;2;225;225;225m[38;2;228;228;228m▄[48;2;226;226;226m[38;2;227;227;227m▄[48;2;226;226;226m[38;2;228;228;228m▄[48;2;226;226;226m[38;2;227;227;227m▄[48;2;226;226;226m[38;2;227;227;227m▄[48;2;226;226;226m[38;2;228;228;228m▄[48;2;227;227;227m[38;2;227;227;227m▄[48;2;225;225;225m[38;2;227;227;227m▄[48;2;225;225;225m[38;2;227;227;227m▄[48;2;225;225;225m[38;2;227;227;227m▄[48;2;224;224;224m[38;2;228;228;228m▄[48;2;223;223;224m[38;2;227;227;227m▄[48;2;224;224;224m[38;2;228;228;228m▄[48;2;226;226;227m[38;2;227;227;227m▄[48;2;225;225;225m[38;2;226;226;226m▄[48;2;224;224;224m[38;2;226;226;226m▄[48;2;223;223;223m[38;2;226;226;226m▄[48;2;216;216;216m[38;2;227;227;227m▄[48;2;213;213;213m[38;2;227;227;227m▄[48;2;213;213;213m[38;2;226;226;226m▄[48;2;211;212;212m[38;2;227;227;227m▄[48;2;210;210;211m[38;2;227;227;227m▄[48;2;209;209;209m[38;2;226;226;226m▄[48;2;209;209;209m[38;2;226;226;226m▄[48;2;206;206;206m[38;2;226;226;226m▄[48;2;203;203;203m[38;2;225;225;225m▄[48;2;202;202;202m[38;2;228;228;228m▄[48;2;199;199;199m[38;2;225;225;225m▄[48;2;198;198;198m[38;2;224;224;224m▄[48;2;199;199;199m[38;2;222;222;222m▄[48;2;203;203;203m[38;2;222;222;222m▄[48;2;209;209;209m[38;2;223;223;223m▄[48;2;214;214;215m[38;2;222;222;222m▄[48;2;217;217;217m[38;2;222;222;222m▄[48;2;218;218;218m[38;2;221;221;222m▄[48;2;218;218;219m[38;2;220;220;221m▄[48;2;218;218;218m[38;2;219;219;219m▄[48;2;218;218;218m[38;2;218;218;218m▄[48;2;218;218;218m[38;2;218;218;218m▄[48;2;217;217;217m[38;2;217;217;217m▄[48;2;216;216;216m[38;2;217;217;217m▄[48;2;216;216;216m[38;2;217;217;217m▄[48;2;216;216;216m[38;2;216;216;216m▄[48;2;216;216;216m[38;2;216;216;216m▄[48;2;215;215;215m[38;2;216;216;216m▄[48;2;216;216;216m[38;2;216;216;216m▄[48;2;216;216;216m[38;2;215;215;215m▄[48;2;215;215;215m[38;2;215;215;215m▄[48;2;215;215;215m[38;2;215;215;215m▄[48;2;215;215;215m[38;2;216;216;216m▄[48;2;214;214;214m[38;2;215;215;215m▄[48;2;214;213;214m[38;2;215;215;215m▄[48;2;212;212;213m[38;2;214;214;214m▄[48;2;212;212;212m[38;2;214;214;214m▄[48;2;211;211;211m[38;2;214;214;214m▄[48;2;210;210;210m[38;2;213;213;213m▄[48;2;210;210;210m[38;2;212;212;212m▄[0m
