[48;2;219;219;219m[38;2;218;218;218m▄[48;2;220;220;220m[38;2;219;219;219m▄[48;2;221;221;221m[38;2;220;220;220m▄[48;2;222;222;222m[38;2;222;222;222m▄[48;2;222;222;222m[38;2;222;222;222m▄[48;2;223;223;223m[38;2;223;223;223m▄[48;2;223;223;223m[38;2;223;223;223m▄[48;2;224;224;224m[38;2;224;224;224m▄[48;2;225;225;225m[38;2;224;224;224m▄[48;2;225;225;225m[38;2;224;224;224m▄[48;2;225;225;225m[38;2;224;224;224m▄[48;2;225;225;225m[38;2;224;224;224m▄[48;2;226;226;226m[38;2;227;227;227m▄[48;2;227;227;227m[38;2;227;227;227m▄[48;2;227;227;227m[38;2;227;227;227m▄[48;2;227;227;227m[38;2;227;227;227m▄[48;2;227;227;227m[38;2;227;227;227m▄[48;2;228;228;228m[38;2;227;227;227m▄[48;2;228;228;228m[38;2;227;227;227m▄[48;2;228;228;228m[38;2;227;227;227m▄[48;2;229;229;229m[38;2;227;227;227m▄[48;2;228;228;228m[38;2;227;227;227m▄[48;2;227;227;227m[38;2;227;227;227m▄[48;2;227;227;227m[38;2;227;227;227m▄[48;2;226;226;226m[38;2;226;226;226m▄[48;2;227;227;227m[38;2;227;227;227m▄[48;2;227;227;227m[38;2;227;227;227m▄[48;2;228;228;228m[38;2;227;227;227m▄[48;2;228;228;228m[38;2;226;226;226m▄[48;2;225;225;225m[38;2;224;224;224m▄[48;2;224;224;224m[38;2;225;225;225m▄[48;2;225;225;225m[38;2;224;224;224m▄[48;2;226;226;226m[38;2;224;224;224m▄[48;2;225;225;225m[38;2;224;224;224m▄[48;2;223;223;223m[38;2;223;223;223m▄[48;2;223;223;223m[38;2;223;223;223m▄[48;2;223;223;223m[38;2;223;223;223m▄[48;2;222;222;222m[38;2;223;223;223m▄[48;2;221;221;221m[38;2;222;222;222m▄[48;2;221;221;221m[38;2;221;221;221m▄[48;2;219;219;219m[38;2;219;219;219m▄[48;2;217;217;217m[38;2;217;217;217m▄[48;2;217;217;217m[38;2;217;217;217m▄[48;2;216;216;216m[38;2;217;217;217m▄[48;2;216;216;216m[38;2;216;216;216m▄[48;2;217;217;217m[38;2;217;217;217m▄[48;2;216;216;216m[38;2;215;215;216m▄[48;2;215;215;215m[38;2;216;216;215m▄[48;2;215;215;215m[38;2;215;215;215m▄[48;2;215;215;215m[38;2;214;214;214m▄[48;2;214;214;214m[38;2;214;214;214m▄[48;2;213;213;213m[38;2;212;212;212m▄[48;2;211;211;211m[38;2;211;211;211m▄[48;2;211;211;211m[38;2;211;211;211m▄[48;2;211;211;211m[38;2;211;211;211m▄[48;2;210;210;210m[38;2;210;210;210m▄[48;2;209;209;209m[38;2;208;208;208m▄[48;2;208;208;208m[38;2;208;208;208m▄[48;2;209;209;209m[38;2;208;208;208m▄[48;2;208;208;208m[38;2;208;208;208m▄[48;2;208;208;208m[38;2;208;208;208m▄[48;2;207;207;207m[38;2;207;207;207m▄[48;2;206;206;206m[38;2;205;205;205m▄[48;2;205;205;205m[38;2;204;204;204m▄[0m
[48;2;218;218;218m[38;2;217;217;217m▄[48;2;218;218;218m[38;2;217;217;217m▄[48;2;219;219;219m[38;2;218;218;218m▄[48;2;221;221;221m[38;2;220;220;220m▄[48;2;222;222;222m[38;2;221;221;221m▄[48;2;222;222;222m[38;2;222;222;222m▄[48;2;223;223;223m[38;2;223;223;223m▄[48;2;223;223;223m[38;2;223;223;223m▄[48;2;224;224;224m[38;2;223;223;223m▄[48;2;224;224;224m[38;2;224;224;224m▄[48;2;225;225;225m[38;2;225;225;225m▄[48;2;225;225;225m[38;2;225;225;225m▄[48;2;226;226;226m[38;2;225;225;225m▄[48;2;224;224;224m[38;2;224;224;224m▄[48;2;226;226;226m[38;2;224;224;224m▄[48;2;227;227;227m[38;2;226;226;226m▄[48;2;227;227;227m[38;2;227;227;227m▄[48;2;226;226;226m[38;2;227;227;227m▄[48;2;227;227;227m[38;2;227;227;227m▄[48;2;227;227;227m[38;2;227;227;227m▄[48;2;227;227;227m[38;2;227;227;227m▄[48;2;227;227;227m[38;2;227;227;227m▄[48;2;227;227;227m[38;2;227;227;227m▄[48;2;226;226;226m[38;2;227;227;227m▄[48;2;226;226;226m[38;2;226;226;226m▄[48;2;227;227;227m[38;2;227;227;227m▄[48;2;227;227;227m[38;2;225;225;225m▄[48;2;226;226;226m[38;2;225;225;225m▄[48;2;225;225;225m[38;2;224;224;223m▄[48;2;224;224;224m[38;2;223;224;223m▄[48;2;224;224;224m[38;2;224;224;223m▄[48;2;224;224;224m[38;2;224;224;224m▄[48;2;224;224;224m[38;2;224;224;224m▄[48;2;224;224;224m[38;2;223;223;223m▄[48;2;223;223;223m[38;2;221;222;221m▄[48;2;223;223;223m[38;2;222;223;222m▄[48;2;223;223;223m[38;2;223;222;223m▄[48;2;222;222;222m[38;2;222;222;222m▄[48;2;221;221;221m[38;2;221;221;221m▄[48;2;221;221;221m[38;2;221;221;221m▄[48;2;218;218;218m[38;2;218;218;218m▄[48;2;217;217;217m[38;2;217;217;217m▄[48;2;217;217;217m[38;2;216;216;216m▄[48;2;216;216;216m[38;2;216;216;216m▄[48;2;216;216;216m[38;2;217;217;217m▄[48;2;216;216;216m[38;2;216;216;216m▄[48;2;215;215;215m[38;2;215;215;215m▄[48;2;215;215;215m[38;2;215;215;215m▄[48;2;215;215;215m[38;2;215;215;215m▄[48;2;215;215;215m[38;2;214;214;214m▄[48;2;213;213;213m[38;2;213;213;213m▄[48;2;212;212;212m[38;2;213;213;213m▄[48;2;211;211;211m[38;2;212;212;212m▄[48;2;211;211;211m[38;2;210;210;210m▄[48;2;211;211;211m[38;2;211;211;211m▄[48;2;211;211;211m[38;2;211;211;211m▄[48;2;209;209;209m[38;2;209;209;209m▄[48;2;208;208;208m[38;2;208;208;208m▄[48;2;209;209;209m[38;2;208;208;208m▄[48;2;208;208;208m[38;2;208;208;208m▄[48;2;207;207;207m[38;2;207;207;207m▄[48;2;206;206;206m[38;2;206;206;206m▄[48;2;205;205;205m[38;2;205;205;205m▄[48;2;203;203;203m[38;2;204;204;204m▄[0m
[48;2;217;217;217m[38;2;216;216;216m▄[48;2;217;217;217m[38;2;217;217;217m▄[48;2;217;217;217m[38;2;217;217;217m▄[48;2;219;219;219m[38;2;219;219;219m▄[48;2;221;221;221m[38;2;221;221;221m▄[48;2;222;222;222m[38;2;222;222;222m▄[48;2;223;223;223m[38;2;223;223;223m▄[48;2;223;223;223m[38;2;223;223;223m▄[48;2;224;224;224m[38;2;224;224;224m▄[48;2;224;224;224m[38;2;224;224;224m▄[48;2;225;225;225m[38;2;224;224;224m▄[48;2;226;226;226m[38;2;226;226;226m▄[48;2;225;225;225m[38;2;225;225;225m▄[48;2;225;225;225m[38;2;225;225;225m▄[48;2;225;225;225m[38;2;226;226;226m▄[48;2;225;225;225m[38;2;225;225;225m▄[48;2;225;225;225m[38;2;225;225;225m▄[48;2;226;226;226m[38;2;225;225;225m▄[48;2;227;227;227m[38;2;225;225;225m▄[48;2;226;226;226m[38;2;224;224;224m▄[48;2;228;228;228m[38;2;226;226;226m▄[48;2;226;226;226m[38;2;226;226;226m▄[48;2;226;226;226m[38;2;225;225;225m▄[48;2;226;226;226m[38;2;224;224;224m▄[48;2;225;225;225m[38;2;224;224;224m▄[48;2;224;224;224m[38;2;224;224;224m▄[48;2;224;224;224m[38;2;224;224;224m▄[48;2;224;224;224m[38;2;226;225;227m▄[48;2;227;226;228m[38;2;209;218;207m▄[48;2;229;226;230m[38;2;203;220;199m▄[48;2;226;225;226m[38;2;221;225;222m▄[48;2;223;224;223m[38;2;228;225;229m▄[48;2;224;224;224m[38;2;224;224;223m▄[48;2;224;224;223m[38;2;225;224;227m▄[48;2;230;227;231m[38;2;187;203;183m▄[48;2;226;224;226m[38;2;209;216;207m▄[48;2;222;222;222m[38;2;225;224;225m▄[48;2;222;222;222m[38;2;221;221;221m▄[48;2;221;221;221m[38;2;221;221;221m▄[48;2;220;220;220m[38;2;219;219;219m▄[48;2;217;217;217m[38;2;218;218;218m▄[48;2;217;217;217m[38;2;217;217;217m▄[48;2;217;217;217m[38;2;217;217;217m▄[48;2;216;216;216m[38;2;217;217;217m▄[48;2;217;217;217m[38;2;217;217;217m▄[48;2;215;215;215m[38;2;216;216;216m▄[48;2;215;215;215m[38;2;216;216;216m▄[48;2;215;215;215m[38;2;215;215;215m▄[48;2;215;215;215m[38;2;215;214;215m▄[48;2;214;214;214m[38;2;214;214;214m▄[48;2;213;213;213m[38;2;214;214;214m▄[48;2;213;212;213m[38;2;212;212;213m▄[48;2;212;212;212m[38;2;211;211;211m▄[48;2;210;210;210m[38;2;210;210;210m▄[48;2;210;210;210m[38;2;210;210;210m▄[48;2;210;210;210m[38;2;210;210;210m▄[48;2;208;208;209m[38;2;209;209;209m▄[48;2;208;208;208m[38;2;208;208;208m▄[48;2;208;208;208m[38;2;208;208;208m▄[48;2;207;207;207m[38;2;207;207;207m▄[48;2;207;207;207m[38;2;207;207;207m▄[48;2;207;207;207m[38;2;206;206;206m▄[48;2;204;204;204m[38;2;204;203;204m▄[48;2;204;203;205m[38;2;203;203;204m▄[0m
[48;2;216;216;216m[38;2;216;216;216m▄[48;2;217;217;217m[38;2;217;217;217m▄[48;2;217;217;217m[38;2;217;217;217m▄[48;2;219;219;219m[38;2;217;217;217m▄[48;2;220;220;220m[38;2;218;218;219m▄[48;2;221;221;221m[38;2;220;220;220m▄[48;2;222;222;222m[38;2;221;221;221m▄[48;2;223;223;223m[38;2;223;223;223m▄[48;2;223;223;223m[38;2;223;223;223m▄[48;2;224;224;224m[38;2;223;223;223m▄[48;2;224;224;224m[38;2;224;224;224m▄[48;2;224;224;224m[38;2;224;224;224m▄[48;2;225;225;225m[38;2;224;224;224m▄[48;2;225;225;225m[38;2;225;225;225m▄[48;2;225;225;225m[38;2;225;225;225m▄[48;2;224;224;224m[38;2;224;224;224m▄[48;2;225;225;225m[38;2;224;224;224m▄[48;2;225;225;225m[38;2;224;224;224m▄[48;2;224;224;224m[38;2;225;225;225m▄[48;2;224;224;224m[38;2;225;225;225m▄[48;2;224;224;224m[38;2;224;224;224m▄[48;2;225;225;225m[38;2;224;224;224m▄[48;2;224;224;224m[38;2;224;224;224m▄[48;2;224;224;224m[38;2;224;224;224m▄[48;2;225;225;225m[38;2;224;224;224m▄[48;2;224;224;224m[38;2;224;224;224m▄[48;2;223;224;222m[38;2;223;224;223m▄[48;2;230;226;231m[38;2;230;227;230m▄[48;2;179;205;171m[38;2;196;211;194m▄[48;2;178;220;136m[38;2;174;219;125m▄[48;2;190;227;160m[38;2;181;226;120m▄[48;2;201;221;196m[38;2;176;220;135m▄[48;2;232;226;235m[38;2;187;207;183m▄[48;2;181;202;168m[38;2;128;175;102m▄[48;2;109;166;71m[38;2;173;190;166m▄[48;2;176;197;170m[38;2;212;209;216m▄[48;2;227;224;227m[38;2;223;220;224m▄[48;2;219;220;218m[38;2;223;222;223m▄[48;2;220;220;220m[38;2;219;219;219m▄[48;2;219;219;219m[38;2;218;218;218m▄[48;2;217;217;217m[38;2;217;217;217m▄[48;2;217;217;217m[38;2;217;217;217m▄[48;2;217;217;217m[38;2;217;217;217m▄[48;2;217;217;217m[38;2;216;216;216m▄[48;2;217;217;217m[38;2;216;216;216m▄[48;2;216;216;216m[38;2;216;216;216m▄[48;2;215;215;215m[38;2;215;215;215m▄[48;2;214;214;214m[38;2;214;214;214m▄[48;2;214;214;214m[38;2;215;215;215m▄[48;2;214;214;214m[38;2;214;214;214m▄[48;2;213;213;213m[38;2;213;213;213m▄[48;2;212;212;212m[38;2;213;213;213m▄[48;2;212;212;212m[38;2;211;211;211m▄[48;2;211;211;211m[38;2;210;210;210m▄[48;2;210;210;210m[38;2;210;210;210m▄[48;2;210;210;210m[38;2;210;210;210m▄[48;2;209;209;209m[38;2;208;208;208m▄[48;2;209;209;209m[38;2;208;208;208m▄[48;2;208;208;208m[38;2;208;208;208m▄[48;2;207;207;207m[38;2;207;207;207m▄[48;2;207;207;207m[38;2;207;207;207m▄[48;2;206;206;206m[38;2;206;206;206m▄[48;2;204;203;204m[38;2;205;205;205m▄[48;2;203;203;204m[38;2;204;204;204m▄[0m
[48;2;216;216;216m[38;2;216;216;216m▄[48;2;216;216;216m[38;2;216;216;216m▄[48;2;217;217;217m[38;2;216;216;216m▄[48;2;217;217;217m[38;2;217;217;217m▄[48;2;218;218;218m[38;2;217;217;217m▄[48;2;219;218;219m[38;2;219;218;219m▄[48;2;220;220;220m[38;2;220;220;221m▄[48;2;222;222;222m[38;2;221;221;221m▄[48;2;222;222;222m[38;2;221;221;221m▄[48;2;223;223;223m[38;2;222;222;222m▄[48;2;224;224;224m[38;2;223;223;223m▄[48;2;223;223;223m[38;2;223;223;223m▄[48;2;224;224;224m[38;2;224;224;224m▄[48;2;224;224;224m[38;2;223;223;223m▄[48;2;224;224;224m[38;2;224;224;224m▄[48;2;225;225;225m[38;2;224;224;224m▄[48;2;224;224;224m[38;2;224;224;224m▄[48;2;225;225;225m[38;2;224;224;224m▄[48;2;224;224;224m[38;2;224;224;224m▄[48;2;224;224;225m[38;2;224;224;224m▄[48;2;224;224;224m[38;2;224;224;224m▄[48;2;224;224;224m[38;2;224;224;224m▄[48;2;225;225;225m[38;2;224;224;224m▄[48;2;224;224;224m[38;2;223;223;223m▄[48;2;224;224;224m[38;2;224;224;224m▄[48;2;224;224;224m[38;2;223;224;224m▄[48;2;224;224;224m[38;2;224;224;224m▄[48;2;226;225;225m[38;2;222;225;224m▄[48;2;221;224;227m[38;2;231;214;215m▄[48;2;169;206;153m[38;2;233;202;206m▄[48;2;158;218;112m[38;2;188;190;160m▄[48;2;146;206;113m[38;2;137;175;123m▄[48;2;112;172;93m[38;2;101;154;87m▄[48;2;127;167;118m[38;2;90;161;75m▄[48;2;159;187;145m[38;2;111;173;73m▄[48;2;151;185;130m[38;2;140;190;84m▄[48;2;165;190;159m[38;2;143;191;86m▄[48;2;212;215;213m[38;2;126;168;104m▄[48;2;222;221;222m[38;2;210;212;212m▄[48;2;217;217;217m[38;2;219;218;218m▄[48;2;217;217;217m[38;2;216;216;216m▄[48;2;217;217;217m[38;2;216;216;216m▄[48;2;217;217;217m[38;2;216;216;216m▄[48;2;217;217;217m[38;2;217;217;217m▄[48;2;216;216;216m[38;2;216;216;216m▄[48;2;216;216;216m[38;2;215;215;215m▄[48;2;215;215;215m[38;2;215;215;215m▄[48;2;214;214;215m[38;2;214;214;214m▄[48;2;214;213;214m[38;2;213;213;213m▄[48;2;213;213;213m[38;2;213;213;213m▄[48;2;213;213;213m[38;2;212;212;212m▄[48;2;212;212;212m[38;2;211;211;211m▄[48;2;211;211;211m[38;2;211;211;211m▄[48;2;210;210;210m[38;2;210;210;210m▄[48;2;211;211;211m[38;2;210;210;210m▄[48;2;210;210;210m[38;2;209;209;209m▄[48;2;209;209;209m[38;2;209;209;209m▄[48;2;208;209;208m[38;2;209;209;209m▄[48;2;208;208;208m[38;2;208;208;208m▄[48;2;207;207;207m[38;2;207;207;207m▄[48;2;207;207;207m[38;2;206;206;206m▄[48;2;206;206;206m[38;2;204;204;205m▄[48;2;204;204;204m[38;2;204;204;204m▄[48;2;204;204;204m[38;2;204;204;204m▄[0m
[48;2;216;216;216m[38;2;216;216;216m▄[48;2;216;216;216m[38;2;216;216;216m▄[48;2;216;216;216m[38;2;216;216;216m▄[48;2;216;216;216m[38;2;216;216;216m▄[48;2;217;217;217m[38;2;217;217;217m▄[48;2;218;218;218m[38;2;217;217;217m▄[48;2;219;219;219m[38;2;217;217;217m▄[48;2;220;220;221m[38;2;219;219;219m▄[48;2;221;221;221m[38;2;221;221;221m▄[48;2;221;221;221m[38;2;221;221;221m▄[48;2;222;222;223m[38;2;221;221;221m▄[48;2;223;222;223m[38;2;221;221;221m▄[48;2;223;223;223m[38;2;222;222;222m▄[48;2;223;223;223m[38;2;223;223;223m▄[48;2;224;224;224m[38;2;223;223;223m▄[48;2;223;223;223m[38;2;223;223;223m▄[48;2;223;223;223m[38;2;223;223;223m▄[48;2;224;224;224m[38;2;223;223;223m▄[48;2;224;224;224m[38;2;224;224;224m▄[48;2;223;223;223m[38;2;223;223;223m▄[48;2;223;223;223m[38;2;223;223;223m▄[48;2;223;223;223m[38;2;223;223;223m▄[48;2;223;223;223m[38;2;224;224;224m▄[48;2;223;223;223m[38;2;223;223;223m▄[48;2;223;223;223m[38;2;223;223;223m▄[48;2;224;223;223m[38;2;222;224;223m▄[48;2;223;225;225m[38;2;224;221;221m▄[48;2;234;205;206m[38;2;239;171;178m▄[48;2;250;188;191m[38;2;246;172;178m▄[48;2;255;185;191m[38;2;244;165;174m▄[48;2;253;170;183m[38;2;238;159;164m▄[48;2;243;168;183m[38;2;245;175;180m▄[48;2;222;159;159m[38;2;244;154;166m▄[48;2;130;137;89m[38;2;232;132;147m▄[48;2;111;165;80m[38;2;223;149;152m▄[48;2;124;175;78m[38;2;193;140;139m▄[48;2;126;171;92m[38;2;191;195;197m▄[48;2;162;182;155m[38;2;209;205;212m▄[48;2;210;209;211m[38;2;211;210;210m▄[48;2;216;216;216m[38;2;216;216;216m▄[48;2;216;216;216m[38;2;216;216;216m▄[48;2;217;217;217m[38;2;217;217;217m▄[48;2;217;217;217m[38;2;217;216;216m▄[48;2;216;216;216m[38;2;216;216;216m▄[48;2;216;216;216m[38;2;216;215;216m▄[48;2;215;215;215m[38;2;215;215;216m▄[48;2;215;215;215m[38;2;215;214;215m▄[48;2;214;214;215m[38;2;214;214;214m▄[48;2;213;213;213m[38;2;213;213;213m▄[48;2;213;213;213m[38;2;212;212;212m▄[48;2;212;212;212m[38;2;211;211;211m▄[48;2;211;211;211m[38;2;210;210;212m▄[48;2;211;211;211m[38;2;211;210;212m▄[48;2;211;211;211m[38;2;211;211;211m▄[48;2;210;210;210m[38;2;210;210;210m▄[48;2;209;209;209m[38;2;209;209;209m▄[48;2;209;209;209m[38;2;209;209;209m▄[48;2;209;209;209m[38;2;208;209;208m▄[48;2;208;208;208m[38;2;208;208;208m▄[48;2;207;207;207m[38;2;207;207;207m▄[48;2;207;207;207m[38;2;206;206;206m▄[48;2;205;205;205m[38;2;205;205;205m▄[48;2;204;204;204m[38;2;204;204;204m▄[48;2;203;203;203m[38;2;203;203;203m▄[0m
[48;2;216;216;216m[38;2;215;215;215m▄[48;2;216;216;216m[38;2;215;215;215m▄[48;2;216;216;216m[38;2;216;216;216m▄[48;2;216;216;216m[38;2;216;216;216m▄[48;2;216;216;216m[38;2;216;216;216m▄[48;2;217;217;217m[38;2;216;216;216m▄[48;2;218;218;218m[38;2;217;217;217m▄[48;2;218;218;218m[38;2;217;217;217m▄[48;2;219;219;219m[38;2;218;218;218m▄[48;2;220;220;220m[38;2;218;218;218m▄[48;2;221;221;221m[38;2;219;219;219m▄[48;2;221;221;221m[38;2;220;220;220m▄[48;2;221;221;221m[38;2;220;220;220m▄[48;2;222;222;222m[38;2;221;221;221m▄[48;2;222;222;222m[38;2;221;221;221m▄[48;2;223;223;223m[38;2;221;221;221m▄[48;2;223;223;223m[38;2;222;222;222m▄[48;2;223;223;223m[38;2;222;222;222m▄[48;2;223;223;223m[38;2;223;223;223m▄[48;2;223;223;223m[38;2;222;222;222m▄[48;2;223;223;223m[38;2;222;222;222m▄[48;2;223;223;223m[38;2;222;222;222m▄[48;2;223;223;223m[38;2;223;223;223m▄[48;2;223;223;223m[38;2;222;222;222m▄[48;2;225;224;224m[38;2;226;228;228m▄[48;2;228;232;231m[38;2;233;226;227m▄[48;2;230;194;199m[38;2;242;174;182m▄[48;2;244;169;177m[38;2;255;168;178m▄[48;2;250;177;183m[38;2;244;142;155m▄[48;2;239;160;170m[38;2;228;158;169m▄[48;2;229;160;169m[38;2;252;255;255m▄[48;2;238;151;159m[38;2;225;168;175m▄[48;2;242;162;169m[38;2;224;131;142m▄[48;2;224;131;143m[38;2;225;135;146m▄[48;2;244;157;167m[38;2;224;143;153m▄[48;2;226;130;143m[38;2;217;109;122m▄[48;2;201;158;164m[38;2;212;114;129m▄[48;2;212;220;218m[38;2;210;207;208m▄[48;2;217;216;217m[38;2;217;217;215m▄[48;2;216;217;218m[38;2;215;210;204m▄[48;2;216;216;217m[38;2;214;207;197m▄[48;2;217;216;216m[38;2;213;204;190m▄[48;2;217;219;220m[38;2;213;204;192m▄[48;2;216;216;216m[38;2;215;215;216m▄[48;2;215;215;215m[38;2;214;214;214m▄[48;2;214;214;214m[38;2;215;215;215m▄[48;2;214;214;214m[38;2;214;214;214m▄[48;2;214;214;214m[38;2;213;213;213m▄[48;2;213;213;213m[38;2;213;213;213m▄[48;2;212;212;212m[38;2;212;212;212m▄[48;2;211;211;211m[38;2;211;211;211m▄[48;2;210;210;211m[38;2;211;211;211m▄[48;2;211;211;211m[38;2;211;211;211m▄[48;2;211;211;211m[38;2;211;211;211m▄[48;2;210;210;210m[38;2;210;210;210m▄[48;2;209;209;209m[38;2;209;209;209m▄[48;2;209;209;209m[38;2;208;208;208m▄[48;2;208;208;208m[38;2;207;207;207m▄[48;2;207;207;207m[38;2;207;207;207m▄[48;2;207;207;207m[38;2;207;207;207m▄[48;2;205;205;205m[38;2;205;205;205m▄[48;2;204;204;204m[38;2;205;205;205m▄[48;2;204;204;204m[38;2;204;204;204m▄[48;2;203;203;203m[38;2;203;203;203m▄[0m
[48;2;215;215;215m[38;2;215;215;215m▄[48;2;215;215;215m[38;2;216;216;216m▄[48;2;216;216;216m[38;2;215;215;215m▄[48;2;216;216;216m[38;2;216;216;216m▄[48;2;216;216;216m[38;2;217;217;217m▄[48;2;216;216;216m[38;2;217;217;217m▄[48;2;216;216;216m[38;2;216;216;216m▄[48;2;216;216;216m[38;2;216;216;216m▄[48;2;217;217;217m[38;2;216;216;216m▄[48;2;218;218;218m[38;2;217;217;217m▄[48;2;218;218;218m[38;2;217;217;217m▄[48;2;219;219;219m[38;2;217;217;217m▄[48;2;219;219;219m[38;2;218;218;218m▄[48;2;219;219;219m[38;2;218;218;218m▄[48;2;220;220;220m[38;2;219;219;219m▄[48;2;221;221;221m[38;2;220;220;220m▄[48;2;221;221;221m[38;2;220;220;220m▄[48;2;221;221;221m[38;2;221;221;221m▄[48;2;222;222;222m[38;2;220;220;220m▄[48;2;221;221;221m[38;2;221;221;221m▄[48;2;221;221;221m[38;2;221;221;221m▄[48;2;221;221;221m[38;2;221;220;220m▄[48;2;222;222;222m[38;2;221;220;220m▄[48;2;222;221;221m[38;2;221;220;220m▄[48;2;222;224;225m[38;2;222;220;221m▄[48;2;220;210;212m[38;2;220;223;222m▄[48;2;244;159;170m[38;2;222;156;167m▄[48;2;244;151;164m[38;2;237;139;153m▄[48;2;232;137;150m[38;2;238;136;150m▄[48;2;218;115;131m[38;2;227;120;135m▄[48;2;229;187;195m[38;2;220;110;126m▄[48;2;255;255;255m[38;2;217;153;165m▄[48;2;238;214;218m[38;2;238;223;228m▄[48;2;205;109;127m[38;2;214;114;132m▄[48;2;214;104;122m[38;2;230;121;135m▄[48;2;230;119;133m[38;2;223;109;125m▄[48;2;212;109;125m[38;2;196;126;139m▄[48;2;203;193;196m[38;2;203;207;206m▄[48;2;216;216;212m[38;2;216;215;216m▄[48;2;216;212;208m[38;2;216;216;217m▄[48;2;215;215;215m[38;2;215;215;214m▄[48;2;214;216;217m[38;2;216;219;222m▄[48;2;210;199;186m[38;2;214;213;211m▄[48;2;213;203;193m[38;2;207;194;176m▄[48;2;215;217;219m[38;2;215;217;220m▄[48;2;215;214;214m[38;2;215;214;214m▄[48;2;213;213;213m[38;2;213;213;213m▄[48;2;212;212;212m[38;2;212;212;213m▄[48;2;212;212;212m[38;2;211;211;211m▄[48;2;211;211;211m[38;2;211;211;211m▄[48;2;211;211;211m[38;2;211;211;211m▄[48;2;211;211;211m[38;2;211;211;211m▄[48;2;211;211;211m[38;2;210;210;210m▄[48;2;211;211;211m[38;2;210;210;210m▄[48;2;209;209;209m[38;2;209;209;209m▄[48;2;209;209;209m[38;2;209;209;209m▄[48;2;208;208;208m[38;2;208;208;208m▄[48;2;207;207;207m[38;2;208;208;208m▄[48;2;207;207;207m[38;2;207;207;207m▄[48;2;206;206;206m[38;2;206;206;206m▄[48;2;205;205;205m[38;2;204;204;204m▄[48;2;204;204;204m[38;2;204;204;204m▄[48;2;203;203;203m[38;2;203;203;203m▄[48;2;203;203;203m[38;2;203;203;203m▄[0m
[48;2;214;214;214m[38;2;214;214;214m▄[48;2;215;215;215m[38;2;214;214;214m▄[48;2;215;215;215m[38;2;215;215;215m▄[48;2;215;215;215m[38;2;215;215;215m▄[48;2;217;217;217m[38;2;215;215;215m▄[48;2;217;217;217m[38;2;215;215;215m▄[48;2;217;217;217m[38;2;216;216;216m▄[48;2;217;217;217m[38;2;217;217;217m▄[48;2;217;217;217m[38;2;217;217;217m▄[48;2;216;216;216m[38;2;217;217;217m▄[48;2;216;216;216m[38;2;216;216;216m▄[48;2;216;216;216m[38;2;216;216;216m▄[48;2;217;217;217m[38;2;217;217;217m▄[48;2;217;217;217m[38;2;216;216;216m▄[48;2;217;217;217m[38;2;217;217;217m▄[48;2;218;218;218m[38;2;217;217;217m▄[48;2;218;218;218m[38;2;218;218;218m▄[48;2;219;219;219m[38;2;218;218;218m▄[48;2;218;218;218m[38;2;218;217;217m▄[48;2;219;219;219m[38;2;218;222;222m▄[48;2;219;218;219m[38;2;217;221;220m▄[48;2;219;224;223m[38;2;219;197;199m▄[48;2;218;224;223m[38;2;229;199;201m▄[48;2;217;220;221m[38;2;232;211;211m▄[48;2;216;220;219m[38;2;230;210;207m▄[48;2;219;225;225m[38;2;222;208;208m▄[48;2;213;202;204m[38;2;217;225;224m▄[48;2;232;140;152m[38;2;213;142;154m▄[48;2;236;125;141m[38;2;231;106;123m▄[48;2;214;104;122m[38;2;210;92;112m▄[48;2;232;131;142m[38;2;225;116;131m▄[48;2;224;113;128m[38;2;206;100;119m▄[48;2;194;80;103m[38;2;205;84;105m▄[48;2;204;88;109m[38;2;219;94;112m▄[48;2;210;93;113m[38;2;211;76;99m▄[48;2;193;85;108m[38;2;190;118;133m▄[48;2;192;188;190m[38;2;200;208;207m▄[48;2;209;215;215m[38;2;220;170;174m▄[48;2;215;217;217m[38;2;226;166;171m▄[48;2;216;218;218m[38;2;216;205;207m▄[48;2;217;218;220m[38;2;205;198;184m▄[48;2;211;205;199m[38;2;202;195;177m▄[48;2;204;187;166m[38;2;211;212;209m▄[48;2;211;205;197m[38;2;212;210;206m▄[48;2;213;214;215m[38;2;209;205;199m▄[48;2;213;213;213m[38;2;213;213;215m▄[48;2;213;213;213m[38;2;212;212;212m▄[48;2;212;212;212m[38;2;212;212;212m▄[48;2;211;211;211m[38;2;211;211;211m▄[48;2;212;212;212m[38;2;211;211;211m▄[48;2;211;211;211m[38;2;210;210;210m▄[48;2;211;211;211m[38;2;210;210;209m▄[48;2;210;210;210m[38;2;208;209;209m▄[48;2;209;209;209m[38;2;208;208;209m▄[48;2;209;209;209m[38;2;208;208;209m▄[48;2;208;208;208m[38;2;208;208;208m▄[48;2;208;208;208m[38;2;208;208;208m▄[48;2;207;207;207m[38;2;207;207;207m▄[48;2;206;206;206m[38;2;207;206;207m▄[48;2;205;205;205m[38;2;204;204;205m▄[48;2;204;204;204m[38;2;204;204;204m▄[48;2;203;203;203m[38;2;203;203;203m▄[48;2;203;203;203m[38;2;203;203;203m▄[48;2;203;203;203m[38;2;203;203;203m▄[0m
[48;2;214;214;214m[38;2;213;213;213m▄[48;2;214;214;214m[38;2;214;214;214m▄[48;2;215;215;215m[38;2;214;214;214m▄[48;2;215;215;215m[38;2;215;215;215m▄[48;2;215;215;215m[38;2;215;215;215m▄[48;2;215;215;215m[38;2;215;215;215m▄[48;2;216;216;216m[38;2;216;216;216m▄[48;2;216;216;216m[38;2;215;215;215m▄[48;2;216;216;216m[38;2;215;215;215m▄[48;2;217;217;217m[38;2;217;217;217m▄[48;2;217;217;217m[38;2;217;217;217m▄[48;2;216;216;216m[38;2;217;217;217m▄[48;2;216;216;216m[38;2;217;217;217m▄[48;2;217;217;217m[38;2;216;216;216m▄[48;2;217;217;217m[38;2;217;216;217m▄[48;2;217;217;217m[38;2;217;217;217m▄[48;2;217;217;217m[38;2;217;217;217m▄[48;2;217;216;216m[38;2;217;218;218m▄[48;2;218;222;222m[38;2;215;210;210m▄[48;2;215;201;201m[38;2;223;156;164m▄[48;2;224;165;169m[38;2;237;193;199m▄[48;2;237;180;184m[38;2;222;128;139m▄[48;2;238;171;176m[38;2;240;195;201m▄[48;2;244;181;185m[38;2;242;181;187m▄[48;2;247;203;205m[38;2;229;152;160m▄[48;2;247;203;204m[38;2;249;229;228m▄[48;2;228;199;199m[38;2;231;176;181m▄[48;2;209;205;207m[38;2;213;210;210m▄[48;2;202;123;138m[38;2;209;209;210m▄[48;2;199;91;113m[38;2;198;202;203m▄[48;2;192;106;123m[38;2;204;170;171m▄[48;2;207;133;141m[38;2;236;154;161m▄[48;2;211;133;142m[38;2;220;147;155m▄[48;2;199;92;112m[38;2;193;190;191m▄[48;2;190;113;129m[38;2;196;199;199m▄[48;2;192;194;194m[38;2;205;203;204m▄[48;2;209;168;171m[38;2;223;149;158m▄[48;2;236;165;170m[38;2;231;174;182m▄[48;2;232;160;168m[38;2;210;113;126m▄[48;2;212;167;164m[38;2;207;184;184m▄[48;2;203;198;187m[38;2;210;172;177m▄[48;2;221;174;181m[38;2;232;144;151m▄[48;2;216;195;198m[38;2;217;139;147m▄[48;2;207;203;194m[38;2;210;211;210m▄[48;2;211;208;204m[38;2;212;212;213m▄[48;2;212;213;213m[38;2;211;211;210m▄[48;2;212;211;211m[38;2;211;211;210m▄[48;2;211;211;211m[38;2;211;211;211m▄[48;2;211;211;211m[38;2;211;211;211m▄[48;2;211;211;211m[38;2;210;210;210m▄[48;2;210;210;210m[38;2;209;209;209m▄[48;2;209;209;208m[38;2;208;208;209m▄[48;2;209;208;210m[38;2;209;209;209m▄[48;2;208;208;208m[38;2;208;208;208m▄[48;2;208;208;208m[38;2;208;208;208m▄[48;2;208;208;208m[38;2;207;207;207m▄[48;2;207;207;207m[38;2;207;207;207m▄[48;2;206;207;206m[38;2;207;207;207m▄[48;2;206;206;207m[38;2;206;205;206m▄[48;2;205;204;205m[38;2;204;204;204m▄[48;2;203;203;203m[38;2;203;202;204m▄[48;2;203;203;203m[38;2;203;203;203m▄[48;2;203;203;203m[38;2;203;203;203m▄[48;2;203;203;203m[38;2;203;203;203m▄[0m
[48;2;213;213;213m[38;2;211;211;211m▄[48;2;214;214;214m[38;2;212;212;212m▄[48;2;214;214;214m[38;2;213;213;213m▄[48;2;215;215;215m[38;2;215;215;215m▄[48;2;215;215;215m[38;2;215;215;215m▄[48;2;215;215;215m[38;2;215;215;215m▄[48;2;216;216;216m[38;2;215;215;215m▄[48;2;216;216;216m[38;2;215;215;215m▄[48;2;215;215;215m[38;2;215;215;215m▄[48;2;216;216;216m[38;2;215;215;215m▄[48;2;216;216;216m[38;2;216;216;216m▄[48;2;217;217;217m[38;2;216;216;216m▄[48;2;216;216;216m[38;2;216;216;216m▄[48;2;216;216;216m[38;2;215;215;216m▄[48;2;217;217;217m[38;2;216;216;216m▄[48;2;217;217;217m[38;2;216;216;217m▄[48;2;217;216;216m[38;2;217;216;217m▄[48;2;219;226;225m[38;2;217;219;218m▄[48;2;210;176;181m[38;2;218;210;210m▄[48;2;228;168;174m[38;2;208;133;144m▄[48;2;226;168;177m[38;2;199;100;116m▄[48;2;216;126;138m[38;2;225;160;169m▄[48;2;247;223;224m[38;2;245;211;213m▄[48;2;220;146;156m[38;2;227;163;170m▄[48;2;233;183;187m[38;2;234;192;197m▄[48;2;247;215;217m[38;2;203;115;130m▄[48;2;209;119;131m[38;2;222;144;156m▄[48;2;218;152;161m[38;2;211;135;149m▄[48;2;218;145;153m[38;2;226;160;170m▄[48;2;210;148;156m[38;2;214;133;145m▄[48;2;205;135;144m[38;2;198;101;117m▄[48;2;210;110;122m[38;2;230;168;176m▄[48;2;201;122;133m[38;2;189;88;105m▄[48;2;206;148;157m[38;2;226;158;168m▄[48;2;221;148;158m[38;2;206;125;138m▄[48;2;205;125;136m[38;2;201;111;125m▄[48;2;229;159;167m[38;2;231;170;178m▄[48;2;223;166;173m[38;2;208;139;152m▄[48;2;212;119;133m[38;2;230;168;177m▄[48;2;205;144;153m[38;2;206;114;129m▄[48;2;204;139;147m[38;2;205;118;130m▄[48;2;212;112;125m[38;2;227;155;165m▄[48;2;202;152;158m[38;2;186;127;138m▄[48;2;205;214;213m[38;2;206;207;207m▄[48;2;211;209;209m[38;2;211;211;211m▄[48;2;211;211;210m[38;2;210;210;209m▄[48;2;211;211;211m[38;2;210;210;211m▄[48;2;211;211;211m[38;2;210;210;210m▄[48;2;210;210;210m[38;2;210;210;210m▄[48;2;210;210;210m[38;2;209;210;211m▄[48;2;210;210;211m[38;2;208;211;215m▄[48;2;209;209;210m[38;2;210;209;214m▄[48;2;208;208;209m[38;2;208;207;211m▄[48;2;208;208;208m[38;2;208;208;209m▄[48;2;208;208;208m[38;2;208;208;208m▄[48;2;208;207;207m[38;2;208;208;206m▄[48;2;207;207;205m[38;2;207;207;201m▄[48;2;206;206;205m[38;2;206;206;202m▄[48;2;204;204;204m[38;2;204;204;203m▄[48;2;204;204;204m[38;2;203;203;204m▄[48;2;203;203;203m[38;2;203;203;203m▄[48;2;202;202;202m[38;2;202;202;202m▄[48;2;203;203;203m[38;2;202;202;202m▄[48;2;201;201;203m[38;2;200;200;203m▄[0m
[48;2;211;211;211m[38;2;210;210;210m▄[48;2;211;211;211m[38;2;211;211;211m▄[48;2;213;213;213m[38;2;211;211;211m▄[48;2;213;213;213m[38;2;212;212;212m▄[48;2;214;213;214m[38;2;213;213;214m▄[48;2;214;214;214m[38;2;214;214;214m▄[48;2;215;215;215m[38;2;213;213;214m▄[48;2;215;215;215m[38;2;214;214;214m▄[48;2;215;215;215m[38;2;214;214;214m▄[48;2;215;215;215m[38;2;215;215;215m▄[48;2;215;215;215m[38;2;215;215;215m▄[48;2;215;215;215m[38;2;215;215;215m▄[48;2;215;215;215m[38;2;215;215;215m▄[48;2;215;215;215m[38;2;215;215;215m▄[48;2;215;215;215m[38;2;216;216;216m▄[48;2;216;216;217m[38;2;216;216;216m▄[48;2;215;215;215m[38;2;215;215;215m▄[48;2;215;215;215m[38;2;216;216;216m▄[48;2;217;218;218m[38;2;216;214;214m▄[48;2;215;218;218m[38;2;213;215;209m▄[48;2;198;147;156m[38;2;204;144;158m▄[48;2;237;173;182m[38;2;246;170;182m▄[48;2;217;148;162m[38;2;190;114;129m▄[48;2;244;198;203m[38;2;215;144;153m▄[48;2;203;129;142m[38;2;232;159;170m▄[48;2;194;107;122m[38;2;170;72;94m▄[48;2;229;156;166m[38;2;230;136;150m▄[48;2;172;65;87m[38;2;198;106;124m▄[48;2;233;157;168m[38;2;229;141;153m▄[48;2;179;77;100m[38;2;193;95;117m▄[48;2;222;139;152m[38;2;221;128;142m▄[48;2;191;97;116m[38;2;198;102;121m▄[48;2;211;123;139m[38;2;201;109;127m▄[48;2;209;127;141m[38;2;217;125;140m▄[48;2;167;65;87m[38;2;186;99;118m▄[48;2;192;93;114m[38;2;206;120;136m▄[48;2;242;167;179m[38;2;220;128;144m▄[48;2;184;89;110m[38;2;158;48;74m▄[48;2;222;137;151m[38;2;226;129;143m▄[48;2;182;86;105m[38;2;193;100;117m▄[48;2;222;138;152m[38;2;222;132;146m▄[48;2;190;96;115m[38;2;195;97;118m▄[48;2;181;71;94m[38;2;177;86;108m▄[48;2;199;157;166m[38;2;196;182;185m▄[48;2;212;220;219m[38;2;207;210;210m▄[48;2;210;208;208m[38;2;210;209;209m▄[48;2;210;210;210m[38;2;210;210;210m▄[48;2;210;210;210m[38;2;210;210;210m▄[48;2;210;210;210m[38;2;210;210;210m▄[48;2;209;210;211m[38;2;210;210;210m▄[48;2;207;211;217m[38;2;208;209;212m▄[48;2;208;209;216m[38;2;208;208;212m▄[48;2;209;208;213m[38;2;209;208;212m▄[48;2;208;208;209m[38;2;208;208;209m▄[48;2;207;207;208m[38;2;208;208;208m▄[48;2;208;208;207m[38;2;208;208;207m▄[48;2;208;208;203m[38;2;206;207;202m▄[48;2;206;207;201m[38;2;204;207;201m▄[48;2;203;204;201m[38;2;203;205;204m▄[48;2;202;203;203m[38;2;201;202;203m▄[48;2;203;203;203m[38;2;202;202;202m▄[48;2;203;203;203m[38;2;202;201;202m▄[48;2;201;201;201m[38;2;201;201;202m▄[48;2;201;201;201m[38;2;201;202;201m▄[0m
[48;2;210;210;210m[38;2;210;210;210m▄[48;2;210;210;210m[38;2;211;211;211m▄[48;2;210;210;210m[38;2;211;211;211m▄[48;2;211;211;211m[38;2;211;211;211m▄[48;2;211;211;211m[38;2;210;210;210m▄[48;2;211;211;211m[38;2;210;210;210m▄[48;2;212;212;213m[38;2;212;212;212m▄[48;2;213;213;213m[38;2;212;212;212m▄[48;2;213;213;213m[38;2;212;212;212m▄[48;2;214;214;214m[38;2;213;213;213m▄[48;2;214;214;214m[38;2;214;214;214m▄[48;2;215;215;215m[38;2;214;214;214m▄[48;2;215;215;215m[38;2;214;214;214m▄[48;2;215;215;215m[38;2;215;215;215m▄[48;2;214;214;214m[38;2;214;214;214m▄[48;2;214;214;214m[38;2;214;215;215m▄[48;2;215;215;214m[38;2;215;214;214m▄[48;2;216;217;219m[38;2;216;217;218m▄[48;2;211;206;199m[38;2;212;207;203m▄[48;2;212;209;200m[38;2;208;200;185m▄[48;2;205;147;163m[38;2;213;203;204m▄[48;2;211;116;137m[38;2;202;158;165m▄[48;2;198;164;175m[38;2;198;185;177m▄[48;2;183;128;141m[38;2;202;191;181m▄[48;2;228;135;150m[38;2;171;84;102m▄[48;2;201;106;122m[38;2;219;115;133m▄[48;2;159;53;77m[38;2;212;121;137m▄[48;2;177;84;106m[38;2;171;88;106m▄[48;2;165;58;84m[38;2;166;70;93m▄[48;2;179;94;113m[38;2;186;122;137m▄[48;2;177;96;115m[38;2;185;135;147m▄[48;2;184;93;113m[38;2;179;99;118m▄[48;2;170;78;100m[38;2;186;109;126m▄[48;2;177;77;100m[38;2;176;88;107m▄[48;2;178;79;102m[38;2;177;89;110m▄[48;2;159;55;80m[38;2;185;102;121m▄[48;2;169;73;96m[38;2;181;97;118m▄[48;2;182;129;142m[38;2;195;189;191m▄[48;2;178;84;107m[38;2;198;186;181m▄[48;2;179;92;115m[38;2;193;182;171m▄[48;2;175;84;109m[38;2;195;184;177m▄[48;2;181;88;111m[38;2;193;184;182m▄[48;2;185;154;163m[38;2;194;195;187m▄[48;2;195;201;199m[38;2;202;201;201m▄[48;2;206;205;205m[38;2;208;208;208m▄[48;2;209;209;209m[38;2;208;208;208m▄[48;2;210;210;210m[38;2;209;209;209m▄[48;2;209;209;209m[38;2;208;208;208m▄[48;2;209;209;209m[38;2;208;208;208m▄[48;2;209;209;208m[38;2;208;208;208m▄[48;2;208;208;209m[38;2;208;208;208m▄[48;2;207;207;208m[38;2;207;208;207m▄[48;2;208;207;207m[38;2;207;207;208m▄[48;2;208;208;207m[38;2;207;207;207m▄[48;2;207;207;205m[38;2;207;207;204m▄[48;2;207;207;202m[38;2;207;206;201m▄[48;2;206;207;202m[38;2;206;206;201m▄[48;2;203;206;201m[38;2;203;205;204m▄[48;2;201;205;204m[38;2;202;203;203m▄[48;2;202;202;203m[38;2;202;202;203m▄[48;2;202;202;202m[38;2;202;202;202m▄[48;2;201;201;201m[38;2;201;201;201m▄[48;2;201;201;201m[38;2;201;201;202m▄[48;2;201;201;201m[38;2;201;201;201m▄[0m
[48;2;210;210;210m[38;2;209;209;209m▄[48;2;210;210;210m[38;2;209;209;209m▄[48;2;211;211;211m[38;2;210;210;210m▄[48;2;211;211;211m[38;2;211;211;211m▄[48;2;210;210;210m[38;2;210;210;210m▄[48;2;210;210;210m[38;2;211;211;211m▄[48;2;211;211;211m[38;2;211;211;211m▄[48;2;211;211;211m[38;2;212;211;212m▄[48;2;211;211;211m[38;2;212;212;212m▄[48;2;211;211;212m[38;2;212;212;212m▄[48;2;212;212;212m[38;2;212;212;212m▄[48;2;211;211;212m[38;2;213;213;213m▄[48;2;213;213;213m[38;2;213;213;213m▄[48;2;213;213;213m[38;2;213;213;213m▄[48;2;213;213;213m[38;2;213;213;213m▄[48;2;213;213;213m[38;2;213;213;213m▄[48;2;213;213;213m[38;2;214;214;213m▄[48;2;214;214;214m[38;2;214;214;214m▄[48;2;213;214;217m[38;2;213;213;214m▄[48;2;209;203;195m[38;2;213;214;217m▄[48;2;208;200;183m[38;2;211;211;214m▄[48;2;206;205;189m[38;2;210;210;211m▄[48;2;202;197;190m[38;2;211;212;214m▄[48;2;210;213;213m[38;2;212;210;211m▄[48;2;202;190;192m[38;2;213;217;216m▄[48;2;170;91;110m[38;2;207;205;206m▄[48;2;187;80;103m[38;2;185;147;158m▄[48;2;202;95;118m[38;2;175;111;128m▄[48;2;195;99;121m[38;2;175;104;123m▄[48;2;190;83;106m[38;2;178;120;135m▄[48;2;193;96;116m[38;2;173;100;119m▄[48;2;179;89;111m[38;2;175;79;102m▄[48;2;163;63;89m[38;2;183;81;106m▄[48;2;178;111;128m[38;2;186;88;110m▄[48;2;178;122;136m[38;2;190;88;111m▄[48;2;181;94;112m[38;2;190;91;112m▄[48;2;191;92;115m[38;2;165;75;98m▄[48;2;181;150;157m[38;2;194;187;189m▄[48;2;206;208;199m[38;2;209;211;212m▄[48;2;201;194;187m[38;2;210;210;213m▄[48;2;200;192;180m[38;2;209;210;213m▄[48;2;201;192;178m[38;2;208;208;212m▄[48;2;205;200;195m[38;2;208;208;210m▄[48;2;207;207;208m[38;2;208;208;208m▄[48;2;208;208;208m[38;2;208;208;208m▄[48;2;208;208;209m[38;2;208;207;208m▄[48;2;208;208;208m[38;2;208;208;208m▄[48;2;207;207;207m[38;2;207;207;207m▄[48;2;207;207;207m[38;2;207;207;207m▄[48;2;207;207;207m[38;2;207;207;207m▄[48;2;207;206;207m[38;2;206;206;206m▄[48;2;206;206;206m[38;2;205;205;205m▄[48;2;205;205;206m[38;2;205;205;205m▄[48;2;205;205;205m[38;2;205;205;205m▄[48;2;204;204;203m[38;2;204;204;204m▄[48;2;204;204;202m[38;2;204;204;204m▄[48;2;203;203;202m[38;2;203;203;203m▄[48;2;203;203;203m[38;2;203;203;203m▄[48;2;203;203;203m[38;2;203;203;203m▄[48;2;203;202;203m[38;2;202;202;202m▄[48;2;201;201;202m[38;2;201;201;202m▄[48;2;200;199;202m[38;2;201;201;202m▄[48;2;200;200;201m[38;2;201;200;201m▄[48;2;201;201;201m[38;2;201;201;201m▄[0m
[48;2;212;212;212m[38;2;216;216;216m▄[48;2;213;213;213m[38;2;216;216;216m▄[48;2;213;213;213m[38;2;216;216;216m▄[48;2;214;214;214m[38;2;216;216;216m▄[48;2;214;214;214m[38;2;216;216;216m▄[48;2;215;214;215m[38;2;216;216;216m▄[48;2;215;215;215m[38;2;217;217;217m▄[48;2;215;215;215m[38;2;216;216;216m▄[48;2;215;215;215m[38;2;217;216;216m▄[48;2;215;215;215m[38;2;216;216;216m▄[48;2;216;216;216m[38;2;217;217;217m▄[48;2;216;216;216m[38;2;217;217;217m▄[48;2;215;215;215m[38;2;217;217;217m▄[48;2;215;215;215m[38;2;217;217;217m▄[48;2;215;215;215m[38;2;217;217;217m▄[48;2;216;216;216m[38;2;217;217;217m▄[48;2;216;216;216m[38;2;217;217;217m▄[48;2;216;216;216m[38;2;217;217;217m▄[48;2;216;216;216m[38;2;216;216;216m▄[48;2;217;217;216m[38;2;215;215;216m▄[48;2;217;217;216m[38;2;214;213;214m▄[48;2;216;216;216m[38;2;214;214;214m▄[48;2;217;217;216m[38;2;209;207;209m▄[48;2;218;219;219m[38;2;153;123;129m▄[48;2;217;217;217m[38;2;171;152;155m▄[48;2;217;219;218m[38;2;158;131;138m▄[48;2;212;219;217m[38;2;165;141;147m▄[48;2;207;213;211m[38;2;159;133;139m▄[48;2;200;205;203m[38;2;165;140;145m▄[48;2;197;203;202m[38;2;153;125;132m▄[48;2;196;196;195m[38;2;137;106;112m▄[48;2;179;152;158m[38;2;194;199;198m▄[48;2;172;115;129m[38;2;195;200;199m▄[48;2;173;103;120m[38;2;154;132;137m▄[48;2;172;99;116m[38;2;150;123;128m▄[48;2;171;115;127m[38;2;161;142;144m▄[48;2;188;176;178m[38;2;151;129;134m▄[48;2;196;200;200m[38;2;171;152;156m▄[48;2;211;212;212m[38;2;155;127;132m▄[48;2;211;212;211m[38;2;202;199;200m▄[48;2;210;210;209m[38;2;213;213;214m▄[48;2;211;211;210m[38;2;211;210;211m▄[48;2;211;211;211m[38;2;211;211;211m▄[48;2;210;210;211m[38;2;211;211;211m▄[48;2;210;210;210m[38;2;210;210;210m▄[48;2;209;209;209m[38;2;210;210;210m▄[48;2;209;210;210m[38;2;210;210;210m▄[48;2;210;210;210m[38;2;211;210;211m▄[48;2;209;209;209m[38;2;210;209;210m▄[48;2;208;208;208m[38;2;210;210;210m▄[48;2;208;208;207m[38;2;209;209;210m▄[48;2;207;207;207m[38;2;209;209;209m▄[48;2;207;207;207m[38;2;210;210;210m▄[48;2;207;207;207m[38;2;209;209;209m▄[48;2;207;207;207m[38;2;209;208;209m▄[48;2;206;206;206m[38;2;208;208;208m▄[48;2;206;206;206m[38;2;208;208;208m▄[48;2;205;205;205m[38;2;208;208;208m▄[48;2;204;204;204m[38;2;207;206;207m▄[48;2;204;204;204m[38;2;206;206;206m▄[48;2;204;204;204m[38;2;207;207;207m▄[48;2;203;203;203m[38;2;207;207;207m▄[48;2;202;202;202m[38;2;206;206;206m▄[48;2;202;202;202m[38;2;205;205;205m▄[0m
[48;2;218;218;218m[38;2;223;223;223m▄[48;2;219;219;219m[38;2;224;224;224m▄[48;2;219;219;219m[38;2;224;224;224m▄[48;2;219;219;219m[38;2;224;224;224m▄[48;2;220;220;220m[38;2;224;224;224m▄[48;2;220;220;220m[38;2;223;223;223m▄[48;2;220;220;220m[38;2;224;224;224m▄[48;2;220;220;220m[38;2;224;224;224m▄[48;2;220;220;220m[38;2;224;224;224m▄[48;2;220;220;220m[38;2;224;224;224m▄[48;2;221;221;221m[38;2;224;224;224m▄[48;2;222;222;222m[38;2;224;224;224m▄[48;2;222;222;222m[38;2;224;224;224m▄[48;2;222;222;222m[38;2;224;224;224m▄[48;2;222;222;222m[38;2;224;224;224m▄[48;2;222;222;222m[38;2;224;224;224m▄[48;2;221;220;221m[38;2;224;224;224m▄[48;2;218;217;218m[38;2;224;224;224m▄[48;2;212;212;212m[38;2;222;222;222m▄[48;2;205;205;206m[38;2;224;225;225m▄[48;2;200;200;200m[38;2;210;207;207m▄[48;2;201;204;203m[38;2;180;164;167m▄[48;2;198;198;199m[38;2;175;157;160m▄[48;2;146;118;121m[38;2;178;162;164m▄[48;2;161;143;144m[38;2;180;165;168m▄[48;2;146;121;126m[38;2;180;167;170m▄[48;2;158;136;141m[38;2;168;151;154m▄[48;2;156;132;137m[38;2;170;155;158m▄[48;2;162;140;144m[38;2;170;155;157m▄[48;2;158;138;141m[38;2;181;167;171m▄[48;2;146;121;126m[38;2;186;176;178m▄[48;2;188;180;181m[38;2;161;143;145m▄[48;2;195;194;195m[38;2;176;167;170m▄[48;2;153;130;134m[38;2;172;156;158m▄[48;2;149;120;125m[38;2;171;153;157m▄[48;2;165;144;149m[38;2;164;146;150m▄[48;2;154;128;133m[38;2;166;149;151m▄[48;2;168;152;152m[38;2;195;187;188m▄[48;2;156;131;134m[38;2;180;167;171m▄[48;2;173;161;162m[38;2;176;160;163m▄[48;2;193;191;193m[38;2;176;158;161m▄[48;2;201;204;204m[38;2;166;146;151m▄[48;2;200;201;201m[38;2;186;175;178m▄[48;2;203;202;203m[38;2;215;216;216m▄[48;2;209;209;209m[38;2;214;214;214m▄[48;2;211;211;212m[38;2;216;216;216m▄[48;2;213;213;213m[38;2;216;216;216m▄[48;2;214;213;214m[38;2;215;215;216m▄[48;2;213;213;213m[38;2;215;215;215m▄[48;2;213;213;213m[38;2;215;215;215m▄[48;2;212;212;213m[38;2;215;215;215m▄[48;2;211;211;211m[38;2;214;214;214m▄[48;2;211;211;212m[38;2;214;214;214m▄[48;2;211;211;211m[38;2;214;214;214m▄[48;2;210;210;210m[38;2;213;213;213m▄[48;2;210;210;210m[38;2;212;212;212m▄[48;2;210;210;210m[38;2;211;211;211m▄[48;2;209;209;210m[38;2;210;210;210m▄[48;2;213;213;214m[38;2;217;217;217m▄[48;2;216;216;216m[38;2;222;222;222m▄[48;2;209;209;209m[38;2;210;210;210m▄[48;2;208;208;208m[38;2;209;209;209m▄[48;2;208;208;208m[38;2;209;209;209m▄[48;2;207;207;207m[38;2;209;209;209m▄[0m
[48;2;224;224;224m[38;2;227;227;227m▄[48;2;224;224;224m[38;2;227;227;227m▄[48;2;225;225;225m[38;2;227;227;227m▄[48;2;226;226;226m[38;2;228;228;228m▄[48;2;226;226;226m[38;2;228;228;228m▄[48;2;225;225;225m[38;2;228;228;228m▄[48;2;227;227;227m[38;2;229;229;229m▄[48;2;227;227;227m[38;2;229;229;229m▄[48;2;227;227;227m[38;2;229;229;229m▄[48;2;226;226;226m[38;2;229;229;229m▄[48;2;227;227;227m[38;2;229;229;229m▄[48;2;227;227;227m[38;2;228;229;229m▄[48;2;226;227;227m[38;2;228;228;228m▄[48;2;227;227;227m[38;2;228;228;228m▄[48;2;226;226;226m[38;2;228;228;228m▄[48;2;226;226;226m[38;2;228;228;228m▄[48;2;226;226;226m[38;2;228;228;228m▄[48;2;226;226;226m[38;2;227;227;227m▄[48;2;227;227;227m[38;2;228;228;228m▄[48;2;229;230;230m[38;2;228;228;228m▄[48;2;221;218;219m[38;2;229;229;229m▄[48;2;192;177;181m[38;2;234;236;235m▄[48;2;189;173;176m[38;2;234;237;236m▄[48;2;197;182;186m[38;2;232;234;233m▄[48;2;205;192;196m[38;2;230;231;231m▄[48;2;211;203;206m[38;2;230;230;231m▄[48;2;191;175;178m[38;2;233;236;235m▄[48;2;196;180;184m[38;2;231;232;232m▄[48;2;199;184;188m[38;2;229;231;230m▄[48;2;196;183;186m[38;2;229;231;231m▄[48;2;207;198;200m[38;2;228;229;229m▄[48;2;196;181;184m[38;2;230;232;232m▄[48;2;208;199;202m[38;2;228;229;229m▄[48;2;198;185;188m[38;2;228;230;229m▄[48;2;194;180;183m[38;2;228;230;230m▄[48;2;195;181;184m[38;2;228;229;229m▄[48;2;199;188;190m[38;2;227;229;229m▄[48;2;212;206;207m[38;2;224;225;225m▄[48;2;196;182;186m[38;2;226;228;227m▄[48;2;207;198;199m[38;2;225;226;226m▄[48;2;194;179;183m[38;2;226;228;228m▄[48;2;189;173;176m[38;2;227;229;229m▄[48;2;205;198;199m[38;2;223;224;224m▄[48;2;220;221;221m[38;2;218;218;218m▄[48;2;217;217;217m[38;2;218;218;218m▄[48;2;217;217;217m[38;2;217;217;217m▄[48;2;216;216;216m[38;2;217;217;217m▄[48;2;216;216;216m[38;2;217;217;217m▄[48;2;216;216;216m[38;2;216;217;216m▄[48;2;215;215;215m[38;2;216;216;216m▄[48;2;214;214;214m[38;2;216;215;216m▄[48;2;214;214;214m[38;2;216;216;216m▄[48;2;215;215;215m[38;2;215;215;215m▄[48;2;215;215;215m[38;2;215;215;215m▄[48;2;215;215;215m[38;2;215;215;215m▄[48;2;214;214;214m[38;2;215;215;215m▄[48;2;214;214;214m[38;2;214;214;214m▄[48;2;214;214;214m[38;2;215;215;215m▄[48;2;213;213;213m[38;2;215;215;215m▄[48;2;212;212;212m[38;2;214;214;214m▄[48;2;211;211;211m[38;2;214;214;214m▄[48;2;210;210;210m[38;2;213;213;213m▄[48;2;210;210;210m[38;2;213;213;213m▄[48;2;210;210;210m[38;2;212;212;212m▄[0m
[48;2;230;230;230m[38;2;231;231;231m▄[48;2;230;230;230m[38;2;231;231;231m▄[48;2;230;230;230m[38;2;231;231;231m▄[48;2;230;230;230m[38;2;231;231;231m▄[48;2;230;230;230m[38;2;231;231;231m▄[48;2;230;230;230m[38;2;230;230;230m▄[48;2;230;230;230m[38;2;231;231;231m▄[48;2;231;231;231m[38;2;231;231;231m▄[48;2;230;230;230m[38;2;231;231;231m▄[48;2;230;230;230m[38;2;230;230;230m▄[48;2;230;230;230m[38;2;231;231;231m▄[48;2;230;230;230m[38;2;231;231;231m▄[48;2;230;230;230m[38;2;231;231;231m▄[48;2;230;230;230m[38;2;230;230;230m▄[48;2;230;230;230m[38;2;231;231;231m▄[48;2;230;230;230m[38;2;231;231;231m▄[48;2;229;229;229m[38;2;230;230;230m▄[48;2;229;229;229m[38;2;230;230;230m▄[48;2;230;230;230m[38;2;230;230;230m▄[48;2;230;230;230m[38;2;230;230;230m▄[48;2;229;229;229m[38;2;229;229;229m▄[48;2;228;228;228m[38;2;229;229;229m▄[48;2;228;227;227m[38;2;229;229;229m▄[48;2;228;227;227m[38;2;229;229;229m▄[48;2;227;226;227m[38;2;228;228;228m▄[48;2;227;227;227m[38;2;227;227;227m▄[48;2;226;225;226m[38;2;227;227;227m▄[48;2;227;226;226m[38;2;227;227;227m▄[48;2;227;226;226m[38;2;227;227;227m▄[48;2;227;227;227m[38;2;227;227;227m▄[48;2;226;226;226m[38;2;227;227;227m▄[48;2;226;225;225m[38;2;227;227;227m▄[48;2;224;224;224m[38;2;224;224;224m▄[48;2;223;223;223m[38;2;225;225;225m▄[48;2;223;223;223m[38;2;224;224;224m▄[48;2;223;222;222m[38;2;224;224;224m▄[48;2;223;222;222m[38;2;224;224;224m▄[48;2;223;223;223m[38;2;224;224;224m▄[48;2;222;222;222m[38;2;224;224;224m▄[48;2;222;222;222m[38;2;223;223;223m▄[48;2;222;221;221m[38;2;223;223;223m▄[48;2;221;221;221m[38;2;222;222;222m▄[48;2;222;221;221m[38;2;221;221;221m▄[48;2;220;220;220m[38;2;221;221;221m▄[48;2;220;220;220m[38;2;220;220;220m▄[48;2;219;219;219m[38;2;220;220;220m▄[48;2;218;218;218m[38;2;218;218;218m▄[48;2;217;217;217m[38;2;217;217;217m▄[48;2;216;216;216m[38;2;217;217;217m▄[48;2;217;217;217m[38;2;217;217;217m▄[48;2;216;216;216m[38;2;216;216;216m▄[48;2;216;216;216m[38;2;216;216;216m▄[48;2;216;216;216m[38;2;216;216;216m▄[48;2;216;216;216m[38;2;216;216;216m▄[48;2;216;216;216m[38;2;216;216;216m▄[48;2;215;215;215m[38;2;216;216;216m▄[48;2;215;215;215m[38;2;217;217;217m▄[48;2;216;216;215m[38;2;216;216;216m▄[48;2;216;216;216m[38;2;216;216;216m▄[48;2;215;215;215m[38;2;216;216;216m▄[48;2;215;215;215m[38;2;215;215;215m▄[48;2;215;215;215m[38;2;216;216;216m▄[48;2;215;215;215m[38;2;216;216;216m▄[48;2;215;215;215m[38;2;215;215;215m▄[0m
