[48;2;219;219;219m[38;2;218;218;218m▄[48;2;221;221;221m[38;2;219;219;219m▄[48;2;222;222;222m[38;2;222;222;222m▄[48;2;222;222;222m[38;2;223;223;223m▄[48;2;223;223;223m[38;2;223;223;223m▄[48;2;223;223;223m[38;2;223;223;223m▄[48;2;224;224;224m[38;2;223;223;223m▄[48;2;225;225;225m[38;2;224;224;224m▄[48;2;225;225;225m[38;2;225;225;225m▄[48;2;225;225;225m[38;2;224;224;224m▄[48;2;225;225;225m[38;2;224;224;224m▄[48;2;225;225;225m[38;2;224;224;224m▄[48;2;227;227;227m[38;2;225;225;225m▄[48;2;228;228;228m[38;2;225;225;225m▄[48;2;227;227;227m[38;2;227;227;227m▄[48;2;227;227;227m[38;2;227;227;227m▄[48;2;227;227;227m[38;2;227;227;227m▄[48;2;227;227;227m[38;2;227;227;227m▄[48;2;227;227;227m[38;2;227;227;227m▄[48;2;228;228;228m[38;2;227;227;227m▄[48;2;227;227;227m[38;2;227;227;227m▄[48;2;227;227;227m[38;2;227;227;227m▄[48;2;227;227;227m[38;2;227;227;227m▄[48;2;227;227;227m[38;2;227;227;227m▄[48;2;227;227;227m[38;2;228;228;228m▄[48;2;227;227;227m[38;2;227;227;227m▄[48;2;228;228;228m[38;2;227;227;227m▄[48;2;227;227;227m[38;2;225;225;225m▄[48;2;225;225;225m[38;2;224;224;224m▄[48;2;224;224;224m[38;2;224;224;224m▄[48;2;224;224;224m[38;2;224;224;224m▄[48;2;225;225;225m[38;2;224;224;224m▄[48;2;225;225;225m[38;2;224;224;224m▄[48;2;225;225;225m[38;2;224;224;224m▄[48;2;224;224;224m[38;2;223;223;223m▄[48;2;223;223;223m[38;2;223;223;223m▄[48;2;223;223;223m[38;2;223;222;223m▄[48;2;222;222;222m[38;2;222;222;222m▄[48;2;221;221;221m[38;2;221;221;221m▄[48;2;221;221;221m[38;2;220;220;220m▄[48;2;220;220;220m[38;2;220;220;220m▄[48;2;219;219;219m[38;2;218;218;218m▄[48;2;217;217;217m[38;2;217;217;217m▄[48;2;216;216;216m[38;2;216;216;216m▄[48;2;216;216;216m[38;2;216;216;216m▄[48;2;216;216;216m[38;2;216;216;216m▄[48;2;216;216;216m[38;2;216;216;216m▄[48;2;215;215;215m[38;2;215;215;215m▄[48;2;216;216;216m[38;2;215;215;215m▄[48;2;215;215;215m[38;2;215;215;215m▄[48;2;215;215;215m[38;2;214;214;214m▄[48;2;214;214;214m[38;2;214;214;214m▄[48;2;213;213;213m[38;2;213;213;213m▄[48;2;212;212;212m[38;2;211;211;211m▄[48;2;211;211;211m[38;2;210;210;210m▄[48;2;211;211;211m[38;2;210;210;210m▄[48;2;210;210;210m[38;2;210;210;210m▄[48;2;210;210;210m[38;2;210;210;210m▄[48;2;209;209;209m[38;2;209;209;210m▄[48;2;209;209;209m[38;2;209;209;209m▄[48;2;208;208;208m[38;2;208;208;208m▄[48;2;208;208;208m[38;2;208;208;208m▄[48;2;208;208;208m[38;2;208;208;208m▄[48;2;206;206;206m[38;2;206;206;206m▄[0m
[48;2;217;217;217m[38;2;218;218;218m▄[48;2;218;218;219m[38;2;218;218;218m▄[48;2;221;221;221m[38;2;220;220;220m▄[48;2;222;222;222m[38;2;222;222;222m▄[48;2;223;223;223m[38;2;223;223;223m▄[48;2;223;223;223m[38;2;223;223;223m▄[48;2;223;223;223m[38;2;223;223;223m▄[48;2;223;223;223m[38;2;223;223;223m▄[48;2;224;224;224m[38;2;224;224;224m▄[48;2;225;225;225m[38;2;225;225;225m▄[48;2;225;225;225m[38;2;225;225;225m▄[48;2;225;225;225m[38;2;224;224;224m▄[48;2;224;224;224m[38;2;224;224;224m▄[48;2;224;224;224m[38;2;224;224;224m▄[48;2;226;226;226m[38;2;224;224;224m▄[48;2;227;227;227m[38;2;224;224;224m▄[48;2;227;227;227m[38;2;225;225;225m▄[48;2;227;227;227m[38;2;226;226;226m▄[48;2;227;227;227m[38;2;227;227;227m▄[48;2;227;227;227m[38;2;227;227;227m▄[48;2;227;227;227m[38;2;226;226;226m▄[48;2;227;227;227m[38;2;225;225;225m▄[48;2;227;227;227m[38;2;227;227;227m▄[48;2;227;226;227m[38;2;225;225;225m▄[48;2;227;227;227m[38;2;224;224;224m▄[48;2;226;226;226m[38;2;225;225;225m▄[48;2;225;225;225m[38;2;224;224;224m▄[48;2;225;225;225m[38;2;226;226;226m▄[48;2;223;223;222m[38;2;231;228;233m▄[48;2;222;223;222m[38;2;231;228;233m▄[48;2;223;224;223m[38;2;233;229;233m▄[48;2;224;224;224m[38;2;224;224;224m▄[48;2;224;224;224m[38;2;223;223;223m▄[48;2;224;224;224m[38;2;222;223;222m▄[48;2;223;223;223m[38;2;228;226;229m▄[48;2;221;222;221m[38;2;231;226;233m▄[48;2;222;223;222m[38;2;225;224;225m▄[48;2;222;222;222m[38;2;221;222;221m▄[48;2;221;221;221m[38;2;221;221;221m▄[48;2;221;221;221m[38;2;221;221;221m▄[48;2;219;219;219m[38;2;219;219;219m▄[48;2;217;217;217m[38;2;218;218;218m▄[48;2;216;216;216m[38;2;216;216;216m▄[48;2;216;216;216m[38;2;216;216;216m▄[48;2;216;216;216m[38;2;216;216;216m▄[48;2;216;216;216m[38;2;216;216;216m▄[48;2;216;216;216m[38;2;215;215;215m▄[48;2;215;215;215m[38;2;215;215;215m▄[48;2;215;215;215m[38;2;215;215;215m▄[48;2;215;215;215m[38;2;214;214;214m▄[48;2;214;214;214m[38;2;213;213;213m▄[48;2;213;213;213m[38;2;212;212;213m▄[48;2;213;213;213m[38;2;212;212;213m▄[48;2;211;211;211m[38;2;211;211;211m▄[48;2;210;210;210m[38;2;210;210;210m▄[48;2;210;210;210m[38;2;210;210;210m▄[48;2;210;210;210m[38;2;210;210;211m▄[48;2;210;210;210m[38;2;209;209;210m▄[48;2;209;209;209m[38;2;209;209;209m▄[48;2;209;209;209m[38;2;208;208;208m▄[48;2;209;209;209m[38;2;208;208;208m▄[48;2;208;208;208m[38;2;208;208;208m▄[48;2;207;207;207m[38;2;207;207;207m▄[48;2;207;207;207m[38;2;207;207;207m▄[0m
[48;2;218;218;218m[38;2;217;217;217m▄[48;2;218;218;218m[38;2;218;218;218m▄[48;2;220;220;220m[38;2;220;220;220m▄[48;2;222;222;222m[38;2;222;222;222m▄[48;2;222;222;222m[38;2;222;222;222m▄[48;2;223;223;223m[38;2;223;223;223m▄[48;2;222;222;222m[38;2;223;223;223m▄[48;2;223;223;223m[38;2;223;223;223m▄[48;2;224;224;224m[38;2;224;224;224m▄[48;2;224;224;224m[38;2;224;224;224m▄[48;2;225;225;225m[38;2;224;224;224m▄[48;2;224;224;224m[38;2;225;225;225m▄[48;2;225;225;225m[38;2;225;225;225m▄[48;2;225;225;225m[38;2;225;225;225m▄[48;2;224;224;224m[38;2;225;225;225m▄[48;2;225;225;225m[38;2;224;224;224m▄[48;2;225;225;225m[38;2;224;224;224m▄[48;2;225;225;225m[38;2;224;224;224m▄[48;2;225;225;225m[38;2;225;225;225m▄[48;2;225;225;225m[38;2;224;224;224m▄[48;2;225;225;225m[38;2;224;224;224m▄[48;2;224;224;224m[38;2;225;225;225m▄[48;2;225;225;225m[38;2;225;225;225m▄[48;2;225;225;225m[38;2;225;225;225m▄[48;2;225;225;225m[38;2;225;225;225m▄[48;2;224;224;224m[38;2;224;224;224m▄[48;2;225;225;225m[38;2;226;225;225m▄[48;2;224;224;224m[38;2;219;221;221m▄[48;2;158;188;150m[38;2;138;182;118m▄[48;2;159;190;152m[38;2;153;195;99m▄[48;2;187;203;187m[38;2;132;178;89m▄[48;2;227;226;228m[38;2;147;180;135m▄[48;2;224;224;223m[38;2;230;227;232m▄[48;2;231;227;231m[38;2;197;207;198m▄[48;2;188;203;185m[38;2;117;170;84m▄[48;2;145;181;133m[38;2;107;164;80m▄[48;2;214;218;214m[38;2;199;207;200m▄[48;2;224;223;224m[38;2;222;222;222m▄[48;2;221;221;221m[38;2;220;221;220m▄[48;2;220;220;220m[38;2;220;220;220m▄[48;2;219;219;219m[38;2;218;218;218m▄[48;2;217;217;217m[38;2;218;218;218m▄[48;2;217;217;217m[38;2;217;217;217m▄[48;2;216;216;216m[38;2;216;216;216m▄[48;2;216;216;216m[38;2;216;216;216m▄[48;2;216;216;216m[38;2;216;216;216m▄[48;2;215;215;215m[38;2;215;215;215m▄[48;2;215;215;215m[38;2;215;215;215m▄[48;2;215;215;215m[38;2;215;215;215m▄[48;2;215;215;215m[38;2;214;214;214m▄[48;2;214;213;214m[38;2;214;214;214m▄[48;2;213;213;213m[38;2;213;213;213m▄[48;2;213;213;213m[38;2;212;212;212m▄[48;2;211;211;211m[38;2;210;210;210m▄[48;2;211;211;211m[38;2;210;210;210m▄[48;2;210;210;210m[38;2;210;211;211m▄[48;2;210;210;211m[38;2;211;211;211m▄[48;2;210;210;210m[38;2;210;210;210m▄[48;2;208;208;208m[38;2;208;208;208m▄[48;2;208;208;208m[38;2;208;208;208m▄[48;2;208;208;208m[38;2;208;208;208m▄[48;2;208;208;208m[38;2;208;208;208m▄[48;2;207;207;207m[38;2;207;207;207m▄[48;2;207;207;207m[38;2;207;207;207m▄[0m
[48;2;217;217;217m[38;2;217;217;217m▄[48;2;218;218;218m[38;2;217;217;217m▄[48;2;218;218;218m[38;2;217;217;217m▄[48;2;221;220;221m[38;2;219;219;220m▄[48;2;221;221;221m[38;2;220;220;220m▄[48;2;222;222;222m[38;2;221;221;221m▄[48;2;222;222;222m[38;2;222;222;222m▄[48;2;223;223;223m[38;2;223;223;223m▄[48;2;223;223;223m[38;2;223;223;223m▄[48;2;224;224;224m[38;2;223;223;223m▄[48;2;224;224;224m[38;2;224;224;224m▄[48;2;224;224;224m[38;2;224;224;224m▄[48;2;224;224;224m[38;2;224;224;224m▄[48;2;224;224;224m[38;2;224;224;224m▄[48;2;224;224;224m[38;2;224;224;224m▄[48;2;224;224;224m[38;2;224;224;224m▄[48;2;224;224;224m[38;2;224;224;224m▄[48;2;224;224;224m[38;2;224;224;224m▄[48;2;224;224;224m[38;2;224;224;224m▄[48;2;224;224;224m[38;2;224;224;224m▄[48;2;224;224;224m[38;2;224;224;224m▄[48;2;225;225;224m[38;2;224;224;224m▄[48;2;224;224;224m[38;2;224;224;224m▄[48;2;224;224;224m[38;2;224;224;224m▄[48;2;224;224;224m[38;2;224;224;224m▄[48;2;224;224;224m[38;2;224;224;224m▄[48;2;223;224;223m[38;2;223;223;222m▄[48;2;230;227;231m[38;2;229;226;228m▄[48;2;151;183;141m[38;2;202;213;206m▄[48;2;142;186;82m[38;2;123;177;97m▄[48;2;141;186;83m[38;2;125;180;72m▄[48;2;123;175;69m[38;2;112;166;70m▄[48;2;165;188;161m[38;2;105;160;77m▄[48;2;134;174;118m[38;2;100;153;88m▄[48;2;125;169;106m[38;2;160;183;156m▄[48;2;202;204;208m[38;2;157;184;145m▄[48;2;217;213;219m[38;2;152;181;143m▄[48;2;224;221;224m[38;2;176;195;176m▄[48;2;221;221;220m[38;2;221;220;224m▄[48;2;219;219;219m[38;2;222;220;222m▄[48;2;218;218;218m[38;2;216;217;216m▄[48;2;217;217;217m[38;2;217;217;217m▄[48;2;216;216;216m[38;2;216;216;216m▄[48;2;216;216;216m[38;2;216;216;216m▄[48;2;216;216;216m[38;2;216;216;216m▄[48;2;216;216;216m[38;2;216;216;216m▄[48;2;215;215;215m[38;2;215;215;215m▄[48;2;215;215;215m[38;2;215;215;215m▄[48;2;215;215;215m[38;2;214;214;214m▄[48;2;214;214;214m[38;2;214;214;214m▄[48;2;214;214;214m[38;2;213;213;213m▄[48;2;212;212;212m[38;2;213;213;213m▄[48;2;212;212;212m[38;2;212;212;212m▄[48;2;211;211;211m[38;2;211;211;211m▄[48;2;210;210;210m[38;2;211;211;211m▄[48;2;211;211;211m[38;2;211;211;211m▄[48;2;210;210;210m[38;2;211;211;211m▄[48;2;210;210;210m[38;2;209;209;209m▄[48;2;208;208;209m[38;2;208;208;208m▄[48;2;208;208;208m[38;2;209;209;209m▄[48;2;208;208;208m[38;2;208;208;208m▄[48;2;208;208;208m[38;2;207;207;207m▄[48;2;207;207;207m[38;2;207;207;207m▄[48;2;206;206;206m[38;2;206;206;206m▄[0m
[48;2;216;216;216m[38;2;216;216;216m▄[48;2;216;216;216m[38;2;216;216;216m▄[48;2;217;217;217m[38;2;217;217;217m▄[48;2;218;218;218m[38;2;218;218;218m▄[48;2;220;220;220m[38;2;218;218;218m▄[48;2;221;221;221m[38;2;220;220;220m▄[48;2;221;221;221m[38;2;221;221;220m▄[48;2;222;222;222m[38;2;221;221;221m▄[48;2;223;223;223m[38;2;222;222;222m▄[48;2;223;223;223m[38;2;222;222;222m▄[48;2;223;223;223m[38;2;223;223;223m▄[48;2;223;223;223m[38;2;223;223;223m▄[48;2;223;223;223m[38;2;224;224;224m▄[48;2;224;224;224m[38;2;223;223;223m▄[48;2;224;224;224m[38;2;223;223;223m▄[48;2;223;223;223m[38;2;224;224;224m▄[48;2;224;224;224m[38;2;224;224;224m▄[48;2;225;225;224m[38;2;224;224;224m▄[48;2;224;224;225m[38;2;224;223;224m▄[48;2;224;224;225m[38;2;224;224;224m▄[48;2;224;224;224m[38;2;224;224;224m▄[48;2;224;224;224m[38;2;224;224;224m▄[48;2;224;224;224m[38;2;223;223;223m▄[48;2;224;224;224m[38;2;223;223;223m▄[48;2;223;223;223m[38;2;223;223;223m▄[48;2;223;223;223m[38;2;223;223;223m▄[48;2;224;224;224m[38;2;223;225;225m▄[48;2;222;228;226m[38;2;218;165;173m▄[48;2;226;209;215m[38;2;227;140;149m▄[48;2;188;171;166m[38;2;237;143;155m▄[48;2;122;156;96m[38;2;228;135;151m▄[48;2;96;165;82m[38;2;191;125;131m▄[48;2;66;139;54m[38;2;175;134;122m▄[48;2;80;147;71m[38;2;103;143;76m▄[48;2;114;169;84m[38;2;88;161;63m▄[48;2;125;178;79m[38;2;113;176;69m▄[48;2;141;186;91m[38;2;128;184;72m▄[48;2;142;186;100m[38;2;127;178;69m▄[48;2;135;174;120m[38;2;119;163;98m▄[48;2;207;212;208m[38;2;199;204;200m▄[48;2;220;219;220m[38;2;219;217;219m▄[48;2;216;216;216m[38;2;216;216;215m▄[48;2;216;216;216m[38;2;216;216;216m▄[48;2;216;216;216m[38;2;216;216;216m▄[48;2;216;216;216m[38;2;216;216;216m▄[48;2;215;215;215m[38;2;215;215;215m▄[48;2;215;215;215m[38;2;215;215;215m▄[48;2;215;215;215m[38;2;215;215;215m▄[48;2;214;214;214m[38;2;214;214;214m▄[48;2;213;213;213m[38;2;213;213;213m▄[48;2;213;213;213m[38;2;213;213;213m▄[48;2;212;212;212m[38;2;211;211;211m▄[48;2;211;211;211m[38;2;211;211;211m▄[48;2;210;210;210m[38;2;210;210;210m▄[48;2;211;211;211m[38;2;210;210;210m▄[48;2;211;211;211m[38;2;210;210;210m▄[48;2;210;210;210m[38;2;209;209;209m▄[48;2;209;209;209m[38;2;209;209;209m▄[48;2;208;208;208m[38;2;209;209;209m▄[48;2;208;208;208m[38;2;208;208;208m▄[48;2;207;207;207m[38;2;207;207;207m▄[48;2;207;207;207m[38;2;207;207;207m▄[48;2;207;207;207m[38;2;207;207;207m▄[48;2;206;206;206m[38;2;206;206;206m▄[0m
[48;2;216;216;216m[38;2;216;216;216m▄[48;2;216;216;216m[38;2;216;216;216m▄[48;2;216;216;216m[38;2;216;216;216m▄[48;2;217;217;217m[38;2;216;216;216m▄[48;2;217;217;217m[38;2;217;217;217m▄[48;2;219;219;219m[38;2;217;217;217m▄[48;2;220;220;220m[38;2;218;218;218m▄[48;2;221;221;221m[38;2;220;219;220m▄[48;2;221;221;221m[38;2;221;220;221m▄[48;2;221;221;221m[38;2;221;221;221m▄[48;2;222;222;222m[38;2;221;221;221m▄[48;2;222;222;222m[38;2;222;222;222m▄[48;2;222;222;222m[38;2;221;221;221m▄[48;2;223;223;223m[38;2;222;222;222m▄[48;2;223;223;223m[38;2;223;223;223m▄[48;2;223;223;223m[38;2;223;223;223m▄[48;2;223;223;223m[38;2;223;223;223m▄[48;2;223;223;223m[38;2;223;223;223m▄[48;2;224;224;224m[38;2;223;223;223m▄[48;2;223;223;223m[38;2;223;223;223m▄[48;2;223;223;223m[38;2;223;223;223m▄[48;2;223;223;224m[38;2;223;223;223m▄[48;2;223;223;224m[38;2;223;223;223m▄[48;2;224;223;223m[38;2;223;223;223m▄[48;2;223;222;222m[38;2;223;221;221m▄[48;2;224;230;229m[38;2;225;234;232m▄[48;2;217;187;192m[38;2;210;143;156m▄[48;2;227;130;142m[38;2;221;120;132m▄[48;2;235;143;153m[38;2;237;160;165m▄[48;2;235;141;150m[38;2;224;135;145m▄[48;2;223;125;135m[38;2;219;142;152m▄[48;2;231;150;158m[38;2;238;169;174m▄[48;2;250;170;180m[38;2;235;154;161m▄[48;2;218;127;137m[38;2;228;138;148m▄[48;2;170;146;119m[38;2;239;135;151m▄[48;2;148;156;103m[38;2;249;153;169m▄[48;2;136;154;104m[38;2;217;138;157m▄[48;2;149;175;147m[38;2;205;204;210m▄[48;2;196;196;198m[38;2;207;206;206m▄[48;2;209;207;209m[38;2;212;212;212m▄[48;2;214;214;214m[38;2;216;216;216m▄[48;2;217;217;217m[38;2;216;216;215m▄[48;2;216;216;216m[38;2;216;216;217m▄[48;2;216;216;216m[38;2;215;215;215m▄[48;2;216;216;216m[38;2;215;215;214m▄[48;2;216;216;216m[38;2;215;215;215m▄[48;2;215;215;215m[38;2;215;215;215m▄[48;2;214;214;214m[38;2;214;214;214m▄[48;2;214;214;215m[38;2;214;214;214m▄[48;2;213;213;213m[38;2;212;212;212m▄[48;2;213;213;213m[38;2;213;212;212m▄[48;2;212;212;212m[38;2;212;211;211m▄[48;2;210;210;210m[38;2;211;211;211m▄[48;2;210;210;210m[38;2;210;210;210m▄[48;2;210;210;210m[38;2;210;210;210m▄[48;2;210;210;210m[38;2;210;210;210m▄[48;2;210;210;210m[38;2;210;210;210m▄[48;2;208;208;208m[38;2;209;209;209m▄[48;2;209;209;209m[38;2;209;208;209m▄[48;2;209;209;209m[38;2;208;208;208m▄[48;2;208;208;208m[38;2;207;207;207m▄[48;2;207;207;207m[38;2;207;207;207m▄[48;2;207;207;207m[38;2;206;206;206m▄[48;2;206;206;206m[38;2;205;205;205m▄[0m
[48;2;216;216;216m[38;2;216;216;216m▄[48;2;216;216;216m[38;2;216;216;216m▄[48;2;216;216;216m[38;2;216;216;216m▄[48;2;216;216;216m[38;2;216;216;216m▄[48;2;217;217;217m[38;2;216;216;216m▄[48;2;217;217;217m[38;2;217;217;217m▄[48;2;217;217;217m[38;2;217;217;217m▄[48;2;218;218;218m[38;2;218;218;218m▄[48;2;219;219;219m[38;2;218;218;218m▄[48;2;220;220;220m[38;2;218;218;218m▄[48;2;221;221;221m[38;2;219;219;219m▄[48;2;221;221;221m[38;2;220;220;220m▄[48;2;221;221;221m[38;2;220;220;220m▄[48;2;222;222;222m[38;2;222;222;222m▄[48;2;222;222;222m[38;2;222;222;222m▄[48;2;223;223;223m[38;2;221;221;221m▄[48;2;223;223;223m[38;2;222;222;222m▄[48;2;222;222;222m[38;2;222;222;222m▄[48;2;223;223;223m[38;2;222;222;222m▄[48;2;222;222;222m[38;2;222;222;222m▄[48;2;223;223;223m[38;2;222;222;222m▄[48;2;223;223;223m[38;2;222;222;222m▄[48;2;223;223;223m[38;2;222;222;222m▄[48;2;223;221;221m[38;2;222;222;222m▄[48;2;224;230;229m[38;2;220;223;223m▄[48;2;213;180;186m[38;2;209;134;147m▄[48;2;219;123;136m[38;2;232;124;137m▄[48;2;230;132;144m[38;2;229;117;132m▄[48;2;235;130;143m[38;2;212;98;116m▄[48;2;225;136;146m[38;2;224;141;148m▄[48;2;235;166;172m[38;2;241;168;173m▄[48;2;235;154;162m[38;2;235;155;161m▄[48;2;237;159;166m[38;2;234;156;163m▄[48;2;230;146;154m[38;2;236;157;163m▄[48;2;225;132;142m[38;2;238;162;168m▄[48;2;238;165;171m[38;2;217;130;140m▄[48;2;209;105;119m[38;2;219;104;121m▄[48;2;201;149;157m[38;2;211;112;129m▄[48;2;214;222;220m[38;2;208;205;206m▄[48;2;217;215;216m[38;2;216;216;214m▄[48;2;216;217;218m[38;2;214;211;206m▄[48;2;216;217;218m[38;2;213;206;195m▄[48;2;216;215;213m[38;2;212;204;191m▄[48;2;215;215;215m[38;2;212;200;184m▄[48;2;216;217;220m[38;2;212;203;190m▄[48;2;215;214;214m[38;2;215;216;217m▄[48;2;214;214;214m[38;2;214;214;214m▄[48;2;214;214;214m[38;2;213;214;214m▄[48;2;213;213;213m[38;2;213;213;214m▄[48;2;212;212;213m[38;2;213;213;213m▄[48;2;211;212;212m[38;2;211;212;212m▄[48;2;211;211;211m[38;2;210;211;211m▄[48;2;211;211;211m[38;2;211;211;211m▄[48;2;211;211;211m[38;2;211;211;211m▄[48;2;210;210;210m[38;2;211;211;211m▄[48;2;210;210;210m[38;2;210;209;210m▄[48;2;209;209;209m[38;2;208;208;208m▄[48;2;208;209;208m[38;2;209;209;209m▄[48;2;208;207;209m[38;2;209;209;209m▄[48;2;207;207;208m[38;2;208;208;208m▄[48;2;207;207;207m[38;2;207;207;207m▄[48;2;207;207;207m[38;2;207;207;207m▄[48;2;206;205;206m[38;2;205;205;205m▄[48;2;205;205;205m[38;2;204;204;204m▄[0m
[48;2;215;215;215m[38;2;215;215;215m▄[48;2;216;216;216m[38;2;215;215;215m▄[48;2;216;216;216m[38;2;216;216;216m▄[48;2;216;216;216m[38;2;216;216;216m▄[48;2;216;216;216m[38;2;216;216;216m▄[48;2;216;216;216m[38;2;216;216;216m▄[48;2;216;216;216m[38;2;216;216;216m▄[48;2;217;217;217m[38;2;216;216;216m▄[48;2;217;217;217m[38;2;216;216;216m▄[48;2;218;218;218m[38;2;217;217;217m▄[48;2;219;219;219m[38;2;217;217;217m▄[48;2;219;219;219m[38;2;218;218;218m▄[48;2;218;218;218m[38;2;218;218;218m▄[48;2;220;220;220m[38;2;218;218;218m▄[48;2;220;220;220m[38;2;219;219;219m▄[48;2;221;221;221m[38;2;220;220;220m▄[48;2;221;221;221m[38;2;220;220;220m▄[48;2;222;222;222m[38;2;220;220;220m▄[48;2;221;221;221m[38;2;220;220;220m▄[48;2;221;221;221m[38;2;220;220;220m▄[48;2;221;221;221m[38;2;221;221;221m▄[48;2;222;222;222m[38;2;221;221;221m▄[48;2;221;221;221m[38;2;220;220;220m▄[48;2;222;222;222m[38;2;220;218;219m▄[48;2;218;219;220m[38;2;222;229;228m▄[48;2;206;123;137m[38;2;202;143;155m▄[48;2;230;116;132m[38;2;205;84;105m▄[48;2;211;101;120m[38;2;220;113;131m▄[48;2;207;93;111m[38;2;216;97;115m▄[48;2;213;112;124m[38;2;218;108;124m▄[48;2;222;135;146m[38;2;214;104;121m▄[48;2;239;161;169m[38;2;210;113;128m▄[48;2;238;161;166m[38;2;234;152;159m▄[48;2;229;146;154m[38;2;233;138;149m▄[48;2;210;110;125m[38;2;228;116;130m▄[48;2;216;104;121m[38;2;232;124;138m▄[48;2;231;119;134m[38;2;226;107;125m▄[48;2;210;105;122m[38;2;195;115;130m▄[48;2;200;192;194m[38;2;199;203;203m▄[48;2;214;214;209m[38;2;214;212;213m▄[48;2;214;209;204m[38;2;215;216;217m▄[48;2;214;213;211m[38;2;214;215;215m▄[48;2;214;215;216m[38;2;214;213;212m▄[48;2;214;215;217m[38;2;215;215;217m▄[48;2;208;196;178m[38;2;213;212;211m▄[48;2;211;203;192m[38;2;206;193;173m▄[48;2;215;216;219m[38;2;214;216;219m▄[48;2;213;213;213m[38;2;213;213;212m▄[48;2;213;213;213m[38;2;212;212;212m▄[48;2;212;212;212m[38;2;211;211;211m▄[48;2;211;211;211m[38;2;211;211;211m▄[48;2;210;210;210m[38;2;210;210;210m▄[48;2;210;210;210m[38;2;210;210;210m▄[48;2;210;210;210m[38;2;210;210;210m▄[48;2;210;211;210m[38;2;210;210;210m▄[48;2;209;209;210m[38;2;209;209;209m▄[48;2;208;208;209m[38;2;209;209;209m▄[48;2;209;209;208m[38;2;208;208;208m▄[48;2;208;208;208m[38;2;208;208;208m▄[48;2;207;207;207m[38;2;207;207;207m▄[48;2;207;207;207m[38;2;207;207;207m▄[48;2;206;206;206m[38;2;206;206;206m▄[48;2;205;205;205m[38;2;204;204;204m▄[48;2;204;204;204m[38;2;204;204;204m▄[0m
[48;2;215;215;215m[38;2;214;214;214m▄[48;2;215;215;215m[38;2;215;215;215m▄[48;2;216;216;216m[38;2;215;215;215m▄[48;2;216;216;216m[38;2;215;215;215m▄[48;2;216;216;216m[38;2;215;215;215m▄[48;2;216;216;216m[38;2;217;217;217m▄[48;2;216;216;216m[38;2;217;217;217m▄[48;2;216;216;216m[38;2;216;216;216m▄[48;2;217;217;217m[38;2;216;216;216m▄[48;2;217;217;217m[38;2;216;216;216m▄[48;2;216;216;216m[38;2;216;216;216m▄[48;2;217;217;217m[38;2;217;217;217m▄[48;2;217;217;217m[38;2;217;217;217m▄[48;2;218;218;218m[38;2;217;217;217m▄[48;2;218;218;218m[38;2;217;217;217m▄[48;2;219;219;219m[38;2;217;217;217m▄[48;2;219;219;219m[38;2;218;218;218m▄[48;2;218;218;218m[38;2;218;217;217m▄[48;2;219;219;219m[38;2;218;218;218m▄[48;2;219;217;217m[38;2;218;225;224m▄[48;2;219;218;218m[38;2;217;222;222m▄[48;2;220;220;220m[38;2;218;216;216m▄[48;2;219;221;221m[38;2;218;211;212m▄[48;2;219;219;219m[38;2;217;214;214m▄[48;2;220;219;219m[38;2;217;221;221m▄[48;2;214;212;212m[38;2;221;233;231m▄[48;2;194;108;127m[38;2;201;152;163m▄[48;2;226;110;128m[38;2;218;95;115m▄[48;2;214;92;113m[38;2;222;105;123m▄[48;2;215;105;124m[38;2;209;95;115m▄[48;2;233;129;140m[38;2;233;128;141m▄[48;2;220;111;126m[38;2;229;121;134m▄[48;2;206;96;113m[38;2;203;82;103m▄[48;2;207;95;114m[38;2;208;85;108m▄[48;2;215;103;121m[38;2;209;91;113m▄[48;2;213;96;114m[38;2;210;75;100m▄[48;2;194;90;111m[38;2;188;113;130m▄[48;2;188;176;180m[38;2;195;210;207m▄[48;2;203;208;208m[38;2;209;199;200m▄[48;2;214;220;220m[38;2;217;186;189m▄[48;2;215;216;215m[38;2;215;211;211m▄[48;2;214;213;213m[38;2;217;220;221m▄[48;2;216;217;220m[38;2;207;199;187m▄[48;2;217;218;221m[38;2;197;179;155m▄[48;2;204;191;172m[38;2;205;193;178m▄[48;2;205;195;180m[38;2;211;211;210m▄[48;2;213;214;217m[38;2;207;204;199m▄[48;2;212;212;211m[38;2;211;212;213m▄[48;2;212;212;212m[38;2;211;211;211m▄[48;2;211;211;211m[38;2;211;211;211m▄[48;2;211;211;211m[38;2;211;211;211m▄[48;2;210;210;210m[38;2;210;210;210m▄[48;2;210;210;210m[38;2;211;211;211m▄[48;2;210;210;210m[38;2;209;209;209m▄[48;2;209;209;209m[38;2;208;208;208m▄[48;2;209;209;209m[38;2;208;208;208m▄[48;2;208;208;208m[38;2;208;207;208m▄[48;2;208;208;208m[38;2;208;208;208m▄[48;2;208;208;208m[38;2;207;207;207m▄[48;2;207;207;207m[38;2;207;207;207m▄[48;2;207;207;207m[38;2;207;207;207m▄[48;2;206;206;206m[38;2;206;206;206m▄[48;2;204;204;204m[38;2;204;204;204m▄[48;2;204;204;204m[38;2;203;203;203m▄[0m
[48;2;214;214;214m[38;2;214;214;214m▄[48;2;214;214;214m[38;2;215;215;215m▄[48;2;215;215;215m[38;2;215;215;214m▄[48;2;215;215;215m[38;2;215;215;215m▄[48;2;216;216;216m[38;2;215;215;217m▄[48;2;216;216;216m[38;2;216;216;216m▄[48;2;216;216;216m[38;2;215;215;215m▄[48;2;216;216;216m[38;2;216;216;216m▄[48;2;217;217;217m[38;2;217;217;217m▄[48;2;217;217;217m[38;2;216;216;216m▄[48;2;216;216;216m[38;2;216;216;216m▄[48;2;217;217;217m[38;2;216;216;216m▄[48;2;216;216;216m[38;2;216;216;216m▄[48;2;216;216;216m[38;2;216;216;216m▄[48;2;216;216;216m[38;2;216;216;216m▄[48;2;216;217;217m[38;2;216;215;215m▄[48;2;217;216;216m[38;2;217;221;220m▄[48;2;218;221;220m[38;2;215;204;206m▄[48;2;216;218;218m[38;2;216;136;147m▄[48;2;216;181;184m[38;2;233;168;173m▄[48;2;222;162;167m[38;2;226;150;158m▄[48;2;226;157;163m[38;2;219;132;141m▄[48;2;228;159;164m[38;2;218;122;133m▄[48;2;228;159;165m[38;2;224;137;147m▄[48;2;219;155;162m[38;2;239;172;178m▄[48;2;217;205;205m[38;2;219;136;144m▄[48;2;211;208;209m[38;2;216;211;210m▄[48;2;196;98;116m[38;2;207;199;202m▄[48;2;220;92;112m[38;2;192;127;142m▄[48;2;205;83;103m[38;2;192;106;124m▄[48;2;216;103;120m[38;2;188;127;139m▄[48;2;194;95;114m[38;2;235;205;206m▄[48;2;202;100;118m[38;2;225;171;173m▄[48;2;217;92;113m[38;2;191;112;127m▄[48;2;217;85;107m[38;2;187;112;129m▄[48;2;198;78;102m[38;2;186;167;172m▄[48;2;189;172;178m[38;2;197;209;207m▄[48;2;203;194;194m[38;2;211;144;150m▄[48;2;224;145;152m[38;2;236;167;175m▄[48;2;236;157;163m[38;2;224;157;167m▄[48;2;220;161;167m[38;2;217;138;145m▄[48;2;202;200;188m[38;2;199;195;185m▄[48;2;200;191;172m[38;2;214;175;180m▄[48;2;210;211;209m[38;2;222;142;149m▄[48;2;213;219;223m[38;2;213;180;183m▄[48;2;206;201;194m[38;2;205;203;195m▄[48;2;206;200;191m[38;2;209;207;206m▄[48;2;212;213;215m[38;2;211;211;212m▄[48;2;211;211;210m[38;2;211;211;211m▄[48;2;211;211;211m[38;2;210;210;210m▄[48;2;210;210;210m[38;2;210;210;210m▄[48;2;210;210;210m[38;2;210;210;210m▄[48;2;210;210;210m[38;2;209;209;209m▄[48;2;209;209;209m[38;2;208;208;208m▄[48;2;208;208;208m[38;2;208;208;208m▄[48;2;208;208;208m[38;2;208;208;208m▄[48;2;207;207;207m[38;2;207;207;207m▄[48;2;207;207;207m[38;2;207;207;207m▄[48;2;207;207;207m[38;2;206;206;206m▄[48;2;207;207;207m[38;2;206;206;206m▄[48;2;207;207;207m[38;2;205;205;206m▄[48;2;205;204;205m[38;2;204;204;204m▄[48;2;204;204;204m[38;2;204;204;204m▄[48;2;203;203;203m[38;2;203;203;203m▄[0m
[48;2;214;214;214m[38;2;213;213;213m▄[48;2;214;214;214m[38;2;214;214;214m▄[48;2;215;215;215m[38;2;214;214;214m▄[48;2;215;215;215m[38;2;214;214;214m▄[48;2;215;215;215m[38;2;214;214;214m▄[48;2;216;216;216m[38;2;215;215;215m▄[48;2;215;215;215m[38;2;214;214;214m▄[48;2;216;216;216m[38;2;215;215;215m▄[48;2;216;216;216m[38;2;216;216;216m▄[48;2;216;216;216m[38;2;215;215;215m▄[48;2;216;216;216m[38;2;216;216;216m▄[48;2;216;216;216m[38;2;216;216;216m▄[48;2;216;216;216m[38;2;216;216;216m▄[48;2;216;216;216m[38;2;216;216;216m▄[48;2;217;216;216m[38;2;216;216;216m▄[48;2;217;217;217m[38;2;218;222;221m▄[48;2;216;218;218m[38;2;211;195;198m▄[48;2;213;137;148m[38;2;212;130;142m▄[48;2;240;198;203m[38;2;239;196;203m▄[48;2;215;140;149m[38;2;194;88;106m▄[48;2;205;89;104m[38;2;220;141;151m▄[48;2;238;178;184m[38;2;232;172;180m▄[48;2;216;130;140m[38;2;190;102;116m▄[48;2;201;116;125m[38;2;206;133;144m▄[48;2;233;172;178m[38;2;242;184;189m▄[48;2;229;155;164m[38;2;222;155;163m▄[48;2;209;175;178m[38;2;235;187;191m▄[48;2;216;222;220m[38;2;240;213;214m▄[48;2;210;216;214m[38;2;240;205;206m▄[48;2;196;207;206m[38;2;236;208;210m▄[48;2;218;207;206m[38;2;231;192;195m▄[48;2;251;212;212m[38;2;210;117;128m▄[48;2;219;128;136m[38;2;196;103;117m▄[48;2;199;173;175m[38;2;196;140;148m▄[48;2;196;209;206m[38;2;212;130;142m▄[48;2;199;200;199m[38;2;214;136;147m▄[48;2;205;192;193m[38;2;199;115;126m▄[48;2;224;143;152m[38;2;230;157;166m▄[48;2;231;175;181m[38;2;227;167;174m▄[48;2;212;114;127m[38;2;208;116;130m▄[48;2;203;133;143m[38;2;206;120;131m▄[48;2;202;211;209m[38;2;197;155;159m▄[48;2;213;128;137m[38;2;207;116;128m▄[48;2;235;159;167m[38;2;205;98;113m▄[48;2;211;128;137m[38;2;200;154;160m▄[48;2;210;215;216m[38;2;203;210;210m▄[48;2;211;210;211m[38;2;211;209;210m▄[48;2;210;210;210m[38;2;210;210;211m▄[48;2;210;210;210m[38;2;210;210;211m▄[48;2;211;210;210m[38;2;211;211;211m▄[48;2;210;210;210m[38;2;210;210;211m▄[48;2;210;210;210m[38;2;210;209;212m▄[48;2;209;209;209m[38;2;209;208;210m▄[48;2;208;208;208m[38;2;208;208;208m▄[48;2;208;208;208m[38;2;208;208;208m▄[48;2;208;208;208m[38;2;208;208;208m▄[48;2;208;208;208m[38;2;207;207;206m▄[48;2;207;207;207m[38;2;207;207;206m▄[48;2;206;206;206m[38;2;207;207;207m▄[48;2;206;206;206m[38;2;206;206;206m▄[48;2;204;204;204m[38;2;204;204;204m▄[48;2;204;204;204m[38;2;203;203;203m▄[48;2;204;204;204m[38;2;203;203;203m▄[48;2;203;203;203m[38;2;203;203;203m▄[0m
[48;2;212;212;212m[38;2;211;211;211m▄[48;2;212;212;213m[38;2;212;212;212m▄[48;2;213;213;213m[38;2;212;212;212m▄[48;2;213;213;213m[38;2;213;213;213m▄[48;2;214;214;214m[38;2;213;213;213m▄[48;2;215;215;215m[38;2;214;214;214m▄[48;2;214;214;214m[38;2;214;214;214m▄[48;2;214;214;214m[38;2;215;215;215m▄[48;2;215;215;215m[38;2;215;215;215m▄[48;2;215;215;215m[38;2;215;215;215m▄[48;2;216;216;216m[38;2;215;215;215m▄[48;2;215;215;215m[38;2;214;214;214m▄[48;2;215;215;215m[38;2;215;215;215m▄[48;2;215;215;215m[38;2;216;216;216m▄[48;2;215;215;215m[38;2;215;215;215m▄[48;2;216;216;216m[38;2;216;215;215m▄[48;2;217;216;216m[38;2;217;219;218m▄[48;2;199;117;132m[38;2;214;206;208m▄[48;2;196;90;110m[38;2;196;153;162m▄[48;2;184;73;93m[38;2;189;94;112m▄[48;2;234;163;174m[38;2;232;149;161m▄[48;2;218;139;151m[38;2;204;121;136m▄[48;2;200;104;119m[38;2;237;162;172m▄[48;2;229;164;172m[38;2;174;87;103m▄[48;2;234;184;192m[38;2;223;175;184m▄[48;2;243;212;213m[38;2;254;247;246m▄[48;2;249;236;236m[38;2;236;206;209m▄[48;2;234;202;206m[38;2;225;166;174m▄[48;2;252;248;248m[38;2;255;255;252m▄[48;2;246;213;216m[38;2;194;119;133m▄[48;2;218;132;145m[38;2;206;117;133m▄[48;2;233;175;184m[38;2;215;138;151m▄[48;2;182;80;97m[38;2;172;58;81m▄[48;2;216;137;149m[38;2;236;168;178m▄[48;2;215;138;149m[38;2;179;81;101m▄[48;2;216;141;153m[38;2;175;69;90m▄[48;2;199;102;117m[38;2;184;84;105m▄[48;2;232;172;180m[38;2;241;171;180m▄[48;2;210;137;147m[38;2;192;105;121m▄[48;2;218;148;158m[38;2;204;111;128m▄[48;2;238;173;182m[38;2;216;133;146m▄[48;2;180;64;83m[38;2;167;56;78m▄[48;2;231;165;173m[38;2;236;163;172m▄[48;2;216;132;145m[38;2;179;75;96m▄[48;2;186;155;161m[38;2;178;72;92m▄[48;2;205;210;210m[38;2;198;161;167m▄[48;2;210;209;209m[38;2;211;218;217m▄[48;2;210;210;211m[38;2;209;208;207m▄[48;2;210;210;211m[38;2;209;209;210m▄[48;2;210;210;210m[38;2;210;210;210m▄[48;2;210;210;212m[38;2;210;210;211m▄[48;2;208;210;215m[38;2;206;208;212m▄[48;2;208;209;216m[38;2;208;208;214m▄[48;2;208;208;210m[38;2;209;208;210m▄[48;2;208;208;208m[38;2;208;208;208m▄[48;2;208;207;207m[38;2;208;208;205m▄[48;2;207;207;202m[38;2;206;207;201m▄[48;2;207;207;203m[38;2;205;207;202m▄[48;2;206;205;206m[38;2;205;205;204m▄[48;2;204;204;204m[38;2;203;203;204m▄[48;2;203;203;203m[38;2;203;203;203m▄[48;2;203;203;203m[38;2;202;202;202m▄[48;2;203;203;203m[38;2;203;203;203m▄[48;2;203;203;203m[38;2;203;203;203m▄[0m
[48;2;210;210;210m[38;2;210;210;210m▄[48;2;210;210;210m[38;2;210;210;210m▄[48;2;211;211;212m[38;2;210;210;210m▄[48;2;212;212;213m[38;2;210;210;210m▄[48;2;213;213;213m[38;2;212;212;212m▄[48;2;213;213;213m[38;2;212;212;212m▄[48;2;214;214;214m[38;2;212;212;213m▄[48;2;214;214;214m[38;2;213;213;213m▄[48;2;214;214;214m[38;2;214;214;214m▄[48;2;215;215;215m[38;2;215;215;215m▄[48;2;214;214;214m[38;2;214;214;214m▄[48;2;214;214;214m[38;2;214;214;214m▄[48;2;214;214;214m[38;2;214;214;214m▄[48;2;215;215;215m[38;2;214;214;214m▄[48;2;215;215;215m[38;2;214;214;214m▄[48;2;215;215;215m[38;2;215;215;215m▄[48;2;215;214;215m[38;2;213;212;212m▄[48;2;217;223;221m[38;2;210;209;196m▄[48;2;192;177;181m[38;2;184;140;150m▄[48;2;199;98;118m[38;2;203;94;115m▄[48;2;219;129;145m[38;2;202;102;121m▄[48;2;150;47;72m[38;2;168;113;126m▄[48;2;216;121;139m[38;2;191;118;132m▄[48;2;227;174;181m[38;2;255;234;234m▄[48;2;215;168;174m[38;2;221;174;181m▄[48;2;251;228;228m[38;2;230;188;192m▄[48;2;234;196;199m[38;2;243;210;212m▄[48;2;243;217;217m[38;2;224;188;192m▄[48;2;243;211;212m[38;2;214;131;144m▄[48;2;180;83;104m[38;2;177;71;94m▄[48;2;238;150;162m[38;2;188;86;107m▄[48;2;190;86;106m[38;2;203;103;122m▄[48;2;198;111;129m[38;2;167;69;91m▄[48;2;236;140;154m[38;2;199;101;119m▄[48;2;171;79;98m[38;2;209;110;128m▄[48;2;179;90;109m[38;2;182;83;105m▄[48;2;220;129;145m[38;2;181;82;104m▄[48;2;238;145;159m[38;2;197;95;115m▄[48;2;157;44;71m[38;2;152;50;75m▄[48;2;228;130;147m[38;2;193;86;109m▄[48;2;199;101;120m[38;2;201;94;115m▄[48;2;207;121;136m[38;2;171;66;88m▄[48;2;231;135;151m[38;2;205;103;121m▄[48;2;175;80;101m[38;2;181;75;99m▄[48;2;183;82;104m[38;2;173;98;115m▄[48;2;190;153;161m[38;2;193;197;196m▄[48;2;209;215;214m[38;2;203;203;203m▄[48;2;209;208;208m[38;2;209;209;209m▄[48;2;210;210;210m[38;2;209;209;209m▄[48;2;209;209;210m[38;2;208;208;208m▄[48;2;209;209;209m[38;2;208;208;208m▄[48;2;208;207;209m[38;2;207;207;207m▄[48;2;208;207;209m[38;2;207;207;207m▄[48;2;208;208;208m[38;2;207;207;207m▄[48;2;208;207;208m[38;2;207;207;205m▄[48;2;208;207;206m[38;2;207;207;205m▄[48;2;206;207;202m[38;2;206;207;203m▄[48;2;203;208;202m[38;2;204;206;202m▄[48;2;204;206;202m[38;2;203;205;204m▄[48;2;203;203;204m[38;2;201;202;205m▄[48;2;203;202;203m[38;2;203;202;204m▄[48;2;203;203;203m[38;2;202;202;202m▄[48;2;203;203;203m[38;2;203;203;203m▄[48;2;203;203;203m[38;2;203;203;203m▄[0m
[48;2;210;210;210m[38;2;209;209;209m▄[48;2;210;210;210m[38;2;210;210;210m▄[48;2;210;210;210m[38;2;210;210;210m▄[48;2;210;210;210m[38;2;210;210;210m▄[48;2;210;210;210m[38;2;210;210;210m▄[48;2;211;211;211m[38;2;210;210;210m▄[48;2;211;211;211m[38;2;210;210;210m▄[48;2;211;212;211m[38;2;210;210;210m▄[48;2;212;212;212m[38;2;211;211;211m▄[48;2;213;213;213m[38;2;211;211;211m▄[48;2;213;213;213m[38;2;211;211;211m▄[48;2;214;213;214m[38;2;212;212;212m▄[48;2;214;214;214m[38;2;212;212;213m▄[48;2;214;214;214m[38;2;212;212;212m▄[48;2;214;214;214m[38;2;212;212;212m▄[48;2;215;216;217m[38;2;213;213;213m▄[48;2;209;205;200m[38;2;212;212;212m▄[48;2;203;196;181m[38;2;193;179;160m▄[48;2;207;189;199m[38;2;209;206;198m▄[48;2;168;66;89m[38;2;202;184;185m▄[48;2;168;66;92m[38;2;190;164;163m▄[48;2;186;176;181m[38;2;205;200;187m▄[48;2;212;182;184m[38;2;213;207;200m▄[48;2;235;197;201m[38;2;211;168;175m▄[48;2;251;223;225m[38;2;231;191;194m▄[48;2;217;164;172m[38;2;255;237;236m▄[48;2;225;180;187m[38;2;230;172;182m▄[48;2;182;107;122m[38;2;159;55;80m▄[48;2;147;34;62m[38;2;177;88;107m▄[48;2;180;116;130m[38;2;180;114;128m▄[48;2;177;117;132m[38;2;176;118;132m▄[48;2;168;82;103m[38;2;176;97;115m▄[48;2;178;107;123m[38;2;176;91;112m▄[48;2;161;65;88m[38;2;182;98;116m▄[48;2;162;65;88m[38;2;180;90;110m▄[48;2;165;70;92m[38;2;179;93;112m▄[48;2;163;61;86m[38;2;187;104;122m▄[48;2;161;66;89m[38;2;181;92;113m▄[48;2;195;174;178m[38;2;186;171;176m▄[48;2;177;111;130m[38;2;200;204;194m▄[48;2;174;100;121m[38;2;191;183;165m▄[48;2;182;130;144m[38;2;191;187;168m▄[48;2;171;93;115m[38;2;196;194;184m▄[48;2;179;117;134m[38;2;195;198;190m▄[48;2;189;187;187m[38;2;194;190;181m▄[48;2;194;196;195m[38;2;204;203;203m▄[48;2;207;206;206m[38;2;208;208;208m▄[48;2;208;208;208m[38;2;207;207;207m▄[48;2;208;208;208m[38;2;207;207;207m▄[48;2;208;208;208m[38;2;207;207;207m▄[48;2;207;207;207m[38;2;207;207;207m▄[48;2;207;207;207m[38;2;206;206;206m▄[48;2;207;207;207m[38;2;206;206;206m▄[48;2;207;207;207m[38;2;206;206;206m▄[48;2;206;206;206m[38;2;204;204;204m▄[48;2;206;206;206m[38;2;204;204;204m▄[48;2;205;205;205m[38;2;203;203;204m▄[48;2;204;204;204m[38;2;203;203;203m▄[48;2;203;203;204m[38;2;203;203;203m▄[48;2;202;202;204m[38;2;203;202;204m▄[48;2;202;202;204m[38;2;202;201;202m▄[48;2;202;202;202m[38;2;202;202;202m▄[48;2;202;202;202m[38;2;202;202;202m▄[48;2;202;202;202m[38;2;202;202;202m▄[0m
[48;2;210;210;210m[38;2;211;211;211m▄[48;2;209;209;209m[38;2;212;212;212m▄[48;2;210;210;210m[38;2;213;212;213m▄[48;2;210;210;210m[38;2;213;213;213m▄[48;2;210;210;210m[38;2;213;213;214m▄[48;2;211;211;211m[38;2;214;214;214m▄[48;2;211;211;210m[38;2;214;214;214m▄[48;2;211;211;211m[38;2;214;214;214m▄[48;2;211;211;211m[38;2;214;214;214m▄[48;2;211;211;212m[38;2;214;214;214m▄[48;2;211;211;211m[38;2;214;214;214m▄[48;2;212;212;212m[38;2;215;215;215m▄[48;2;212;212;212m[38;2;215;215;215m▄[48;2;213;213;213m[38;2;215;215;215m▄[48;2;213;213;212m[38;2;214;214;214m▄[48;2;212;212;212m[38;2;215;214;216m▄[48;2;213;214;216m[38;2;215;214;214m▄[48;2;209;206;202m[38;2;216;216;217m▄[48;2;196;182;164m[38;2;215;217;220m▄[48;2;194;185;167m[38;2;213;214;215m▄[48;2;198;194;182m[38;2;213;213;216m▄[48;2;207;204;202m[38;2;211;211;212m▄[48;2;207;209;210m[38;2;213;212;213m▄[48;2;209;206;206m[38;2;211;212;212m▄[48;2;213;176;182m[38;2;211;212;212m▄[48;2;211;158;168m[38;2;197;169;175m▄[48;2;194;90;111m[38;2;167;99;117m▄[48;2;201;97;115m[38;2;163;84;105m▄[48;2;195;98;115m[38;2;165;86;105m▄[48;2;188;80;103m[38;2;169;100;117m▄[48;2;199;100;120m[38;2;167;79;100m▄[48;2;179;92;110m[38;2;171;71;93m▄[48;2;151;47;73m[38;2;184;80;105m▄[48;2;162;79;99m[38;2;187;89;112m▄[48;2;173;122;134m[38;2;187;86;109m▄[48;2;167;103;119m[38;2;196;94;116m▄[48;2;181;84;105m[38;2;200;97;119m▄[48;2;192;90;112m[38;2;158;56;83m▄[48;2;175;136;147m[38;2;187;175;179m▄[48;2;205;205;197m[38;2;205;208;209m▄[48;2;201;194;190m[38;2;209;209;211m▄[48;2;200;192;182m[38;2;208;209;212m▄[48;2;199;187;171m[38;2;207;209;212m▄[48;2;202;191;176m[38;2;207;208;211m▄[48;2;204;201;198m[38;2;207;208;209m▄[48;2;206;207;208m[38;2;208;208;208m▄[48;2;207;207;207m[38;2;209;209;209m▄[48;2;207;207;207m[38;2;208;208;208m▄[48;2;207;207;207m[38;2;208;208;208m▄[48;2;207;207;207m[38;2;208;208;208m▄[48;2;207;207;207m[38;2;208;207;208m▄[48;2;206;206;206m[38;2;207;207;207m▄[48;2;205;205;205m[38;2;207;207;207m▄[48;2;204;204;204m[38;2;207;207;207m▄[48;2;204;204;204m[38;2;207;206;207m▄[48;2;204;204;204m[38;2;206;206;206m▄[48;2;203;203;203m[38;2;206;206;206m▄[48;2;203;203;203m[38;2;206;206;206m▄[48;2;203;203;203m[38;2;204;204;204m▄[48;2;203;202;204m[38;2;202;202;202m▄[48;2;203;202;203m[38;2;203;203;203m▄[48;2;202;202;202m[38;2;203;203;203m▄[48;2;201;202;201m[38;2;203;202;203m▄[48;2;202;202;202m[38;2;203;203;203m▄[0m
[48;2;215;215;215m[38;2;217;217;217m▄[48;2;215;215;215m[38;2;217;217;217m▄[48;2;216;216;216m[38;2;217;217;217m▄[48;2;216;216;216m[38;2;217;217;217m▄[48;2;216;216;216m[38;2;218;218;218m▄[48;2;216;216;216m[38;2;217;217;217m▄[48;2;216;216;216m[38;2;218;218;218m▄[48;2;216;216;216m[38;2;218;218;218m▄[48;2;216;216;216m[38;2;218;218;218m▄[48;2;216;216;216m[38;2;218;218;218m▄[48;2;216;216;216m[38;2;217;217;217m▄[48;2;217;217;217m[38;2;217;217;217m▄[48;2;216;216;216m[38;2;218;218;218m▄[48;2;216;216;216m[38;2;218;218;218m▄[48;2;216;216;216m[38;2;218;218;218m▄[48;2;216;216;216m[38;2;218;218;218m▄[48;2;216;216;216m[38;2;217;217;217m▄[48;2;216;216;216m[38;2;216;216;216m▄[48;2;217;217;216m[38;2;215;215;215m▄[48;2;216;216;216m[38;2;214;214;214m▄[48;2;217;217;216m[38;2;213;213;213m▄[48;2;217;217;217m[38;2;213;213;213m▄[48;2;217;217;217m[38;2;212;212;212m▄[48;2;216;216;216m[38;2;211;211;211m▄[48;2;210;210;210m[38;2;209;209;209m▄[48;2;201;206;205m[38;2;207;206;206m▄[48;2;195;199;198m[38;2;203;202;203m▄[48;2;189;184;186m[38;2;199;197;197m▄[48;2;186;181;181m[38;2;196;192;193m▄[48;2;185;185;185m[38;2;196;189;193m▄[48;2;185;173;176m[38;2;195;191;193m▄[48;2;172;125;137m[38;2;196;196;195m▄[48;2;161;88;108m[38;2;193;193;193m▄[48;2;164;75;97m[38;2;188;179;181m▄[48;2;166;70;94m[38;2;187;172;176m▄[48;2;159;66;90m[38;2;190;179;181m▄[48;2;158;79;101m[38;2;192;193;192m▄[48;2;181;155;161m[38;2;190;194;192m▄[48;2;188;192;191m[38;2;198;197;198m▄[48;2;202;201;201m[38;2;206;205;206m▄[48;2;209;209;209m[38;2;208;208;208m▄[48;2;210;210;210m[38;2;210;210;210m▄[48;2;210;210;209m[38;2;211;211;211m▄[48;2;210;210;209m[38;2;210;210;210m▄[48;2;210;210;210m[38;2;210;210;210m▄[48;2;210;210;210m[38;2;211;211;211m▄[48;2;210;210;210m[38;2;210;210;210m▄[48;2;210;210;210m[38;2;210;210;210m▄[48;2;210;210;210m[38;2;210;210;210m▄[48;2;209;209;209m[38;2;211;211;211m▄[48;2;209;209;209m[38;2;210;210;211m▄[48;2;209;209;209m[38;2;210;210;210m▄[48;2;209;209;209m[38;2;210;210;210m▄[48;2;208;208;209m[38;2;210;210;210m▄[48;2;208;208;208m[38;2;210;210;210m▄[48;2;208;208;208m[38;2;210;210;210m▄[48;2;208;208;208m[38;2;209;209;209m▄[48;2;207;207;208m[38;2;209;209;209m▄[48;2;211;211;211m[38;2;216;216;216m▄[48;2;214;214;214m[38;2;220;220;220m▄[48;2;206;206;206m[38;2;209;208;208m▄[48;2;206;206;206m[38;2;208;208;208m▄[48;2;206;206;206m[38;2;208;208;208m▄[48;2;205;205;205m[38;2;208;208;208m▄[0m
[48;2;220;220;220m[38;2;223;223;223m▄[48;2;220;220;220m[38;2;223;223;223m▄[48;2;221;221;221m[38;2;224;224;224m▄[48;2;221;221;221m[38;2;224;224;224m▄[48;2;221;221;221m[38;2;224;224;224m▄[48;2;221;221;221m[38;2;224;224;224m▄[48;2;221;221;221m[38;2;224;224;224m▄[48;2;221;221;221m[38;2;224;224;224m▄[48;2;221;221;221m[38;2;224;224;224m▄[48;2;222;222;222m[38;2;224;224;224m▄[48;2;222;222;222m[38;2;224;224;224m▄[48;2;222;222;222m[38;2;224;224;224m▄[48;2;222;222;222m[38;2;224;224;224m▄[48;2;222;222;222m[38;2;224;224;224m▄[48;2;221;221;221m[38;2;224;224;224m▄[48;2;219;219;219m[38;2;223;223;223m▄[48;2;215;215;215m[38;2;221;221;221m▄[48;2;208;208;209m[38;2;217;217;217m▄[48;2;202;201;202m[38;2;211;212;212m▄[48;2;196;196;196m[38;2;206;207;207m▄[48;2;192;192;192m[38;2;205;205;205m▄[48;2;191;190;191m[38;2;204;204;204m▄[48;2;190;190;190m[38;2;201;201;201m▄[48;2;189;189;189m[38;2;196;196;196m▄[48;2;189;189;189m[38;2;191;191;191m▄[48;2;192;192;192m[38;2;188;188;188m▄[48;2;196;196;196m[38;2;185;185;185m▄[48;2;198;198;198m[38;2;185;185;184m▄[48;2;199;199;199m[38;2;185;185;186m▄[48;2;199;199;199m[38;2;187;187;188m▄[48;2;197;197;197m[38;2;188;187;188m▄[48;2;195;194;194m[38;2;186;186;186m▄[48;2;194;193;194m[38;2;185;185;185m▄[48;2;193;195;195m[38;2;186;185;185m▄[48;2;192;195;194m[38;2;185;184;185m▄[48;2;190;192;192m[38;2;184;183;184m▄[48;2;189;189;190m[38;2;184;183;185m▄[48;2;190;189;189m[38;2;186;186;186m▄[48;2;188;188;188m[38;2;190;190;190m▄[48;2;186;186;186m[38;2;195;195;195m▄[48;2;187;187;188m[38;2;196;195;197m▄[48;2;190;189;190m[38;2;195;194;195m▄[48;2;191;191;191m[38;2;195;195;195m▄[48;2;192;192;192m[38;2;196;196;196m▄[48;2;195;195;195m[38;2;199;199;199m▄[48;2;202;201;202m[38;2;205;205;205m▄[48;2;208;208;208m[38;2;210;210;210m▄[48;2;211;211;211m[38;2;213;213;213m▄[48;2;213;213;213m[38;2;215;215;215m▄[48;2;214;214;214m[38;2;215;215;215m▄[48;2;213;213;214m[38;2;215;215;215m▄[48;2;213;213;213m[38;2;215;215;215m▄[48;2;212;212;212m[38;2;215;215;215m▄[48;2;212;212;213m[38;2;214;214;214m▄[48;2;212;212;212m[38;2;214;214;214m▄[48;2;210;210;210m[38;2;213;213;213m▄[48;2;210;210;210m[38;2;213;213;213m▄[48;2;210;210;210m[38;2;212;212;212m▄[48;2;210;210;210m[38;2;211;211;211m▄[48;2;210;210;210m[38;2;210;210;210m▄[48;2;209;209;210m[38;2;210;210;210m▄[48;2;210;210;210m[38;2;210;210;210m▄[48;2;209;209;209m[38;2;210;210;210m▄[48;2;209;209;209m[38;2;210;210;210m▄[0m
[48;2;225;225;225m[38;2;228;228;228m▄[48;2;225;225;225m[38;2;228;228;228m▄[48;2;225;225;225m[38;2;228;228;228m▄[48;2;226;226;226m[38;2;229;229;229m▄[48;2;226;226;226m[38;2;228;228;228m▄[48;2;226;226;226m[38;2;228;228;228m▄[48;2;225;225;225m[38;2;228;228;228m▄[48;2;225;225;225m[38;2;228;228;228m▄[48;2;226;226;226m[38;2;228;228;228m▄[48;2;226;226;226m[38;2;228;228;228m▄[48;2;226;226;226m[38;2;228;228;228m▄[48;2;226;226;226m[38;2;228;228;228m▄[48;2;226;226;226m[38;2;228;228;228m▄[48;2;226;226;226m[38;2;228;228;228m▄[48;2;226;226;226m[38;2;227;227;227m▄[48;2;225;225;225m[38;2;227;227;227m▄[48;2;225;225;225m[38;2;227;227;227m▄[48;2;225;225;225m[38;2;227;227;227m▄[48;2;225;225;226m[38;2;227;227;227m▄[48;2;225;225;225m[38;2;227;227;227m▄[48;2;226;226;226m[38;2;227;227;227m▄[48;2;226;226;226m[38;2;227;227;227m▄[48;2;225;225;225m[38;2;227;227;227m▄[48;2;222;222;222m[38;2;227;227;227m▄[48;2;219;219;219m[38;2;227;227;227m▄[48;2;217;217;217m[38;2;227;227;227m▄[48;2;214;214;214m[38;2;228;228;228m▄[48;2;213;213;213m[38;2;228;228;228m▄[48;2;212;212;212m[38;2;227;227;227m▄[48;2;211;211;212m[38;2;226;226;225m▄[48;2;210;209;210m[38;2;226;226;226m▄[48;2;207;207;207m[38;2;226;226;226m▄[48;2;204;204;204m[38;2;225;225;225m▄[48;2;202;202;202m[38;2;225;225;225m▄[48;2;202;202;202m[38;2;225;225;225m▄[48;2;202;202;202m[38;2;224;224;224m▄[48;2;202;202;203m[38;2;223;223;223m▄[48;2;207;207;207m[38;2;224;224;224m▄[48;2;212;212;212m[38;2;223;223;223m▄[48;2;216;216;217m[38;2;222;222;222m▄[48;2;219;219;219m[38;2;222;222;222m▄[48;2;219;219;219m[38;2;221;221;221m▄[48;2;219;219;219m[38;2;221;221;221m▄[48;2;218;218;218m[38;2;219;219;219m▄[48;2;218;218;218m[38;2;218;218;218m▄[48;2;218;218;218m[38;2;217;217;217m▄[48;2;217;217;217m[38;2;217;217;217m▄[48;2;216;216;216m[38;2;217;217;217m▄[48;2;216;216;216m[38;2;216;216;216m▄[48;2;216;216;216m[38;2;216;216;216m▄[48;2;215;215;215m[38;2;216;216;216m▄[48;2;216;216;216m[38;2;216;216;216m▄[48;2;215;215;215m[38;2;216;216;216m▄[48;2;215;215;215m[38;2;216;216;216m▄[48;2;215;215;215m[38;2;216;216;216m▄[48;2;215;215;215m[38;2;216;216;216m▄[48;2;214;214;215m[38;2;215;215;215m▄[48;2;215;215;214m[38;2;216;216;216m▄[48;2;214;214;215m[38;2;215;215;215m▄[48;2;214;214;214m[38;2;215;215;215m▄[48;2;213;213;213m[38;2;215;215;215m▄[48;2;212;212;212m[38;2;215;215;215m▄[48;2;211;211;211m[38;2;214;214;214m▄[48;2;211;211;211m[38;2;214;214;214m▄[0m
