[48;2;220;219;216m[38;2;218;218;218m▄[48;2;221;221;220m[38;2;219;219;219m▄[48;2;221;221;221m[38;2;221;221;221m▄[48;2;223;223;223m[38;2;222;222;222m▄[48;2;223;223;223m[38;2;223;223;223m▄[48;2;223;223;223m[38;2;223;223;223m▄[48;2;223;223;223m[38;2;224;224;224m▄[48;2;224;224;224m[38;2;224;224;224m▄[48;2;224;224;224m[38;2;225;225;225m▄[48;2;224;224;224m[38;2;224;224;224m▄[48;2;225;225;225m[38;2;224;224;224m▄[48;2;225;225;225m[38;2;224;224;224m▄[48;2;227;227;227m[38;2;225;225;225m▄[48;2;228;228;228m[38;2;225;225;225m▄[48;2;227;227;227m[38;2;226;226;226m▄[48;2;227;227;227m[38;2;227;227;227m▄[48;2;227;227;227m[38;2;227;227;227m▄[48;2;227;227;227m[38;2;227;227;227m▄[48;2;228;228;228m[38;2;226;226;226m▄[48;2;227;227;227m[38;2;227;227;227m▄[48;2;227;227;227m[38;2;227;227;227m▄[48;2;227;227;227m[38;2;227;227;227m▄[48;2;227;227;227m[38;2;227;227;227m▄[48;2;227;227;227m[38;2;227;227;227m▄[48;2;227;227;227m[38;2;227;227;227m▄[48;2;228;228;228m[38;2;227;227;227m▄[48;2;228;228;228m[38;2;227;227;227m▄[48;2;227;227;227m[38;2;225;225;225m▄[48;2;226;226;226m[38;2;224;224;224m▄[48;2;225;225;225m[38;2;224;224;224m▄[48;2;225;225;225m[38;2;224;224;224m▄[48;2;225;225;225m[38;2;224;224;224m▄[48;2;225;225;225m[38;2;224;224;224m▄[48;2;224;224;224m[38;2;224;224;224m▄[48;2;223;223;223m[38;2;223;223;223m▄[48;2;223;223;223m[38;2;223;223;223m▄[48;2;223;223;223m[38;2;223;223;223m▄[48;2;223;223;223m[38;2;222;222;222m▄[48;2;221;221;221m[38;2;222;222;222m▄[48;2;221;221;221m[38;2;221;221;221m▄[48;2;220;220;220m[38;2;220;220;220m▄[48;2;218;218;218m[38;2;218;218;218m▄[48;2;218;218;218m[38;2;218;218;218m▄[48;2;217;217;217m[38;2;217;217;217m▄[48;2;217;217;217m[38;2;217;217;217m▄[48;2;217;217;217m[38;2;217;217;217m▄[48;2;216;216;216m[38;2;216;215;216m▄[48;2;215;215;215m[38;2;215;216;215m▄[48;2;215;215;215m[38;2;215;215;215m▄[48;2;215;215;215m[38;2;214;214;214m▄[48;2;214;214;214m[38;2;214;214;214m▄[48;2;213;213;213m[38;2;213;213;213m▄[48;2;213;213;213m[38;2;212;212;212m▄[48;2;211;211;211m[38;2;211;211;211m▄[48;2;211;211;211m[38;2;210;210;210m▄[48;2;211;211;211m[38;2;210;210;210m▄[48;2;210;210;210m[38;2;210;210;210m▄[48;2;209;209;209m[38;2;208;208;208m▄[48;2;208;208;208m[38;2;209;209;209m▄[48;2;208;208;208m[38;2;209;209;209m▄[48;2;207;207;207m[38;2;208;208;208m▄[48;2;207;207;207m[38;2;207;207;207m▄[48;2;206;206;206m[38;2;206;206;206m▄[48;2;204;204;204m[38;2;205;205;205m▄[0m
[48;2;218;218;218m[38;2;217;217;217m▄[48;2;218;218;218m[38;2;218;218;218m▄[48;2;220;220;220m[38;2;218;218;218m▄[48;2;222;222;222m[38;2;221;221;221m▄[48;2;222;222;222m[38;2;223;223;223m▄[48;2;223;223;223m[38;2;223;223;223m▄[48;2;223;223;223m[38;2;223;223;223m▄[48;2;224;224;224m[38;2;224;224;224m▄[48;2;224;224;224m[38;2;224;224;224m▄[48;2;225;225;225m[38;2;224;224;224m▄[48;2;225;225;225m[38;2;224;224;224m▄[48;2;224;224;224m[38;2;224;224;224m▄[48;2;224;224;224m[38;2;224;224;224m▄[48;2;224;224;224m[38;2;224;224;224m▄[48;2;225;225;225m[38;2;224;224;224m▄[48;2;226;226;226m[38;2;225;225;225m▄[48;2;227;227;227m[38;2;225;225;225m▄[48;2;227;227;227m[38;2;226;226;226m▄[48;2;226;226;226m[38;2;226;226;226m▄[48;2;227;227;227m[38;2;226;226;226m▄[48;2;227;227;227m[38;2;227;227;227m▄[48;2;227;227;227m[38;2;227;227;227m▄[48;2;227;227;227m[38;2;227;227;227m▄[48;2;227;227;227m[38;2;227;227;227m▄[48;2;228;228;228m[38;2;226;226;226m▄[48;2;227;227;227m[38;2;225;225;225m▄[48;2;226;226;226m[38;2;224;224;224m▄[48;2;225;225;225m[38;2;224;224;224m▄[48;2;224;224;224m[38;2;223;224;223m▄[48;2;224;224;224m[38;2;224;224;223m▄[48;2;225;225;225m[38;2;223;223;222m▄[48;2;225;225;225m[38;2;224;224;224m▄[48;2;224;224;224m[38;2;223;223;223m▄[48;2;224;224;224m[38;2;222;223;222m▄[48;2;224;224;224m[38;2;222;223;222m▄[48;2;223;223;223m[38;2;222;222;222m▄[48;2;223;223;223m[38;2;223;223;223m▄[48;2;222;222;222m[38;2;222;222;222m▄[48;2;221;221;221m[38;2;221;221;221m▄[48;2;221;221;221m[38;2;220;220;220m▄[48;2;219;219;219m[38;2;219;219;219m▄[48;2;218;218;218m[38;2;217;217;217m▄[48;2;217;217;217m[38;2;216;216;216m▄[48;2;216;216;216m[38;2;216;216;216m▄[48;2;216;216;216m[38;2;216;216;216m▄[48;2;217;217;217m[38;2;217;217;217m▄[48;2;216;216;216m[38;2;216;216;216m▄[48;2;215;215;215m[38;2;215;215;215m▄[48;2;215;215;215m[38;2;215;215;215m▄[48;2;214;214;214m[38;2;214;214;214m▄[48;2;214;214;214m[38;2;214;214;214m▄[48;2;213;213;213m[38;2;213;212;213m▄[48;2;212;212;212m[38;2;212;212;213m▄[48;2;211;211;211m[38;2;211;211;211m▄[48;2;210;210;210m[38;2;210;210;210m▄[48;2;210;210;210m[38;2;210;210;210m▄[48;2;210;210;210m[38;2;210;209;210m▄[48;2;209;209;209m[38;2;209;208;209m▄[48;2;209;209;209m[38;2;209;209;208m▄[48;2;208;208;208m[38;2;209;209;209m▄[48;2;208;208;208m[38;2;207;207;207m▄[48;2;207;207;207m[38;2;207;207;207m▄[48;2;206;206;206m[38;2;207;207;207m▄[48;2;204;204;204m[38;2;205;205;205m▄[0m
[48;2;217;217;217m[38;2;217;217;217m▄[48;2;218;218;218m[38;2;217;217;217m▄[48;2;218;218;218m[38;2;218;218;218m▄[48;2;220;220;220m[38;2;220;220;220m▄[48;2;221;221;221m[38;2;221;221;221m▄[48;2;222;222;222m[38;2;222;222;222m▄[48;2;222;222;222m[38;2;222;222;222m▄[48;2;223;223;223m[38;2;223;223;223m▄[48;2;224;224;224m[38;2;224;224;224m▄[48;2;224;224;224m[38;2;224;224;224m▄[48;2;225;225;225m[38;2;224;224;224m▄[48;2;225;225;225m[38;2;224;224;224m▄[48;2;224;224;224m[38;2;225;225;225m▄[48;2;224;224;224m[38;2;224;224;224m▄[48;2;224;224;224m[38;2;225;225;225m▄[48;2;225;225;225m[38;2;225;225;225m▄[48;2;225;225;225m[38;2;224;224;224m▄[48;2;224;224;224m[38;2;224;224;224m▄[48;2;224;224;224m[38;2;225;225;225m▄[48;2;225;225;225m[38;2;225;225;225m▄[48;2;225;225;225m[38;2;224;224;224m▄[48;2;225;225;225m[38;2;224;224;224m▄[48;2;225;225;225m[38;2;224;224;224m▄[48;2;225;225;225m[38;2;225;225;225m▄[48;2;225;225;225m[38;2;225;225;225m▄[48;2;225;225;225m[38;2;224;224;224m▄[48;2;225;225;225m[38;2;223;224;223m▄[48;2;224;224;224m[38;2;230;227;230m▄[48;2;227;226;227m[38;2;167;193;160m▄[48;2;226;225;228m[38;2;151;187;135m▄[48;2;232;228;233m[38;2;174;197;170m▄[48;2;225;225;225m[38;2;218;220;221m▄[48;2;222;222;222m[38;2;228;227;228m▄[48;2;225;225;225m[38;2;221;222;224m▄[48;2;228;225;230m[38;2;146;181;131m▄[48;2;227;224;228m[38;2;164;192;155m▄[48;2;222;222;222m[38;2;229;226;231m▄[48;2;222;222;222m[38;2;220;221;220m▄[48;2;221;221;221m[38;2;221;221;221m▄[48;2;220;220;220m[38;2;220;220;220m▄[48;2;218;218;218m[38;2;218;218;218m▄[48;2;217;217;217m[38;2;217;217;217m▄[48;2;216;216;216m[38;2;217;217;217m▄[48;2;217;217;217m[38;2;217;217;217m▄[48;2;217;217;217m[38;2;217;217;217m▄[48;2;216;216;216m[38;2;216;216;216m▄[48;2;216;216;216m[38;2;215;215;215m▄[48;2;215;215;215m[38;2;215;215;215m▄[48;2;215;215;215m[38;2;215;215;215m▄[48;2;215;214;215m[38;2;214;214;214m▄[48;2;214;213;214m[38;2;213;213;214m▄[48;2;213;213;213m[38;2;213;213;213m▄[48;2;212;212;212m[38;2;212;212;212m▄[48;2;211;211;211m[38;2;210;211;211m▄[48;2;210;210;210m[38;2;211;211;211m▄[48;2;210;211;210m[38;2;211;210;210m▄[48;2;209;209;209m[38;2;210;210;210m▄[48;2;209;209;209m[38;2;209;209;209m▄[48;2;209;209;209m[38;2;209;209;209m▄[48;2;208;208;208m[38;2;208;208;208m▄[48;2;208;208;208m[38;2;208;208;208m▄[48;2;207;207;207m[38;2;207;207;207m▄[48;2;206;206;206m[38;2;205;205;205m▄[48;2;204;204;204m[38;2;204;204;204m▄[0m
[48;2;217;217;217m[38;2;217;217;217m▄[48;2;217;217;218m[38;2;217;217;217m▄[48;2;218;218;218m[38;2;217;217;217m▄[48;2;219;219;220m[38;2;218;218;218m▄[48;2;221;221;221m[38;2;220;220;220m▄[48;2;221;221;221m[38;2;221;221;221m▄[48;2;222;222;222m[38;2;221;221;221m▄[48;2;223;223;223m[38;2;223;223;223m▄[48;2;223;223;223m[38;2;223;223;223m▄[48;2;223;223;223m[38;2;223;223;223m▄[48;2;224;224;224m[38;2;223;223;223m▄[48;2;224;224;224m[38;2;224;224;224m▄[48;2;225;225;225m[38;2;224;224;224m▄[48;2;225;225;225m[38;2;224;224;224m▄[48;2;225;225;225m[38;2;224;224;224m▄[48;2;225;225;225m[38;2;224;224;224m▄[48;2;225;225;225m[38;2;224;224;224m▄[48;2;224;224;224m[38;2;225;225;225m▄[48;2;224;224;224m[38;2;225;225;225m▄[48;2;224;224;224m[38;2;225;225;225m▄[48;2;224;224;225m[38;2;225;225;225m▄[48;2;224;224;224m[38;2;224;224;224m▄[48;2;224;224;224m[38;2;224;224;224m▄[48;2;225;225;225m[38;2;225;225;225m▄[48;2;224;224;224m[38;2;225;225;225m▄[48;2;224;224;224m[38;2;224;224;224m▄[48;2;223;224;223m[38;2;223;224;223m▄[48;2;230;227;232m[38;2;232;229;232m▄[48;2;158;190;147m[38;2;187;201;186m▄[48;2;150;194;95m[38;2;126;176;79m▄[48;2;135;183;83m[38;2;135;183;78m▄[48;2;138;177;117m[38;2;128;177;76m▄[48;2;225;223;229m[38;2;140;176;126m▄[48;2;151;184;137m[38;2;118;165;98m▄[48;2;111;166;75m[38;2;178;190;177m▄[48;2;171;192;164m[38;2;200;201;204m▄[48;2;224;221;225m[38;2;209;211;211m▄[48;2;217;219;217m[38;2;227;224;229m▄[48;2;220;220;220m[38;2;221;221;221m▄[48;2;220;220;220m[38;2;219;219;219m▄[48;2;218;218;218m[38;2;218;218;218m▄[48;2;217;217;217m[38;2;217;217;217m▄[48;2;216;216;216m[38;2;217;217;217m▄[48;2;217;217;217m[38;2;217;217;217m▄[48;2;217;217;217m[38;2;216;216;216m▄[48;2;216;216;216m[38;2;215;215;215m▄[48;2;215;215;215m[38;2;215;215;215m▄[48;2;215;215;215m[38;2;215;215;215m▄[48;2;215;215;215m[38;2;214;214;214m▄[48;2;214;214;214m[38;2;213;213;213m▄[48;2;213;213;213m[38;2;213;213;213m▄[48;2;212;212;212m[38;2;213;213;213m▄[48;2;212;212;212m[38;2;211;211;211m▄[48;2;210;210;210m[38;2;211;211;211m▄[48;2;210;210;210m[38;2;211;211;211m▄[48;2;210;210;210m[38;2;211;211;211m▄[48;2;210;210;210m[38;2;209;209;209m▄[48;2;209;209;209m[38;2;208;208;208m▄[48;2;209;209;209m[38;2;208;208;208m▄[48;2;207;207;208m[38;2;208;208;208m▄[48;2;207;207;207m[38;2;207;207;207m▄[48;2;207;207;207m[38;2;206;206;206m▄[48;2;205;205;205m[38;2;205;205;205m▄[48;2;204;204;205m[38;2;204;204;204m▄[0m
[48;2;216;216;216m[38;2;216;216;216m▄[48;2;216;216;216m[38;2;216;216;216m▄[48;2;217;217;217m[38;2;217;217;217m▄[48;2;218;218;218m[38;2;218;218;218m▄[48;2;219;219;219m[38;2;218;218;218m▄[48;2;220;220;220m[38;2;219;219;219m▄[48;2;221;221;221m[38;2;221;220;221m▄[48;2;221;221;221m[38;2;221;221;221m▄[48;2;223;223;223m[38;2;221;221;221m▄[48;2;223;223;223m[38;2;222;222;222m▄[48;2;223;223;223m[38;2;222;222;222m▄[48;2;224;224;224m[38;2;223;223;223m▄[48;2;224;224;224m[38;2;223;223;223m▄[48;2;224;224;224m[38;2;223;223;223m▄[48;2;224;224;224m[38;2;223;223;223m▄[48;2;224;224;224m[38;2;224;224;224m▄[48;2;224;224;224m[38;2;224;224;224m▄[48;2;224;224;224m[38;2;224;224;224m▄[48;2;224;224;224m[38;2;224;224;224m▄[48;2;224;224;225m[38;2;225;224;225m▄[48;2;225;225;225m[38;2;225;225;225m▄[48;2;225;225;225m[38;2;224;224;224m▄[48;2;225;225;225m[38;2;224;224;224m▄[48;2;224;224;224m[38;2;223;223;223m▄[48;2;224;224;224m[38;2;223;223;223m▄[48;2;224;224;224m[38;2;224;223;223m▄[48;2;224;223;223m[38;2;224;227;226m▄[48;2;224;227;226m[38;2;222;216;216m▄[48;2;226;230;233m[38;2;223;167;174m▄[48;2;155;184;145m[38;2;231;157;171m▄[48;2;114;175;77m[38;2;186;144;138m▄[48;2;97;165;69m[38;2;144;148;114m▄[48;2;73;143;55m[38;2;114;143;89m▄[48;2;108;156;99m[38;2;80;153;65m▄[48;2;137;178;117m[38;2;101;168;66m▄[48;2;137;182;104m[38;2;131;184;77m▄[48;2;146;184;125m[38;2;149;198;81m▄[48;2;175;195;171m[38;2;111;168;72m▄[48;2;218;219;218m[38;2;175;192;174m▄[48;2;218;218;218m[38;2;225;221;225m▄[48;2;217;217;217m[38;2;215;215;215m▄[48;2;217;217;217m[38;2;216;216;216m▄[48;2;217;217;217m[38;2;216;216;216m▄[48;2;217;217;217m[38;2;216;216;216m▄[48;2;216;216;216m[38;2;216;216;216m▄[48;2;215;215;215m[38;2;215;215;215m▄[48;2;215;215;215m[38;2;215;215;215m▄[48;2;214;214;214m[38;2;214;214;214m▄[48;2;214;214;214m[38;2;214;214;214m▄[48;2;213;213;213m[38;2;213;213;213m▄[48;2;213;213;213m[38;2;212;212;212m▄[48;2;212;212;212m[38;2;211;211;211m▄[48;2;211;211;211m[38;2;211;211;211m▄[48;2;211;211;211m[38;2;210;210;210m▄[48;2;211;211;211m[38;2;210;210;210m▄[48;2;210;210;210m[38;2;210;210;210m▄[48;2;210;210;210m[38;2;209;209;209m▄[48;2;209;209;209m[38;2;209;209;209m▄[48;2;208;208;208m[38;2;208;208;208m▄[48;2;208;208;208m[38;2;207;207;207m▄[48;2;207;207;207m[38;2;207;207;207m▄[48;2;206;206;207m[38;2;206;206;206m▄[48;2;205;204;207m[38;2;205;205;205m▄[48;2;204;204;204m[38;2;204;204;205m▄[0m
[48;2;216;216;216m[38;2;216;216;216m▄[48;2;216;216;216m[38;2;216;216;216m▄[48;2;216;216;216m[38;2;216;216;216m▄[48;2;217;217;217m[38;2;216;216;216m▄[48;2;218;218;218m[38;2;217;217;217m▄[48;2;219;219;218m[38;2;218;218;218m▄[48;2;220;220;220m[38;2;218;218;218m▄[48;2;221;220;222m[38;2;220;219;220m▄[48;2;221;221;221m[38;2;221;220;221m▄[48;2;222;222;222m[38;2;221;221;221m▄[48;2;222;222;222m[38;2;222;222;222m▄[48;2;223;223;223m[38;2;222;222;222m▄[48;2;223;223;223m[38;2;222;222;222m▄[48;2;223;223;223m[38;2;223;223;223m▄[48;2;223;223;223m[38;2;222;222;222m▄[48;2;224;224;224m[38;2;223;223;223m▄[48;2;224;224;224m[38;2;223;223;223m▄[48;2;224;224;224m[38;2;223;223;223m▄[48;2;224;224;224m[38;2;223;223;223m▄[48;2;224;224;224m[38;2;223;223;223m▄[48;2;224;224;224m[38;2;223;223;223m▄[48;2;224;224;224m[38;2;223;223;223m▄[48;2;224;224;224m[38;2;223;223;223m▄[48;2;224;224;224m[38;2;223;223;223m▄[48;2;224;224;224m[38;2;223;222;222m▄[48;2;224;224;224m[38;2;225;230;229m▄[48;2;222;222;222m[38;2;217;198;201m▄[48;2;221;154;160m[38;2;218;118;132m▄[48;2;238;136;147m[38;2;228;131;143m▄[48;2;240;140;150m[38;2;223;122;135m▄[48;2;236;129;145m[38;2;221;131;140m▄[48;2;236;147;164m[38;2;239;166;171m▄[48;2;242;155;167m[38;2;238;152;163m▄[48;2;159;129;105m[38;2;235;131;150m▄[48;2;125;161;91m[38;2;237;149;162m▄[48;2;126;166;79m[38;2;216;139;147m▄[48;2;124;168;95m[38;2;196;182;189m▄[48;2;158;180;151m[38;2;208;209;214m▄[48;2;205;204;205m[38;2;209;207;208m▄[48;2;214;214;214m[38;2;215;215;215m▄[48;2;216;216;216m[38;2;216;216;216m▄[48;2;216;216;216m[38;2;216;217;217m▄[48;2;217;217;217m[38;2;217;217;216m▄[48;2;216;216;216m[38;2;216;216;215m▄[48;2;216;216;216m[38;2;216;216;216m▄[48;2;215;215;215m[38;2;215;215;215m▄[48;2;215;215;215m[38;2;215;215;215m▄[48;2;214;214;215m[38;2;214;214;214m▄[48;2;214;214;214m[38;2;213;213;213m▄[48;2;213;213;213m[38;2;213;213;213m▄[48;2;213;213;213m[38;2;212;212;212m▄[48;2;211;211;211m[38;2;211;211;211m▄[48;2;211;211;211m[38;2;211;211;211m▄[48;2;211;211;211m[38;2;211;211;211m▄[48;2;211;211;211m[38;2;211;211;211m▄[48;2;211;211;211m[38;2;210;210;210m▄[48;2;208;208;208m[38;2;208;208;208m▄[48;2;209;209;209m[38;2;208;208;208m▄[48;2;208;208;208m[38;2;208;208;208m▄[48;2;208;208;208m[38;2;208;208;208m▄[48;2;207;207;207m[38;2;207;207;207m▄[48;2;207;206;207m[38;2;206;206;207m▄[48;2;205;205;205m[38;2;205;204;205m▄[48;2;204;203;205m[38;2;204;204;204m▄[0m
[48;2;216;216;216m[38;2;215;215;215m▄[48;2;216;216;216m[38;2;216;216;216m▄[48;2;216;216;216m[38;2;216;216;216m▄[48;2;216;216;216m[38;2;216;216;216m▄[48;2;216;216;216m[38;2;216;216;216m▄[48;2;217;217;217m[38;2;217;217;217m▄[48;2;218;218;218m[38;2;217;217;217m▄[48;2;218;218;218m[38;2;217;217;217m▄[48;2;219;219;219m[38;2;218;218;218m▄[48;2;220;220;220m[38;2;219;219;219m▄[48;2;221;221;221m[38;2;219;219;219m▄[48;2;221;221;221m[38;2;220;220;220m▄[48;2;222;222;222m[38;2;220;220;220m▄[48;2;222;222;222m[38;2;221;221;221m▄[48;2;222;222;222m[38;2;222;222;222m▄[48;2;222;222;222m[38;2;222;222;222m▄[48;2;222;222;222m[38;2;222;222;222m▄[48;2;222;222;222m[38;2;222;222;222m▄[48;2;223;223;223m[38;2;222;222;222m▄[48;2;223;223;223m[38;2;223;223;223m▄[48;2;223;223;223m[38;2;222;222;222m▄[48;2;223;223;223m[38;2;222;222;222m▄[48;2;223;223;223m[38;2;222;222;222m▄[48;2;223;223;223m[38;2;222;221;221m▄[48;2;224;224;223m[38;2;225;230;229m▄[48;2;222;222;222m[38;2;212;184;190m▄[48;2;213;143;154m[38;2;223;120;135m▄[48;2;228;128;142m[38;2;235;124;139m▄[48;2;235;134;148m[38;2;218;96;117m▄[48;2;220;131;144m[38;2;213;140;153m▄[48;2;219;151;161m[38;2;255;255;255m▄[48;2;229;138;148m[38;2;223;170;179m▄[48;2;242;163;171m[38;2;223;131;144m▄[48;2;225;134;145m[38;2;225;133;145m▄[48;2;237;150;159m[38;2;227;144;154m▄[48;2;232;145;155m[38;2;218;118;132m▄[48;2;201;125;137m[38;2;218;100;117m▄[48;2;209;213;212m[38;2;207;181;185m▄[48;2;216;217;217m[38;2;219;225;225m▄[48;2;217;217;218m[38;2;217;213;209m▄[48;2;217;217;218m[38;2;214;208;199m▄[48;2;217;216;215m[38;2;214;206;194m▄[48;2;216;217;218m[38;2;213;201;186m▄[48;2;215;216;218m[38;2;214;209;202m▄[48;2;215;215;215m[38;2;216;217;219m▄[48;2;215;215;215m[38;2;215;214;214m▄[48;2;215;215;215m[38;2;214;214;214m▄[48;2;214;214;214m[38;2;214;214;214m▄[48;2;213;213;213m[38;2;213;213;213m▄[48;2;212;212;212m[38;2;213;213;213m▄[48;2;212;212;212m[38;2;212;212;212m▄[48;2;211;211;211m[38;2;211;211;211m▄[48;2;211;211;211m[38;2;211;211;211m▄[48;2;211;211;211m[38;2;211;211;211m▄[48;2;210;210;210m[38;2;210;210;210m▄[48;2;209;209;209m[38;2;209;209;209m▄[48;2;209;209;209m[38;2;209;209;209m▄[48;2;209;208;209m[38;2;208;208;208m▄[48;2;208;208;208m[38;2;207;207;207m▄[48;2;208;208;208m[38;2;207;207;207m▄[48;2;207;207;207m[38;2;207;207;207m▄[48;2;206;205;206m[38;2;204;204;205m▄[48;2;204;204;205m[38;2;204;204;205m▄[48;2;204;204;204m[38;2;204;204;204m▄[0m
[48;2;215;215;215m[38;2;215;215;215m▄[48;2;216;216;216m[38;2;215;215;216m▄[48;2;216;216;216m[38;2;216;216;216m▄[48;2;216;216;216m[38;2;216;216;216m▄[48;2;216;216;216m[38;2;217;217;217m▄[48;2;217;217;217m[38;2;216;216;216m▄[48;2;217;217;217m[38;2;217;217;217m▄[48;2;217;217;217m[38;2;217;217;217m▄[48;2;217;217;217m[38;2;216;216;216m▄[48;2;218;218;218m[38;2;217;217;217m▄[48;2;218;218;218m[38;2;217;217;217m▄[48;2;218;218;218m[38;2;218;218;218m▄[48;2;218;218;218m[38;2;218;218;218m▄[48;2;219;219;220m[38;2;218;218;218m▄[48;2;221;221;221m[38;2;219;219;219m▄[48;2;221;221;221m[38;2;220;220;220m▄[48;2;221;221;221m[38;2;220;220;220m▄[48;2;221;221;221m[38;2;220;220;220m▄[48;2;222;222;222m[38;2;221;221;221m▄[48;2;221;221;221m[38;2;222;222;222m▄[48;2;221;221;221m[38;2;221;221;221m▄[48;2;221;221;221m[38;2;221;220;220m▄[48;2;221;221;221m[38;2;221;220;220m▄[48;2;221;220;220m[38;2;221;219;219m▄[48;2;224;231;230m[38;2;222;223;223m▄[48;2;207;173;181m[38;2;216;208;210m▄[48;2;223;108;125m[38;2;199;99;118m▄[48;2;218;109;126m[38;2;215;105;123m▄[48;2;210;97;117m[38;2;220;102;121m▄[48;2;203;92;112m[38;2;218;106;123m▄[48;2;226;183;192m[38;2;216;105;123m▄[48;2;255;255;255m[38;2;215;150;163m▄[48;2;239;218;222m[38;2;243;234;236m▄[48;2;204;115;131m[38;2;213;126;142m▄[48;2;211;101;119m[38;2;230;116;130m▄[48;2;228;118;133m[38;2;229;118;134m▄[48;2;223;105;122m[38;2;203;103;122m▄[48;2;201;164;170m[38;2;196;187;190m▄[48;2;227;233;232m[38;2;213;214;214m▄[48;2;218;213;209m[38;2;216;215;217m▄[48;2;215;213;212m[38;2;215;215;215m▄[48;2;215;215;217m[38;2;215;214;213m▄[48;2;214;212;211m[38;2;218;222;228m▄[48;2;209;195;175m[38;2;210;200;187m▄[48;2;214;212;209m[38;2;211;204;194m▄[48;2;214;215;216m[38;2;215;217;219m▄[48;2;214;214;214m[38;2;214;213;213m▄[48;2;213;213;213m[38;2;213;212;213m▄[48;2;212;212;212m[38;2;211;211;211m▄[48;2;212;212;212m[38;2;211;211;211m▄[48;2;211;211;211m[38;2;211;211;211m▄[48;2;211;211;211m[38;2;211;211;211m▄[48;2;211;211;211m[38;2;211;211;211m▄[48;2;210;210;210m[38;2;210;210;210m▄[48;2;210;210;210m[38;2;209;209;209m▄[48;2;209;209;209m[38;2;209;209;209m▄[48;2;208;208;208m[38;2;209;209;209m▄[48;2;208;208;208m[38;2;208;208;208m▄[48;2;207;207;207m[38;2;207;207;207m▄[48;2;207;207;207m[38;2;207;207;207m▄[48;2;205;205;205m[38;2;205;205;205m▄[48;2;205;205;205m[38;2;204;204;204m▄[48;2;204;204;204m[38;2;203;203;203m▄[48;2;203;203;203m[38;2;203;203;203m▄[0m
[48;2;215;215;215m[38;2;215;215;215m▄[48;2;215;215;215m[38;2;215;215;215m▄[48;2;215;215;215m[38;2;215;215;215m▄[48;2;216;216;216m[38;2;215;215;215m▄[48;2;216;216;216m[38;2;215;215;215m▄[48;2;217;217;217m[38;2;216;216;216m▄[48;2;217;217;217m[38;2;216;216;216m▄[48;2;217;217;217m[38;2;216;216;216m▄[48;2;216;216;216m[38;2;216;216;216m▄[48;2;216;216;216m[38;2;216;216;216m▄[48;2;216;216;216m[38;2;216;216;216m▄[48;2;217;217;217m[38;2;217;217;217m▄[48;2;217;217;217m[38;2;217;217;217m▄[48;2;217;217;217m[38;2;217;217;217m▄[48;2;218;218;218m[38;2;217;217;217m▄[48;2;218;218;218m[38;2;218;218;218m▄[48;2;220;220;220m[38;2;218;218;218m▄[48;2;220;220;220m[38;2;220;220;221m▄[48;2;222;222;222m[38;2;224;223;223m▄[48;2;224;224;224m[38;2;231;231;231m▄[48;2;221;222;222m[38;2;221;218;218m▄[48;2;220;224;224m[38;2;219;202;203m▄[48;2;219;225;224m[38;2;221;195;197m▄[48;2;219;225;225m[38;2;221;191;193m▄[48;2;219;223;223m[38;2;218;192;194m▄[48;2;223;231;229m[38;2;220;219;219m▄[48;2;201;167;175m[38;2;214;214;216m▄[48;2;216;101;119m[38;2;203;101;120m▄[48;2;222;102;121m[38;2;228;103;120m▄[48;2;212;98;118m[38;2;209;94;113m▄[48;2;233;129;142m[38;2;230;124;137m▄[48;2;225;115;129m[38;2;213;104;122m▄[48;2;197;87;107m[38;2;204;80;102m▄[48;2;203;84;106m[38;2;218;93;114m▄[48;2;212;97;117m[38;2;215;86;107m▄[48;2;199;78;101m[38;2;195;88;109m▄[48;2;187;154;163m[38;2;194;195;197m▄[48;2;202;212;211m[38;2;210;189;191m▄[48;2;212;217;217m[38;2;222;165;167m▄[48;2;215;219;218m[38;2;218;194;197m▄[48;2;216;216;217m[38;2;214;214;212m▄[48;2;217;217;218m[38;2;200;188;167m▄[48;2;210;200;190m[38;2;202;196;178m▄[48;2;204;187;164m[38;2;214;213;213m▄[48;2;212;210;210m[38;2;207;204;199m▄[48;2;213;213;213m[38;2;209;208;206m▄[48;2;213;212;213m[38;2;212;212;213m▄[48;2;211;211;212m[38;2;212;212;212m▄[48;2;211;211;211m[38;2;210;210;210m▄[48;2;212;212;212m[38;2;211;211;211m▄[48;2;212;212;212m[38;2;211;211;211m▄[48;2;211;211;211m[38;2;211;211;211m▄[48;2;210;210;210m[38;2;210;210;210m▄[48;2;210;210;210m[38;2;209;209;209m▄[48;2;208;208;208m[38;2;208;208;208m▄[48;2;209;209;209m[38;2;209;208;209m▄[48;2;208;208;208m[38;2;208;208;208m▄[48;2;208;207;208m[38;2;207;207;207m▄[48;2;207;207;207m[38;2;207;207;207m▄[48;2;207;207;207m[38;2;206;206;206m▄[48;2;205;205;205m[38;2;204;204;204m▄[48;2;204;204;204m[38;2;204;204;204m▄[48;2;203;203;203m[38;2;203;203;203m▄[48;2;203;203;203m[38;2;203;203;203m▄[0m
[48;2;215;215;215m[38;2;213;213;213m▄[48;2;215;215;215m[38;2;214;214;214m▄[48;2;215;215;215m[38;2;215;215;215m▄[48;2;215;215;215m[38;2;215;215;215m▄[48;2;215;215;215m[38;2;215;215;215m▄[48;2;216;216;216m[38;2;215;215;215m▄[48;2;216;216;216m[38;2;216;216;216m▄[48;2;216;216;216m[38;2;216;216;216m▄[48;2;217;217;217m[38;2;216;216;217m▄[48;2;217;217;217m[38;2;217;217;217m▄[48;2;217;217;217m[38;2;217;217;217m▄[48;2;216;216;216m[38;2;217;217;217m▄[48;2;216;216;216m[38;2;217;217;217m▄[48;2;216;216;216m[38;2;217;217;217m▄[48;2;216;216;216m[38;2;217;217;217m▄[48;2;216;216;216m[38;2;217;217;217m▄[48;2;219;219;219m[38;2;218;217;217m▄[48;2;224;223;223m[38;2;223;227;226m▄[48;2;235;238;237m[38;2;231;208;210m▄[48;2;247;248;249m[38;2;249;232;234m▄[48;2;237;209;211m[38;2;238;202;205m▄[48;2;231;163;168m[38;2;222;132;143m▄[48;2;225;143;151m[38;2;231;158;166m▄[48;2;226;147;155m[38;2;214;115;127m▄[48;2;232;158;165m[38;2;218;143;151m▄[48;2;222;147;154m[38;2;241;178;184m▄[48;2;220;208;209m[38;2;216;156;162m▄[48;2;204;176;182m[38;2;217;234;232m▄[48;2;200;94;114m[38;2;205;204;206m▄[48;2;202;79;102m[38;2;194;184;189m▄[48;2;197;98;118m[38;2;198;160;167m▄[48;2;197;118;132m[38;2;237;164;170m▄[48;2;209;124;137m[38;2;225;150;158m▄[48;2;204;85;108m[38;2;192;170;175m▄[48;2;196;84;107m[38;2;191;192;193m▄[48;2;188;160;169m[38;2;201;219;217m▄[48;2;200;194;193m[38;2;210;155;161m▄[48;2;226;148;155m[38;2;235;169;175m▄[48;2;237;171;178m[38;2;219;144;154m▄[48;2;224;150;158m[38;2;213;144;150m▄[48;2;201;193;178m[38;2;207;204;202m▄[48;2;211;192;189m[38;2;223;149;158m▄[48;2;216;189;196m[38;2;232;147;155m▄[48;2;212;211;210m[38;2;210;168;172m▄[48;2;204;197;185m[38;2;211;217;216m▄[48;2;211;211;211m[38;2;211;210;210m▄[48;2;211;211;211m[38;2;211;211;211m▄[48;2;211;211;211m[38;2;211;211;211m▄[48;2;211;211;211m[38;2;211;211;211m▄[48;2;211;211;211m[38;2;211;211;211m▄[48;2;212;212;212m[38;2;211;211;211m▄[48;2;210;210;210m[38;2;209;209;210m▄[48;2;209;209;209m[38;2;208;208;208m▄[48;2;209;209;209m[38;2;208;208;208m▄[48;2;209;209;209m[38;2;208;208;208m▄[48;2;208;208;209m[38;2;208;208;208m▄[48;2;207;207;208m[38;2;207;207;208m▄[48;2;207;207;207m[38;2;206;206;206m▄[48;2;207;207;207m[38;2;206;206;206m▄[48;2;206;206;206m[38;2;205;205;205m▄[48;2;204;204;204m[38;2;203;203;203m▄[48;2;204;204;204m[38;2;203;203;203m▄[48;2;203;203;203m[38;2;203;203;203m▄[48;2;203;203;203m[38;2;203;203;203m▄[0m
[48;2;213;213;213m[38;2;212;212;212m▄[48;2;214;214;214m[38;2;213;213;213m▄[48;2;214;214;214m[38;2;214;214;214m▄[48;2;215;215;215m[38;2;214;214;214m▄[48;2;215;215;215m[38;2;214;214;214m▄[48;2;215;215;215m[38;2;215;215;215m▄[48;2;216;216;216m[38;2;214;214;214m▄[48;2;216;216;216m[38;2;216;216;216m▄[48;2;216;216;216m[38;2;216;216;216m▄[48;2;216;216;216m[38;2;216;216;216m▄[48;2;216;216;216m[38;2;216;216;216m▄[48;2;216;216;216m[38;2;216;216;216m▄[48;2;217;217;217m[38;2;216;216;216m▄[48;2;217;217;217m[38;2;216;216;216m▄[48;2;217;217;217m[38;2;217;217;217m▄[48;2;217;217;217m[38;2;217;217;218m▄[48;2;217;216;216m[38;2;217;215;216m▄[48;2;218;220;220m[38;2;218;223;222m▄[48;2;216;152;160m[38;2;207;143;153m▄[48;2;247;221;223m[38;2;212;124;137m▄[48;2;210;120;131m[38;2;191;88;105m▄[48;2;223;138;148m[38;2;233;170;178m▄[48;2;236;176;185m[38;2;212;127;140m▄[48;2;197;117;129m[38;2;201;108;122m▄[48;2;214;145;154m[38;2;232;171;180m▄[48;2;241;184;190m[38;2;194;95;113m▄[48;2;201;113;124m[38;2;212;123;137m▄[48;2;210;158;167m[38;2;217;141;153m▄[48;2;211;149;159m[38;2;227;157;167m▄[48;2;207;172;177m[38;2;215;128;142m▄[48;2;208;154;160m[38;2;198;98;114m▄[48;2;208;107;121m[38;2;230;164;173m▄[48;2;208;129;139m[38;2;188;92;107m▄[48;2;201;168;172m[38;2;221;144;156m▄[48;2;210;152;160m[38;2;220;144;156m▄[48;2;204;153;160m[38;2;211;126;138m▄[48;2;216;139;148m[38;2;217;140;150m▄[48;2;235;180;185m[38;2;227;171;179m▄[48;2;208;121;132m[38;2;213;142;152m▄[48;2;202;121;133m[38;2;232;165;174m▄[48;2;204;180;183m[38;2;189;87;102m▄[48;2;207;116;127m[38;2;231;163;171m▄[48;2;210;119;130m[38;2;203;123;134m▄[48;2;204;173;178m[38;2;194;192;191m▄[48;2;208;214;214m[38;2;208;210;209m▄[48;2;211;209;210m[38;2;210;210;210m▄[48;2;211;211;211m[38;2;211;211;211m▄[48;2;211;211;211m[38;2;211;210;212m▄[48;2;210;210;209m[38;2;211;211;210m▄[48;2;210;210;209m[38;2;211;211;210m▄[48;2;211;211;211m[38;2;210;211;213m▄[48;2;210;209;210m[38;2;210;209;214m▄[48;2;208;208;210m[38;2;209;208;211m▄[48;2;209;208;209m[38;2;209;208;209m▄[48;2;208;208;208m[38;2;208;208;208m▄[48;2;208;208;208m[38;2;208;208;208m▄[48;2;208;208;208m[38;2;208;208;204m▄[48;2;207;207;207m[38;2;207;207;203m▄[48;2;205;205;206m[38;2;205;205;205m▄[48;2;204;204;204m[38;2;204;203;205m▄[48;2;204;204;204m[38;2;204;204;204m▄[48;2;203;203;203m[38;2;203;203;203m▄[48;2;202;202;203m[38;2;203;202;203m▄[48;2;203;203;203m[38;2;204;203;204m▄[0m
[48;2;211;211;211m[38;2;210;210;210m▄[48;2;211;211;211m[38;2;210;210;210m▄[48;2;212;212;212m[38;2;211;211;211m▄[48;2;213;213;213m[38;2;212;212;212m▄[48;2;214;214;214m[38;2;213;213;213m▄[48;2;214;214;214m[38;2;214;214;214m▄[48;2;214;214;214m[38;2;214;214;214m▄[48;2;215;215;215m[38;2;214;214;214m▄[48;2;215;215;215m[38;2;214;214;214m▄[48;2;215;215;215m[38;2;215;215;215m▄[48;2;216;216;216m[38;2;215;215;215m▄[48;2;215;215;216m[38;2;215;215;215m▄[48;2;216;216;216m[38;2;215;215;215m▄[48;2;215;215;215m[38;2;215;215;215m▄[48;2;216;216;216m[38;2;216;216;216m▄[48;2;216;216;216m[38;2;216;216;216m▄[48;2;216;216;216m[38;2;216;216;216m▄[48;2;216;219;218m[38;2;216;215;216m▄[48;2;215;206;208m[38;2;218;223;220m▄[48;2;200;150;159m[38;2;198;191;193m▄[48;2;191;99;116m[38;2;202;108;127m▄[48;2;229;147;157m[38;2;215;122;139m▄[48;2;214;136;150m[38;2;160;57;81m▄[48;2;226;150;163m[38;2;234;148;159m▄[48;2;180;85;105m[38;2;177;90;109m▄[48;2;193;94;114m[38;2;195;101;121m▄[48;2;227;157;168m[38;2;228;136;150m▄[48;2;168;57;82m[38;2;192;98;117m▄[48;2;232;164;174m[38;2;241;155;165m▄[48;2;185;86;106m[38;2;182;84;106m▄[48;2;210;123;137m[38;2;239;156;166m▄[48;2;210;132;145m[38;2;192;94;113m▄[48;2;190;89;108m[38;2;214;129;144m▄[48;2;228;162;171m[38;2;219;126;140m▄[48;2;180;78;98m[38;2;173;88;107m▄[48;2;182;82;101m[38;2;198;109;127m▄[48;2;228;152;163m[38;2;249;165;176m▄[48;2;215;142;156m[38;2;176;72;96m▄[48;2;198;108;126m[38;2;209;112;130m▄[48;2;220;143;155m[38;2;206;116;132m▄[48;2;176;69;89m[38;2;210;127;140m▄[48;2;235;164;172m[38;2;224;132;146m▄[48;2;178;75;95m[38;2;178;82;103m▄[48;2;186;106;123m[38;2;185;96;115m▄[48;2;207;202;204m[38;2;202;198;200m▄[48;2;211;212;212m[38;2;210;211;211m▄[48;2;210;210;210m[38;2;211;210;211m▄[48;2;210;210;211m[38;2;210;210;210m▄[48;2;210;210;211m[38;2;210;210;210m▄[48;2;211;210;210m[38;2;210;210;210m▄[48;2;208;211;214m[38;2;208;209;211m▄[48;2;208;211;216m[38;2;206;209;213m▄[48;2;208;208;213m[38;2;208;208;213m▄[48;2;208;208;209m[38;2;208;207;210m▄[48;2;208;207;208m[38;2;207;207;208m▄[48;2;208;208;207m[38;2;208;208;207m▄[48;2;208;208;203m[38;2;207;208;202m▄[48;2;207;207;201m[38;2;205;207;202m▄[48;2;205;205;202m[38;2;205;206;202m▄[48;2;203;203;204m[38;2;203;203;203m▄[48;2;203;203;203m[38;2;203;203;203m▄[48;2;203;203;203m[38;2;203;203;203m▄[48;2;202;202;202m[38;2;202;202;202m▄[48;2;202;202;204m[38;2;202;201;203m▄[0m
[48;2;210;210;210m[38;2;211;211;211m▄[48;2;210;210;210m[38;2;211;211;211m▄[48;2;210;210;210m[38;2;210;211;210m▄[48;2;211;211;211m[38;2;210;210;210m▄[48;2;211;211;212m[38;2;211;211;211m▄[48;2;212;212;212m[38;2;211;211;211m▄[48;2;213;213;213m[38;2;211;211;211m▄[48;2;213;213;214m[38;2;211;211;212m▄[48;2;214;213;214m[38;2;212;212;212m▄[48;2;215;215;215m[38;2;213;213;213m▄[48;2;214;214;214m[38;2;214;214;214m▄[48;2;214;214;214m[38;2;214;214;214m▄[48;2;215;215;215m[38;2;214;214;214m▄[48;2;215;215;215m[38;2;215;215;215m▄[48;2;215;215;215m[38;2;215;215;215m▄[48;2;215;215;215m[38;2;215;215;215m▄[48;2;215;215;215m[38;2;215;215;215m▄[48;2;215;215;216m[38;2;214;214;215m▄[48;2;212;209;198m[38;2;200;190;173m▄[48;2;189;155;161m[38;2;212;205;208m▄[48;2;199;88;109m[38;2;178;98;121m▄[48;2;199;100;119m[38;2;172;92;114m▄[48;2;170;115;131m[38;2;198;194;190m▄[48;2;196;96;118m[38;2;170;98;110m▄[48;2;226;133;148m[38;2;211;105;126m▄[48;2;160;55;80m[38;2;216;116;134m▄[48;2;207;101;121m[38;2;158;61;85m▄[48;2;188;87;109m[38;2;165;83;103m▄[48;2;200;101;122m[38;2;150;46;73m▄[48;2;187;89;112m[38;2;178;117;131m▄[48;2;187;86;107m[38;2;180;131;144m▄[48;2;199;103;123m[38;2;175;94;114m▄[48;2;171;72;96m[38;2;184;114;130m▄[48;2;202;106;125m[38;2;164;70;93m▄[48;2;196;102;122m[38;2;167;69;92m▄[48;2;173;71;96m[38;2;177;89;110m▄[48;2;192;91;112m[38;2;163;62;88m▄[48;2;167;73;96m[38;2;191;162;169m▄[48;2;183;83;104m[38;2;188;154;162m▄[48;2;196;90;113m[38;2;180;127;140m▄[48;2;175;72;96m[38;2;187;152;161m▄[48;2;201;95;116m[38;2;178;120;138m▄[48;2;178;75;99m[38;2;187;160;168m▄[48;2;183;150;158m[38;2;192;196;193m▄[48;2;199;205;204m[38;2;202;201;202m▄[48;2;208;206;207m[38;2;208;208;209m▄[48;2;210;210;210m[38;2;209;209;208m▄[48;2;209;209;209m[38;2;209;208;209m▄[48;2;209;209;209m[38;2;208;208;208m▄[48;2;209;209;209m[38;2;208;208;208m▄[48;2;208;208;209m[38;2;208;208;207m▄[48;2;208;207;210m[38;2;208;208;208m▄[48;2;208;207;210m[38;2;208;207;208m▄[48;2;207;207;208m[38;2;207;207;207m▄[48;2;207;207;206m[38;2;207;207;205m▄[48;2;208;208;204m[38;2;207;207;202m▄[48;2;206;208;203m[38;2;206;207;203m▄[48;2;204;207;202m[38;2;204;206;202m▄[48;2;204;206;203m[38;2;202;205;202m▄[48;2;203;203;205m[38;2;202;203;205m▄[48;2;202;202;204m[38;2;203;202;205m▄[48;2;202;202;202m[38;2;202;202;203m▄[48;2;201;202;201m[38;2;201;201;201m▄[48;2;201;201;201m[38;2;200;200;200m▄[0m
[48;2;210;210;210m[38;2;209;209;209m▄[48;2;211;210;211m[38;2;209;209;210m▄[48;2;211;210;211m[38;2;210;210;210m▄[48;2;210;210;210m[38;2;210;210;210m▄[48;2;210;210;210m[38;2;210;210;210m▄[48;2;210;210;210m[38;2;210;210;210m▄[48;2;211;211;211m[38;2;210;210;210m▄[48;2;211;211;211m[38;2;211;211;211m▄[48;2;211;211;211m[38;2;211;211;211m▄[48;2;212;212;212m[38;2;211;211;212m▄[48;2;212;212;212m[38;2;211;211;211m▄[48;2;212;212;212m[38;2;212;212;212m▄[48;2;213;213;213m[38;2;212;212;212m▄[48;2;213;213;213m[38;2;212;212;212m▄[48;2;213;213;213m[38;2;212;212;212m▄[48;2;214;214;214m[38;2;212;212;212m▄[48;2;214;213;213m[38;2;213;212;213m▄[48;2;216;217;219m[38;2;213;213;213m▄[48;2;202;193;180m[38;2;214;215;216m▄[48;2;198;186;167m[38;2;205;199;194m▄[48;2;202;194;183m[38;2;201;194;183m▄[48;2;192;177;164m[38;2;204;201;196m▄[48;2;194;186;169m[38;2;208;207;210m▄[48;2;206;197;195m[38;2;210;213;215m▄[48;2;165;82;105m[38;2;209;205;206m▄[48;2;202;97;118m[38;2;173;110;127m▄[48;2;224;125;142m[38;2;169;69;95m▄[48;2;187;95;113m[38;2;188;86;110m▄[48;2;190;101;121m[38;2;185;80;105m▄[48;2;196;112;130m[38;2;177;71;96m▄[48;2;189;118;133m[38;2;187;90;111m▄[48;2;178;93;113m[38;2;184;90;112m▄[48;2;169;77;100m[38;2;173;70;96m▄[48;2;181;104;123m[38;2;180;102;121m▄[48;2;183;115;131m[38;2;182;117;134m▄[48;2;173;93;111m[38;2;191;107;126m▄[48;2;197;104;125m[38;2;189;84;107m▄[48;2;179;131;144m[38;2;173;118;132m▄[48;2;203;210;198m[38;2;207;212;209m▄[48;2;196;190;174m[38;2;208;204;206m▄[48;2;194;188;168m[38;2;206;203;203m▄[48;2;199;197;181m[38;2;205;198;193m▄[48;2;198;194;182m[38;2;206;201;198m▄[48;2;201;196;190m[38;2;207;207;208m▄[48;2;207;207;209m[38;2;207;207;207m▄[48;2;208;208;208m[38;2;207;207;207m▄[48;2;208;208;208m[38;2;208;208;208m▄[48;2;208;208;208m[38;2;207;207;207m▄[48;2;207;207;208m[38;2;207;207;208m▄[48;2;208;208;208m[38;2;207;206;208m▄[48;2;207;207;208m[38;2;206;206;206m▄[48;2;207;206;208m[38;2;206;206;206m▄[48;2;207;207;207m[38;2;206;206;206m▄[48;2;207;207;207m[38;2;205;205;205m▄[48;2;207;207;205m[38;2;204;204;202m▄[48;2;206;206;202m[38;2;203;203;201m▄[48;2;205;204;202m[38;2;203;203;201m▄[48;2;204;204;204m[38;2;203;203;203m▄[48;2;203;203;204m[38;2;203;203;203m▄[48;2;202;201;204m[38;2;202;202;202m▄[48;2;202;202;204m[38;2;201;201;202m▄[48;2;201;201;202m[38;2;201;200;201m▄[48;2;201;200;201m[38;2;201;201;201m▄[48;2;201;201;201m[38;2;201;202;202m▄[0m
[48;2;211;211;211m[38;2;215;215;215m▄[48;2;211;211;211m[38;2;215;215;215m▄[48;2;212;212;212m[38;2;215;215;215m▄[48;2;212;212;213m[38;2;216;216;216m▄[48;2;213;213;213m[38;2;216;216;215m▄[48;2;213;213;214m[38;2;216;215;216m▄[48;2;213;212;214m[38;2;216;216;216m▄[48;2;214;214;214m[38;2;216;216;216m▄[48;2;214;214;214m[38;2;216;216;216m▄[48;2;214;214;215m[38;2;216;216;215m▄[48;2;215;214;215m[38;2;216;216;216m▄[48;2;215;215;215m[38;2;216;216;216m▄[48;2;215;215;215m[38;2;216;216;216m▄[48;2;215;215;215m[38;2;216;216;216m▄[48;2;215;215;215m[38;2;217;217;217m▄[48;2;215;215;215m[38;2;216;216;216m▄[48;2;215;215;215m[38;2;216;216;216m▄[48;2;215;215;215m[38;2;217;217;217m▄[48;2;215;215;215m[38;2;218;218;218m▄[48;2;216;217;219m[38;2;218;218;218m▄[48;2;214;216;218m[38;2;218;218;218m▄[48;2;213;214;215m[38;2;219;219;219m▄[48;2;214;214;214m[38;2;216;215;216m▄[48;2;217;217;217m[38;2;207;203;204m▄[48;2;214;216;216m[38;2;211;208;209m▄[48;2;214;220;218m[38;2;203;199;200m▄[48;2;201;188;192m[38;2;199;200;200m▄[48;2;186;154;164m[38;2;191;193;193m▄[48;2;183;148;158m[38;2;187;188;189m▄[48;2;189;167;172m[38;2;180;177;180m▄[48;2;178;134;145m[38;2;182;182;183m▄[48;2;164;82;104m[38;2;185;181;182m▄[48;2;175;78;102m[38;2;177;151;159m▄[48;2;181;81;105m[38;2;168;125;136m▄[48;2;182;75;100m[38;2;166;119;131m▄[48;2;179;80;103m[38;2;171;136;145m▄[48;2;165;83;104m[38;2;182;172;174m▄[48;2;190;178;181m[38;2;190;191;192m▄[48;2;206;210;210m[38;2;199;195;197m▄[48;2;210;209;210m[38;2;210;209;211m▄[48;2;209;209;210m[38;2;213;213;213m▄[48;2;209;210;211m[38;2;213;213;212m▄[48;2;208;209;210m[38;2;212;212;212m▄[48;2;209;209;209m[38;2;212;212;212m▄[48;2;209;208;209m[38;2;210;210;211m▄[48;2;208;208;209m[38;2;210;209;210m▄[48;2;208;209;208m[38;2;210;210;210m▄[48;2;208;208;208m[38;2;209;209;209m▄[48;2;208;207;209m[38;2;209;209;209m▄[48;2;207;207;209m[38;2;209;209;209m▄[48;2;207;207;208m[38;2;208;208;209m▄[48;2;208;207;208m[38;2;209;209;209m▄[48;2;207;207;207m[38;2;209;209;209m▄[48;2;206;206;207m[38;2;208;208;209m▄[48;2;205;205;205m[38;2;207;207;208m▄[48;2;205;205;203m[38;2;208;207;209m▄[48;2;205;205;205m[38;2;207;207;207m▄[48;2;204;204;204m[38;2;207;207;207m▄[48;2;203;203;203m[38;2;206;206;206m▄[48;2;203;203;203m[38;2;205;205;205m▄[48;2;202;202;202m[38;2;205;205;205m▄[48;2;201;201;201m[38;2;205;205;205m▄[48;2;202;202;201m[38;2;204;204;204m▄[48;2;202;202;202m[38;2;204;204;204m▄[0m
[48;2;217;217;217m[38;2;220;220;220m▄[48;2;217;217;217m[38;2;221;221;221m▄[48;2;217;217;217m[38;2;221;221;221m▄[48;2;217;217;217m[38;2;222;222;222m▄[48;2;218;218;218m[38;2;222;222;222m▄[48;2;218;218;218m[38;2;223;223;223m▄[48;2;217;218;218m[38;2;222;222;223m▄[48;2;217;218;218m[38;2;222;222;222m▄[48;2;218;218;218m[38;2;223;223;223m▄[48;2;219;219;219m[38;2;223;223;223m▄[48;2;219;219;219m[38;2;224;224;224m▄[48;2;219;219;219m[38;2;223;223;223m▄[48;2;219;219;219m[38;2;224;223;223m▄[48;2;219;219;219m[38;2;223;223;223m▄[48;2;219;220;220m[38;2;223;223;223m▄[48;2;219;219;219m[38;2;223;223;223m▄[48;2;218;218;218m[38;2;222;221;222m▄[48;2;216;216;216m[38;2;218;218;218m▄[48;2;212;212;212m[38;2;212;212;212m▄[48;2;208;208;208m[38;2;205;205;205m▄[48;2;204;204;204m[38;2;199;199;199m▄[48;2;206;208;208m[38;2;201;202;203m▄[48;2;183;175;176m[38;2;187;181;181m▄[48;2;142;119;122m[38;2;163;148;150m▄[48;2;176;164;167m[38;2;176;168;170m▄[48;2;143;116;123m[38;2;158;144;148m▄[48;2;173;157;161m[38;2;174;166;168m▄[48;2;154;132;136m[38;2;166;153;156m▄[48;2;173;159;161m[38;2;172;163;166m▄[48;2;152;131;137m[38;2;168;158;160m▄[48;2;141;113;119m[38;2;165;154;157m▄[48;2;193;192;192m[38;2;182;177;179m▄[48;2;196;200;199m[38;2;188;186;186m▄[48;2;164;156;157m[38;2;169;159;161m▄[48;2;146;128;131m[38;2;158;143;146m▄[48;2;165;156;156m[38;2;174;166;167m▄[48;2;147;128;131m[38;2;161;146;151m▄[48;2;175;163;166m[38;2;176;169;170m▄[48;2;150;130;135m[38;2;174;163;165m▄[48;2;175;162;165m[38;2;176;165;168m▄[48;2;205;205;206m[38;2;181;174;175m▄[48;2;204;204;204m[38;2;195;196;196m▄[48;2;204;204;204m[38;2;194;193;194m▄[48;2;206;205;206m[38;2;199;198;199m▄[48;2;209;209;210m[38;2;206;206;206m▄[48;2;210;210;210m[38;2;211;211;211m▄[48;2;210;210;210m[38;2;213;213;214m▄[48;2;211;211;211m[38;2;215;215;215m▄[48;2;211;211;211m[38;2;215;215;215m▄[48;2;210;210;210m[38;2;215;215;215m▄[48;2;211;210;211m[38;2;214;214;215m▄[48;2;210;210;210m[38;2;213;213;214m▄[48;2;210;210;210m[38;2;213;213;213m▄[48;2;210;210;209m[38;2;212;212;212m▄[48;2;209;209;210m[38;2;212;212;212m▄[48;2;209;208;210m[38;2;211;211;211m▄[48;2;209;209;209m[38;2;210;210;210m▄[48;2;208;208;208m[38;2;209;209;209m▄[48;2;212;212;213m[38;2;217;217;217m▄[48;2;215;215;215m[38;2;221;221;221m▄[48;2;208;208;208m[38;2;209;209;211m▄[48;2;207;207;207m[38;2;209;209;209m▄[48;2;207;207;207m[38;2;209;209;209m▄[48;2;207;207;207m[38;2;208;208;208m▄[0m
[48;2;224;224;224m[38;2;226;226;226m▄[48;2;224;224;224m[38;2;226;226;226m▄[48;2;224;224;224m[38;2;226;226;226m▄[48;2;224;224;224m[38;2;226;226;226m▄[48;2;224;224;224m[38;2;227;227;227m▄[48;2;224;224;224m[38;2;227;227;227m▄[48;2;225;225;225m[38;2;226;227;227m▄[48;2;225;225;225m[38;2;226;226;226m▄[48;2;225;225;225m[38;2;228;228;228m▄[48;2;225;225;225m[38;2;228;228;228m▄[48;2;225;225;225m[38;2;227;227;227m▄[48;2;225;225;225m[38;2;227;227;227m▄[48;2;225;225;225m[38;2;227;227;227m▄[48;2;224;224;224m[38;2;227;227;227m▄[48;2;225;225;225m[38;2;227;227;227m▄[48;2;225;225;225m[38;2;227;227;227m▄[48;2;225;225;225m[38;2;226;226;226m▄[48;2;225;225;225m[38;2;227;227;227m▄[48;2;224;224;224m[38;2;227;227;227m▄[48;2;227;227;227m[38;2;229;230;230m▄[48;2;200;191;194m[38;2;215;211;212m▄[48;2;187;173;177m[38;2;208;200;203m▄[48;2;185;170;175m[38;2;207;200;202m▄[48;2;191;178;180m[38;2;210;204;206m▄[48;2;194;184;183m[38;2;218;214;215m▄[48;2;191;181;183m[38;2;218;214;215m▄[48;2;174;160;164m[38;2;205;197;199m▄[48;2;184;171;174m[38;2;211;205;205m▄[48;2;182;169;173m[38;2;211;205;206m▄[48;2;189;182;184m[38;2;208;203;204m▄[48;2;191;185;187m[38;2;217;213;215m▄[48;2;169;155;158m[38;2;210;204;206m▄[48;2;185;178;181m[38;2;217;213;214m▄[48;2;179;167;171m[38;2;208;202;205m▄[48;2;178;167;169m[38;2;207;200;202m▄[48;2;175;162;163m[38;2;210;204;205m▄[48;2;173;158;161m[38;2;210;204;205m▄[48;2;198;192;194m[38;2;218;215;216m▄[48;2;195;185;186m[38;2;207;202;203m▄[48;2;191;181;183m[38;2;213;208;210m▄[48;2;192;181;184m[38;2;210;205;206m▄[48;2;182;167;171m[38;2;205;197;199m▄[48;2;183;170;173m[38;2;207;203;204m▄[48;2;207;203;204m[38;2;217;216;217m▄[48;2;219;219;219m[38;2;218;218;218m▄[48;2;216;215;216m[38;2;217;217;217m▄[48;2;216;216;217m[38;2;217;217;217m▄[48;2;216;216;216m[38;2;216;216;216m▄[48;2;216;216;216m[38;2;216;216;216m▄[48;2;216;216;216m[38;2;216;216;216m▄[48;2;215;215;215m[38;2;216;216;216m▄[48;2;215;215;215m[38;2;216;216;216m▄[48;2;215;215;215m[38;2;215;215;215m▄[48;2;215;215;215m[38;2;215;215;215m▄[48;2;214;214;214m[38;2;215;215;215m▄[48;2;214;214;214m[38;2;215;215;215m▄[48;2;213;213;213m[38;2;215;215;215m▄[48;2;212;212;212m[38;2;215;215;215m▄[48;2;211;211;212m[38;2;214;214;215m▄[48;2;211;211;211m[38;2;214;213;214m▄[48;2;210;210;210m[38;2;213;213;213m▄[48;2;210;210;210m[38;2;212;212;212m▄[48;2;210;210;210m[38;2;212;212;212m▄[48;2;210;210;210m[38;2;211;211;211m▄[0m
[48;2;229;229;229m[38;2;231;231;231m▄[48;2;229;229;229m[38;2;230;230;230m▄[48;2;229;229;229m[38;2;231;231;231m▄[48;2;229;229;229m[38;2;231;231;231m▄[48;2;229;229;229m[38;2;231;231;231m▄[48;2;230;230;230m[38;2;230;230;230m▄[48;2;229;229;229m[38;2;231;231;231m▄[48;2;230;230;230m[38;2;231;231;231m▄[48;2;230;230;230m[38;2;231;231;231m▄[48;2;230;230;230m[38;2;231;231;231m▄[48;2;230;230;230m[38;2;231;231;231m▄[48;2;230;230;230m[38;2;231;231;231m▄[48;2;230;230;230m[38;2;231;231;231m▄[48;2;229;229;229m[38;2;230;230;230m▄[48;2;229;229;229m[38;2;230;230;230m▄[48;2;229;229;229m[38;2;230;230;230m▄[48;2;229;229;229m[38;2;230;230;230m▄[48;2;229;229;229m[38;2;230;230;230m▄[48;2;229;229;229m[38;2;230;230;230m▄[48;2;228;227;228m[38;2;229;229;229m▄[48;2;229;230;229m[38;2;229;229;229m▄[48;2;231;232;232m[38;2;228;228;228m▄[48;2;232;233;232m[38;2;227;227;227m▄[48;2;230;231;231m[38;2;227;227;227m▄[48;2;228;229;229m[38;2;227;226;226m▄[48;2;229;229;229m[38;2;227;226;226m▄[48;2;231;232;232m[38;2;226;226;226m▄[48;2;229;230;229m[38;2;227;226;227m▄[48;2;228;229;228m[38;2;227;226;226m▄[48;2;228;228;228m[38;2;226;226;226m▄[48;2;226;227;227m[38;2;224;223;223m▄[48;2;228;229;229m[38;2;223;223;223m▄[48;2;226;227;226m[38;2;225;224;225m▄[48;2;227;227;227m[38;2;224;224;224m▄[48;2;227;228;228m[38;2;224;223;223m▄[48;2;226;227;226m[38;2;223;223;223m▄[48;2;225;226;226m[38;2;223;223;223m▄[48;2;224;224;224m[38;2;223;223;223m▄[48;2;225;226;225m[38;2;223;222;222m▄[48;2;224;225;225m[38;2;223;222;222m▄[48;2;224;225;224m[38;2;222;222;222m▄[48;2;225;226;226m[38;2;221;220;220m▄[48;2;224;225;224m[38;2;220;220;220m▄[48;2;221;221;221m[38;2;221;221;221m▄[48;2;219;219;219m[38;2;220;220;220m▄[48;2;218;218;218m[38;2;220;220;220m▄[48;2;217;217;217m[38;2;218;218;218m▄[48;2;217;217;217m[38;2;217;217;217m▄[48;2;216;216;216m[38;2;217;217;217m▄[48;2;216;216;216m[38;2;217;217;217m▄[48;2;216;216;216m[38;2;216;216;216m▄[48;2;217;217;217m[38;2;216;216;216m▄[48;2;217;217;217m[38;2;216;216;216m▄[48;2;217;217;217m[38;2;217;217;217m▄[48;2;216;216;216m[38;2;217;217;217m▄[48;2;215;215;215m[38;2;217;217;217m▄[48;2;216;216;216m[38;2;216;216;216m▄[48;2;216;216;216m[38;2;216;216;216m▄[48;2;215;215;215m[38;2;216;216;216m▄[48;2;215;215;215m[38;2;216;216;216m▄[48;2;214;214;215m[38;2;216;216;216m▄[48;2;214;214;214m[38;2;215;215;215m▄[48;2;214;214;214m[38;2;215;215;215m▄[48;2;214;214;214m[38;2;215;215;215m▄[0m
