[48;2;221;221;221m[38;2;220;220;220m▄[48;2;222;222;222m[38;2;221;221;221m▄[48;2;222;222;222m[38;2;222;222;222m▄[48;2;223;223;223m[38;2;223;223;223m▄[48;2;223;223;223m[38;2;223;223;223m▄[48;2;223;223;223m[38;2;224;224;224m▄[48;2;224;224;224m[38;2;224;224;224m▄[48;2;224;224;224m[38;2;224;224;224m▄[48;2;224;224;224m[38;2;224;224;224m▄[48;2;224;224;224m[38;2;224;224;224m▄[48;2;225;225;225m[38;2;224;224;224m▄[48;2;226;226;226m[38;2;224;224;224m▄[48;2;228;228;228m[38;2;225;225;225m▄[48;2;227;227;227m[38;2;227;227;227m▄[48;2;228;228;228m[38;2;227;227;227m▄[48;2;228;228;228m[38;2;228;228;228m▄[48;2;227;227;227m[38;2;227;227;227m▄[48;2;227;227;227m[38;2;227;227;227m▄[48;2;227;227;227m[38;2;227;227;227m▄[48;2;227;227;227m[38;2;226;226;226m▄[48;2;227;227;227m[38;2;227;227;227m▄[48;2;228;228;228m[38;2;227;227;227m▄[48;2;227;227;227m[38;2;227;227;227m▄[48;2;227;227;227m[38;2;226;226;226m▄[48;2;227;227;227m[38;2;227;227;227m▄[48;2;227;227;227m[38;2;226;226;226m▄[48;2;228;228;228m[38;2;225;225;225m▄[48;2;225;225;225m[38;2;224;224;224m▄[48;2;225;225;225m[38;2;225;225;225m▄[48;2;224;224;224m[38;2;224;224;224m▄[48;2;224;224;224m[38;2;224;224;224m▄[48;2;224;224;224m[38;2;224;224;224m▄[48;2;225;225;225m[38;2;224;224;224m▄[48;2;223;223;223m[38;2;223;223;223m▄[48;2;223;223;223m[38;2;223;223;223m▄[48;2;223;223;223m[38;2;223;223;223m▄[48;2;223;223;223m[38;2;223;223;223m▄[48;2;222;222;222m[38;2;222;222;222m▄[48;2;221;221;221m[38;2;221;221;221m▄[48;2;221;221;221m[38;2;221;221;221m▄[48;2;220;220;220m[38;2;218;218;218m▄[48;2;217;217;217m[38;2;217;217;217m▄[48;2;217;217;217m[38;2;217;217;217m▄[48;2;217;217;217m[38;2;216;216;216m▄[48;2;216;216;216m[38;2;216;216;216m▄[48;2;216;216;216m[38;2;216;216;216m▄[48;2;216;216;216m[38;2;216;216;216m▄[48;2;215;215;215m[38;2;215;215;215m▄[48;2;215;215;215m[38;2;215;215;215m▄[48;2;214;214;214m[38;2;214;214;214m▄[48;2;214;214;214m[38;2;214;214;214m▄[48;2;213;213;213m[38;2;213;213;213m▄[48;2;212;212;212m[38;2;212;212;212m▄[48;2;212;212;212m[38;2;212;212;212m▄[48;2;211;211;211m[38;2;211;211;211m▄[48;2;211;211;211m[38;2;210;210;210m▄[48;2;211;211;211m[38;2;210;210;210m▄[48;2;210;210;210m[38;2;211;211;211m▄[48;2;209;209;209m[38;2;209;209;209m▄[48;2;208;208;208m[38;2;208;208;208m▄[48;2;209;209;209m[38;2;209;209;208m▄[48;2;208;208;208m[38;2;208;208;208m▄[48;2;208;208;208m[38;2;208;207;208m▄[48;2;207;207;207m[38;2;207;207;207m▄[0m
[48;2;219;219;219m[38;2;218;218;218m▄[48;2;221;221;221m[38;2;221;221;221m▄[48;2;222;222;222m[38;2;222;222;222m▄[48;2;222;222;222m[38;2;222;222;222m▄[48;2;223;223;223m[38;2;223;223;223m▄[48;2;223;223;223m[38;2;223;223;223m▄[48;2;224;224;224m[38;2;223;223;223m▄[48;2;224;224;224m[38;2;224;224;224m▄[48;2;224;224;224m[38;2;224;224;224m▄[48;2;224;224;224m[38;2;224;224;224m▄[48;2;224;224;224m[38;2;224;224;224m▄[48;2;224;224;224m[38;2;224;224;224m▄[48;2;224;224;224m[38;2;224;224;224m▄[48;2;226;226;226m[38;2;224;224;224m▄[48;2;227;227;227m[38;2;226;226;226m▄[48;2;227;227;227m[38;2;225;225;225m▄[48;2;227;227;227m[38;2;227;227;227m▄[48;2;226;226;226m[38;2;227;227;227m▄[48;2;227;227;227m[38;2;228;228;228m▄[48;2;227;227;227m[38;2;227;227;227m▄[48;2;226;226;226m[38;2;227;227;227m▄[48;2;227;227;227m[38;2;227;227;227m▄[48;2;227;227;227m[38;2;227;227;227m▄[48;2;227;227;227m[38;2;227;227;227m▄[48;2;227;227;227m[38;2;227;227;227m▄[48;2;226;226;226m[38;2;225;225;225m▄[48;2;225;225;225m[38;2;224;224;224m▄[48;2;224;224;224m[38;2;224;224;224m▄[48;2;224;224;224m[38;2;224;224;224m▄[48;2;224;224;224m[38;2;224;224;224m▄[48;2;224;224;224m[38;2;224;224;224m▄[48;2;224;224;224m[38;2;224;224;224m▄[48;2;224;224;224m[38;2;223;223;223m▄[48;2;223;223;223m[38;2;223;223;223m▄[48;2;223;223;223m[38;2;223;223;223m▄[48;2;222;222;222m[38;2;223;223;223m▄[48;2;222;222;222m[38;2;222;222;222m▄[48;2;222;222;222m[38;2;222;222;222m▄[48;2;222;222;222m[38;2;221;221;221m▄[48;2;221;221;221m[38;2;221;221;221m▄[48;2;219;219;219m[38;2;220;220;220m▄[48;2;217;217;217m[38;2;217;217;217m▄[48;2;217;217;217m[38;2;217;217;217m▄[48;2;216;216;216m[38;2;216;216;216m▄[48;2;216;216;216m[38;2;216;216;216m▄[48;2;216;216;216m[38;2;216;216;217m▄[48;2;216;216;216m[38;2;216;216;216m▄[48;2;215;215;215m[38;2;215;215;215m▄[48;2;215;215;215m[38;2;215;215;215m▄[48;2;214;214;215m[38;2;214;214;215m▄[48;2;214;214;214m[38;2;213;213;213m▄[48;2;214;214;214m[38;2;213;212;213m▄[48;2;212;212;212m[38;2;212;212;212m▄[48;2;211;211;211m[38;2;211;211;211m▄[48;2;210;210;210m[38;2;210;210;210m▄[48;2;210;210;210m[38;2;210;210;210m▄[48;2;210;210;210m[38;2;210;210;210m▄[48;2;210;210;210m[38;2;210;210;210m▄[48;2;209;209;209m[38;2;209;209;209m▄[48;2;208;208;209m[38;2;208;208;208m▄[48;2;208;208;208m[38;2;208;208;209m▄[48;2;208;208;209m[38;2;208;208;208m▄[48;2;208;207;208m[38;2;207;207;207m▄[48;2;207;207;207m[38;2;207;207;207m▄[0m
[48;2;219;219;219m[38;2;219;219;219m▄[48;2;221;221;221m[38;2;220;220;220m▄[48;2;222;222;222m[38;2;220;220;220m▄[48;2;222;222;222m[38;2;221;221;221m▄[48;2;223;223;223m[38;2;222;222;222m▄[48;2;223;223;223m[38;2;223;223;223m▄[48;2;223;223;223m[38;2;223;223;223m▄[48;2;224;224;223m[38;2;224;224;223m▄[48;2;224;224;224m[38;2;224;224;224m▄[48;2;224;224;224m[38;2;224;224;224m▄[48;2;224;224;224m[38;2;224;224;224m▄[48;2;224;224;224m[38;2;224;224;224m▄[48;2;224;224;224m[38;2;225;225;225m▄[48;2;226;226;226m[38;2;227;227;227m▄[48;2;225;225;225m[38;2;225;225;225m▄[48;2;224;224;224m[38;2;224;224;224m▄[48;2;224;224;224m[38;2;223;223;223m▄[48;2;225;225;225m[38;2;224;224;224m▄[48;2;227;227;227m[38;2;225;225;225m▄[48;2;226;226;226m[38;2;226;226;225m▄[48;2;226;226;226m[38;2;225;225;225m▄[48;2;226;226;226m[38;2;224;224;224m▄[48;2;226;226;226m[38;2;225;225;225m▄[48;2;226;226;226m[38;2;226;226;226m▄[48;2;225;225;225m[38;2;225;225;225m▄[48;2;224;224;224m[38;2;225;225;225m▄[48;2;225;225;225m[38;2;224;224;224m▄[48;2;224;224;224m[38;2;227;226;227m▄[48;2;223;223;223m[38;2;231;229;231m▄[48;2;223;224;223m[38;2;228;226;227m▄[48;2;224;224;224m[38;2;223;223;222m▄[48;2;224;224;224m[38;2;222;222;222m▄[48;2;224;224;224m[38;2;224;224;224m▄[48;2;224;224;224m[38;2;223;223;223m▄[48;2;223;223;223m[38;2;224;223;223m▄[48;2;220;221;220m[38;2;231;227;232m▄[48;2;221;222;221m[38;2;224;224;225m▄[48;2;221;221;221m[38;2;222;222;221m▄[48;2;221;221;221m[38;2;221;221;221m▄[48;2;220;220;220m[38;2;220;220;220m▄[48;2;218;218;218m[38;2;218;218;218m▄[48;2;217;217;217m[38;2;217;217;217m▄[48;2;217;217;217m[38;2;217;217;217m▄[48;2;217;217;217m[38;2;216;216;216m▄[48;2;216;216;216m[38;2;216;216;216m▄[48;2;216;216;216m[38;2;215;215;215m▄[48;2;215;215;215m[38;2;215;215;215m▄[48;2;215;215;215m[38;2;215;215;215m▄[48;2;215;215;215m[38;2;215;215;215m▄[48;2;215;215;214m[38;2;215;215;215m▄[48;2;213;213;214m[38;2;214;214;214m▄[48;2;212;212;212m[38;2;213;213;213m▄[48;2;213;212;213m[38;2;213;213;213m▄[48;2;212;211;212m[38;2;211;211;211m▄[48;2;210;210;210m[38;2;210;210;210m▄[48;2;210;210;210m[38;2;210;210;210m▄[48;2;210;210;210m[38;2;210;210;210m▄[48;2;210;210;210m[38;2;210;210;210m▄[48;2;208;208;208m[38;2;209;209;209m▄[48;2;208;208;208m[38;2;208;208;208m▄[48;2;208;208;208m[38;2;208;208;208m▄[48;2;208;208;208m[38;2;208;208;208m▄[48;2;208;208;208m[38;2;207;207;207m▄[48;2;207;207;207m[38;2;207;207;207m▄[0m
[48;2;218;218;218m[38;2;217;217;217m▄[48;2;219;219;219m[38;2;218;218;218m▄[48;2;220;220;220m[38;2;220;220;220m▄[48;2;221;221;221m[38;2;221;221;221m▄[48;2;222;222;221m[38;2;221;221;221m▄[48;2;222;222;222m[38;2;222;222;222m▄[48;2;222;222;222m[38;2;222;222;222m▄[48;2;223;223;223m[38;2;222;222;222m▄[48;2;223;223;223m[38;2;223;223;223m▄[48;2;223;223;223m[38;2;223;224;223m▄[48;2;224;223;224m[38;2;223;223;223m▄[48;2;224;224;224m[38;2;224;224;224m▄[48;2;225;225;225m[38;2;224;224;224m▄[48;2;224;224;224m[38;2;223;223;223m▄[48;2;224;224;224m[38;2;224;224;224m▄[48;2;225;225;225m[38;2;226;226;226m▄[48;2;224;224;224m[38;2;224;224;224m▄[48;2;224;224;224m[38;2;224;224;224m▄[48;2;224;224;224m[38;2;224;224;224m▄[48;2;223;223;223m[38;2;223;223;223m▄[48;2;224;224;224m[38;2;224;224;224m▄[48;2;224;224;224m[38;2;224;224;224m▄[48;2;227;227;226m[38;2;228;228;228m▄[48;2;225;225;225m[38;2;226;226;226m▄[48;2;224;224;224m[38;2;224;224;224m▄[48;2;224;224;224m[38;2;222;223;221m▄[48;2;226;226;226m[38;2;232;228;234m▄[48;2;209;215;209m[38;2;149;185;143m▄[48;2;193;205;195m[38;2;135;181;107m▄[48;2;208;214;211m[38;2;138;182;113m▄[48;2;229;226;230m[38;2;145;180;138m▄[48;2;226;225;226m[38;2;213;217;215m▄[48;2;221;222;221m[38;2;228;226;227m▄[48;2;226;225;225m[38;2;222;222;224m▄[48;2;220;221;222m[38;2;153;186;140m▄[48;2;185;202;182m[38;2;91;156;57m▄[48;2;215;218;213m[38;2;157;186;151m▄[48;2;223;222;223m[38;2;230;225;231m▄[48;2;220;220;220m[38;2;218;219;217m▄[48;2;219;219;219m[38;2;219;219;219m▄[48;2;217;217;217m[38;2;217;217;217m▄[48;2;217;217;217m[38;2;217;217;217m▄[48;2;217;217;217m[38;2;216;216;216m▄[48;2;216;216;216m[38;2;216;216;216m▄[48;2;216;216;216m[38;2;216;216;216m▄[48;2;216;216;216m[38;2;216;216;216m▄[48;2;215;215;215m[38;2;215;215;215m▄[48;2;215;215;215m[38;2;215;215;215m▄[48;2;214;214;214m[38;2;214;214;214m▄[48;2;214;214;214m[38;2;214;214;214m▄[48;2;214;214;214m[38;2;214;214;214m▄[48;2;212;212;212m[38;2;212;212;212m▄[48;2;211;211;211m[38;2;211;211;211m▄[48;2;212;212;212m[38;2;211;211;211m▄[48;2;210;210;210m[38;2;210;210;210m▄[48;2;210;209;211m[38;2;210;210;210m▄[48;2;210;210;210m[38;2;210;210;211m▄[48;2;209;209;209m[38;2;210;210;210m▄[48;2;208;208;208m[38;2;208;208;208m▄[48;2;208;208;208m[38;2;208;208;208m▄[48;2;208;208;208m[38;2;208;208;208m▄[48;2;208;208;208m[38;2;208;208;208m▄[48;2;207;207;207m[38;2;207;207;207m▄[48;2;207;207;207m[38;2;207;207;207m▄[0m
[48;2;217;217;217m[38;2;217;217;217m▄[48;2;217;217;217m[38;2;217;217;217m▄[48;2;219;219;219m[38;2;218;218;218m▄[48;2;220;220;220m[38;2;220;220;220m▄[48;2;221;221;221m[38;2;220;220;220m▄[48;2;222;222;222m[38;2;221;221;221m▄[48;2;222;222;222m[38;2;222;222;222m▄[48;2;222;222;222m[38;2;222;222;222m▄[48;2;223;223;223m[38;2;222;222;222m▄[48;2;223;223;224m[38;2;222;222;222m▄[48;2;223;223;223m[38;2;224;223;223m▄[48;2;223;223;223m[38;2;226;226;225m▄[48;2;223;223;223m[38;2;224;224;223m▄[48;2;224;224;224m[38;2;226;225;225m▄[48;2;224;224;225m[38;2;224;224;225m▄[48;2;225;224;225m[38;2;224;224;224m▄[48;2;225;224;224m[38;2;224;224;224m▄[48;2;225;225;225m[38;2;225;225;225m▄[48;2;225;225;225m[38;2;228;228;228m▄[48;2;225;225;225m[38;2;224;224;224m▄[48;2;224;224;225m[38;2;224;224;224m▄[48;2;225;225;225m[38;2;224;224;224m▄[48;2;224;223;224m[38;2;224;223;224m▄[48;2;224;224;224m[38;2;223;223;223m▄[48;2;224;224;224m[38;2;223;223;223m▄[48;2;222;222;222m[38;2;222;223;222m▄[48;2;232;228;233m[38;2;228;226;227m▄[48;2;167;193;164m[38;2;204;209;204m▄[48;2;149;192;99m[38;2;126;171;97m▄[48;2;150;194;88m[38;2;142;189;82m▄[48;2;137;184;85m[38;2;124;173;80m▄[48;2;125;172;104m[38;2;123;176;72m▄[48;2;226;224;230m[38;2;145;179;138m▄[48;2;158;188;149m[38;2;112;163;91m▄[48;2;108;163;69m[38;2;159;182;152m▄[48;2;148;179;133m[38;2;197;200;202m▄[48;2;200;204;201m[38;2;194;198;196m▄[48;2;216;215;215m[38;2;218;215;219m▄[48;2;218;219;218m[38;2;225;222;224m▄[48;2;218;218;218m[38;2;216;216;216m▄[48;2;217;217;217m[38;2;218;217;218m▄[48;2;217;217;217m[38;2;217;217;217m▄[48;2;217;217;217m[38;2;217;217;217m▄[48;2;216;216;216m[38;2;217;217;217m▄[48;2;216;216;216m[38;2;215;215;215m▄[48;2;216;216;216m[38;2;215;215;215m▄[48;2;216;216;216m[38;2;215;215;215m▄[48;2;215;215;215m[38;2;214;214;214m▄[48;2;215;214;214m[38;2;214;214;214m▄[48;2;214;214;214m[38;2;213;213;213m▄[48;2;213;213;213m[38;2;213;213;213m▄[48;2;211;211;211m[38;2;212;212;212m▄[48;2;211;211;211m[38;2;211;211;211m▄[48;2;210;210;210m[38;2;210;210;210m▄[48;2;210;210;210m[38;2;210;210;210m▄[48;2;210;210;210m[38;2;210;210;210m▄[48;2;210;210;210m[38;2;210;210;210m▄[48;2;210;210;210m[38;2;209;209;209m▄[48;2;209;209;209m[38;2;208;209;209m▄[48;2;209;209;209m[38;2;208;208;208m▄[48;2;209;208;209m[38;2;208;208;208m▄[48;2;208;208;208m[38;2;208;208;208m▄[48;2;207;207;207m[38;2;207;207;207m▄[48;2;207;207;207m[38;2;207;207;207m▄[0m
[48;2;216;216;216m[38;2;216;216;216m▄[48;2;217;217;217m[38;2;216;216;216m▄[48;2;218;218;218m[38;2;217;217;217m▄[48;2;219;219;219m[38;2;218;218;218m▄[48;2;220;220;220m[38;2;219;219;219m▄[48;2;221;221;221m[38;2;220;220;220m▄[48;2;222;221;223m[38;2;221;221;221m▄[48;2;222;222;222m[38;2;221;221;222m▄[48;2;222;222;222m[38;2;221;221;221m▄[48;2;222;222;222m[38;2;221;221;222m▄[48;2;223;223;223m[38;2;228;227;225m▄[48;2;228;227;225m[38;2;227;225;223m▄[48;2;228;225;221m[38;2;234;229;223m▄[48;2;225;224;224m[38;2;223;222;223m▄[48;2;224;224;224m[38;2;223;222;223m▄[48;2;223;223;223m[38;2;223;222;223m▄[48;2;223;223;223m[38;2;223;223;223m▄[48;2;224;224;224m[38;2;223;223;223m▄[48;2;224;225;224m[38;2;224;224;224m▄[48;2;223;224;224m[38;2;224;224;224m▄[48;2;223;224;223m[38;2;223;223;223m▄[48;2;223;223;223m[38;2;223;223;223m▄[48;2;223;223;223m[38;2;223;223;223m▄[48;2;223;223;223m[38;2;223;223;223m▄[48;2;223;223;223m[38;2;223;222;222m▄[48;2;223;223;223m[38;2;223;224;224m▄[48;2;221;221;221m[38;2;224;228;227m▄[48;2;233;237;238m[38;2;213;173;181m▄[48;2;176;199;178m[38;2;223;155;171m▄[48;2;117;172;83m[38;2;193;134;140m▄[48;2;113;178;76m[38;2;138;136;103m▄[48;2;97;165;75m[38;2;114;148;97m▄[48;2;74;147;58m[38;2;84;125;63m▄[48;2;93;148;85m[38;2;72;147;61m▄[48;2;136;174;122m[38;2;104;161;72m▄[48;2;127;176;99m[38;2;117;169;75m▄[48;2;138;180;113m[38;2;135;182;81m▄[48;2;145;180;137m[38;2;154;196;95m▄[48;2;194;204;197m[38;2;119;171;91m▄[48;2;226;222;227m[38;2;177;195;178m▄[48;2;215;216;215m[38;2;224;221;224m▄[48;2;217;217;217m[38;2;215;216;215m▄[48;2;216;216;216m[38;2;216;216;216m▄[48;2;216;216;216m[38;2;216;216;216m▄[48;2;215;215;216m[38;2;216;215;216m▄[48;2;215;215;215m[38;2;215;215;215m▄[48;2;215;215;215m[38;2;214;214;214m▄[48;2;214;214;214m[38;2;214;214;214m▄[48;2;214;214;214m[38;2;214;214;214m▄[48;2;213;213;213m[38;2;214;213;214m▄[48;2;213;213;213m[38;2;212;212;212m▄[48;2;212;212;212m[38;2;211;211;211m▄[48;2;211;211;211m[38;2;210;210;210m▄[48;2;210;210;210m[38;2;210;210;210m▄[48;2;210;210;210m[38;2;210;210;210m▄[48;2;210;210;210m[38;2;210;210;210m▄[48;2;211;211;211m[38;2;209;209;209m▄[48;2;209;209;209m[38;2;209;209;209m▄[48;2;209;209;209m[38;2;209;209;209m▄[48;2;209;209;209m[38;2;209;209;209m▄[48;2;208;208;208m[38;2;208;208;208m▄[48;2;208;208;208m[38;2;207;207;207m▄[48;2;207;207;208m[38;2;207;207;207m▄[48;2;207;207;207m[38;2;207;207;207m▄[0m
[48;2;216;216;216m[38;2;216;216;216m▄[48;2;216;216;216m[38;2;216;216;216m▄[48;2;216;216;216m[38;2;216;216;216m▄[48;2;217;217;217m[38;2;217;217;217m▄[48;2;217;217;217m[38;2;217;217;217m▄[48;2;219;219;220m[38;2;217;217;217m▄[48;2;220;220;221m[38;2;219;219;219m▄[48;2;220;220;221m[38;2;220;220;220m▄[48;2;220;220;220m[38;2;219;219;219m▄[48;2;220;220;220m[38;2;220;220;220m▄[48;2;223;223;222m[38;2;220;220;220m▄[48;2;224;223;221m[38;2;221;221;221m▄[48;2;229;225;221m[38;2;221;221;221m▄[48;2;224;223;223m[38;2;222;222;222m▄[48;2;222;222;223m[38;2;222;222;222m▄[48;2;222;222;223m[38;2;222;222;222m▄[48;2;223;223;223m[38;2;222;222;222m▄[48;2;222;222;223m[38;2;222;222;222m▄[48;2;224;223;224m[38;2;222;222;222m▄[48;2;223;223;223m[38;2;222;222;222m▄[48;2;222;222;222m[38;2;222;222;222m▄[48;2;223;223;223m[38;2;222;222;222m▄[48;2;222;222;222m[38;2;222;222;222m▄[48;2;222;222;222m[38;2;222;220;221m▄[48;2;223;223;223m[38;2;224;231;230m▄[48;2;223;224;224m[38;2;211;158;172m▄[48;2;210;145;160m[38;2;227;145;158m▄[48;2;225;145;158m[38;2;234;156;164m▄[48;2;231;149;157m[38;2;227;128;141m▄[48;2;231;129;144m[38;2;212;96;116m▄[48;2;219;104;132m[38;2;215;126;143m▄[48;2;219;128;151m[38;2;233;157;164m▄[48;2;225;149;159m[38;2;233;138;151m▄[48;2;136;143;101m[38;2;236;133;151m▄[48;2;93;156;67m[38;2;191;133;128m▄[48;2;119;182;74m[38;2;154;137;104m▄[48;2;125;184;70m[38;2;144;150;107m▄[48;2;121;173;66m[38;2;153;179;154m▄[48;2;117;164;90m[38;2;191;191;194m▄[48;2;179;192;179m[38;2;206;203;207m▄[48;2;218;216;219m[38;2;209;210;210m▄[48;2;216;217;216m[38;2;216;216;216m▄[48;2;217;217;217m[38;2;217;217;217m▄[48;2;216;216;216m[38;2;217;217;218m▄[48;2;216;216;216m[38;2;215;215;215m▄[48;2;215;215;215m[38;2;215;215;215m▄[48;2;214;214;214m[38;2;214;214;214m▄[48;2;214;214;214m[38;2;213;213;213m▄[48;2;213;213;213m[38;2;214;214;214m▄[48;2;213;212;213m[38;2;211;211;212m▄[48;2;211;211;211m[38;2;211;211;211m▄[48;2;211;211;211m[38;2;211;211;211m▄[48;2;210;210;210m[38;2;210;210;210m▄[48;2;210;210;210m[38;2;209;209;209m▄[48;2;210;210;210m[38;2;211;211;211m▄[48;2;210;210;210m[38;2;210;210;211m▄[48;2;209;209;209m[38;2;209;209;209m▄[48;2;208;208;208m[38;2;208;208;208m▄[48;2;208;208;208m[38;2;209;209;209m▄[48;2;208;208;208m[38;2;208;208;208m▄[48;2;208;208;208m[38;2;208;208;208m▄[48;2;207;207;207m[38;2;207;207;207m▄[48;2;207;207;207m[38;2;207;207;207m▄[48;2;206;206;206m[38;2;206;206;206m▄[0m
[48;2;216;216;216m[38;2;216;216;216m▄[48;2;216;216;216m[38;2;216;216;216m▄[48;2;216;216;216m[38;2;216;216;216m▄[48;2;216;216;216m[38;2;216;216;216m▄[48;2;216;216;216m[38;2;217;217;217m▄[48;2;217;217;217m[38;2;216;216;216m▄[48;2;217;217;217m[38;2;217;217;217m▄[48;2;218;218;218m[38;2;217;217;217m▄[48;2;218;218;218m[38;2;217;217;217m▄[48;2;219;219;219m[38;2;218;218;218m▄[48;2;219;219;219m[38;2;219;219;219m▄[48;2;221;221;221m[38;2;220;220;220m▄[48;2;221;221;221m[38;2;220;220;220m▄[48;2;221;221;221m[38;2;221;221;220m▄[48;2;221;221;221m[38;2;221;221;221m▄[48;2;222;222;222m[38;2;221;221;221m▄[48;2;222;222;222m[38;2;221;221;221m▄[48;2;222;222;222m[38;2;221;221;221m▄[48;2;222;222;222m[38;2;222;222;222m▄[48;2;222;222;222m[38;2;221;221;221m▄[48;2;222;222;222m[38;2;221;221;221m▄[48;2;222;222;222m[38;2;221;221;221m▄[48;2;221;221;220m[38;2;221;219;219m▄[48;2;222;225;224m[38;2;222;230;228m▄[48;2;218;207;210m[38;2;212;176;186m▄[48;2;215;133;151m[38;2;225;144;158m▄[48;2;235;162;171m[38;2;231;144;156m▄[48;2;227;131;144m[38;2;229;135;148m▄[48;2;225;125;139m[38;2;225;127;140m▄[48;2;213;112;132m[38;2;226;142;155m▄[48;2;234;164;172m[38;2;231;142;154m▄[48;2;228;131;144m[38;2;228;133;146m▄[48;2;227;135;147m[38;2;229;137;148m▄[48;2;227;136;147m[38;2;228;136;147m▄[48;2;236;136;152m[38;2;226;135;146m▄[48;2;239;132;151m[38;2;226;136;146m▄[48;2;232;124;145m[38;2;222;106;123m▄[48;2;208;184;192m[38;2;204;121;136m▄[48;2;204;207;207m[38;2;210;213;212m▄[48;2;208;208;207m[38;2;216;215;216m▄[48;2;214;214;214m[38;2;215;215;215m▄[48;2;215;215;215m[38;2;216;216;216m▄[48;2;217;217;217m[38;2;215;215;215m▄[48;2;216;216;216m[38;2;215;215;215m▄[48;2;215;215;215m[38;2;214;214;214m▄[48;2;214;214;214m[38;2;215;215;215m▄[48;2;214;214;214m[38;2;214;214;214m▄[48;2;216;216;217m[38;2;215;216;216m▄[48;2;219;219;219m[38;2;213;213;214m▄[48;2;211;210;212m[38;2;211;211;211m▄[48;2;211;211;212m[38;2;211;211;212m▄[48;2;210;210;210m[38;2;210;210;210m▄[48;2;210;210;210m[38;2;210;210;210m▄[48;2;210;210;210m[38;2;210;210;210m▄[48;2;211;211;211m[38;2;210;210;210m▄[48;2;210;210;210m[38;2;210;210;210m▄[48;2;208;208;208m[38;2;208;208;208m▄[48;2;208;208;208m[38;2;208;208;208m▄[48;2;208;208;208m[38;2;208;208;208m▄[48;2;208;208;208m[38;2;207;207;207m▄[48;2;207;207;207m[38;2;207;207;207m▄[48;2;207;207;207m[38;2;206;206;207m▄[48;2;206;206;206m[38;2;205;205;206m▄[48;2;205;205;205m[38;2;204;204;204m▄[0m
[48;2;215;215;215m[38;2;215;215;215m▄[48;2;216;216;216m[38;2;215;215;215m▄[48;2;216;216;216m[38;2;216;216;216m▄[48;2;216;216;216m[38;2;216;216;216m▄[48;2;216;216;216m[38;2;216;216;216m▄[48;2;216;216;216m[38;2;216;216;216m▄[48;2;216;216;216m[38;2;216;216;216m▄[48;2;216;216;216m[38;2;216;216;216m▄[48;2;217;217;217m[38;2;216;216;216m▄[48;2;217;217;217m[38;2;217;217;217m▄[48;2;217;217;217m[38;2;217;217;217m▄[48;2;218;218;218m[38;2;217;217;217m▄[48;2;219;219;219m[38;2;217;217;218m▄[48;2;219;219;219m[38;2;218;217;219m▄[48;2;220;219;220m[38;2;218;218;218m▄[48;2;220;220;220m[38;2;219;219;219m▄[48;2;220;220;220m[38;2;219;218;219m▄[48;2;220;220;220m[38;2;218;218;218m▄[48;2;220;220;220m[38;2;219;219;219m▄[48;2;220;220;221m[38;2;220;220;220m▄[48;2;220;220;220m[38;2;220;220;220m▄[48;2;221;221;221m[38;2;219;219;219m▄[48;2;220;218;219m[38;2;219;217;218m▄[48;2;222;230;228m[38;2;221;229;227m▄[48;2;211;165;177m[38;2;210;167;178m▄[48;2;227;146;159m[38;2;226;148;159m▄[48;2;229;139;150m[38;2;231;140;150m▄[48;2;228;133;146m[38;2;227;134;147m▄[48;2;229;139;150m[38;2;228;136;148m▄[48;2;234;153;161m[38;2;228;137;148m▄[48;2;228;133;145m[38;2;228;135;146m▄[48;2;229;136;147m[38;2;229;136;148m▄[48;2;229;136;147m[38;2;229;136;147m▄[48;2;228;135;146m[38;2;229;135;146m▄[48;2;228;135;146m[38;2;228;135;147m▄[48;2;228;136;146m[38;2;228;134;146m▄[48;2;224;117;132m[38;2;223;113;129m▄[48;2;211;104;125m[38;2;212;105;125m▄[48;2;204;191;196m[38;2;197;181;186m▄[48;2;216;218;218m[38;2;213;216;215m▄[48;2;216;215;215m[38;2;215;214;214m▄[48;2;215;215;215m[38;2;215;216;216m▄[48;2;214;214;214m[38;2;215;215;215m▄[48;2;214;214;214m[38;2;214;214;214m▄[48;2;215;215;215m[38;2;214;214;214m▄[48;2;215;215;215m[38;2;214;214;214m▄[48;2;214;214;214m[38;2;213;212;213m▄[48;2;212;212;214m[38;2;212;211;211m▄[48;2;212;212;212m[38;2;211;211;211m▄[48;2;211;211;211m[38;2;211;211;211m▄[48;2;210;210;210m[38;2;210;210;210m▄[48;2;210;210;210m[38;2;210;210;210m▄[48;2;210;210;210m[38;2;210;210;210m▄[48;2;210;210;210m[38;2;210;210;210m▄[48;2;210;210;210m[38;2;209;209;209m▄[48;2;208;208;209m[38;2;209;209;209m▄[48;2;208;208;209m[38;2;208;208;208m▄[48;2;209;209;209m[38;2;208;208;208m▄[48;2;208;208;208m[38;2;208;208;207m▄[48;2;207;207;207m[38;2;207;207;207m▄[48;2;206;206;207m[38;2;206;206;206m▄[48;2;206;206;206m[38;2;206;206;206m▄[48;2;205;205;205m[38;2;204;204;204m▄[48;2;204;204;204m[38;2;204;204;204m▄[0m
[48;2;215;215;216m[38;2;215;215;215m▄[48;2;215;214;216m[38;2;215;215;215m▄[48;2;215;215;215m[38;2;215;215;215m▄[48;2;216;216;216m[38;2;215;215;215m▄[48;2;216;216;216m[38;2;216;216;216m▄[48;2;216;216;216m[38;2;216;216;216m▄[48;2;216;216;216m[38;2;216;216;216m▄[48;2;216;216;216m[38;2;216;216;216m▄[48;2;216;216;216m[38;2;216;216;216m▄[48;2;216;216;216m[38;2;216;216;216m▄[48;2;216;216;216m[38;2;216;216;216m▄[48;2;216;216;216m[38;2;216;216;216m▄[48;2;217;217;217m[38;2;217;217;217m▄[48;2;217;217;217m[38;2;217;217;217m▄[48;2;217;217;217m[38;2;216;216;217m▄[48;2;217;217;217m[38;2;217;217;217m▄[48;2;218;218;218m[38;2;216;216;216m▄[48;2;218;218;218m[38;2;217;217;217m▄[48;2;218;218;218m[38;2;217;217;217m▄[48;2;218;218;218m[38;2;217;217;217m▄[48;2;218;218;218m[38;2;217;217;217m▄[48;2;218;218;218m[38;2;217;217;217m▄[48;2;218;217;217m[38;2;217;217;217m▄[48;2;220;225;224m[38;2;218;218;218m▄[48;2;211;187;193m[38;2;215;214;214m▄[48;2;221;136;151m[38;2;219;169;178m▄[48;2;232;143;155m[38;2;235;155;165m▄[48;2;227;134;145m[38;2;227;129;142m▄[48;2;228;135;146m[38;2;228;136;148m▄[48;2;227;134;146m[38;2;228;135;146m▄[48;2;228;135;147m[38;2;228;135;147m▄[48;2;228;136;148m[38;2;229;135;149m▄[48;2;229;136;147m[38;2;229;134;146m▄[48;2;229;135;146m[38;2;228;136;146m▄[48;2;229;137;147m[38;2;229;137;149m▄[48;2;225;128;140m[38;2;220;112;128m▄[48;2;221;107;125m[38;2;222;111;127m▄[48;2;206;111;130m[38;2;199;142;154m▄[48;2;195;192;193m[38;2;198;204;203m▄[48;2;212;213;212m[38;2;212;210;212m▄[48;2;216;216;216m[38;2;215;214;215m▄[48;2;214;215;215m[38;2;214;214;214m▄[48;2;215;215;215m[38;2;214;213;215m▄[48;2;214;214;214m[38;2;213;213;214m▄[48;2;214;214;214m[38;2;213;213;213m▄[48;2;213;213;213m[38;2;212;212;212m▄[48;2;212;212;212m[38;2;211;211;211m▄[48;2;211;211;211m[38;2;211;211;211m▄[48;2;211;211;211m[38;2;210;210;210m▄[48;2;210;210;210m[38;2;210;210;210m▄[48;2;210;210;210m[38;2;210;209;210m▄[48;2;213;213;213m[38;2;210;209;212m▄[48;2;211;210;211m[38;2;210;209;210m▄[48;2;210;210;210m[38;2;209;209;209m▄[48;2;208;208;208m[38;2;208;208;208m▄[48;2;208;208;208m[38;2;208;208;208m▄[48;2;208;208;208m[38;2;207;207;207m▄[48;2;208;208;208m[38;2;207;207;207m▄[48;2;207;207;207m[38;2;207;207;207m▄[48;2;207;207;207m[38;2;207;207;207m▄[48;2;207;207;207m[38;2;206;206;206m▄[48;2;206;206;206m[38;2;205;205;205m▄[48;2;204;204;204m[38;2;204;204;204m▄[48;2;204;204;204m[38;2;204;204;204m▄[0m
[48;2;215;215;215m[38;2;214;214;214m▄[48;2;215;215;215m[38;2;214;214;214m▄[48;2;215;215;215m[38;2;214;214;214m▄[48;2;215;215;216m[38;2;215;215;215m▄[48;2;215;215;216m[38;2;215;215;215m▄[48;2;216;216;216m[38;2;215;215;215m▄[48;2;216;216;216m[38;2;215;215;215m▄[48;2;216;216;216m[38;2;215;215;215m▄[48;2;216;216;216m[38;2;216;216;216m▄[48;2;216;216;216m[38;2;217;217;217m▄[48;2;217;217;217m[38;2;217;217;217m▄[48;2;216;216;216m[38;2;217;216;217m▄[48;2;216;216;216m[38;2;216;216;216m▄[48;2;216;216;216m[38;2;216;216;216m▄[48;2;217;217;217m[38;2;216;216;216m▄[48;2;216;216;216m[38;2;216;216;216m▄[48;2;216;216;216m[38;2;216;216;216m▄[48;2;216;216;216m[38;2;216;216;216m▄[48;2;216;216;216m[38;2;217;217;217m▄[48;2;217;217;217m[38;2;216;216;216m▄[48;2;217;217;217m[38;2;216;216;216m▄[48;2;216;216;216m[38;2;216;216;216m▄[48;2;217;217;217m[38;2;216;216;216m▄[48;2;216;215;215m[38;2;216;216;216m▄[48;2;216;222;221m[38;2;216;216;216m▄[48;2;214;197;200m[38;2;215;215;216m▄[48;2;225;142;155m[38;2;207;135;151m▄[48;2;231;142;152m[38;2;226;127;141m▄[48;2;227;133;145m[38;2;231;138;149m▄[48;2;228;135;146m[38;2;229;136;147m▄[48;2;229;138;148m[38;2;217;111;128m▄[48;2;229;138;149m[38;2;227;126;139m▄[48;2;228;136;147m[38;2;225;119;134m▄[48;2;228;134;145m[38;2;220;107;125m▄[48;2;220;114;130m[38;2;222;106;126m▄[48;2;219;104;122m[38;2;210;98;119m▄[48;2;212;124;138m[38;2;190;156;164m▄[48;2;194;193;194m[38;2;196;202;201m▄[48;2;202;202;202m[38;2;208;206;208m▄[48;2;212;212;213m[38;2;214;214;214m▄[48;2;214;214;214m[38;2;214;214;214m▄[48;2;214;214;214m[38;2;213;213;213m▄[48;2;213;213;213m[38;2;212;212;213m▄[48;2;212;212;212m[38;2;211;211;211m▄[48;2;211;211;212m[38;2;211;211;211m▄[48;2;211;211;211m[38;2;211;211;211m▄[48;2;211;211;211m[38;2;210;210;210m▄[48;2;210;210;210m[38;2;210;210;211m▄[48;2;210;210;210m[38;2;210;210;210m▄[48;2;212;212;212m[38;2;211;211;211m▄[48;2;211;211;212m[38;2;210;210;210m▄[48;2;209;210;210m[38;2;210;210;210m▄[48;2;209;210;209m[38;2;208;208;208m▄[48;2;207;207;207m[38;2;212;211;212m▄[48;2;208;208;208m[38;2;211;211;211m▄[48;2;208;208;208m[38;2;207;207;207m▄[48;2;208;208;208m[38;2;208;208;208m▄[48;2;207;207;207m[38;2;207;207;207m▄[48;2;206;206;206m[38;2;206;207;206m▄[48;2;206;206;206m[38;2;206;206;206m▄[48;2;206;206;206m[38;2;206;205;206m▄[48;2;205;205;205m[38;2;204;203;205m▄[48;2;203;203;204m[38;2;203;203;204m▄[48;2;203;203;203m[38;2;203;203;203m▄[0m
[48;2;214;214;214m[38;2;213;213;213m▄[48;2;214;214;214m[38;2;214;214;214m▄[48;2;214;214;214m[38;2;214;214;214m▄[48;2;215;215;215m[38;2;214;214;214m▄[48;2;215;215;215m[38;2;215;215;215m▄[48;2;215;215;215m[38;2;215;215;215m▄[48;2;215;215;215m[38;2;215;215;215m▄[48;2;215;215;215m[38;2;215;215;215m▄[48;2;215;215;215m[38;2;215;215;215m▄[48;2;216;216;216m[38;2;216;216;216m▄[48;2;216;216;216m[38;2;215;215;215m▄[48;2;216;216;216m[38;2;216;216;216m▄[48;2;217;217;217m[38;2;216;216;216m▄[48;2;217;217;217m[38;2;217;217;217m▄[48;2;216;216;216m[38;2;217;217;217m▄[48;2;216;216;216m[38;2;217;217;217m▄[48;2;216;216;216m[38;2;217;217;217m▄[48;2;216;216;216m[38;2;216;216;216m▄[48;2;217;217;217m[38;2;217;217;217m▄[48;2;216;216;216m[38;2;216;216;216m▄[48;2;216;216;216m[38;2;216;216;216m▄[48;2;216;216;216m[38;2;216;216;216m▄[48;2;216;216;216m[38;2;216;216;216m▄[48;2;216;216;216m[38;2;216;216;216m▄[48;2;216;215;215m[38;2;216;216;216m▄[48;2;217;219;219m[38;2;215;214;215m▄[48;2;212;207;209m[38;2;216;217;217m▄[48;2;203;129;147m[38;2;211;216;216m▄[48;2;210;108;126m[38;2;198;187;190m▄[48;2;211;108;127m[38;2;194;178;182m▄[48;2;196;102;124m[38;2;196;195;197m▄[48;2;199;112;132m[38;2;197;201;200m▄[48;2;210;100;121m[38;2;196;181;184m▄[48;2;210;98;118m[38;2;192;170;175m▄[48;2;203;102;123m[38;2;192;187;188m▄[48;2;191;149;160m[38;2;196;201;200m▄[48;2;194;200;199m[38;2;200;200;200m▄[48;2;203;201;201m[38;2;209;209;210m▄[48;2;212;212;213m[38;2;213;212;213m▄[48;2;214;214;214m[38;2;213;213;213m▄[48;2;213;213;213m[38;2;212;212;212m▄[48;2;213;213;213m[38;2;212;212;212m▄[48;2;212;212;213m[38;2;211;211;211m▄[48;2;211;210;211m[38;2;210;211;210m▄[48;2;210;210;210m[38;2;210;210;210m▄[48;2;210;210;210m[38;2;211;211;212m▄[48;2;213;213;213m[38;2;217;217;217m▄[48;2;210;209;210m[38;2;210;210;210m▄[48;2;209;209;209m[38;2;209;209;209m▄[48;2;209;209;209m[38;2;209;209;209m▄[48;2;209;209;209m[38;2;209;209;209m▄[48;2;209;209;209m[38;2;209;208;209m▄[48;2;208;208;210m[38;2;209;208;211m▄[48;2;212;211;213m[38;2;210;209;212m▄[48;2;210;210;211m[38;2;208;207;209m▄[48;2;207;207;207m[38;2;208;208;208m▄[48;2;207;208;207m[38;2;207;207;207m▄[48;2;207;207;207m[38;2;207;207;207m▄[48;2;206;206;206m[38;2;207;207;207m▄[48;2;206;206;206m[38;2;206;206;206m▄[48;2;204;204;204m[38;2;204;203;204m▄[48;2;204;204;204m[38;2;204;203;204m▄[48;2;203;203;203m[38;2;203;203;203m▄[48;2;203;203;203m[38;2;203;203;203m▄[0m
[48;2;212;212;212m[38;2;211;211;211m▄[48;2;213;213;213m[38;2;212;212;212m▄[48;2;214;214;214m[38;2;213;213;213m▄[48;2;215;215;215m[38;2;214;214;214m▄[48;2;214;214;214m[38;2;214;214;214m▄[48;2;214;214;214m[38;2;214;214;214m▄[48;2;214;214;214m[38;2;214;214;214m▄[48;2;215;215;215m[38;2;214;214;214m▄[48;2;215;215;215m[38;2;215;215;215m▄[48;2;215;215;215m[38;2;215;215;215m▄[48;2;215;215;215m[38;2;215;215;215m▄[48;2;215;215;215m[38;2;215;215;215m▄[48;2;216;216;216m[38;2;215;215;215m▄[48;2;215;215;215m[38;2;215;215;215m▄[48;2;215;215;215m[38;2;215;215;215m▄[48;2;216;216;216m[38;2;215;215;215m▄[48;2;216;216;216m[38;2;215;215;215m▄[48;2;216;216;216m[38;2;215;215;215m▄[48;2;216;216;216m[38;2;215;215;215m▄[48;2;215;215;215m[38;2;215;215;215m▄[48;2;216;216;216m[38;2;215;215;215m▄[48;2;216;215;216m[38;2;215;215;215m▄[48;2;215;215;215m[38;2;216;216;216m▄[48;2;216;216;216m[38;2;215;215;215m▄[48;2;215;215;215m[38;2;215;215;215m▄[48;2;216;215;216m[38;2;215;215;215m▄[48;2;215;214;215m[38;2;215;215;215m▄[48;2;215;213;215m[38;2;214;214;214m▄[48;2;213;215;215m[38;2;214;213;215m▄[48;2;209;213;212m[38;2;214;213;214m▄[48;2;207;207;208m[38;2;214;214;214m▄[48;2;209;208;208m[38;2;214;214;214m▄[48;2;211;214;214m[38;2;214;213;214m▄[48;2;207;212;211m[38;2;213;212;212m▄[48;2;205;206;205m[38;2;213;212;212m▄[48;2;206;204;205m[38;2;212;211;213m▄[48;2;210;210;211m[38;2;212;211;213m▄[48;2;211;211;213m[38;2;212;212;212m▄[48;2;211;211;212m[38;2;212;211;211m▄[48;2;212;212;212m[38;2;211;211;211m▄[48;2;212;212;212m[38;2;211;211;211m▄[48;2;211;211;211m[38;2;211;211;211m▄[48;2;210;210;210m[38;2;210;211;210m▄[48;2;210;210;210m[38;2;210;210;211m▄[48;2;210;210;210m[38;2;210;209;210m▄[48;2;210;210;210m[38;2;210;210;210m▄[48;2;209;209;210m[38;2;210;210;210m▄[48;2;209;209;210m[38;2;210;210;209m▄[48;2;209;209;209m[38;2;209;209;209m▄[48;2;209;209;210m[38;2;209;208;209m▄[48;2;209;208;209m[38;2;208;208;208m▄[48;2;208;208;209m[38;2;208;208;208m▄[48;2;208;208;209m[38;2;208;208;208m▄[48;2;209;208;210m[38;2;207;207;207m▄[48;2;209;209;210m[38;2;209;210;209m▄[48;2;208;208;209m[38;2;210;210;210m▄[48;2;207;207;207m[38;2;207;207;207m▄[48;2;208;207;208m[38;2;206;207;206m▄[48;2;207;206;207m[38;2;204;205;206m▄[48;2;205;205;206m[38;2;203;204;204m▄[48;2;203;203;204m[38;2;203;203;204m▄[48;2;203;203;203m[38;2;203;203;203m▄[48;2;203;203;203m[38;2;203;203;203m▄[48;2;203;203;203m[38;2;203;203;202m▄[0m
[48;2;211;211;211m[38;2;211;211;211m▄[48;2;211;211;211m[38;2;210;210;210m▄[48;2;212;212;212m[38;2;211;211;210m▄[48;2;213;213;213m[38;2;211;210;211m▄[48;2;213;213;214m[38;2;212;211;213m▄[48;2;214;214;214m[38;2;212;212;212m▄[48;2;214;214;214m[38;2;213;213;213m▄[48;2;214;214;214m[38;2;214;214;214m▄[48;2;214;214;214m[38;2;214;214;214m▄[48;2;215;215;215m[38;2;214;214;214m▄[48;2;214;214;215m[38;2;214;214;214m▄[48;2;214;214;215m[38;2;214;214;214m▄[48;2;214;214;215m[38;2;214;214;214m▄[48;2;215;215;215m[38;2;214;214;214m▄[48;2;215;215;215m[38;2;214;214;214m▄[48;2;215;215;215m[38;2;214;214;214m▄[48;2;215;215;215m[38;2;215;215;215m▄[48;2;215;215;215m[38;2;215;215;215m▄[48;2;215;215;215m[38;2;215;214;215m▄[48;2;215;215;215m[38;2;214;214;215m▄[48;2;215;215;215m[38;2;214;214;214m▄[48;2;215;215;215m[38;2;214;214;214m▄[48;2;215;215;215m[38;2;214;214;214m▄[48;2;215;215;215m[38;2;214;214;214m▄[48;2;215;215;215m[38;2;214;214;214m▄[48;2;214;214;214m[38;2;214;214;214m▄[48;2;214;214;214m[38;2;214;214;214m▄[48;2;214;214;214m[38;2;214;214;214m▄[48;2;214;214;214m[38;2;213;213;213m▄[48;2;214;214;214m[38;2;213;212;212m▄[48;2;214;214;214m[38;2;212;212;212m▄[48;2;213;213;213m[38;2;212;212;213m▄[48;2;213;213;213m[38;2;211;211;212m▄[48;2;213;212;213m[38;2;212;212;212m▄[48;2;213;212;212m[38;2;211;211;211m▄[48;2;212;212;212m[38;2;211;211;211m▄[48;2;211;211;211m[38;2;210;210;211m▄[48;2;212;211;211m[38;2;210;210;210m▄[48;2;211;211;212m[38;2;210;210;210m▄[48;2;211;211;211m[38;2;210;210;210m▄[48;2;211;211;211m[38;2;210;210;211m▄[48;2;211;210;211m[38;2;210;209;210m▄[48;2;210;209;211m[38;2;209;209;210m▄[48;2;210;210;210m[38;2;210;210;210m▄[48;2;210;210;210m[38;2;210;210;210m▄[48;2;209;209;210m[38;2;208;209;209m▄[48;2;209;208;209m[38;2;208;208;209m▄[48;2;208;208;209m[38;2;208;208;208m▄[48;2;208;208;208m[38;2;208;208;208m▄[48;2;208;208;208m[38;2;207;207;207m▄[48;2;207;207;207m[38;2;207;207;207m▄[48;2;207;207;207m[38;2;207;207;207m▄[48;2;207;207;207m[38;2;206;206;206m▄[48;2;207;207;207m[38;2;208;208;208m▄[48;2;207;207;207m[38;2;206;206;206m▄[48;2;206;206;207m[38;2;205;205;205m▄[48;2;205;205;205m[38;2;204;204;204m▄[48;2;204;205;203m[38;2;204;204;204m▄[48;2;204;205;204m[38;2;202;202;204m▄[48;2;202;203;205m[38;2;202;202;203m▄[48;2;203;202;205m[38;2;202;202;203m▄[48;2;202;201;204m[38;2;202;202;203m▄[48;2;202;201;203m[38;2;201;201;201m▄[48;2;202;201;203m[38;2;202;202;203m▄[0m
[48;2;210;210;210m[38;2;210;210;210m▄[48;2;210;210;210m[38;2;210;210;210m▄[48;2;210;210;210m[38;2;210;210;210m▄[48;2;210;210;210m[38;2;210;210;210m▄[48;2;211;210;211m[38;2;210;210;210m▄[48;2;211;211;211m[38;2;210;210;211m▄[48;2;212;211;212m[38;2;210;210;210m▄[48;2;213;213;212m[38;2;211;211;211m▄[48;2;213;213;213m[38;2;211;211;211m▄[48;2;213;213;213m[38;2;212;211;212m▄[48;2;214;214;214m[38;2;211;211;212m▄[48;2;214;214;214m[38;2;212;212;212m▄[48;2;214;214;214m[38;2;213;212;213m▄[48;2;213;214;214m[38;2;212;212;212m▄[48;2;213;214;214m[38;2;212;212;212m▄[48;2;214;214;214m[38;2;213;213;213m▄[48;2;214;214;214m[38;2;212;212;212m▄[48;2;214;214;214m[38;2;212;212;212m▄[48;2;214;214;214m[38;2;212;211;212m▄[48;2;214;214;214m[38;2;213;213;214m▄[48;2;214;214;214m[38;2;213;215;214m▄[48;2;213;214;214m[38;2;214;213;213m▄[48;2;214;214;214m[38;2;212;214;213m▄[48;2;214;214;214m[38;2;212;212;212m▄[48;2;214;214;214m[38;2;212;212;213m▄[48;2;214;213;214m[38;2;212;213;213m▄[48;2;213;213;213m[38;2;212;212;212m▄[48;2;213;213;213m[38;2;211;211;212m▄[48;2;212;212;212m[38;2;211;211;212m▄[48;2;211;211;211m[38;2;210;211;211m▄[48;2;211;211;211m[38;2;210;211;211m▄[48;2;211;211;212m[38;2;210;210;211m▄[48;2;211;211;211m[38;2;210;210;212m▄[48;2;211;210;211m[38;2;210;210;211m▄[48;2;211;210;211m[38;2;209;210;210m▄[48;2;211;210;211m[38;2;209;209;210m▄[48;2;210;210;210m[38;2;209;209;211m▄[48;2;210;209;210m[38;2;210;210;211m▄[48;2;210;210;210m[38;2;210;210;211m▄[48;2;210;210;210m[38;2;211;211;211m▄[48;2;210;210;210m[38;2;210;210;210m▄[48;2;210;210;210m[38;2;209;209;209m▄[48;2;209;209;209m[38;2;208;208;209m▄[48;2;209;209;209m[38;2;208;207;208m▄[48;2;208;208;209m[38;2;207;207;207m▄[48;2;207;208;209m[38;2;207;207;208m▄[48;2;207;207;208m[38;2;207;207;207m▄[48;2;208;208;208m[38;2;207;207;207m▄[48;2;207;207;208m[38;2;207;206;207m▄[48;2;207;207;207m[38;2;206;206;206m▄[48;2;207;207;207m[38;2;206;206;206m▄[48;2;206;206;206m[38;2;206;206;206m▄[48;2;206;206;206m[38;2;204;204;204m▄[48;2;206;206;206m[38;2;204;204;204m▄[48;2;204;204;204m[38;2;203;203;204m▄[48;2;204;204;204m[38;2;203;203;203m▄[48;2;203;203;204m[38;2;203;203;204m▄[48;2;203;203;203m[38;2;203;203;203m▄[48;2;203;203;204m[38;2;202;202;202m▄[48;2;202;203;203m[38;2;201;201;202m▄[48;2;202;202;203m[38;2;202;202;202m▄[48;2;202;202;203m[38;2;201;201;202m▄[48;2;201;201;201m[38;2;202;201;203m▄[48;2;202;202;202m[38;2;202;201;202m▄[0m
[48;2;210;210;210m[38;2;213;213;213m▄[48;2;211;211;211m[38;2;214;214;214m▄[48;2;211;210;212m[38;2;214;214;214m▄[48;2;210;210;211m[38;2;214;214;214m▄[48;2;211;211;211m[38;2;215;215;215m▄[48;2;212;212;212m[38;2;215;215;215m▄[48;2;212;212;212m[38;2;215;215;215m▄[48;2;212;212;213m[38;2;215;215;215m▄[48;2;213;213;213m[38;2;215;215;216m▄[48;2;212;212;213m[38;2;215;215;215m▄[48;2;213;213;213m[38;2;216;216;216m▄[48;2;213;213;214m[38;2;215;215;215m▄[48;2;213;213;214m[38;2;216;216;216m▄[48;2;213;213;214m[38;2;216;216;216m▄[48;2;214;214;214m[38;2;216;216;216m▄[48;2;214;214;214m[38;2;216;216;216m▄[48;2;214;214;214m[38;2;215;215;215m▄[48;2;214;213;214m[38;2;216;216;215m▄[48;2;213;214;214m[38;2;216;216;216m▄[48;2;215;212;213m[38;2;215;216;216m▄[48;2;223;189;196m[38;2;225;169;180m▄[48;2;224;182;193m[38;2;225;168;180m▄[48;2;215;203;206m[38;2;212;212;211m▄[48;2;212;215;214m[38;2;209;208;209m▄[48;2;212;211;211m[38;2;206;200;202m▄[48;2;209;207;209m[38;2;200;191;195m▄[48;2;206;202;204m[38;2;196;183;185m▄[48;2;201;197;198m[38;2;193;177;179m▄[48;2;197;192;193m[38;2;192;173;176m▄[48;2;194;188;190m[38;2;191;172;174m▄[48;2;193;187;189m[38;2;190;172;174m▄[48;2;192;186;189m[38;2;190;172;173m▄[48;2;192;186;188m[38;2;190;171;172m▄[48;2;191;187;187m[38;2;190;171;172m▄[48;2;192;187;187m[38;2;190;171;172m▄[48;2;192;187;187m[38;2;189;173;174m▄[48;2;193;188;189m[38;2;191;176;177m▄[48;2;195;192;192m[38;2;193;181;181m▄[48;2;198;196;196m[38;2;196;187;187m▄[48;2;201;200;201m[38;2;201;195;194m▄[48;2;204;203;203m[38;2;203;203;202m▄[48;2;206;206;205m[38;2;207;207;208m▄[48;2;207;208;209m[38;2;209;209;210m▄[48;2;208;208;209m[38;2;209;209;209m▄[48;2;208;208;208m[38;2;209;209;209m▄[48;2;208;208;209m[38;2;209;209;210m▄[48;2;207;207;208m[38;2;209;209;210m▄[48;2;207;207;207m[38;2;209;208;209m▄[48;2;206;207;207m[38;2;209;209;209m▄[48;2;206;206;206m[38;2;208;208;209m▄[48;2;206;206;206m[38;2;208;208;208m▄[48;2;206;206;206m[38;2;208;207;208m▄[48;2;206;206;206m[38;2;208;207;208m▄[48;2;205;205;205m[38;2;208;207;208m▄[48;2;205;205;205m[38;2;208;208;208m▄[48;2;205;204;205m[38;2;207;207;208m▄[48;2;203;203;203m[38;2;206;206;207m▄[48;2;202;202;202m[38;2;204;204;204m▄[48;2;207;207;207m[38;2;213;213;213m▄[48;2;210;210;210m[38;2;218;218;218m▄[48;2;202;202;202m[38;2;205;204;205m▄[48;2;201;201;201m[38;2;203;203;203m▄[48;2;202;202;202m[38;2;203;203;203m▄[48;2;201;200;202m[38;2;202;202;203m▄[0m
[48;2;215;215;215m[38;2;217;217;217m▄[48;2;216;216;216m[38;2;217;217;217m▄[48;2;216;216;216m[38;2;217;217;217m▄[48;2;216;216;216m[38;2;217;217;217m▄[48;2;216;216;216m[38;2;218;218;218m▄[48;2;216;216;216m[38;2;218;218;218m▄[48;2;216;216;216m[38;2;218;218;218m▄[48;2;216;216;216m[38;2;218;218;218m▄[48;2;216;216;216m[38;2;218;218;218m▄[48;2;216;216;216m[38;2;218;218;218m▄[48;2;216;216;216m[38;2;218;218;218m▄[48;2;216;216;216m[38;2;218;218;218m▄[48;2;216;216;216m[38;2;218;218;218m▄[48;2;216;216;217m[38;2;218;218;219m▄[48;2;216;216;217m[38;2;218;218;218m▄[48;2;216;216;216m[38;2;218;218;218m▄[48;2;216;216;217m[38;2;218;218;218m▄[48;2;216;216;216m[38;2;218;218;218m▄[48;2;216;215;216m[38;2;218;218;218m▄[48;2;216;219;219m[38;2;218;217;217m▄[48;2;217;194;198m[38;2;217;222;221m▄[48;2;220;171;182m[38;2;215;210;211m▄[48;2;214;190;195m[38;2;216;190;197m▄[48;2;213;214;215m[38;2;216;217;217m▄[48;2;214;212;213m[38;2;217;217;217m▄[48;2;213;210;211m[38;2;217;218;218m▄[48;2;211;208;208m[38;2;218;218;218m▄[48;2;209;204;205m[38;2;218;218;218m▄[48;2;208;200;202m[38;2;218;219;219m▄[48;2;206;200;201m[38;2;217;218;218m▄[48;2;206;201;201m[38;2;217;218;218m▄[48;2;206;199;200m[38;2;217;218;218m▄[48;2;206;198;199m[38;2;217;218;218m▄[48;2;206;199;200m[38;2;217;218;218m▄[48;2;206;199;201m[38;2;217;218;218m▄[48;2;207;201;202m[38;2;217;217;218m▄[48;2;209;204;206m[38;2;216;217;217m▄[48;2;211;207;209m[38;2;216;216;216m▄[48;2;212;210;211m[38;2;216;216;216m▄[48;2;213;212;212m[38;2;216;216;216m▄[48;2;212;213;213m[38;2;216;216;216m▄[48;2;213;212;213m[38;2;215;215;215m▄[48;2;213;212;213m[38;2;215;215;215m▄[48;2;212;212;212m[38;2;215;215;215m▄[48;2;211;211;211m[38;2;215;214;215m▄[48;2;210;210;210m[38;2;214;214;214m▄[48;2;210;210;210m[38;2;214;214;214m▄[48;2;210;210;210m[38;2;213;212;213m▄[48;2;211;210;210m[38;2;212;212;212m▄[48;2;210;210;210m[38;2;212;212;212m▄[48;2;210;209;210m[38;2;211;210;211m▄[48;2;209;209;209m[38;2;211;211;210m▄[48;2;209;209;209m[38;2;210;210;210m▄[48;2;209;208;209m[38;2;210;209;210m▄[48;2;208;208;209m[38;2;209;209;210m▄[48;2;208;208;208m[38;2;209;209;209m▄[48;2;208;207;209m[38;2;209;209;209m▄[48;2;207;207;208m[38;2;209;209;209m▄[48;2;208;207;208m[38;2;208;208;208m▄[48;2;207;207;208m[38;2;208;208;208m▄[48;2;206;206;206m[38;2;208;208;208m▄[48;2;206;206;206m[38;2;207;207;207m▄[48;2;206;206;206m[38;2;208;208;208m▄[48;2;205;205;205m[38;2;208;208;208m▄[0m
[48;2;220;220;220m[38;2;223;223;223m▄[48;2;220;220;220m[38;2;223;223;223m▄[48;2;221;221;221m[38;2;223;223;223m▄[48;2;221;221;221m[38;2;223;223;223m▄[48;2;222;222;222m[38;2;223;223;223m▄[48;2;222;222;222m[38;2;223;223;223m▄[48;2;222;222;222m[38;2;223;223;223m▄[48;2;222;222;222m[38;2;223;223;223m▄[48;2;222;222;222m[38;2;223;223;223m▄[48;2;222;222;222m[38;2;223;223;223m▄[48;2;222;222;222m[38;2;223;223;223m▄[48;2;222;222;222m[38;2;223;223;223m▄[48;2;222;222;222m[38;2;223;223;223m▄[48;2;222;222;222m[38;2;223;223;223m▄[48;2;222;222;222m[38;2;223;223;223m▄[48;2;222;222;222m[38;2;223;223;223m▄[48;2;222;222;222m[38;2;223;223;223m▄[48;2;221;221;221m[38;2;223;223;223m▄[48;2;222;222;222m[38;2;223;223;223m▄[48;2;220;220;220m[38;2;223;223;223m▄[48;2;217;216;216m[38;2;222;222;222m▄[48;2;216;217;217m[38;2;222;221;221m▄[48;2;216;221;220m[38;2;221;220;221m▄[48;2;217;217;217m[38;2;222;222;222m▄[48;2;219;219;219m[38;2;222;222;222m▄[48;2;220;220;220m[38;2;222;222;222m▄[48;2;220;220;220m[38;2;222;222;222m▄[48;2;219;219;219m[38;2;222;222;222m▄[48;2;219;219;219m[38;2;222;222;222m▄[48;2;218;218;218m[38;2;221;221;221m▄[48;2;218;218;218m[38;2;221;221;221m▄[48;2;217;217;217m[38;2;220;220;220m▄[48;2;216;216;216m[38;2;219;219;219m▄[48;2;216;216;216m[38;2;219;219;219m▄[48;2;216;216;216m[38;2;218;218;218m▄[48;2;216;216;216m[38;2;218;218;218m▄[48;2;216;216;216m[38;2;217;217;217m▄[48;2;216;216;216m[38;2;216;216;216m▄[48;2;216;216;216m[38;2;217;217;217m▄[48;2;216;216;216m[38;2;217;217;217m▄[48;2;216;216;216m[38;2;217;217;217m▄[48;2;216;216;216m[38;2;216;216;216m▄[48;2;216;215;216m[38;2;216;216;216m▄[48;2;216;216;216m[38;2;217;217;217m▄[48;2;216;216;216m[38;2;216;216;216m▄[48;2;216;216;216m[38;2;216;216;216m▄[48;2;216;216;216m[38;2;216;216;216m▄[48;2;215;215;216m[38;2;216;216;216m▄[48;2;215;215;215m[38;2;216;216;216m▄[48;2;214;214;214m[38;2;215;215;215m▄[48;2;214;214;214m[38;2;215;215;215m▄[48;2;213;213;213m[38;2;215;215;215m▄[48;2;212;212;212m[38;2;215;215;215m▄[48;2;212;212;212m[38;2;214;214;214m▄[48;2;210;210;210m[38;2;212;212;212m▄[48;2;209;209;209m[38;2;211;212;211m▄[48;2;209;209;209m[38;2;211;211;211m▄[48;2;209;209;209m[38;2;210;210;210m▄[48;2;209;209;209m[38;2;210;210;210m▄[48;2;209;209;209m[38;2;210;210;210m▄[48;2;208;208;208m[38;2;209;209;209m▄[48;2;208;208;208m[38;2;209;209;209m▄[48;2;208;208;208m[38;2;209;209;209m▄[48;2;208;208;208m[38;2;210;210;210m▄[0m
