[48;2;217;217;217m[38;2;217;217;217m▄[48;2;219;219;219m[38;2;217;217;217m▄[48;2;221;221;221m[38;2;220;220;220m▄[48;2;221;221;221m[38;2;221;221;221m▄[48;2;222;222;222m[38;2;222;222;222m▄[48;2;223;223;223m[38;2;223;223;223m▄[48;2;223;223;223m[38;2;223;223;223m▄[48;2;224;224;224m[38;2;224;224;224m▄[48;2;225;225;225m[38;2;224;224;224m▄[48;2;225;225;225m[38;2;224;224;224m▄[48;2;225;225;225m[38;2;224;224;224m▄[48;2;226;226;226m[38;2;224;224;224m▄[48;2;226;226;226m[38;2;224;224;224m▄[48;2;227;227;227m[38;2;225;225;225m▄[48;2;227;227;227m[38;2;226;226;226m▄[48;2;227;227;227m[38;2;227;227;227m▄[48;2;228;228;228m[38;2;227;227;227m▄[48;2;228;228;228m[38;2;227;227;227m▄[48;2;228;228;228m[38;2;227;227;227m▄[48;2;228;228;228m[38;2;227;227;227m▄[48;2;228;228;228m[38;2;227;227;227m▄[48;2;228;228;228m[38;2;227;227;227m▄[48;2;228;228;228m[38;2;227;227;227m▄[48;2;228;228;228m[38;2;227;227;227m▄[48;2;227;227;227m[38;2;226;226;226m▄[48;2;227;227;227m[38;2;227;227;227m▄[48;2;227;227;227m[38;2;227;227;227m▄[48;2;228;228;228m[38;2;226;226;226m▄[48;2;227;227;227m[38;2;225;225;225m▄[48;2;225;225;225m[38;2;224;224;224m▄[48;2;224;224;224m[38;2;224;224;224m▄[48;2;225;225;225m[38;2;224;224;224m▄[48;2;225;225;225m[38;2;224;224;224m▄[48;2;224;224;224m[38;2;224;224;224m▄[48;2;223;223;223m[38;2;223;223;223m▄[48;2;223;223;223m[38;2;223;223;223m▄[48;2;223;223;223m[38;2;222;222;222m▄[48;2;222;222;222m[38;2;222;222;222m▄[48;2;221;221;221m[38;2;221;221;221m▄[48;2;221;221;221m[38;2;221;221;221m▄[48;2;219;219;219m[38;2;218;218;218m▄[48;2;218;218;218m[38;2;218;218;218m▄[48;2;217;217;217m[38;2;217;217;217m▄[48;2;216;216;216m[38;2;217;217;217m▄[48;2;216;216;216m[38;2;217;217;217m▄[48;2;216;216;216m[38;2;216;216;217m▄[48;2;215;215;215m[38;2;215;215;215m▄[48;2;215;215;215m[38;2;215;215;215m▄[48;2;215;215;215m[38;2;215;215;215m▄[48;2;214;214;214m[38;2;214;214;214m▄[48;2;213;213;213m[38;2;213;213;213m▄[48;2;212;212;212m[38;2;213;213;213m▄[48;2;211;211;211m[38;2;211;211;211m▄[48;2;211;211;211m[38;2;210;210;210m▄[48;2;211;211;211m[38;2;210;210;210m▄[48;2;209;209;210m[38;2;209;209;209m▄[48;2;208;208;208m[38;2;208;208;208m▄[48;2;208;208;208m[38;2;208;208;208m▄[48;2;208;208;208m[38;2;208;208;208m▄[48;2;207;207;207m[38;2;207;207;207m▄[48;2;206;206;206m[38;2;207;207;207m▄[48;2;205;205;205m[38;2;205;205;205m▄[48;2;204;204;204m[38;2;204;204;204m▄[48;2;204;204;204m[38;2;203;203;203m▄[0m
[48;2;217;217;217m[38;2;217;217;217m▄[48;2;217;217;217m[38;2;217;217;217m▄[48;2;218;218;218m[38;2;217;217;217m▄[48;2;220;220;220m[38;2;219;219;219m▄[48;2;222;222;222m[38;2;221;221;221m▄[48;2;223;223;223m[38;2;222;222;222m▄[48;2;223;223;223m[38;2;223;223;223m▄[48;2;223;223;223m[38;2;223;223;223m▄[48;2;224;224;224m[38;2;224;224;224m▄[48;2;225;225;225m[38;2;224;224;224m▄[48;2;225;225;225m[38;2;224;224;224m▄[48;2;224;224;224m[38;2;224;224;224m▄[48;2;225;225;225m[38;2;224;224;224m▄[48;2;225;225;225m[38;2;224;224;224m▄[48;2;225;225;225m[38;2;224;224;224m▄[48;2;226;226;226m[38;2;224;224;224m▄[48;2;226;226;226m[38;2;225;225;225m▄[48;2;227;227;227m[38;2;227;227;227m▄[48;2;227;227;227m[38;2;227;227;227m▄[48;2;227;227;227m[38;2;227;227;227m▄[48;2;226;226;226m[38;2;226;226;226m▄[48;2;226;226;226m[38;2;227;227;227m▄[48;2;226;226;226m[38;2;226;226;226m▄[48;2;227;227;227m[38;2;227;227;227m▄[48;2;226;226;226m[38;2;226;226;226m▄[48;2;227;227;227m[38;2;226;226;226m▄[48;2;226;226;226m[38;2;225;225;225m▄[48;2;224;224;224m[38;2;224;224;224m▄[48;2;225;225;225m[38;2;223;224;223m▄[48;2;224;224;224m[38;2;222;223;222m▄[48;2;224;224;224m[38;2;223;224;223m▄[48;2;224;224;224m[38;2;224;224;224m▄[48;2;224;224;224m[38;2;224;224;224m▄[48;2;224;224;224m[38;2;223;224;223m▄[48;2;223;223;223m[38;2;221;222;221m▄[48;2;223;223;223m[38;2;222;222;222m▄[48;2;223;223;223m[38;2;223;223;223m▄[48;2;222;222;222m[38;2;222;222;222m▄[48;2;221;221;221m[38;2;221;221;221m▄[48;2;220;220;220m[38;2;220;220;220m▄[48;2;218;218;218m[38;2;218;218;218m▄[48;2;217;217;217m[38;2;217;217;217m▄[48;2;217;217;217m[38;2;216;216;216m▄[48;2;217;217;217m[38;2;216;216;216m▄[48;2;217;217;217m[38;2;216;216;216m▄[48;2;216;216;216m[38;2;215;215;215m▄[48;2;216;216;216m[38;2;215;215;215m▄[48;2;215;215;215m[38;2;214;214;214m▄[48;2;214;214;214m[38;2;214;214;214m▄[48;2;213;213;213m[38;2;214;214;214m▄[48;2;213;213;213m[38;2;213;213;213m▄[48;2;212;212;212m[38;2;213;213;213m▄[48;2;210;210;210m[38;2;211;211;211m▄[48;2;210;210;210m[38;2;210;210;210m▄[48;2;210;210;210m[38;2;210;210;210m▄[48;2;209;209;209m[38;2;210;210;210m▄[48;2;208;208;208m[38;2;208;208;208m▄[48;2;208;208;208m[38;2;208;208;208m▄[48;2;208;208;208m[38;2;208;208;208m▄[48;2;207;207;207m[38;2;207;207;207m▄[48;2;206;206;206m[38;2;206;206;206m▄[48;2;205;205;205m[38;2;205;205;205m▄[48;2;203;203;203m[38;2;204;204;204m▄[48;2;203;203;203m[38;2;203;203;203m▄[0m
[48;2;217;217;217m[38;2;217;217;217m▄[48;2;217;217;217m[38;2;217;217;217m▄[48;2;218;218;218m[38;2;217;217;217m▄[48;2;218;218;218m[38;2;219;219;219m▄[48;2;220;220;220m[38;2;221;221;221m▄[48;2;221;221;221m[38;2;221;221;221m▄[48;2;223;223;223m[38;2;223;223;223m▄[48;2;223;223;223m[38;2;223;223;223m▄[48;2;223;223;223m[38;2;223;223;223m▄[48;2;224;224;224m[38;2;224;224;224m▄[48;2;224;224;224m[38;2;224;224;224m▄[48;2;225;225;225m[38;2;224;224;224m▄[48;2;224;224;224m[38;2;225;225;225m▄[48;2;225;225;225m[38;2;225;225;225m▄[48;2;224;224;224m[38;2;225;225;225m▄[48;2;224;224;224m[38;2;225;225;225m▄[48;2;224;224;224m[38;2;224;224;224m▄[48;2;225;225;225m[38;2;224;224;224m▄[48;2;225;225;225m[38;2;226;226;226m▄[48;2;226;226;226m[38;2;225;225;225m▄[48;2;226;226;226m[38;2;225;225;225m▄[48;2;226;226;226m[38;2;224;224;224m▄[48;2;225;225;225m[38;2;225;225;225m▄[48;2;225;225;225m[38;2;224;224;224m▄[48;2;225;225;225m[38;2;224;224;224m▄[48;2;224;224;224m[38;2;225;225;225m▄[48;2;225;225;225m[38;2;223;224;223m▄[48;2;224;224;224m[38;2;228;227;228m▄[48;2;229;227;229m[38;2;204;213;202m▄[48;2;233;230;233m[38;2;185;201;184m▄[48;2;228;226;227m[38;2;211;216;215m▄[48;2;223;223;222m[38;2;231;229;232m▄[48;2;224;224;224m[38;2;224;224;223m▄[48;2;223;224;223m[38;2;227;225;229m▄[48;2;230;227;231m[38;2;189;205;187m▄[48;2;225;223;225m[38;2;210;217;209m▄[48;2;221;222;221m[38;2;225;224;225m▄[48;2;222;222;222m[38;2;221;221;221m▄[48;2;221;221;221m[38;2;221;221;221m▄[48;2;219;219;219m[38;2;219;219;219m▄[48;2;218;218;218m[38;2;218;218;218m▄[48;2;217;217;217m[38;2;217;217;217m▄[48;2;217;217;217m[38;2;217;217;217m▄[48;2;216;216;216m[38;2;217;217;217m▄[48;2;217;217;217m[38;2;217;217;217m▄[48;2;216;216;216m[38;2;216;216;216m▄[48;2;215;215;215m[38;2;215;215;215m▄[48;2;215;215;215m[38;2;215;215;215m▄[48;2;214;214;214m[38;2;214;214;214m▄[48;2;213;213;213m[38;2;214;213;214m▄[48;2;213;213;213m[38;2;213;213;213m▄[48;2;212;212;213m[38;2;212;212;212m▄[48;2;211;211;211m[38;2;211;211;211m▄[48;2;210;210;210m[38;2;211;211;211m▄[48;2;210;210;210m[38;2;210;210;210m▄[48;2;209;209;210m[38;2;210;210;210m▄[48;2;209;208;209m[38;2;208;208;208m▄[48;2;208;208;208m[38;2;208;208;208m▄[48;2;208;208;208m[38;2;208;208;208m▄[48;2;207;207;207m[38;2;207;207;207m▄[48;2;206;206;206m[38;2;207;207;207m▄[48;2;205;205;205m[38;2;206;206;206m▄[48;2;204;204;204m[38;2;204;204;204m▄[48;2;203;203;204m[38;2;203;203;203m▄[0m
[48;2;216;216;216m[38;2;216;216;216m▄[48;2;217;217;217m[38;2;216;216;216m▄[48;2;217;217;217m[38;2;217;217;217m▄[48;2;219;219;219m[38;2;217;217;217m▄[48;2;220;220;220m[38;2;218;218;218m▄[48;2;221;221;221m[38;2;220;220;221m▄[48;2;222;222;222m[38;2;221;221;221m▄[48;2;223;223;223m[38;2;221;221;221m▄[48;2;222;222;222m[38;2;222;222;222m▄[48;2;223;223;223m[38;2;223;223;223m▄[48;2;223;223;223m[38;2;223;223;223m▄[48;2;224;224;224m[38;2;224;224;224m▄[48;2;225;225;225m[38;2;224;224;224m▄[48;2;224;224;224m[38;2;224;224;224m▄[48;2;225;225;225m[38;2;224;224;224m▄[48;2;225;225;225m[38;2;225;225;225m▄[48;2;224;224;224m[38;2;224;224;224m▄[48;2;225;225;225m[38;2;224;224;224m▄[48;2;225;225;225m[38;2;224;224;224m▄[48;2;224;224;224m[38;2;224;224;224m▄[48;2;224;224;224m[38;2;224;224;224m▄[48;2;224;224;224m[38;2;224;224;224m▄[48;2;224;224;224m[38;2;224;224;224m▄[48;2;224;224;224m[38;2;224;224;224m▄[48;2;224;224;224m[38;2;225;225;225m▄[48;2;224;224;224m[38;2;224;224;224m▄[48;2;223;224;222m[38;2;222;223;222m▄[48;2;232;228;234m[38;2;232;229;233m▄[48;2;161;190;153m[38;2;185;201;182m▄[48;2;139;185;96m[38;2;137;184;85m▄[48;2;141;183;108m[38;2;141;186;77m▄[48;2;175;195;171m[38;2;126;176;84m▄[48;2;236;230;240m[38;2;175;195;172m▄[48;2;174;197;165m[38;2;119;167;93m▄[48;2;98;159;63m[38;2;169;189;161m▄[48;2;173;195;167m[38;2;213;210;217m▄[48;2;228;225;229m[38;2;225;221;225m▄[48;2;219;220;218m[38;2;223;222;222m▄[48;2;220;220;220m[38;2;219;219;219m▄[48;2;219;219;219m[38;2;218;218;218m▄[48;2;217;217;217m[38;2;217;217;217m▄[48;2;217;217;217m[38;2;217;217;217m▄[48;2;216;216;216m[38;2;217;217;217m▄[48;2;217;217;217m[38;2;216;216;216m▄[48;2;216;216;216m[38;2;215;215;215m▄[48;2;215;215;215m[38;2;215;215;215m▄[48;2;215;215;215m[38;2;215;215;215m▄[48;2;214;214;214m[38;2;214;214;214m▄[48;2;214;214;214m[38;2;214;214;214m▄[48;2;213;213;213m[38;2;213;213;213m▄[48;2;212;212;212m[38;2;213;213;213m▄[48;2;212;212;212m[38;2;213;213;213m▄[48;2;212;212;212m[38;2;211;211;211m▄[48;2;211;211;211m[38;2;211;211;211m▄[48;2;210;210;210m[38;2;210;210;210m▄[48;2;209;209;209m[38;2;209;209;209m▄[48;2;208;208;208m[38;2;209;209;209m▄[48;2;208;208;208m[38;2;208;208;208m▄[48;2;208;208;208m[38;2;207;207;207m▄[48;2;207;207;207m[38;2;207;207;207m▄[48;2;206;206;206m[38;2;206;206;206m▄[48;2;206;205;206m[38;2;205;205;205m▄[48;2;204;204;205m[38;2;204;204;204m▄[48;2;203;204;203m[38;2;204;204;204m▄[0m
[48;2;216;216;216m[38;2;216;216;216m▄[48;2;216;216;216m[38;2;216;216;216m▄[48;2;217;217;217m[38;2;216;216;216m▄[48;2;217;217;217m[38;2;216;216;216m▄[48;2;218;218;218m[38;2;217;217;217m▄[48;2;220;220;220m[38;2;219;219;219m▄[48;2;221;221;221m[38;2;220;220;220m▄[48;2;221;221;221m[38;2;221;221;221m▄[48;2;222;222;222m[38;2;221;221;221m▄[48;2;222;222;222m[38;2;222;222;222m▄[48;2;223;223;223m[38;2;223;223;223m▄[48;2;223;223;223m[38;2;223;223;223m▄[48;2;224;224;224m[38;2;223;223;223m▄[48;2;224;224;224m[38;2;224;224;224m▄[48;2;224;224;224m[38;2;224;224;224m▄[48;2;224;224;224m[38;2;224;224;224m▄[48;2;224;224;224m[38;2;224;224;224m▄[48;2;224;224;224m[38;2;224;224;224m▄[48;2;224;224;224m[38;2;224;224;224m▄[48;2;224;224;224m[38;2;224;224;224m▄[48;2;224;224;224m[38;2;224;224;224m▄[48;2;224;224;224m[38;2;224;224;224m▄[48;2;224;224;224m[38;2;224;224;224m▄[48;2;225;225;225m[38;2;224;224;224m▄[48;2;225;225;225m[38;2;223;223;223m▄[48;2;224;224;224m[38;2;224;223;223m▄[48;2;224;224;224m[38;2;224;224;224m▄[48;2;225;225;224m[38;2;222;226;225m▄[48;2;223;227;230m[38;2;222;196;200m▄[48;2;142;183;128m[38;2;220;171;178m▄[48;2;117;180;69m[38;2;159;154;122m▄[48;2;109;171;71m[38;2;111;149;90m▄[48;2;88;149;68m[38;2;85;141;70m▄[48;2;124;163;116m[38;2;88;159;74m▄[48;2;162;188;152m[38;2;111;171;74m▄[48;2;153;186;136m[38;2;141;190;85m▄[48;2;169;192;166m[38;2;141;190;86m▄[48;2;216;218;218m[38;2;131;173;113m▄[48;2;221;220;221m[38;2;214;214;215m▄[48;2;217;217;216m[38;2;218;218;218m▄[48;2;217;217;217m[38;2;216;217;216m▄[48;2;217;217;217m[38;2;217;217;217m▄[48;2;217;217;217m[38;2;217;217;217m▄[48;2;216;216;216m[38;2;216;216;216m▄[48;2;216;216;216m[38;2;215;216;215m▄[48;2;215;215;215m[38;2;215;214;215m▄[48;2;215;214;215m[38;2;214;214;215m▄[48;2;214;214;215m[38;2;214;213;215m▄[48;2;213;213;214m[38;2;213;213;214m▄[48;2;214;214;214m[38;2;214;214;213m▄[48;2;213;213;213m[38;2;213;213;213m▄[48;2;211;211;211m[38;2;211;211;211m▄[48;2;211;211;211m[38;2;210;210;210m▄[48;2;211;211;211m[38;2;210;210;210m▄[48;2;209;209;209m[38;2;209;209;209m▄[48;2;209;209;209m[38;2;208;208;208m▄[48;2;209;209;209m[38;2;209;209;209m▄[48;2;208;208;208m[38;2;208;208;208m▄[48;2;208;208;208m[38;2;207;207;207m▄[48;2;207;207;207m[38;2;207;207;207m▄[48;2;206;206;206m[38;2;206;206;206m▄[48;2;205;205;205m[38;2;204;204;205m▄[48;2;204;204;204m[38;2;204;203;204m▄[48;2;203;203;203m[38;2;203;203;203m▄[0m
[48;2;215;215;215m[38;2;215;215;215m▄[48;2;216;216;216m[38;2;216;216;216m▄[48;2;216;216;216m[38;2;216;216;216m▄[48;2;216;216;216m[38;2;216;216;216m▄[48;2;216;216;216m[38;2;217;217;217m▄[48;2;218;218;218m[38;2;217;217;217m▄[48;2;218;218;218m[38;2;217;217;217m▄[48;2;220;220;220m[38;2;218;218;218m▄[48;2;221;221;221m[38;2;220;220;220m▄[48;2;222;222;222m[38;2;221;221;221m▄[48;2;222;222;222m[38;2;221;221;221m▄[48;2;222;222;222m[38;2;221;221;221m▄[48;2;223;223;223m[38;2;222;222;222m▄[48;2;223;223;223m[38;2;223;223;223m▄[48;2;224;224;224m[38;2;223;223;223m▄[48;2;224;224;224m[38;2;223;223;223m▄[48;2;223;223;223m[38;2;223;223;223m▄[48;2;224;224;224m[38;2;223;223;223m▄[48;2;224;224;224m[38;2;224;224;224m▄[48;2;223;223;223m[38;2;223;223;223m▄[48;2;224;224;224m[38;2;223;223;223m▄[48;2;224;224;224m[38;2;224;224;224m▄[48;2;223;223;223m[38;2;223;223;223m▄[48;2;224;224;224m[38;2;224;224;224m▄[48;2;223;223;223m[38;2;223;223;223m▄[48;2;223;222;222m[38;2;224;225;225m▄[48;2;224;228;227m[38;2;221;220;221m▄[48;2;221;180;184m[38;2;217;131;141m▄[48;2;233;140;148m[38;2;230;132;142m▄[48;2;242;141;152m[38;2;226;128;139m▄[48;2;235;130;147m[38;2;223;131;139m▄[48;2;228;147;161m[38;2;241;166;173m▄[48;2;215;152;152m[38;2;243;152;166m▄[48;2;124;136;86m[38;2;231;132;147m▄[48;2;109;164;77m[38;2;220;149;151m▄[48;2;124;176;77m[38;2;193;141;140m▄[48;2;125;172;91m[38;2;191;195;197m▄[48;2;161;183;154m[38;2;208;204;211m▄[48;2;211;209;212m[38;2;210;210;210m▄[48;2;217;217;217m[38;2;217;217;216m▄[48;2;217;217;217m[38;2;217;217;217m▄[48;2;217;217;217m[38;2;217;217;217m▄[48;2;217;217;217m[38;2;216;216;216m▄[48;2;216;216;216m[38;2;216;216;216m▄[48;2;215;215;216m[38;2;215;215;215m▄[48;2;215;215;215m[38;2;215;215;215m▄[48;2;215;215;215m[38;2;214;214;214m▄[48;2;214;214;215m[38;2;213;213;214m▄[48;2;213;213;213m[38;2;213;213;213m▄[48;2;212;213;212m[38;2;213;213;212m▄[48;2;212;212;212m[38;2;211;211;211m▄[48;2;212;212;212m[38;2;211;211;211m▄[48;2;211;211;211m[38;2;211;211;211m▄[48;2;211;211;211m[38;2;211;211;211m▄[48;2;210;210;210m[38;2;209;209;209m▄[48;2;209;209;209m[38;2;208;208;209m▄[48;2;208;208;208m[38;2;208;208;209m▄[48;2;208;208;208m[38;2;208;208;208m▄[48;2;208;208;208m[38;2;207;207;207m▄[48;2;207;207;207m[38;2;207;207;207m▄[48;2;206;206;206m[38;2;205;205;205m▄[48;2;204;204;205m[38;2;205;205;205m▄[48;2;204;204;204m[38;2;203;203;203m▄[48;2;203;203;203m[38;2;203;203;203m▄[0m
[48;2;215;215;215m[38;2;215;215;215m▄[48;2;215;215;215m[38;2;215;215;215m▄[48;2;216;216;216m[38;2;216;216;216m▄[48;2;216;216;216m[38;2;216;216;216m▄[48;2;216;216;216m[38;2;216;216;216m▄[48;2;217;217;217m[38;2;216;216;216m▄[48;2;217;217;217m[38;2;217;217;217m▄[48;2;217;217;217m[38;2;217;217;217m▄[48;2;218;218;218m[38;2;218;218;218m▄[48;2;220;220;220m[38;2;218;218;218m▄[48;2;221;221;221m[38;2;219;219;219m▄[48;2;221;221;221m[38;2;220;220;220m▄[48;2;221;221;221m[38;2;221;221;221m▄[48;2;221;221;221m[38;2;221;221;221m▄[48;2;222;222;222m[38;2;221;221;221m▄[48;2;222;222;222m[38;2;221;221;221m▄[48;2;223;223;223m[38;2;222;222;222m▄[48;2;223;223;223m[38;2;222;222;222m▄[48;2;223;223;223m[38;2;222;222;222m▄[48;2;223;223;223m[38;2;222;222;222m▄[48;2;223;223;223m[38;2;222;222;222m▄[48;2;223;223;223m[38;2;222;222;222m▄[48;2;223;223;223m[38;2;222;222;222m▄[48;2;223;223;223m[38;2;223;222;222m▄[48;2;223;222;222m[38;2;224;226;226m▄[48;2;224;230;229m[38;2;217;209;211m▄[48;2;214;170;176m[38;2;219;129;141m▄[48;2;223;127;140m[38;2;238;128;142m▄[48;2;234;137;148m[38;2;222;103;121m▄[48;2;221;127;138m[38;2;214;134;148m▄[48;2;218;144;154m[38;2;252;255;255m▄[48;2;233;145;156m[38;2;224;165;174m▄[48;2;240;162;170m[38;2;225;131;143m▄[48;2;225;130;142m[38;2;225;135;144m▄[48;2;245;159;169m[38;2;225;146;153m▄[48;2;226;132;145m[38;2;218;109;123m▄[48;2;201;163;170m[38;2;213;117;131m▄[48;2;213;219;218m[38;2;210;209;210m▄[48;2;217;216;217m[38;2;218;216;215m▄[48;2;217;217;219m[38;2;215;211;204m▄[48;2;217;217;217m[38;2;214;208;196m▄[48;2;217;217;218m[38;2;213;205;190m▄[48;2;216;218;220m[38;2;213;206;196m▄[48;2;216;216;216m[38;2;216;216;217m▄[48;2;215;215;215m[38;2;215;215;215m▄[48;2;214;214;214m[38;2;215;215;215m▄[48;2;214;214;214m[38;2;214;214;214m▄[48;2;214;214;213m[38;2;213;213;214m▄[48;2;213;213;213m[38;2;213;213;213m▄[48;2;212;212;212m[38;2;212;212;212m▄[48;2;211;211;211m[38;2;211;211;211m▄[48;2;211;211;211m[38;2;211;211;211m▄[48;2;211;211;211m[38;2;211;211;211m▄[48;2;210;210;210m[38;2;209;209;209m▄[48;2;208;208;209m[38;2;209;209;209m▄[48;2;208;208;208m[38;2;208;208;208m▄[48;2;208;208;208m[38;2;208;208;208m▄[48;2;208;208;208m[38;2;208;208;208m▄[48;2;207;207;207m[38;2;207;207;207m▄[48;2;207;207;207m[38;2;207;207;207m▄[48;2;205;204;205m[38;2;204;204;204m▄[48;2;204;204;204m[38;2;204;204;204m▄[48;2;203;203;203m[38;2;203;203;203m▄[48;2;203;203;203m[38;2;203;203;203m▄[0m
[48;2;215;215;215m[38;2;214;214;214m▄[48;2;215;215;215m[38;2;214;214;214m▄[48;2;215;215;215m[38;2;215;215;215m▄[48;2;215;215;215m[38;2;215;215;215m▄[48;2;216;216;216m[38;2;215;215;215m▄[48;2;216;216;216m[38;2;216;216;216m▄[48;2;216;216;216m[38;2;217;217;217m▄[48;2;217;217;217m[38;2;217;217;217m▄[48;2;217;217;217m[38;2;217;217;217m▄[48;2;217;217;217m[38;2;217;217;217m▄[48;2;218;218;218m[38;2;217;217;217m▄[48;2;219;219;219m[38;2;218;218;218m▄[48;2;219;219;219m[38;2;218;218;218m▄[48;2;219;219;219m[38;2;218;218;218m▄[48;2;219;219;219m[38;2;218;218;218m▄[48;2;221;221;221m[38;2;219;219;219m▄[48;2;221;221;221m[38;2;220;220;220m▄[48;2;221;221;221m[38;2;221;221;221m▄[48;2;222;222;222m[38;2;220;220;220m▄[48;2;222;222;222m[38;2;221;221;221m▄[48;2;222;222;222m[38;2;221;221;221m▄[48;2;222;222;222m[38;2;221;220;220m▄[48;2;222;222;222m[38;2;221;220;220m▄[48;2;222;221;221m[38;2;222;220;220m▄[48;2;224;227;226m[38;2;222;219;220m▄[48;2;213;201;204m[38;2;220;223;223m▄[48;2;219;114;130m[38;2;200;123;137m▄[48;2;223;113;130m[38;2;211;98;117m▄[48;2;210;101;120m[38;2;223;108;126m▄[48;2;205;94;114m[38;2;218;107;124m▄[48;2;226;183;192m[38;2;218;109;124m▄[48;2;255;255;255m[38;2;217;154;165m▄[48;2;237;212;217m[38;2;238;224;228m▄[48;2;205;110;125m[38;2;217;115;131m▄[48;2;216;107;123m[38;2;233;122;137m▄[48;2;231;119;133m[38;2;222;109;125m▄[48;2;213;110;127m[38;2;196;130;142m▄[48;2;203;197;198m[38;2;204;209;208m▄[48;2;216;214;210m[38;2;216;215;216m▄[48;2;215;212;208m[38;2;216;216;217m▄[48;2;215;215;215m[38;2;215;214;214m▄[48;2;215;215;216m[38;2;217;220;224m▄[48;2;210;199;184m[38;2;213;211;206m▄[48;2;213;206;198m[38;2;207;196;179m▄[48;2;216;217;219m[38;2;215;217;220m▄[48;2;214;214;214m[38;2;214;213;213m▄[48;2;214;214;214m[38;2;213;213;213m▄[48;2;213;213;213m[38;2;212;212;212m▄[48;2;211;211;211m[38;2;211;211;211m▄[48;2;211;211;211m[38;2;211;211;211m▄[48;2;211;211;211m[38;2;211;211;211m▄[48;2;211;211;211m[38;2;210;210;210m▄[48;2;210;210;210m[38;2;210;210;210m▄[48;2;209;209;209m[38;2;209;209;209m▄[48;2;208;208;208m[38;2;208;208;208m▄[48;2;208;208;208m[38;2;208;208;208m▄[48;2;207;207;207m[38;2;207;207;207m▄[48;2;207;207;207m[38;2;207;207;207m▄[48;2;207;207;207m[38;2;206;206;206m▄[48;2;206;206;206m[38;2;205;205;205m▄[48;2;204;204;204m[38;2;204;204;204m▄[48;2;203;203;203m[38;2;203;203;203m▄[48;2;203;203;203m[38;2;202;202;202m▄[48;2;203;203;203m[38;2;203;203;203m▄[0m
[48;2;214;214;214m[38;2;214;214;214m▄[48;2;214;214;214m[38;2;214;214;214m▄[48;2;215;215;215m[38;2;215;215;215m▄[48;2;215;215;215m[38;2;215;215;215m▄[48;2;215;215;215m[38;2;215;215;215m▄[48;2;216;216;216m[38;2;215;215;215m▄[48;2;217;217;217m[38;2;216;216;216m▄[48;2;217;217;217m[38;2;215;215;215m▄[48;2;216;216;216m[38;2;216;216;216m▄[48;2;217;217;217m[38;2;217;217;217m▄[48;2;217;217;217m[38;2;217;217;217m▄[48;2;216;216;216m[38;2;217;217;217m▄[48;2;217;217;217m[38;2;217;217;217m▄[48;2;217;217;217m[38;2;217;217;217m▄[48;2;217;217;217m[38;2;217;217;217m▄[48;2;217;217;217m[38;2;217;217;217m▄[48;2;218;218;218m[38;2;217;217;217m▄[48;2;219;219;219m[38;2;218;218;218m▄[48;2;219;219;219m[38;2;218;217;217m▄[48;2;219;219;219m[38;2;219;222;222m▄[48;2;220;219;219m[38;2;217;222;221m▄[48;2;219;224;224m[38;2;217;197;198m▄[48;2;220;226;225m[38;2;222;187;191m▄[48;2;219;224;224m[38;2;223;184;189m▄[48;2;219;224;224m[38;2;222;183;186m▄[48;2;222;230;229m[38;2;217;195;196m▄[48;2;206;195;198m[38;2;218;227;226m▄[48;2;210;105;123m[38;2;201;126;140m▄[48;2;226;108;125m[38;2;223;94;113m▄[48;2;210;100;118m[38;2;211;93;113m▄[48;2;234;133;145m[38;2;227;117;132m▄[48;2;225;116;129m[38;2;206;101;120m▄[48;2;196;83;104m[38;2;207;86;109m▄[48;2;206;89;111m[38;2;221;95;116m▄[48;2;213;94;114m[38;2;213;76;101m▄[48;2;194;88;108m[38;2;190;122;137m▄[48;2;192;190;192m[38;2;201;207;206m▄[48;2;209;215;215m[38;2;222;169;172m▄[48;2;215;217;217m[38;2;226;167;171m▄[48;2;216;218;218m[38;2;216;205;206m▄[48;2;217;217;219m[38;2;203;196;180m▄[48;2;210;203;197m[38;2;202;195;177m▄[48;2;204;187;166m[38;2;211;212;210m▄[48;2;211;206;199m[38;2;211;208;203m▄[48;2;214;214;216m[38;2;210;207;202m▄[48;2;213;213;213m[38;2;213;213;215m▄[48;2;212;212;212m[38;2;212;212;211m▄[48;2;211;211;211m[38;2;211;211;211m▄[48;2;211;211;211m[38;2;211;211;211m▄[48;2;212;212;212m[38;2;211;211;211m▄[48;2;211;211;211m[38;2;210;210;209m▄[48;2;209;209;209m[38;2;209;209;209m▄[48;2;209;209;209m[38;2;208;208;208m▄[48;2;209;209;209m[38;2;208;208;208m▄[48;2;209;209;209m[38;2;208;208;208m▄[48;2;208;208;208m[38;2;208;208;208m▄[48;2;207;207;207m[38;2;207;207;207m▄[48;2;207;207;207m[38;2;206;206;206m▄[48;2;207;206;207m[38;2;205;205;206m▄[48;2;204;204;205m[38;2;204;204;204m▄[48;2;204;204;203m[38;2;203;203;203m▄[48;2;203;203;203m[38;2;203;203;203m▄[48;2;203;203;203m[38;2;202;202;202m▄[48;2;203;202;203m[38;2;203;202;204m▄[0m
[48;2;214;214;214m[38;2;213;213;213m▄[48;2;214;214;214m[38;2;213;213;213m▄[48;2;214;214;214m[38;2;214;214;214m▄[48;2;215;215;215m[38;2;214;214;214m▄[48;2;215;215;215m[38;2;214;214;214m▄[48;2;215;215;215m[38;2;215;215;215m▄[48;2;215;215;215m[38;2;215;215;215m▄[48;2;215;215;215m[38;2;216;216;216m▄[48;2;216;216;216m[38;2;216;216;216m▄[48;2;217;217;217m[38;2;215;215;215m▄[48;2;217;217;217m[38;2;216;216;216m▄[48;2;217;217;217m[38;2;217;217;217m▄[48;2;217;217;217m[38;2;217;217;217m▄[48;2;217;217;217m[38;2;217;217;217m▄[48;2;217;217;217m[38;2;217;217;217m▄[48;2;217;217;217m[38;2;217;217;217m▄[48;2;217;217;217m[38;2;217;217;217m▄[48;2;217;216;216m[38;2;217;218;218m▄[48;2;217;222;221m[38;2;215;212;213m▄[48;2;215;202;202m[38;2;220;154;160m▄[48;2;222;161;165m[38;2;236;185;191m▄[48;2;232;165;172m[38;2;214;110;122m▄[48;2;225;140;148m[38;2;232;159;167m▄[48;2;225;136;143m[38;2;225;146;155m▄[48;2;229;154;159m[38;2;211;118;128m▄[48;2;232;157;164m[38;2;243;188;195m▄[48;2;218;177;180m[38;2;222;153;159m▄[48;2;210;208;209m[38;2;211;206;206m▄[48;2;199;122;137m[38;2;210;209;209m▄[48;2;199;94;116m[38;2;199;205;205m▄[48;2;193;108;124m[38;2;204;172;173m▄[48;2;208;135;140m[38;2;235;155;162m▄[48;2;213;134;144m[38;2;222;151;157m▄[48;2;199;94;115m[38;2;195;193;193m▄[48;2;191;118;134m[38;2;197;199;198m▄[48;2;192;197;197m[38;2;204;201;200m▄[48;2;212;167;170m[38;2;226;154;160m▄[48;2;237;169;175m[38;2;232;176;183m▄[48;2;231;161;167m[38;2;212;115;124m▄[48;2;212;170;165m[38;2;208;188;186m▄[48;2;204;196;186m[38;2;213;169;173m▄[48;2;222;175;180m[38;2;236;152;159m▄[48;2;216;197;198m[38;2;219;147;153m▄[48;2;206;203;193m[38;2;210;213;213m▄[48;2;211;209;207m[38;2;212;211;212m▄[48;2;212;212;212m[38;2;211;211;211m▄[48;2;212;212;211m[38;2;210;210;210m▄[48;2;211;211;211m[38;2;211;211;211m▄[48;2;211;210;211m[38;2;211;211;211m▄[48;2;211;211;211m[38;2;211;211;210m▄[48;2;211;210;211m[38;2;210;209;211m▄[48;2;209;209;209m[38;2;209;208;209m▄[48;2;208;208;208m[38;2;208;208;208m▄[48;2;208;208;208m[38;2;208;208;208m▄[48;2;208;208;208m[38;2;208;208;208m▄[48;2;207;207;207m[38;2;207;207;207m▄[48;2;206;206;206m[38;2;206;206;206m▄[48;2;206;206;206m[38;2;206;206;206m▄[48;2;205;205;205m[38;2;205;205;205m▄[48;2;204;204;204m[38;2;203;203;203m▄[48;2;203;203;203m[38;2;203;203;203m▄[48;2;203;203;203m[38;2;202;202;202m▄[48;2;202;203;202m[38;2;202;202;202m▄[48;2;202;202;202m[38;2;202;202;202m▄[0m
[48;2;211;211;211m[38;2;210;210;210m▄[48;2;212;212;212m[38;2;211;211;211m▄[48;2;214;214;214m[38;2;212;212;212m▄[48;2;214;214;214m[38;2;213;213;213m▄[48;2;214;214;214m[38;2;214;214;214m▄[48;2;215;215;215m[38;2;214;214;214m▄[48;2;215;215;215m[38;2;214;214;214m▄[48;2;215;215;215m[38;2;215;215;215m▄[48;2;215;215;215m[38;2;215;215;215m▄[48;2;216;216;216m[38;2;215;215;215m▄[48;2;216;216;216m[38;2;215;215;215m▄[48;2;216;216;216m[38;2;215;215;215m▄[48;2;216;216;216m[38;2;216;216;216m▄[48;2;216;216;216m[38;2;216;216;216m▄[48;2;216;216;216m[38;2;216;216;216m▄[48;2;217;217;217m[38;2;216;216;217m▄[48;2;217;216;216m[38;2;216;216;216m▄[48;2;218;224;224m[38;2;217;217;217m▄[48;2;209;182;186m[38;2;217;213;214m▄[48;2;222;153;162m[38;2;204;131;141m▄[48;2;224;159;167m[38;2;190;84;100m▄[48;2;206;101;116m[38;2;212;125;137m▄[48;2;238;183;190m[38;2;234;171;177m▄[48;2;201;111;124m[38;2;210;122;134m▄[48;2;218;149;157m[38;2;220;149;160m▄[48;2;239;183;188m[38;2;190;90;106m▄[48;2;200;103;115m[38;2;217;136;146m▄[48;2;216;146;155m[38;2;208;131;143m▄[48;2;218;143;151m[38;2;223;158;167m▄[48;2;212;147;155m[38;2;215;134;148m▄[48;2;206;134;142m[38;2;200;103;118m▄[48;2;212;114;127m[38;2;229;169;177m▄[48;2;200;123;132m[38;2;191;90;106m▄[48;2;208;149;157m[38;2;229;162;171m▄[48;2;224;152;160m[38;2;206;126;139m▄[48;2;207;126;136m[38;2;202;111;126m▄[48;2;231;165;173m[38;2;233;175;182m▄[48;2;223;167;171m[38;2;208;140;151m▄[48;2;215;126;135m[38;2;234;176;184m▄[48;2;207;146;152m[38;2;206;111;127m▄[48;2;208;141;148m[38;2;211;129;141m▄[48;2;217;119;129m[38;2;227;156;166m▄[48;2;204;161;165m[38;2;188;130;141m▄[48;2;206;214;213m[38;2;207;208;208m▄[48;2;212;210;210m[38;2;212;212;212m▄[48;2;211;211;211m[38;2;211;211;210m▄[48;2;210;210;211m[38;2;210;211;211m▄[48;2;210;210;210m[38;2;211;211;211m▄[48;2;210;210;210m[38;2;211;211;210m▄[48;2;210;210;210m[38;2;209;211;212m▄[48;2;210;209;212m[38;2;208;211;217m▄[48;2;208;208;210m[38;2;208;208;214m▄[48;2;208;207;210m[38;2;208;207;212m▄[48;2;207;208;207m[38;2;208;208;209m▄[48;2;208;208;208m[38;2;207;207;208m▄[48;2;208;208;207m[38;2;207;207;207m▄[48;2;207;207;204m[38;2;207;207;202m▄[48;2;206;206;203m[38;2;207;207;201m▄[48;2;204;204;204m[38;2;204;204;202m▄[48;2;204;204;204m[38;2;202;202;203m▄[48;2;203;203;203m[38;2;202;202;202m▄[48;2;203;202;203m[38;2;202;202;203m▄[48;2;202;201;202m[38;2;201;201;201m▄[48;2;201;201;201m[38;2;201;201;201m▄[0m
[48;2;210;210;210m[38;2;210;210;210m▄[48;2;210;210;210m[38;2;210;210;210m▄[48;2;211;211;211m[38;2;210;210;210m▄[48;2;211;211;211m[38;2;211;211;211m▄[48;2;213;213;213m[38;2;212;212;212m▄[48;2;214;214;214m[38;2;213;213;213m▄[48;2;214;214;214m[38;2;213;213;213m▄[48;2;214;214;214m[38;2;213;213;213m▄[48;2;214;214;214m[38;2;214;214;214m▄[48;2;214;214;214m[38;2;215;215;215m▄[48;2;215;215;215m[38;2;214;214;214m▄[48;2;215;215;215m[38;2;215;215;215m▄[48;2;215;215;215m[38;2;215;215;215m▄[48;2;215;215;215m[38;2;214;214;214m▄[48;2;215;215;215m[38;2;215;215;215m▄[48;2;216;216;216m[38;2;215;215;215m▄[48;2;215;215;215m[38;2;215;215;215m▄[48;2;215;215;215m[38;2;215;215;215m▄[48;2;216;217;217m[38;2;215;213;213m▄[48;2;217;223;222m[38;2;211;214;207m▄[48;2;190;138;149m[38;2;184;120;135m▄[48;2;221;133;144m[38;2;228;127;142m▄[48;2;193;103;117m[38;2;167;83;100m▄[48;2;228;151;161m[38;2;193;105;121m▄[48;2;190;100;116m[38;2;224;138;150m▄[48;2;183;92;109m[38;2;163;62;84m▄[48;2;230;154;165m[38;2;228;134;147m▄[48;2;171;67;87m[38;2;199;110;126m▄[48;2;233;158;167m[38;2;227;141;153m▄[48;2;182;81;103m[38;2;197;102;120m▄[48;2;226;147;159m[38;2;220;127;142m▄[48;2;193;98;116m[38;2;200;106;124m▄[48;2;215;130;144m[38;2;200;109;127m▄[48;2;209;126;138m[38;2;218;128;143m▄[48;2;170;67;88m[38;2;188;100;119m▄[48;2;197;100;118m[38;2;206;121;136m▄[48;2;242;171;179m[38;2;218;127;141m▄[48;2;182;89;108m[38;2;161;51;76m▄[48;2;224;144;156m[38;2;224;134;147m▄[48;2;185;90;108m[38;2;193;104;120m▄[48;2;228;148;160m[38;2;224;139;151m▄[48;2;193;99;117m[38;2;198;105;122m▄[48;2;188;84;103m[38;2;182;99;118m▄[48;2;202;168;175m[38;2;198;189;191m▄[48;2;212;219;218m[38;2;208;210;210m▄[48;2;211;210;210m[38;2;210;210;210m▄[48;2;210;210;210m[38;2;209;209;209m▄[48;2;210;210;210m[38;2;209;209;209m▄[48;2;210;210;210m[38;2;209;209;209m▄[48;2;208;210;212m[38;2;208;208;209m▄[48;2;207;210;217m[38;2;207;207;211m▄[48;2;208;208;215m[38;2;208;207;212m▄[48;2;208;207;212m[38;2;208;207;210m▄[48;2;208;207;210m[38;2;207;207;209m▄[48;2;207;207;209m[38;2;207;207;207m▄[48;2;207;207;206m[38;2;207;207;204m▄[48;2;206;206;201m[38;2;207;207;201m▄[48;2;206;207;201m[38;2;204;207;201m▄[48;2;204;205;202m[38;2;202;205;204m▄[48;2;202;202;203m[38;2;201;203;203m▄[48;2;202;201;203m[38;2;202;201;202m▄[48;2;201;201;201m[38;2;200;200;200m▄[48;2;201;201;201m[38;2;200;200;200m▄[48;2;201;201;201m[38;2;201;201;201m▄[0m
[48;2;210;210;210m[38;2;209;209;209m▄[48;2;210;210;210m[38;2;210;210;210m▄[48;2;210;210;210m[38;2;211;211;211m▄[48;2;210;210;210m[38;2;210;210;210m▄[48;2;210;210;210m[38;2;210;210;210m▄[48;2;211;211;211m[38;2;210;210;210m▄[48;2;212;212;212m[38;2;211;211;211m▄[48;2;213;213;213m[38;2;212;212;212m▄[48;2;214;214;214m[38;2;212;212;212m▄[48;2;213;213;214m[38;2;213;213;213m▄[48;2;214;214;214m[38;2;213;213;213m▄[48;2;214;214;214m[38;2;214;214;214m▄[48;2;215;215;215m[38;2;214;214;214m▄[48;2;214;214;214m[38;2;214;214;214m▄[48;2;214;214;214m[38;2;214;214;214m▄[48;2;215;215;215m[38;2;214;214;214m▄[48;2;214;214;214m[38;2;214;214;214m▄[48;2;216;218;219m[38;2;215;216;217m▄[48;2;209;203;197m[38;2;210;207;204m▄[48;2;207;207;195m[38;2;199;189;171m▄[48;2;185;125;143m[38;2;207;198;198m▄[48;2;180;63;87m[38;2;185;140;146m▄[48;2;186;143;155m[38;2;190;173;163m▄[48;2;175;119;134m[38;2;201;193;181m▄[48;2;214;114;130m[38;2;168;82;103m▄[48;2;206;112;127m[38;2;214;112;128m▄[48;2;159;51;76m[38;2;219;128;142m▄[48;2;176;85;106m[38;2;177;92;110m▄[48;2;165;58;83m[38;2;171;78;97m▄[48;2;180;97;115m[38;2;189;124;137m▄[48;2;177;100;117m[38;2;185;135;146m▄[48;2;183;95;115m[38;2;179;100;117m▄[48;2;172;83;103m[38;2;186;109;124m▄[48;2;175;77;98m[38;2;177;93;110m▄[48;2;176;79;102m[38;2;181;97;116m▄[48;2;160;57;82m[38;2;186;107;125m▄[48;2;170;76;98m[38;2;184;102;121m▄[48;2;184;136;147m[38;2;192;188;190m▄[48;2;176;89;109m[38;2;197;188;180m▄[48;2;177;99;119m[38;2;191;183;170m▄[48;2;176;92;114m[38;2;194;185;177m▄[48;2;183;99;120m[38;2;194;189;185m▄[48;2;187;164;171m[38;2;195;195;186m▄[48;2;196;201;200m[38;2;204;203;203m▄[48;2;208;207;208m[38;2;209;209;209m▄[48;2;209;209;209m[38;2;208;208;208m▄[48;2;208;208;208m[38;2;208;208;208m▄[48;2;208;208;208m[38;2;208;208;208m▄[48;2;209;209;209m[38;2;208;208;208m▄[48;2;208;208;208m[38;2;207;207;207m▄[48;2;208;207;208m[38;2;207;207;207m▄[48;2;207;206;209m[38;2;207;207;207m▄[48;2;207;206;208m[38;2;206;206;206m▄[48;2;207;207;207m[38;2;205;205;205m▄[48;2;206;206;204m[38;2;205;205;204m▄[48;2;207;207;201m[38;2;207;206;202m▄[48;2;206;208;201m[38;2;206;206;200m▄[48;2;203;207;202m[38;2;203;205;203m▄[48;2;201;206;205m[38;2;201;203;205m▄[48;2;201;202;204m[38;2;202;202;203m▄[48;2;201;201;202m[38;2;201;201;201m▄[48;2;200;200;200m[38;2;201;201;201m▄[48;2;201;201;201m[38;2;201;201;201m▄[48;2;201;201;201m[38;2;201;201;201m▄[0m
[48;2;208;208;208m[38;2;210;210;210m▄[48;2;209;209;209m[38;2;210;210;210m▄[48;2;210;210;210m[38;2;210;210;210m▄[48;2;210;210;210m[38;2;210;210;210m▄[48;2;211;211;211m[38;2;211;211;211m▄[48;2;210;210;210m[38;2;211;211;211m▄[48;2;210;210;210m[38;2;211;211;211m▄[48;2;210;210;210m[38;2;212;212;212m▄[48;2;210;210;210m[38;2;212;212;212m▄[48;2;211;211;211m[38;2;212;212;212m▄[48;2;211;211;211m[38;2;213;212;213m▄[48;2;212;212;212m[38;2;213;213;213m▄[48;2;212;212;212m[38;2;213;213;213m▄[48;2;212;212;212m[38;2;214;214;214m▄[48;2;213;213;213m[38;2;214;214;214m▄[48;2;213;213;213m[38;2;214;214;214m▄[48;2;213;213;213m[38;2;214;214;214m▄[48;2;213;213;213m[38;2;214;214;214m▄[48;2;213;215;217m[38;2;214;213;213m▄[48;2;206;200;193m[38;2;214;216;217m▄[48;2;197;187;170m[38;2;213;214;216m▄[48;2;199;197;180m[38;2;212;211;214m▄[48;2;199;194;186m[38;2;211;212;214m▄[48;2;208;210;210m[38;2;211;210;211m▄[48;2;204;197;200m[38;2;213;216;216m▄[48;2;170;98;115m[38;2;210;211;210m▄[48;2;185;79;100m[38;2;189;158;166m▄[48;2;202;98;119m[38;2;178;121;136m▄[48;2;196;100;120m[38;2;177;113;129m▄[48;2;190;84;104m[38;2;178;129;141m▄[48;2;194;98;116m[38;2;175;106;122m▄[48;2;180;90;109m[38;2;173;80;99m▄[48;2;166;66;90m[38;2;183;84;106m▄[48;2;181;114;131m[38;2;187;90;110m▄[48;2;179;121;137m[38;2;188;89;107m▄[48;2;184;98;116m[38;2;189;91;111m▄[48;2;190;92;114m[38;2;168;86;107m▄[48;2;182;154;159m[38;2;196;192;194m▄[48;2;205;207;199m[38;2;209;210;212m▄[48;2;200;195;189m[38;2;209;210;212m▄[48;2;199;193;181m[38;2;207;209;211m▄[48;2;202;194;181m[38;2;207;207;211m▄[48;2;207;202;199m[38;2;207;208;209m▄[48;2;207;208;209m[38;2;208;208;207m▄[48;2;208;208;208m[38;2;208;208;208m▄[48;2;207;207;207m[38;2;208;208;208m▄[48;2;207;207;207m[38;2;208;208;208m▄[48;2;207;207;207m[38;2;207;207;207m▄[48;2;207;207;207m[38;2;207;207;207m▄[48;2;206;206;206m[38;2;206;206;207m▄[48;2;206;205;206m[38;2;206;206;206m▄[48;2;205;205;205m[38;2;205;205;206m▄[48;2;205;205;205m[38;2;205;205;205m▄[48;2;204;204;204m[38;2;205;205;205m▄[48;2;204;204;204m[38;2;204;204;204m▄[48;2;204;204;204m[38;2;204;204;205m▄[48;2;204;204;202m[38;2;203;203;203m▄[48;2;203;203;203m[38;2;202;202;202m▄[48;2;201;202;203m[38;2;202;202;202m▄[48;2;201;201;202m[38;2;201;201;202m▄[48;2;200;200;201m[38;2;201;201;202m▄[48;2;200;200;200m[38;2;201;201;201m▄[48;2;201;200;201m[38;2;201;200;201m▄[48;2;201;201;201m[38;2;201;201;201m▄[0m
[48;2;213;213;213m[38;2;216;216;216m▄[48;2;213;213;213m[38;2;216;216;216m▄[48;2;214;214;214m[38;2;216;216;216m▄[48;2;214;214;214m[38;2;216;216;216m▄[48;2;215;215;215m[38;2;217;217;217m▄[48;2;215;215;215m[38;2;217;217;217m▄[48;2;215;215;215m[38;2;217;217;217m▄[48;2;215;215;216m[38;2;216;217;216m▄[48;2;215;215;216m[38;2;216;216;216m▄[48;2;216;216;216m[38;2;218;217;217m▄[48;2;216;216;216m[38;2;218;218;218m▄[48;2;216;216;216m[38;2;218;218;218m▄[48;2;216;216;216m[38;2;218;218;218m▄[48;2;216;216;216m[38;2;218;218;218m▄[48;2;216;216;216m[38;2;218;218;218m▄[48;2;216;216;216m[38;2;218;218;218m▄[48;2;216;216;216m[38;2;218;218;218m▄[48;2;217;217;217m[38;2;217;217;217m▄[48;2;217;217;217m[38;2;216;216;216m▄[48;2;217;217;216m[38;2;214;214;214m▄[48;2;217;217;216m[38;2;213;213;213m▄[48;2;217;217;216m[38;2;212;212;213m▄[48;2;217;217;217m[38;2;208;207;209m▄[48;2;216;216;215m[38;2;148;118;124m▄[48;2;215;214;215m[38;2;163;142;145m▄[48;2;215;215;215m[38;2;152;125;130m▄[48;2;210;216;214m[38;2;157;132;138m▄[48;2;205;212;210m[38;2;153;128;131m▄[48;2;198;205;203m[38;2;159;136;139m▄[48;2;193;199;199m[38;2;149;121;128m▄[48;2;193;194;194m[38;2;133;99;106m▄[48;2;181;160;165m[38;2;194;198;198m▄[48;2;172;125;136m[38;2;196;202;199m▄[48;2;171;109;122m[38;2;148;127;130m▄[48;2;170;107;120m[38;2;144;119;123m▄[48;2;172;123;136m[38;2;152;137;138m▄[48;2;187;180;180m[38;2;150;127;129m▄[48;2;195;198;197m[38;2;166;147;152m▄[48;2;210;210;210m[38;2;151;122;128m▄[48;2;212;212;212m[38;2;203;199;201m▄[48;2;211;210;210m[38;2;212;212;212m▄[48;2;211;211;210m[38;2;210;210;209m▄[48;2;211;210;210m[38;2;210;210;210m▄[48;2;210;210;210m[38;2;210;210;211m▄[48;2;210;210;210m[38;2;211;211;211m▄[48;2;210;210;210m[38;2;210;210;210m▄[48;2;210;210;210m[38;2;211;211;211m▄[48;2;209;209;209m[38;2;211;211;211m▄[48;2;209;209;209m[38;2;211;211;211m▄[48;2;209;209;209m[38;2;210;210;210m▄[48;2;208;208;208m[38;2;210;210;210m▄[48;2;208;208;208m[38;2;209;209;209m▄[48;2;208;208;208m[38;2;209;209;209m▄[48;2;207;207;207m[38;2;209;209;209m▄[48;2;208;208;208m[38;2;209;209;209m▄[48;2;207;207;207m[38;2;209;209;209m▄[48;2;206;206;206m[38;2;209;209;209m▄[48;2;205;205;205m[38;2;207;207;208m▄[48;2;205;205;205m[38;2;207;207;207m▄[48;2;204;204;204m[38;2;206;206;206m▄[48;2;203;203;203m[38;2;206;206;206m▄[48;2;203;203;203m[38;2;206;206;206m▄[48;2;202;202;202m[38;2;206;206;205m▄[48;2;203;203;203m[38;2;206;206;206m▄[0m
[48;2;219;219;219m[38;2;224;224;224m▄[48;2;220;220;220m[38;2;224;224;224m▄[48;2;221;221;221m[38;2;224;224;224m▄[48;2;221;221;221m[38;2;224;224;224m▄[48;2;220;220;220m[38;2;224;224;224m▄[48;2;221;221;221m[38;2;224;224;224m▄[48;2;221;221;221m[38;2;224;224;224m▄[48;2;221;221;221m[38;2;225;225;225m▄[48;2;222;222;222m[38;2;224;224;224m▄[48;2;222;222;222m[38;2;225;225;225m▄[48;2;223;223;223m[38;2;225;225;225m▄[48;2;223;222;223m[38;2;225;225;225m▄[48;2;222;222;223m[38;2;225;225;226m▄[48;2;222;222;222m[38;2;225;225;225m▄[48;2;223;223;223m[38;2;225;225;225m▄[48;2;223;223;223m[38;2;225;225;226m▄[48;2;222;222;222m[38;2;225;225;225m▄[48;2;219;218;219m[38;2;225;225;225m▄[48;2;214;214;214m[38;2;225;225;225m▄[48;2;206;206;207m[38;2;226;227;226m▄[48;2;200;200;200m[38;2;214;211;211m▄[48;2;200;201;202m[38;2;179;161;164m▄[48;2;195;197;197m[38;2;173;153;155m▄[48;2;152;124;128m[38;2;179;160;163m▄[48;2;160;142;144m[38;2;180;164;167m▄[48;2;147;124;130m[38;2;182;168;171m▄[48;2;157;137;140m[38;2;166;148;151m▄[48;2;156;137;139m[38;2;168;151;154m▄[48;2;161;143;144m[38;2;171;156;158m▄[48;2;161;144;146m[38;2;182;169;172m▄[48;2;151;128;131m[38;2;187;177;180m▄[48;2;185;178;180m[38;2;160;140;142m▄[48;2;193;192;192m[38;2;179;169;170m▄[48;2;152;131;134m[38;2;173;158;161m▄[48;2;147;123;127m[38;2;170;154;157m▄[48;2;164;145;149m[38;2;165;147;150m▄[48;2;156;133;136m[38;2;167;150;153m▄[48;2;168;156;158m[38;2;196;190;192m▄[48;2;161;141;144m[38;2;181;167;171m▄[48;2;175;163;164m[38;2;176;162;164m▄[48;2;193;191;193m[38;2;175;157;161m▄[48;2;199;202;202m[38;2;164;143;147m▄[48;2;199;200;201m[38;2;187;177;180m▄[48;2;203;203;204m[38;2;216;218;218m▄[48;2;209;209;209m[38;2;215;215;215m▄[48;2;213;213;214m[38;2;217;216;217m▄[48;2;215;214;215m[38;2;217;216;217m▄[48;2;215;215;215m[38;2;216;215;216m▄[48;2;214;214;214m[38;2;216;216;216m▄[48;2;214;214;214m[38;2;216;216;216m▄[48;2;213;213;213m[38;2;216;215;216m▄[48;2;212;212;212m[38;2;215;215;215m▄[48;2;211;211;211m[38;2;215;215;215m▄[48;2;211;211;211m[38;2;214;214;214m▄[48;2;210;210;210m[38;2;213;213;213m▄[48;2;210;210;210m[38;2;212;212;212m▄[48;2;210;210;210m[38;2;211;211;211m▄[48;2;209;209;209m[38;2;210;210;210m▄[48;2;213;213;213m[38;2;217;217;217m▄[48;2;216;216;216m[38;2;221;221;222m▄[48;2;209;209;209m[38;2;210;210;210m▄[48;2;209;209;210m[38;2;209;209;209m▄[48;2;208;208;209m[38;2;210;210;210m▄[48;2;208;208;208m[38;2;210;210;210m▄[0m
[48;2;226;226;226m[38;2;229;229;229m▄[48;2;227;227;227m[38;2;229;229;229m▄[48;2;226;226;226m[38;2;229;229;229m▄[48;2;226;226;226m[38;2;229;229;229m▄[48;2;226;226;226m[38;2;229;229;229m▄[48;2;227;227;227m[38;2;229;229;229m▄[48;2;227;227;227m[38;2;230;230;230m▄[48;2;228;228;228m[38;2;230;230;230m▄[48;2;227;227;227m[38;2;229;229;229m▄[48;2;227;227;227m[38;2;230;230;230m▄[48;2;227;227;227m[38;2;230;230;230m▄[48;2;227;227;227m[38;2;230;230;230m▄[48;2;228;228;228m[38;2;230;230;230m▄[48;2;228;228;228m[38;2;230;230;230m▄[48;2;227;227;227m[38;2;229;229;229m▄[48;2;228;228;228m[38;2;229;229;229m▄[48;2;227;227;227m[38;2;229;229;229m▄[48;2;228;228;228m[38;2;229;229;229m▄[48;2;227;227;227m[38;2;229;229;229m▄[48;2;229;229;229m[38;2;228;228;228m▄[48;2;224;222;222m[38;2;229;229;229m▄[48;2;199;187;189m[38;2;233;235;235m▄[48;2;195;181;184m[38;2;234;236;236m▄[48;2;200;187;189m[38;2;232;234;233m▄[48;2;207;196;198m[38;2;230;232;231m▄[48;2;215;208;210m[38;2;229;230;230m▄[48;2;196;184;186m[38;2;233;235;235m▄[48;2;200;186;189m[38;2;232;234;233m▄[48;2;204;192;195m[38;2;230;232;231m▄[48;2;199;187;191m[38;2;229;231;230m▄[48;2;208;202;203m[38;2;228;229;228m▄[48;2;201;189;192m[38;2;229;231;231m▄[48;2;211;203;206m[38;2;227;228;228m▄[48;2;201;190;192m[38;2;228;230;230m▄[48;2;199;187;188m[38;2;228;230;230m▄[48;2;201;189;191m[38;2;227;229;229m▄[48;2;205;195;197m[38;2;227;229;228m▄[48;2;213;209;210m[38;2;224;225;225m▄[48;2;199;188;190m[38;2;226;228;228m▄[48;2;209;201;203m[38;2;225;226;226m▄[48;2;196;185;187m[38;2;226;228;228m▄[48;2;194;182;185m[38;2;226;228;228m▄[48;2;208;203;205m[38;2;223;224;223m▄[48;2;220;221;220m[38;2;219;219;219m▄[48;2;217;217;217m[38;2;219;219;219m▄[48;2;217;217;217m[38;2;218;218;218m▄[48;2;217;217;217m[38;2;217;217;217m▄[48;2;216;216;216m[38;2;217;217;217m▄[48;2;216;216;216m[38;2;216;216;216m▄[48;2;216;216;216m[38;2;216;216;216m▄[48;2;216;216;216m[38;2;216;216;216m▄[48;2;216;216;216m[38;2;216;216;216m▄[48;2;216;216;216m[38;2;216;216;216m▄[48;2;215;215;215m[38;2;216;216;216m▄[48;2;215;215;215m[38;2;216;216;216m▄[48;2;214;214;214m[38;2;215;215;215m▄[48;2;214;214;214m[38;2;215;215;215m▄[48;2;214;214;214m[38;2;215;215;215m▄[48;2;213;213;213m[38;2;215;215;215m▄[48;2;213;213;213m[38;2;215;215;215m▄[48;2;212;212;212m[38;2;215;214;215m▄[48;2;210;211;210m[38;2;213;213;213m▄[48;2;210;210;210m[38;2;213;213;213m▄[48;2;211;211;211m[38;2;213;213;213m▄[0m
[48;2;231;231;231m[38;2;231;231;231m▄[48;2;230;230;230m[38;2;231;231;231m▄[48;2;230;230;230m[38;2;231;231;231m▄[48;2;231;231;231m[38;2;231;231;231m▄[48;2;231;231;231m[38;2;231;231;231m▄[48;2;230;230;230m[38;2;231;231;231m▄[48;2;230;230;230m[38;2;231;231;231m▄[48;2;230;230;230m[38;2;232;232;232m▄[48;2;230;230;230m[38;2;231;231;231m▄[48;2;231;231;231m[38;2;232;232;232m▄[48;2;230;230;230m[38;2;232;232;232m▄[48;2;231;231;231m[38;2;232;232;232m▄[48;2;231;231;231m[38;2;231;231;231m▄[48;2;231;231;231m[38;2;231;231;231m▄[48;2;230;230;230m[38;2;231;231;231m▄[48;2;231;231;231m[38;2;231;231;231m▄[48;2;230;230;230m[38;2;231;231;231m▄[48;2;230;230;230m[38;2;230;230;230m▄[48;2;230;230;230m[38;2;230;230;230m▄[48;2;230;230;230m[38;2;230;230;230m▄[48;2;230;230;230m[38;2;230;230;230m▄[48;2;229;229;229m[38;2;230;230;230m▄[48;2;228;227;228m[38;2;230;230;230m▄[48;2;228;228;228m[38;2;229;229;229m▄[48;2;227;227;227m[38;2;229;229;229m▄[48;2;228;228;228m[38;2;228;228;228m▄[48;2;226;226;226m[38;2;228;228;228m▄[48;2;226;226;226m[38;2;228;228;228m▄[48;2;226;226;226m[38;2;227;227;227m▄[48;2;226;226;226m[38;2;227;227;227m▄[48;2;226;226;226m[38;2;227;227;227m▄[48;2;226;225;225m[38;2;227;227;227m▄[48;2;225;225;225m[38;2;226;226;226m▄[48;2;224;223;224m[38;2;225;225;225m▄[48;2;223;223;223m[38;2;224;224;224m▄[48;2;223;223;223m[38;2;224;224;224m▄[48;2;223;223;223m[38;2;224;224;224m▄[48;2;223;223;223m[38;2;224;224;224m▄[48;2;222;222;222m[38;2;223;223;223m▄[48;2;223;222;222m[38;2;223;223;223m▄[48;2;221;221;221m[38;2;223;223;223m▄[48;2;221;220;220m[38;2;222;222;222m▄[48;2;221;221;221m[38;2;222;222;222m▄[48;2;221;221;221m[38;2;221;221;221m▄[48;2;221;221;221m[38;2;221;221;221m▄[48;2;219;219;219m[38;2;220;220;220m▄[48;2;218;218;218m[38;2;219;219;219m▄[48;2;217;217;217m[38;2;218;218;218m▄[48;2;217;217;217m[38;2;217;217;217m▄[48;2;217;217;217m[38;2;217;217;217m▄[48;2;216;216;216m[38;2;216;216;216m▄[48;2;216;216;216m[38;2;216;216;216m▄[48;2;216;216;216m[38;2;216;216;216m▄[48;2;216;216;216m[38;2;216;216;216m▄[48;2;216;216;216m[38;2;216;216;216m▄[48;2;215;215;215m[38;2;217;217;217m▄[48;2;215;215;215m[38;2;216;216;216m▄[48;2;215;215;215m[38;2;215;215;215m▄[48;2;215;215;215m[38;2;216;216;216m▄[48;2;215;215;216m[38;2;216;216;216m▄[48;2;215;215;215m[38;2;215;215;215m▄[48;2;215;215;215m[38;2;215;215;216m▄[48;2;215;215;214m[38;2;215;215;214m▄[48;2;214;214;213m[38;2;215;215;214m▄[0m
