[48;2;222;222;222m[38;2;222;222;222m▄[48;2;223;223;223m[38;2;223;223;223m▄[48;2;223;223;223m[38;2;223;223;223m▄[48;2;224;224;224m[38;2;224;224;224m▄[48;2;224;224;224m[38;2;224;224;224m▄[48;2;225;225;225m[38;2;224;224;224m▄[48;2;224;224;224m[38;2;224;224;224m▄[48;2;224;224;224m[38;2;224;224;224m▄[48;2;224;224;224m[38;2;224;224;224m▄[48;2;225;225;225m[38;2;224;224;224m▄[48;2;226;226;226m[38;2;224;224;224m▄[48;2;227;227;227m[38;2;225;225;225m▄[48;2;227;227;227m[38;2;226;226;226m▄[48;2;228;228;228m[38;2;227;227;227m▄[48;2;227;227;227m[38;2;226;226;226m▄[48;2;226;226;226m[38;2;226;226;226m▄[48;2;227;227;227m[38;2;227;227;227m▄[48;2;227;227;227m[38;2;227;227;227m▄[48;2;227;227;227m[38;2;227;227;227m▄[48;2;227;227;227m[38;2;227;227;227m▄[48;2;227;227;227m[38;2;227;227;227m▄[48;2;227;227;227m[38;2;227;227;227m▄[48;2;227;227;227m[38;2;227;227;227m▄[48;2;227;227;227m[38;2;225;225;225m▄[48;2;227;227;227m[38;2;226;226;226m▄[48;2;228;228;228m[38;2;227;227;227m▄[48;2;227;227;227m[38;2;226;226;226m▄[48;2;227;227;227m[38;2;225;225;225m▄[48;2;225;225;225m[38;2;225;225;225m▄[48;2;224;224;224m[38;2;224;224;224m▄[48;2;225;225;225m[38;2;224;224;224m▄[48;2;225;225;225m[38;2;224;224;224m▄[48;2;225;225;225m[38;2;224;224;224m▄[48;2;223;223;223m[38;2;224;224;224m▄[48;2;223;223;223m[38;2;223;223;223m▄[48;2;223;223;223m[38;2;223;223;223m▄[48;2;223;223;223m[38;2;222;222;222m▄[48;2;222;222;222m[38;2;222;222;222m▄[48;2;222;222;222m[38;2;222;222;222m▄[48;2;221;221;221m[38;2;221;221;221m▄[48;2;221;221;221m[38;2;220;220;220m▄[48;2;220;220;220m[38;2;219;219;219m▄[48;2;219;219;219m[38;2;218;218;218m▄[48;2;217;217;217m[38;2;217;217;217m▄[48;2;217;217;217m[38;2;216;216;216m▄[48;2;216;216;216m[38;2;216;216;216m▄[48;2;216;216;216m[38;2;216;216;216m▄[48;2;216;216;216m[38;2;216;216;216m▄[48;2;216;216;216m[38;2;215;215;215m▄[48;2;215;215;215m[38;2;215;215;215m▄[48;2;215;215;215m[38;2;214;214;215m▄[48;2;215;215;215m[38;2;215;215;215m▄[48;2;214;214;214m[38;2;214;214;214m▄[48;2;214;214;214m[38;2;214;214;214m▄[48;2;212;212;212m[38;2;212;212;212m▄[48;2;212;212;212m[38;2;211;211;211m▄[48;2;211;211;211m[38;2;211;211;211m▄[48;2;210;210;210m[38;2;210;210;210m▄[48;2;210;210;210m[38;2;210;210;210m▄[48;2;210;210;210m[38;2;210;210;210m▄[48;2;209;209;209m[38;2;210;210;210m▄[48;2;209;209;209m[38;2;209;209;209m▄[48;2;209;209;209m[38;2;208;208;208m▄[48;2;209;209;209m[38;2;208;208;208m▄[0m
[48;2;222;222;222m[38;2;222;222;222m▄[48;2;223;223;223m[38;2;222;222;222m▄[48;2;223;223;223m[38;2;223;223;223m▄[48;2;224;224;224m[38;2;223;223;223m▄[48;2;224;224;224m[38;2;223;223;223m▄[48;2;225;225;225m[38;2;224;224;224m▄[48;2;224;224;224m[38;2;224;224;224m▄[48;2;224;224;224m[38;2;224;224;224m▄[48;2;224;224;224m[38;2;224;224;224m▄[48;2;224;224;224m[38;2;224;224;224m▄[48;2;224;224;224m[38;2;224;224;224m▄[48;2;225;225;225m[38;2;224;224;224m▄[48;2;225;225;225m[38;2;224;224;224m▄[48;2;226;226;226m[38;2;225;225;225m▄[48;2;226;226;226m[38;2;225;225;225m▄[48;2;225;225;225m[38;2;225;225;225m▄[48;2;225;225;225m[38;2;225;225;225m▄[48;2;226;226;226m[38;2;226;226;226m▄[48;2;227;227;227m[38;2;225;225;225m▄[48;2;227;227;227m[38;2;225;225;225m▄[48;2;226;226;226m[38;2;226;226;225m▄[48;2;226;226;226m[38;2;226;226;226m▄[48;2;226;226;226m[38;2;226;226;226m▄[48;2;225;225;225m[38;2;225;225;225m▄[48;2;226;226;226m[38;2;225;225;223m▄[48;2;226;226;226m[38;2;225;225;224m▄[48;2;225;225;225m[38;2;224;224;223m▄[48;2;224;224;224m[38;2;224;224;224m▄[48;2;224;224;224m[38;2;224;224;223m▄[48;2;224;224;224m[38;2;224;224;224m▄[48;2;224;224;224m[38;2;224;224;224m▄[48;2;224;224;224m[38;2;224;224;224m▄[48;2;223;223;223m[38;2;223;223;223m▄[48;2;224;224;224m[38;2;223;223;223m▄[48;2;223;223;223m[38;2;223;223;223m▄[48;2;223;223;223m[38;2;223;223;223m▄[48;2;222;222;222m[38;2;222;222;222m▄[48;2;222;222;222m[38;2;221;221;221m▄[48;2;222;222;222m[38;2;221;221;221m▄[48;2;221;221;221m[38;2;221;221;221m▄[48;2;221;221;221m[38;2;219;219;219m▄[48;2;219;219;219m[38;2;218;218;218m▄[48;2;217;217;217m[38;2;217;217;217m▄[48;2;217;217;217m[38;2;217;217;217m▄[48;2;216;216;216m[38;2;216;216;216m▄[48;2;216;216;216m[38;2;216;216;216m▄[48;2;216;216;216m[38;2;216;216;216m▄[48;2;216;216;216m[38;2;215;215;215m▄[48;2;215;215;215m[38;2;215;215;215m▄[48;2;215;215;215m[38;2;215;215;215m▄[48;2;215;215;215m[38;2;215;215;215m▄[48;2;215;215;215m[38;2;214;214;214m▄[48;2;213;213;213m[38;2;214;214;214m▄[48;2;213;213;213m[38;2;213;213;213m▄[48;2;212;212;212m[38;2;211;211;211m▄[48;2;211;211;211m[38;2;211;211;211m▄[48;2;210;210;210m[38;2;210;210;211m▄[48;2;210;210;210m[38;2;210;210;210m▄[48;2;210;210;210m[38;2;210;210;210m▄[48;2;210;210;210m[38;2;210;210;210m▄[48;2;209;209;209m[38;2;209;209;209m▄[48;2;209;209;209m[38;2;208;208;208m▄[48;2;208;208;208m[38;2;208;208;208m▄[48;2;208;208;208m[38;2;208;208;208m▄[0m
[48;2;221;221;221m[38;2;221;221;221m▄[48;2;222;222;222m[38;2;222;222;222m▄[48;2;222;222;222m[38;2;222;222;222m▄[48;2;222;222;222m[38;2;222;222;222m▄[48;2;223;223;223m[38;2;222;222;222m▄[48;2;223;223;223m[38;2;223;223;223m▄[48;2;224;224;224m[38;2;223;223;223m▄[48;2;224;224;224m[38;2;223;223;223m▄[48;2;223;223;223m[38;2;223;223;223m▄[48;2;223;223;223m[38;2;224;224;224m▄[48;2;224;224;224m[38;2;224;224;224m▄[48;2;224;224;224m[38;2;224;224;224m▄[48;2;224;224;224m[38;2;224;224;224m▄[48;2;224;224;224m[38;2;224;224;224m▄[48;2;224;224;224m[38;2;224;224;224m▄[48;2;225;225;225m[38;2;225;225;225m▄[48;2;227;227;227m[38;2;225;225;225m▄[48;2;226;226;226m[38;2;225;225;225m▄[48;2;225;225;225m[38;2;225;225;225m▄[48;2;224;224;223m[38;2;224;224;223m▄[48;2;224;224;222m[38;2;224;224;221m▄[48;2;224;224;224m[38;2;225;225;221m▄[48;2;224;224;223m[38;2;226;225;221m▄[48;2;224;225;221m[38;2;225;224;220m▄[48;2;224;225;220m[38;2;226;225;220m▄[48;2;225;225;220m[38;2;226;226;220m▄[48;2;224;224;220m[38;2;227;227;221m▄[48;2;225;224;221m[38;2;224;225;221m▄[48;2;223;223;220m[38;2;228;226;228m▄[48;2;222;223;222m[38;2;234;229;234m▄[48;2;224;224;224m[38;2;226;225;225m▄[48;2;224;224;224m[38;2;222;223;222m▄[48;2;223;223;223m[38;2;224;224;224m▄[48;2;223;223;223m[38;2;222;222;222m▄[48;2;222;223;222m[38;2;226;225;226m▄[48;2;221;222;221m[38;2;231;227;232m▄[48;2;221;221;221m[38;2;227;225;228m▄[48;2;221;221;221m[38;2;221;221;221m▄[48;2;222;222;222m[38;2;221;221;221m▄[48;2;220;220;220m[38;2;221;221;221m▄[48;2;219;219;219m[38;2;218;218;218m▄[48;2;218;218;218m[38;2;217;217;217m▄[48;2;217;217;217m[38;2;217;217;217m▄[48;2;217;217;217m[38;2;216;216;216m▄[48;2;216;216;216m[38;2;216;216;216m▄[48;2;216;216;216m[38;2;216;216;216m▄[48;2;215;215;215m[38;2;216;216;216m▄[48;2;215;215;215m[38;2;215;215;215m▄[48;2;215;215;215m[38;2;215;215;215m▄[48;2;215;215;215m[38;2;215;215;215m▄[48;2;214;214;214m[38;2;214;214;214m▄[48;2;215;215;215m[38;2;214;214;214m▄[48;2;214;214;214m[38;2;214;214;214m▄[48;2;213;213;213m[38;2;213;213;213m▄[48;2;211;211;211m[38;2;212;212;212m▄[48;2;211;211;211m[38;2;211;211;211m▄[48;2;210;210;211m[38;2;211;211;211m▄[48;2;210;210;210m[38;2;210;210;210m▄[48;2;210;210;210m[38;2;210;210;210m▄[48;2;209;209;209m[38;2;210;210;210m▄[48;2;209;209;209m[38;2;209;209;209m▄[48;2;208;208;208m[38;2;208;208;208m▄[48;2;208;208;208m[38;2;208;208;208m▄[48;2;208;208;208m[38;2;208;208;208m▄[0m
[48;2;221;221;221m[38;2;221;221;221m▄[48;2;222;222;222m[38;2;221;221;221m▄[48;2;223;223;223m[38;2;222;222;222m▄[48;2;223;223;223m[38;2;222;222;222m▄[48;2;222;222;222m[38;2;222;222;222m▄[48;2;223;223;223m[38;2;223;223;223m▄[48;2;223;223;223m[38;2;223;223;223m▄[48;2;223;223;223m[38;2;223;223;223m▄[48;2;223;223;223m[38;2;223;223;223m▄[48;2;224;224;224m[38;2;223;223;223m▄[48;2;224;224;224m[38;2;223;223;223m▄[48;2;224;224;224m[38;2;223;223;223m▄[48;2;223;223;223m[38;2;223;223;223m▄[48;2;224;224;224m[38;2;224;224;224m▄[48;2;224;224;224m[38;2;223;223;223m▄[48;2;224;224;224m[38;2;223;223;223m▄[48;2;225;225;225m[38;2;224;224;224m▄[48;2;225;225;225m[38;2;224;224;224m▄[48;2;225;225;225m[38;2;225;225;223m▄[48;2;225;225;223m[38;2;225;225;222m▄[48;2;226;226;223m[38;2;226;226;223m▄[48;2;228;227;224m[38;2;229;227;224m▄[48;2;229;227;223m[38;2;231;228;223m▄[48;2;230;227;221m[38;2;235;229;220m▄[48;2;230;227;220m[38;2;237;231;218m▄[48;2;233;229;223m[38;2;243;233;225m▄[48;2;222;224;214m[38;2;214;219;202m▄[48;2;138;181;126m[38;2;152;191;129m▄[48;2;148;185;139m[38;2;183;209;138m▄[48;2;173;197;170m[38;2;149;189;114m▄[48;2;219;221;220m[38;2;128;171;118m▄[48;2;229;226;229m[38;2;205;213;205m▄[48;2;220;221;220m[38;2;231;228;230m▄[48;2;229;226;229m[38;2;212;217;212m▄[48;2;207;214;207m[38;2;140;180;126m▄[48;2;145;181;137m[38;2;116;169;82m▄[48;2;188;204;185m[38;2;132;171;122m▄[48;2;226;224;227m[38;2;227;224;229m▄[48;2;220;220;220m[38;2;220;220;219m▄[48;2;220;220;219m[38;2;219;219;219m▄[48;2;218;218;218m[38;2;218;218;218m▄[48;2;217;217;217m[38;2;218;218;218m▄[48;2;216;216;216m[38;2;217;217;217m▄[48;2;216;216;216m[38;2;216;216;216m▄[48;2;216;216;216m[38;2;216;216;216m▄[48;2;216;216;217m[38;2;216;216;216m▄[48;2;216;215;216m[38;2;215;215;215m▄[48;2;215;215;215m[38;2;215;215;215m▄[48;2;215;215;215m[38;2;215;215;215m▄[48;2;215;215;215m[38;2;215;215;215m▄[48;2;214;214;214m[38;2;215;215;214m▄[48;2;214;214;214m[38;2;214;214;214m▄[48;2;214;214;214m[38;2;214;214;214m▄[48;2;212;212;212m[38;2;213;213;213m▄[48;2;212;212;212m[38;2;212;212;212m▄[48;2;211;211;211m[38;2;212;212;212m▄[48;2;210;210;210m[38;2;210;210;210m▄[48;2;210;210;210m[38;2;210;210;210m▄[48;2;210;210;210m[38;2;210;210;210m▄[48;2;210;210;210m[38;2;210;210;210m▄[48;2;209;209;209m[38;2;209;209;209m▄[48;2;208;208;208m[38;2;209;209;209m▄[48;2;208;208;208m[38;2;209;209;209m▄[48;2;208;208;208m[38;2;208;208;208m▄[0m
[48;2;221;221;221m[38;2;219;219;219m▄[48;2;221;221;221m[38;2;219;219;219m▄[48;2;222;222;222m[38;2;221;221;221m▄[48;2;222;222;222m[38;2;221;221;221m▄[48;2;222;222;222m[38;2;221;221;221m▄[48;2;223;223;223m[38;2;222;222;222m▄[48;2;222;222;222m[38;2;222;222;222m▄[48;2;223;223;223m[38;2;222;222;222m▄[48;2;223;223;223m[38;2;222;222;222m▄[48;2;223;223;223m[38;2;222;222;222m▄[48;2;223;223;223m[38;2;223;223;223m▄[48;2;223;223;223m[38;2;223;223;223m▄[48;2;223;223;223m[38;2;223;223;223m▄[48;2;223;223;223m[38;2;223;223;223m▄[48;2;223;223;223m[38;2;223;223;223m▄[48;2;224;224;224m[38;2;223;223;223m▄[48;2;224;224;224m[38;2;223;223;223m▄[48;2;224;224;224m[38;2;223;223;222m▄[48;2;223;223;221m[38;2;223;223;220m▄[48;2;224;223;220m[38;2;223;222;218m▄[48;2;226;225;221m[38;2;225;225;220m▄[48;2;229;227;221m[38;2;229;227;220m▄[48;2;233;228;220m[38;2;234;227;219m▄[48;2;244;237;227m[38;2;246;238;229m▄[48;2;252;249;241m[38;2;255;255;253m▄[48;2;251;244;235m[38;2;255;255;254m▄[48;2;230;226;212m[38;2;254;252;248m▄[48;2;154;190;132m[38;2;164;193;144m▄[48;2;175;204;117m[38;2;169;200;115m▄[48;2;169;201;111m[38;2;150;188;101m▄[48;2;165;198;117m[38;2;149;189;103m▄[48;2;124;169;109m[38;2;141;185;93m▄[48;2;225;223;227m[38;2;148;180;145m▄[48;2;159;188;151m[38;2;129;173;105m▄[48;2;127;174;89m[38;2;134;172;116m▄[48;2;130;171;112m[38;2;216;212;217m▄[48;2;191;201;190m[38;2;224;216;224m▄[48;2;216;216;216m[38;2;223;219;223m▄[48;2;218;219;218m[38;2;226;223;226m▄[48;2;220;220;220m[38;2;217;218;217m▄[48;2;219;219;219m[38;2;217;217;217m▄[48;2;218;218;218m[38;2;217;217;217m▄[48;2;216;216;216m[38;2;216;216;216m▄[48;2;216;216;216m[38;2;217;217;217m▄[48;2;216;216;216m[38;2;217;217;217m▄[48;2;216;216;215m[38;2;215;215;215m▄[48;2;215;215;215m[38;2;216;216;216m▄[48;2;215;215;215m[38;2;215;215;215m▄[48;2;215;215;215m[38;2;215;215;215m▄[48;2;215;215;215m[38;2;214;214;214m▄[48;2;214;214;214m[38;2;213;213;214m▄[48;2;214;214;214m[38;2;213;213;213m▄[48;2;213;213;213m[38;2;213;213;213m▄[48;2;213;213;213m[38;2;212;212;212m▄[48;2;212;212;212m[38;2;212;211;212m▄[48;2;211;211;212m[38;2;210;210;211m▄[48;2;210;210;210m[38;2;210;210;210m▄[48;2;210;210;210m[38;2;210;210;210m▄[48;2;210;210;210m[38;2;210;210;210m▄[48;2;209;209;209m[38;2;208;208;208m▄[48;2;209;209;209m[38;2;209;209;209m▄[48;2;208;208;208m[38;2;208;208;208m▄[48;2;208;208;208m[38;2;208;208;208m▄[48;2;208;208;208m[38;2;208;208;208m▄[0m
[48;2;218;218;218m[38;2;217;217;217m▄[48;2;218;218;218m[38;2;218;218;218m▄[48;2;220;220;220m[38;2;218;218;218m▄[48;2;220;220;220m[38;2;219;219;219m▄[48;2;221;221;221m[38;2;220;220;220m▄[48;2;221;221;221m[38;2;221;221;221m▄[48;2;222;221;222m[38;2;221;221;222m▄[48;2;222;222;222m[38;2;222;222;222m▄[48;2;222;222;222m[38;2;222;222;222m▄[48;2;223;223;223m[38;2;222;222;222m▄[48;2;223;223;223m[38;2;223;223;223m▄[48;2;223;223;223m[38;2;223;223;223m▄[48;2;223;223;223m[38;2;223;223;223m▄[48;2;223;223;223m[38;2;223;223;223m▄[48;2;223;223;223m[38;2;222;222;222m▄[48;2;223;223;223m[38;2;223;223;223m▄[48;2;223;223;223m[38;2;223;223;223m▄[48;2;223;223;222m[38;2;223;223;223m▄[48;2;223;223;219m[38;2;223;223;220m▄[48;2;223;223;218m[38;2;223;223;219m▄[48;2;224;223;218m[38;2;223;223;218m▄[48;2;228;224;219m[38;2;225;224;217m▄[48;2;233;227;220m[38;2;229;226;219m▄[48;2;239;230;221m[38;2;233;227;221m▄[48;2;245;237;224m[38;2;234;227;221m▄[48;2;246;240;229m[38;2;234;225;218m▄[48;2;252;248;243m[38;2;235;233;222m▄[48;2;232;236;222m[38;2;246;245;237m▄[48;2;140;179;100m[38;2;209;222;196m▄[48;2;170;202;107m[38;2;147;190;109m▄[48;2;133;178;95m[38;2;133;184;89m▄[48;2;144;184;98m[38;2;110;162;79m▄[48;2;98;156;79m[38;2;96;155;75m▄[48;2;105;158;92m[38;2;101;154;89m▄[48;2;183;196;183m[38;2;121;170;106m▄[48;2;171;190;165m[38;2;137;184;108m▄[48;2;152;181;145m[38;2;153;194;118m▄[48;2;163;187;159m[38;2;150;190;117m▄[48;2;190;203;190m[38;2;132;177;111m▄[48;2;222;220;223m[38;2;138;177;133m▄[48;2;220;218;221m[38;2;206;212;206m▄[48;2;216;216;216m[38;2;219;218;219m▄[48;2;216;216;216m[38;2;216;216;215m▄[48;2;216;216;216m[38;2;216;216;216m▄[48;2;215;215;215m[38;2;216;216;216m▄[48;2;215;215;215m[38;2;216;216;216m▄[48;2;215;215;215m[38;2;215;215;215m▄[48;2;215;215;215m[38;2;215;215;215m▄[48;2;215;215;215m[38;2;215;215;215m▄[48;2;214;214;214m[38;2;215;215;215m▄[48;2;214;214;214m[38;2;214;214;214m▄[48;2;213;213;213m[38;2;213;213;213m▄[48;2;213;213;213m[38;2;212;212;212m▄[48;2;212;212;212m[38;2;211;211;211m▄[48;2;211;211;211m[38;2;210;210;210m▄[48;2;210;210;210m[38;2;210;210;210m▄[48;2;210;211;211m[38;2;210;210;210m▄[48;2;210;210;210m[38;2;211;210;210m▄[48;2;210;210;210m[38;2;209;209;209m▄[48;2;208;208;208m[38;2;209;209;209m▄[48;2;209;209;209m[38;2;208;209;209m▄[48;2;209;209;209m[38;2;208;208;208m▄[48;2;208;208;208m[38;2;208;208;209m▄[48;2;208;208;208m[38;2;208;208;208m▄[0m
[48;2;216;216;216m[38;2;216;216;216m▄[48;2;217;217;217m[38;2;216;216;216m▄[48;2;218;218;218m[38;2;217;217;217m▄[48;2;218;218;218m[38;2;217;217;217m▄[48;2;219;219;219m[38;2;218;218;218m▄[48;2;220;220;220m[38;2;218;218;218m▄[48;2;221;221;221m[38;2;219;219;219m▄[48;2;221;221;221m[38;2;221;221;221m▄[48;2;222;222;222m[38;2;221;221;221m▄[48;2;222;222;222m[38;2;222;221;222m▄[48;2;223;223;223m[38;2;221;221;222m▄[48;2;222;222;222m[38;2;222;222;222m▄[48;2;223;223;223m[38;2;222;222;222m▄[48;2;223;223;223m[38;2;223;223;223m▄[48;2;223;223;223m[38;2;222;222;222m▄[48;2;223;223;223m[38;2;222;222;223m▄[48;2;223;223;223m[38;2;223;223;223m▄[48;2;223;223;223m[38;2;223;223;223m▄[48;2;223;223;222m[38;2;223;223;222m▄[48;2;224;224;221m[38;2;223;223;222m▄[48;2;224;224;219m[38;2;223;223;221m▄[48;2;224;224;217m[38;2;223;223;218m▄[48;2;225;224;217m[38;2;223;224;217m▄[48;2;227;224;217m[38;2;224;223;217m▄[48;2;229;226;220m[38;2;225;228;221m▄[48;2;230;233;226m[38;2;211;147;160m▄[48;2;221;189;191m[38;2;216;133;148m▄[48;2;213;154;165m[38;2;227;167;174m▄[48;2;227;153;170m[38;2;225;158;165m▄[48;2;213;156;159m[38;2;226;141;153m▄[48;2;176;188;146m[38;2;224;124;141m▄[48;2;146;181;114m[38;2;224;135;149m▄[48;2;88;139;59m[38;2;212;170;155m▄[48;2;84;151;68m[38;2;125;168;99m▄[48;2;118;170;94m[38;2;104;166;78m▄[48;2;121;171;90m[38;2;134;188;95m▄[48;2;125;174;90m[38;2;149;197;103m▄[48;2;154;194;106m[38;2;151;194;102m▄[48;2;180;209;125m[38;2;129;178;86m▄[48;2;139;185;99m[38;2;108;161;88m▄[48;2;109;160;102m[38;2;175;191;174m▄[48;2;220;218;221m[38;2;214;213;214m▄[48;2;216;216;216m[38;2;216;216;215m▄[48;2;216;216;216m[38;2;216;216;216m▄[48;2;215;215;215m[38;2;216;216;216m▄[48;2;215;215;215m[38;2;215;215;215m▄[48;2;215;215;215m[38;2;215;215;215m▄[48;2;215;215;215m[38;2;215;215;215m▄[48;2;215;215;215m[38;2;215;215;215m▄[48;2;214;214;214m[38;2;214;214;214m▄[48;2;213;213;214m[38;2;213;213;213m▄[48;2;213;213;213m[38;2;213;213;213m▄[48;2;212;212;212m[38;2;213;213;213m▄[48;2;211;211;211m[38;2;211;211;211m▄[48;2;210;210;210m[38;2;210;210;210m▄[48;2;210;210;210m[38;2;210;210;210m▄[48;2;210;210;210m[38;2;210;210;210m▄[48;2;210;210;210m[38;2;210;210;210m▄[48;2;209;209;209m[38;2;209;209;209m▄[48;2;209;208;209m[38;2;209;209;209m▄[48;2;209;209;209m[38;2;208;208;208m▄[48;2;208;208;208m[38;2;208;208;208m▄[48;2;208;208;208m[38;2;208;208;208m▄[48;2;207;207;207m[38;2;207;207;207m▄[0m
[48;2;216;216;216m[38;2;216;216;216m▄[48;2;216;216;216m[38;2;216;216;216m▄[48;2;216;216;216m[38;2;216;216;216m▄[48;2;217;217;217m[38;2;217;217;217m▄[48;2;218;218;218m[38;2;217;217;217m▄[48;2;217;217;217m[38;2;217;217;217m▄[48;2;218;218;218m[38;2;218;218;218m▄[48;2;219;219;219m[38;2;218;218;218m▄[48;2;219;219;219m[38;2;218;218;218m▄[48;2;220;220;220m[38;2;219;219;219m▄[48;2;221;221;221m[38;2;220;220;220m▄[48;2;222;222;222m[38;2;220;220;220m▄[48;2;221;221;221m[38;2;221;221;221m▄[48;2;221;221;221m[38;2;221;221;221m▄[48;2;222;222;222m[38;2;221;221;221m▄[48;2;222;222;222m[38;2;221;221;221m▄[48;2;223;223;223m[38;2;222;222;222m▄[48;2;223;223;223m[38;2;222;222;222m▄[48;2;222;222;222m[38;2;222;222;222m▄[48;2;223;222;223m[38;2;223;223;223m▄[48;2;223;223;222m[38;2;223;223;222m▄[48;2;223;223;220m[38;2;222;221;219m▄[48;2;222;221;218m[38;2;223;229;226m▄[48;2;225;232;226m[38;2;216;190;194m▄[48;2;211;149;163m[38;2;213;131;148m▄[48;2;220;145;159m[38;2;234;189;191m▄[48;2;233;188;189m[38;2;225;152;159m▄[48;2;229;160;166m[38;2;226;157;162m▄[48;2;225;146;153m[38;2;215;130;140m▄[48;2;214;119;130m[38;2;213;125;140m▄[48;2;212;129;139m[38;2;233;185;188m▄[48;2;229;177;180m[38;2;226;157;162m▄[48;2;237;170;179m[38;2;225;156;160m▄[48;2;231;165;170m[38;2;228;157;163m▄[48;2;179;165;134m[38;2;238;158;171m▄[48;2;133;160;99m[38;2;235;159;167m▄[48;2;125;159;92m[38;2;228;151;157m▄[48;2;123;165;104m[38;2;218;178;183m▄[48;2;140;171;136m[38;2;211;213;214m▄[48;2;192;196;194m[38;2;207;205;205m▄[48;2;208;204;208m[38;2;208;209;208m▄[48;2;207;208;207m[38;2;215;215;215m▄[48;2;216;216;216m[38;2;216;216;216m▄[48;2;216;216;216m[38;2;215;215;215m▄[48;2;216;216;216m[38;2;215;215;215m▄[48;2;215;215;215m[38;2;215;215;215m▄[48;2;214;214;214m[38;2;214;214;214m▄[48;2;214;214;214m[38;2;214;214;214m▄[48;2;214;214;214m[38;2;213;213;213m▄[48;2;213;213;213m[38;2;212;212;212m▄[48;2;213;213;213m[38;2;212;212;212m▄[48;2;212;212;212m[38;2;212;212;212m▄[48;2;211;211;211m[38;2;211;211;211m▄[48;2;210;210;210m[38;2;210;210;210m▄[48;2;210;210;210m[38;2;210;210;210m▄[48;2;210;210;210m[38;2;210;210;210m▄[48;2;210;210;210m[38;2;210;210;210m▄[48;2;209;209;209m[38;2;209;209;210m▄[48;2;209;209;209m[38;2;208;208;208m▄[48;2;208;208;208m[38;2;208;208;208m▄[48;2;208;208;208m[38;2;208;208;208m▄[48;2;208;208;208m[38;2;208;208;208m▄[48;2;207;207;207m[38;2;207;207;207m▄[48;2;207;207;207m[38;2;206;206;206m▄[0m
[48;2;216;216;216m[38;2;215;215;215m▄[48;2;216;216;216m[38;2;216;216;216m▄[48;2;216;216;216m[38;2;216;216;216m▄[48;2;216;216;216m[38;2;216;216;216m▄[48;2;216;216;216m[38;2;216;216;216m▄[48;2;216;216;216m[38;2;216;216;216m▄[48;2;217;217;217m[38;2;217;217;217m▄[48;2;217;217;217m[38;2;217;217;217m▄[48;2;218;218;218m[38;2;217;217;217m▄[48;2;218;218;218m[38;2;217;217;217m▄[48;2;219;219;219m[38;2;217;217;217m▄[48;2;219;219;219m[38;2;218;218;218m▄[48;2;220;220;220m[38;2;218;218;218m▄[48;2;220;220;221m[38;2;219;218;219m▄[48;2;221;221;221m[38;2;220;219;220m▄[48;2;221;221;221m[38;2;220;220;220m▄[48;2;221;221;221m[38;2;220;220;220m▄[48;2;222;222;222m[38;2;220;220;220m▄[48;2;221;221;221m[38;2;220;220;220m▄[48;2;222;222;222m[38;2;221;221;221m▄[48;2;222;222;222m[38;2;221;221;221m▄[48;2;221;220;220m[38;2;221;222;222m▄[48;2;224;231;229m[38;2;220;216;216m▄[48;2;207;138;154m[38;2;210;132;149m▄[48;2;226;170;179m[38;2;229;177;183m▄[48;2;227;164;170m[38;2;225;153;162m▄[48;2;225;156;162m[38;2;225;158;164m▄[48;2;227;159;165m[38;2;225;155;161m▄[48;2;211;119;133m[38;2;219;146;155m▄[48;2;226;170;178m[38;2;226;169;175m▄[48;2;227;161;166m[38;2;225;154;161m▄[48;2;226;156;161m[38;2;225;157;164m▄[48;2;226;158;164m[38;2;225;156;163m▄[48;2;226;156;164m[38;2;225;157;161m▄[48;2;224;155;162m[38;2;225;156;161m▄[48;2;224;156;162m[38;2;225;157;162m▄[48;2;225;152;159m[38;2;223;152;160m▄[48;2;220;131;142m[38;2;218;126;140m▄[48;2;206;177;179m[38;2;207;120;136m▄[48;2;213;219;216m[38;2;219;217;212m▄[48;2;216;215;215m[38;2;217;217;216m▄[48;2;216;216;216m[38;2;215;215;215m▄[48;2;216;216;216m[38;2;216;216;216m▄[48;2;215;215;215m[38;2;215;215;215m▄[48;2;215;215;215m[38;2;215;215;215m▄[48;2;215;215;215m[38;2;215;215;214m▄[48;2;214;214;214m[38;2;214;214;214m▄[48;2;214;214;214m[38;2;214;214;214m▄[48;2;213;213;213m[38;2;213;213;213m▄[48;2;212;212;212m[38;2;212;212;212m▄[48;2;212;212;212m[38;2;212;212;212m▄[48;2;211;211;211m[38;2;211;211;211m▄[48;2;211;211;211m[38;2;210;211;210m▄[48;2;210;210;210m[38;2;210;210;210m▄[48;2;210;210;210m[38;2;210;210;210m▄[48;2;210;210;210m[38;2;209;209;209m▄[48;2;209;209;209m[38;2;209;209;209m▄[48;2;208;208;208m[38;2;208;208;209m▄[48;2;209;209;209m[38;2;208;208;208m▄[48;2;208;208;208m[38;2;208;208;208m▄[48;2;208;208;208m[38;2;208;208;208m▄[48;2;207;207;207m[38;2;207;207;207m▄[48;2;207;207;207m[38;2;207;207;207m▄[48;2;205;205;205m[38;2;205;205;205m▄[0m
[48;2;215;215;215m[38;2;215;215;215m▄[48;2;215;215;215m[38;2;215;215;215m▄[48;2;215;215;215m[38;2;215;215;215m▄[48;2;215;215;215m[38;2;215;215;215m▄[48;2;216;216;216m[38;2;216;216;216m▄[48;2;216;216;216m[38;2;216;216;216m▄[48;2;216;216;216m[38;2;217;217;217m▄[48;2;217;217;217m[38;2;216;216;216m▄[48;2;217;217;217m[38;2;217;217;217m▄[48;2;217;217;217m[38;2;216;216;216m▄[48;2;217;217;217m[38;2;216;216;216m▄[48;2;217;217;217m[38;2;216;216;216m▄[48;2;217;217;217m[38;2;217;217;217m▄[48;2;218;218;218m[38;2;217;217;217m▄[48;2;219;219;218m[38;2;217;217;217m▄[48;2;218;218;218m[38;2;217;217;217m▄[48;2;219;219;219m[38;2;217;217;217m▄[48;2;219;219;219m[38;2;217;217;217m▄[48;2;218;218;218m[38;2;217;217;217m▄[48;2;220;220;220m[38;2;217;217;217m▄[48;2;219;219;219m[38;2;218;217;218m▄[48;2;221;224;223m[38;2;219;221;221m▄[48;2;217;204;207m[38;2;216;204;207m▄[48;2;214;136;153m[38;2;215;135;152m▄[48;2;229;176;180m[38;2;229;175;180m▄[48;2;224;151;160m[38;2;223;152;160m▄[48;2;225;157;165m[38;2;226;157;164m▄[48;2;224;155;161m[38;2;225;155;163m▄[48;2;230;174;179m[38;2;225;159;167m▄[48;2;226;160;166m[38;2;225;157;163m▄[48;2;226;156;162m[38;2;225;156;162m▄[48;2;225;157;162m[38;2;224;157;163m▄[48;2;224;158;162m[38;2;224;157;162m▄[48;2;225;157;162m[38;2;224;155;162m▄[48;2;224;155;162m[38;2;224;156;161m▄[48;2;225;157;162m[38;2;224;158;162m▄[48;2;224;152;159m[38;2;224;151;159m▄[48;2;220;136;146m[38;2;220;134;146m▄[48;2;209;110;128m[38;2;211;114;131m▄[48;2;208;186;188m[38;2;201;175;181m▄[48;2;220;223;218m[38;2;213;218;216m▄[48;2;217;215;214m[38;2;216;214;214m▄[48;2;215;215;215m[38;2;215;215;215m▄[48;2;215;215;215m[38;2;214;214;214m▄[48;2;214;214;214m[38;2;214;214;214m▄[48;2;214;214;214m[38;2;214;214;215m▄[48;2;214;214;214m[38;2;213;213;214m▄[48;2;214;214;214m[38;2;213;213;213m▄[48;2;213;213;213m[38;2;212;212;213m▄[48;2;211;211;211m[38;2;211;211;211m▄[48;2;211;211;211m[38;2;211;210;211m▄[48;2;211;211;211m[38;2;211;211;211m▄[48;2;211;210;212m[38;2;211;211;211m▄[48;2;210;210;210m[38;2;210;210;210m▄[48;2;210;210;210m[38;2;209;209;209m▄[48;2;209;209;209m[38;2;209;209;209m▄[48;2;208;208;209m[38;2;208;208;209m▄[48;2;208;208;208m[38;2;209;209;209m▄[48;2;208;208;208m[38;2;208;208;208m▄[48;2;208;208;208m[38;2;207;207;207m▄[48;2;207;207;207m[38;2;207;207;207m▄[48;2;207;207;207m[38;2;207;207;207m▄[48;2;206;206;206m[38;2;206;206;206m▄[48;2;205;205;205m[38;2;205;205;205m▄[0m
[48;2;215;215;215m[38;2;215;215;215m▄[48;2;215;215;215m[38;2;215;215;215m▄[48;2;216;216;216m[38;2;215;215;215m▄[48;2;215;215;215m[38;2;215;215;215m▄[48;2;215;215;215m[38;2;216;215;216m▄[48;2;216;216;216m[38;2;216;216;216m▄[48;2;216;216;216m[38;2;215;215;215m▄[48;2;217;217;217m[38;2;216;216;215m▄[48;2;217;217;217m[38;2;216;216;216m▄[48;2;217;217;217m[38;2;217;217;217m▄[48;2;216;216;216m[38;2;217;217;217m▄[48;2;216;216;216m[38;2;217;217;217m▄[48;2;216;216;216m[38;2;217;217;217m▄[48;2;217;217;217m[38;2;217;217;217m▄[48;2;217;217;217m[38;2;217;217;217m▄[48;2;216;216;216m[38;2;216;216;216m▄[48;2;216;216;216m[38;2;216;216;216m▄[48;2;216;216;216m[38;2;216;216;216m▄[48;2;217;217;217m[38;2;216;216;216m▄[48;2;217;217;217m[38;2;216;216;216m▄[48;2;217;217;217m[38;2;216;216;216m▄[48;2;217;217;217m[38;2;216;214;215m▄[48;2;215;214;214m[38;2;218;225;224m▄[48;2;210;133;149m[38;2;208;152;164m▄[48;2;229;173;178m[38;2;226;159;169m▄[48;2;224;154;161m[38;2;225;158;166m▄[48;2;224;157;164m[38;2;225;154;163m▄[48;2;225;157;164m[38;2;224;156;163m▄[48;2;224;155;162m[38;2;225;157;164m▄[48;2;223;156;163m[38;2;224;156;163m▄[48;2;224;157;163m[38;2;224;155;162m▄[48;2;223;157;163m[38;2;224;156;162m▄[48;2;224;156;161m[38;2;224;155;161m▄[48;2;224;154;160m[38;2;223;153;160m▄[48;2;224;154;161m[38;2;223;152;161m▄[48;2;224;156;163m[38;2;223;156;162m▄[48;2;221;144;154m[38;2;217;132;145m▄[48;2;220;134;145m[38;2;218;130;142m▄[48;2;208;115;133m[38;2;203;120;137m▄[48;2;201;183;188m[38;2;200;202;202m▄[48;2;211;215;214m[38;2;211;211;211m▄[48;2;215;214;215m[38;2;215;215;215m▄[48;2;215;215;215m[38;2;214;214;214m▄[48;2;214;214;214m[38;2;213;213;213m▄[48;2;214;214;214m[38;2;214;214;214m▄[48;2;214;214;214m[38;2;213;213;213m▄[48;2;213;213;213m[38;2;212;212;212m▄[48;2;213;213;213m[38;2;212;212;213m▄[48;2;212;211;212m[38;2;211;211;211m▄[48;2;211;210;211m[38;2;210;210;210m▄[48;2;210;210;210m[38;2;210;210;210m▄[48;2;211;211;211m[38;2;210;210;210m▄[48;2;211;211;211m[38;2;210;210;210m▄[48;2;210;210;210m[38;2;209;209;209m▄[48;2;210;210;210m[38;2;210;210;210m▄[48;2;208;208;208m[38;2;209;209;210m▄[48;2;208;208;208m[38;2;209;209;209m▄[48;2;209;209;209m[38;2;208;208;208m▄[48;2;208;208;208m[38;2;208;208;208m▄[48;2;207;207;207m[38;2;208;208;208m▄[48;2;207;207;207m[38;2;207;207;207m▄[48;2;207;207;207m[38;2;206;206;206m▄[48;2;205;205;205m[38;2;204;204;204m▄[48;2;204;204;204m[38;2;203;203;203m▄[0m
[48;2;215;215;215m[38;2;215;215;215m▄[48;2;215;215;215m[38;2;215;215;215m▄[48;2;215;215;215m[38;2;215;215;215m▄[48;2;215;215;215m[38;2;215;215;215m▄[48;2;215;215;215m[38;2;215;215;215m▄[48;2;215;215;215m[38;2;215;215;215m▄[48;2;216;216;216m[38;2;215;215;215m▄[48;2;216;216;216m[38;2;216;216;216m▄[48;2;215;215;216m[38;2;216;216;216m▄[48;2;216;215;216m[38;2;216;216;216m▄[48;2;216;216;216m[38;2;216;216;216m▄[48;2;216;216;216m[38;2;215;215;215m▄[48;2;216;216;216m[38;2;215;215;215m▄[48;2;217;217;217m[38;2;216;216;216m▄[48;2;216;216;216m[38;2;217;216;217m▄[48;2;216;216;216m[38;2;216;216;216m▄[48;2;217;217;217m[38;2;216;216;216m▄[48;2;216;216;216m[38;2;216;216;216m▄[48;2;217;217;217m[38;2;216;216;216m▄[48;2;216;216;216m[38;2;216;216;216m▄[48;2;217;217;217m[38;2;216;216;216m▄[48;2;216;216;216m[38;2;216;216;216m▄[48;2;217;219;218m[38;2;216;214;215m▄[48;2;213;204;207m[38;2;217;226;224m▄[48;2;226;182;188m[38;2;209;160;171m▄[48;2;228;167;172m[38;2;224;157;167m▄[48;2;224;151;161m[38;2;225;160;166m▄[48;2;224;157;164m[38;2;223;154;161m▄[48;2;225;156;164m[38;2;224;155;163m▄[48;2;224;155;163m[38;2;225;156;164m▄[48;2;223;155;162m[38;2;224;158;165m▄[48;2;223;154;162m[38;2;222;154;160m▄[48;2;225;155;162m[38;2;223;156;161m▄[48;2;224;155;160m[38;2;223;154;161m▄[48;2;224;156;163m[38;2;220;141;151m▄[48;2;219;142;151m[38;2;217;129;142m▄[48;2;218;133;145m[38;2;220;129;144m▄[48;2;221;130;143m[38;2;208;135;148m▄[48;2;200;159;167m[38;2;199;204;202m▄[48;2;203;210;208m[38;2;205;204;205m▄[48;2;212;210;211m[38;2;213;213;213m▄[48;2;214;214;214m[38;2;214;214;214m▄[48;2;214;214;214m[38;2;213;213;214m▄[48;2;213;213;213m[38;2;213;213;213m▄[48;2;213;213;213m[38;2;212;212;212m▄[48;2;212;212;212m[38;2;212;212;212m▄[48;2;212;212;212m[38;2;212;212;212m▄[48;2;211;212;211m[38;2;210;210;211m▄[48;2;210;210;210m[38;2;210;210;210m▄[48;2;210;210;210m[38;2;210;210;210m▄[48;2;210;210;210m[38;2;210;210;210m▄[48;2;209;209;209m[38;2;210;210;210m▄[48;2;209;209;209m[38;2;209;209;209m▄[48;2;209;209;209m[38;2;208;208;208m▄[48;2;209;208;209m[38;2;209;209;209m▄[48;2;209;209;209m[38;2;209;209;209m▄[48;2;208;208;208m[38;2;208;208;208m▄[48;2;208;208;208m[38;2;208;208;208m▄[48;2;208;208;208m[38;2;207;207;207m▄[48;2;207;207;207m[38;2;207;207;206m▄[48;2;206;206;207m[38;2;206;205;206m▄[48;2;205;205;206m[38;2;204;204;205m▄[48;2;203;203;203m[38;2;203;203;203m▄[48;2;204;204;203m[38;2;203;203;203m▄[0m
[48;2;214;214;214m[38;2;213;213;213m▄[48;2;214;214;214m[38;2;213;213;213m▄[48;2;214;214;214m[38;2;214;214;214m▄[48;2;214;214;214m[38;2;214;214;214m▄[48;2;215;215;215m[38;2;215;215;215m▄[48;2;215;215;215m[38;2;215;215;215m▄[48;2;215;215;215m[38;2;215;215;215m▄[48;2;215;215;215m[38;2;215;215;215m▄[48;2;215;215;215m[38;2;215;215;215m▄[48;2;215;215;215m[38;2;215;215;215m▄[48;2;215;215;215m[38;2;215;215;215m▄[48;2;216;216;216m[38;2;215;215;215m▄[48;2;215;215;215m[38;2;215;215;215m▄[48;2;215;215;215m[38;2;214;214;214m▄[48;2;215;215;215m[38;2;215;215;215m▄[48;2;215;215;215m[38;2;215;215;215m▄[48;2;215;215;215m[38;2;215;215;215m▄[48;2;215;215;215m[38;2;215;215;215m▄[48;2;215;215;215m[38;2;215;215;215m▄[48;2;216;216;216m[38;2;215;215;215m▄[48;2;216;216;216m[38;2;215;215;215m▄[48;2;216;216;216m[38;2;215;215;215m▄[48;2;216;215;216m[38;2;216;216;216m▄[48;2;217;220;219m[38;2;216;214;214m▄[48;2;211;199;201m[38;2;217;223;221m▄[48;2;205;115;135m[38;2;208;183;189m▄[48;2;224;159;168m[38;2;204;111;130m▄[48;2;225;161;168m[38;2;214;119;136m▄[48;2;226;161;167m[38;2;219;132;146m▄[48;2;218;140;150m[38;2;212;116;131m▄[48;2;219;142;152m[38;2;201;88;112m▄[48;2;226;160;166m[38;2;210;108;128m▄[48;2;220;142;153m[38;2;212;113;132m▄[48;2;219;132;147m[38;2;217;119;136m▄[48;2;219;131;145m[38;2;216;118;134m▄[48;2;221;134;148m[38;2;202;103;123m▄[48;2;204;103;124m[38;2;195;166;173m▄[48;2;194;172;178m[38;2;198;206;205m▄[48;2;201;205;205m[38;2;205;203;204m▄[48;2;210;209;208m[38;2;212;212;212m▄[48;2;213;213;213m[38;2;213;213;213m▄[48;2;213;213;213m[38;2;213;213;213m▄[48;2;213;213;214m[38;2;212;212;212m▄[48;2;212;212;212m[38;2;212;212;212m▄[48;2;211;211;212m[38;2;211;211;211m▄[48;2;211;211;212m[38;2;211;211;211m▄[48;2;211;211;211m[38;2;210;210;210m▄[48;2;210;210;210m[38;2;210;210;210m▄[48;2;211;211;211m[38;2;210;210;210m▄[48;2;210;210;210m[38;2;210;210;210m▄[48;2;210;210;210m[38;2;209;209;209m▄[48;2;210;210;210m[38;2;208;208;208m▄[48;2;209;209;209m[38;2;208;208;208m▄[48;2;208;208;208m[38;2;208;208;208m▄[48;2;208;208;208m[38;2;208;208;208m▄[48;2;208;208;208m[38;2;208;208;208m▄[48;2;207;207;207m[38;2;207;207;207m▄[48;2;207;207;207m[38;2;206;206;206m▄[48;2;207;207;207m[38;2;206;206;206m▄[48;2;205;205;205m[38;2;204;204;204m▄[48;2;204;204;204m[38;2;204;204;204m▄[48;2;203;203;204m[38;2;203;203;203m▄[48;2;203;203;203m[38;2;203;203;203m▄[48;2;203;203;203m[38;2;203;203;203m▄[0m
[48;2;212;212;212m[38;2;211;211;211m▄[48;2;213;213;213m[38;2;212;212;212m▄[48;2;214;214;214m[38;2;212;212;212m▄[48;2;214;214;214m[38;2;212;212;212m▄[48;2;214;214;214m[38;2;213;213;213m▄[48;2;214;214;214m[38;2;214;214;214m▄[48;2;214;214;214m[38;2;214;214;214m▄[48;2;214;214;214m[38;2;214;214;214m▄[48;2;215;215;215m[38;2;214;214;214m▄[48;2;215;215;215m[38;2;214;214;214m▄[48;2;215;215;215m[38;2;215;215;215m▄[48;2;215;215;215m[38;2;215;215;215m▄[48;2;215;215;215m[38;2;214;214;214m▄[48;2;215;215;215m[38;2;215;215;215m▄[48;2;215;215;215m[38;2;215;215;215m▄[48;2;215;215;215m[38;2;215;215;215m▄[48;2;215;215;215m[38;2;215;215;215m▄[48;2;215;215;215m[38;2;215;215;215m▄[48;2;215;215;215m[38;2;215;215;215m▄[48;2;215;215;215m[38;2;215;215;215m▄[48;2;215;215;215m[38;2;215;215;215m▄[48;2;215;215;215m[38;2;215;215;215m▄[48;2;215;215;215m[38;2;214;214;214m▄[48;2;215;215;215m[38;2;215;215;215m▄[48;2;215;213;214m[38;2;215;215;215m▄[48;2;215;221;220m[38;2;215;214;214m▄[48;2;207;199;202m[38;2;214;216;217m▄[48;2;199;155;165m[38;2;209;218;216m▄[48;2;197;140;153m[38;2;205;212;212m▄[48;2;198;154;164m[38;2;204;212;210m▄[48;2;198;184;186m[38;2;204;208;207m▄[48;2;198;177;180m[38;2;206;211;210m▄[48;2;197;143;155m[38;2;206;215;213m▄[48;2;197;130;146m[38;2;202;211;209m▄[48;2;196;143;156m[38;2;201;209;207m▄[48;2;197;187;189m[38;2;202;204;204m▄[48;2;197;205;203m[38;2;205;203;204m▄[48;2;203;202;202m[38;2;210;210;210m▄[48;2;210;210;211m[38;2;212;212;212m▄[48;2;213;212;213m[38;2;212;212;212m▄[48;2;212;212;213m[38;2;211;211;211m▄[48;2;212;212;212m[38;2;211;211;211m▄[48;2;212;211;212m[38;2;211;211;211m▄[48;2;211;211;211m[38;2;210;210;210m▄[48;2;211;211;211m[38;2;210;210;210m▄[48;2;210;210;210m[38;2;210;210;210m▄[48;2;210;210;210m[38;2;210;210;210m▄[48;2;210;210;210m[38;2;210;210;210m▄[48;2;210;210;210m[38;2;210;210;210m▄[48;2;210;210;210m[38;2;209;209;209m▄[48;2;209;209;209m[38;2;208;208;208m▄[48;2;208;208;208m[38;2;208;208;208m▄[48;2;208;208;208m[38;2;208;208;208m▄[48;2;208;208;208m[38;2;208;208;208m▄[48;2;208;208;208m[38;2;207;207;207m▄[48;2;207;207;207m[38;2;207;207;207m▄[48;2;207;207;207m[38;2;207;207;206m▄[48;2;206;206;206m[38;2;205;204;205m▄[48;2;205;205;205m[38;2;204;204;205m▄[48;2;204;204;204m[38;2;203;203;203m▄[48;2;203;203;204m[38;2;203;203;203m▄[48;2;203;203;203m[38;2;203;203;203m▄[48;2;203;203;203m[38;2;203;203;203m▄[48;2;203;203;203m[38;2;204;204;204m▄[0m
[48;2;211;211;211m[38;2;211;211;211m▄[48;2;211;211;211m[38;2;211;211;211m▄[48;2;211;211;211m[38;2;211;211;211m▄[48;2;212;212;212m[38;2;211;211;211m▄[48;2;212;212;212m[38;2;212;212;212m▄[48;2;212;212;212m[38;2;211;211;211m▄[48;2;213;212;213m[38;2;212;212;212m▄[48;2;213;213;213m[38;2;212;212;212m▄[48;2;213;213;213m[38;2;212;212;212m▄[48;2;214;214;214m[38;2;212;212;212m▄[48;2;214;214;214m[38;2;213;213;214m▄[48;2;214;214;214m[38;2;213;213;213m▄[48;2;214;214;214m[38;2;213;213;213m▄[48;2;214;214;214m[38;2;214;214;214m▄[48;2;214;214;214m[38;2;214;213;215m▄[48;2;215;215;215m[38;2;214;214;214m▄[48;2;214;214;214m[38;2;214;214;214m▄[48;2;214;214;214m[38;2;213;213;213m▄[48;2;215;215;215m[38;2;214;214;214m▄[48;2;215;215;215m[38;2;214;214;214m▄[48;2;214;214;214m[38;2;214;214;214m▄[48;2;214;214;214m[38;2;214;214;214m▄[48;2;214;214;214m[38;2;214;214;214m▄[48;2;215;215;215m[38;2;214;214;214m▄[48;2;214;214;214m[38;2;214;214;214m▄[48;2;215;215;215m[38;2;214;214;214m▄[48;2;214;214;214m[38;2;213;213;213m▄[48;2;214;212;213m[38;2;213;213;214m▄[48;2;213;211;211m[38;2;213;213;213m▄[48;2;212;210;211m[38;2;213;213;213m▄[48;2;212;211;212m[38;2;213;213;213m▄[48;2;213;212;212m[38;2;213;213;213m▄[48;2;213;211;211m[38;2;212;212;212m▄[48;2;211;209;210m[38;2;212;212;212m▄[48;2;210;208;208m[38;2;212;212;212m▄[48;2;210;209;209m[38;2;211;211;211m▄[48;2;211;211;211m[38;2;211;211;211m▄[48;2;211;211;211m[38;2;211;211;212m▄[48;2;211;211;211m[38;2;210;210;211m▄[48;2;211;211;211m[38;2;210;210;210m▄[48;2;210;210;210m[38;2;210;210;210m▄[48;2;210;210;210m[38;2;210;210;210m▄[48;2;210;210;210m[38;2;210;210;210m▄[48;2;210;210;210m[38;2;210;210;210m▄[48;2;210;210;210m[38;2;210;210;210m▄[48;2;210;210;210m[38;2;209;210;209m▄[48;2;210;210;210m[38;2;209;209;209m▄[48;2;209;209;209m[38;2;208;208;210m▄[48;2;209;209;209m[38;2;208;208;208m▄[48;2;209;208;209m[38;2;208;208;208m▄[48;2;208;209;208m[38;2;207;208;208m▄[48;2;208;208;208m[38;2;208;208;208m▄[48;2;208;208;208m[38;2;207;207;207m▄[48;2;207;207;207m[38;2;207;207;207m▄[48;2;207;207;207m[38;2;207;207;208m▄[48;2;207;207;207m[38;2;206;206;207m▄[48;2;205;205;206m[38;2;205;204;205m▄[48;2;204;204;204m[38;2;204;203;204m▄[48;2;204;204;204m[38;2;203;203;203m▄[48;2;203;203;203m[38;2;202;202;202m▄[48;2;203;203;203m[38;2;203;203;203m▄[48;2;203;203;203m[38;2;203;203;203m▄[48;2;203;203;203m[38;2;202;202;203m▄[48;2;203;203;203m[38;2;202;202;202m▄[0m
[48;2;210;210;210m[38;2;210;210;210m▄[48;2;210;210;210m[38;2;210;210;210m▄[48;2;211;211;211m[38;2;210;210;210m▄[48;2;211;211;211m[38;2;211;211;211m▄[48;2;211;211;211m[38;2;210;210;210m▄[48;2;211;211;211m[38;2;210;210;210m▄[48;2;212;212;212m[38;2;211;211;211m▄[48;2;212;212;212m[38;2;211;211;211m▄[48;2;211;211;211m[38;2;211;211;211m▄[48;2;212;212;212m[38;2;211;211;211m▄[48;2;212;212;212m[38;2;212;212;212m▄[48;2;213;213;213m[38;2;212;212;212m▄[48;2;213;213;213m[38;2;212;212;212m▄[48;2;213;213;213m[38;2;212;212;212m▄[48;2;213;213;214m[38;2;212;213;212m▄[48;2;213;213;213m[38;2;212;212;212m▄[48;2;213;213;213m[38;2;212;212;212m▄[48;2;213;213;213m[38;2;213;212;213m▄[48;2;213;213;213m[38;2;212;212;212m▄[48;2;213;213;213m[38;2;212;212;212m▄[48;2;213;213;213m[38;2;212;212;212m▄[48;2;213;213;213m[38;2;211;211;211m▄[48;2;213;213;213m[38;2;212;211;211m▄[48;2;213;213;213m[38;2;212;212;212m▄[48;2;213;213;213m[38;2;212;212;212m▄[48;2;213;213;213m[38;2;212;212;212m▄[48;2;213;213;213m[38;2;212;212;212m▄[48;2;212;212;212m[38;2;212;212;212m▄[48;2;212;212;212m[38;2;211;211;212m▄[48;2;212;212;212m[38;2;212;212;212m▄[48;2;211;211;211m[38;2;211;212;212m▄[48;2;212;211;211m[38;2;211;212;212m▄[48;2;212;212;212m[38;2;212;213;212m▄[48;2;211;211;211m[38;2;212;212;212m▄[48;2;212;212;212m[38;2;212;211;213m▄[48;2;211;211;211m[38;2;211;211;212m▄[48;2;211;211;211m[38;2;211;211;211m▄[48;2;211;211;211m[38;2;211;211;211m▄[48;2;211;211;211m[38;2;211;211;211m▄[48;2;210;210;210m[38;2;211;211;211m▄[48;2;210;210;210m[38;2;210;210;210m▄[48;2;210;210;210m[38;2;210;210;210m▄[48;2;210;210;210m[38;2;209;209;209m▄[48;2;209;209;209m[38;2;208;208;208m▄[48;2;209;209;209m[38;2;208;208;208m▄[48;2;209;209;209m[38;2;208;208;209m▄[48;2;208;208;209m[38;2;208;208;208m▄[48;2;208;208;209m[38;2;208;208;208m▄[48;2;208;208;208m[38;2;207;207;207m▄[48;2;208;208;208m[38;2;208;208;208m▄[48;2;207;207;208m[38;2;207;207;207m▄[48;2;207;207;208m[38;2;207;206;207m▄[48;2;207;207;207m[38;2;206;206;207m▄[48;2;206;206;207m[38;2;206;205;206m▄[48;2;205;205;206m[38;2;204;204;205m▄[48;2;205;205;205m[38;2;204;204;205m▄[48;2;204;204;204m[38;2;204;204;204m▄[48;2;203;203;203m[38;2;202;202;203m▄[48;2;207;207;207m[38;2;210;210;210m▄[48;2;211;211;211m[38;2;216;216;216m▄[48;2;202;203;203m[38;2;203;203;203m▄[48;2;202;202;202m[38;2;202;202;202m▄[48;2;202;202;203m[38;2;202;202;203m▄[48;2;202;202;202m[38;2;202;202;202m▄[0m
[48;2;210;210;210m[38;2;210;210;210m▄[48;2;210;210;210m[38;2;211;211;211m▄[48;2;210;210;210m[38;2;212;212;212m▄[48;2;210;210;210m[38;2;212;212;212m▄[48;2;210;210;210m[38;2;213;213;213m▄[48;2;210;210;210m[38;2;213;213;213m▄[48;2;210;210;210m[38;2;213;213;213m▄[48;2;211;211;211m[38;2;213;213;213m▄[48;2;211;211;211m[38;2;213;213;213m▄[48;2;211;211;211m[38;2;214;214;214m▄[48;2;212;212;212m[38;2;214;214;214m▄[48;2;212;212;212m[38;2;214;214;214m▄[48;2;212;212;212m[38;2;214;214;214m▄[48;2;212;212;212m[38;2;214;214;214m▄[48;2;213;213;213m[38;2;214;214;214m▄[48;2;213;213;213m[38;2;215;215;215m▄[48;2;212;212;212m[38;2;214;214;214m▄[48;2;212;212;212m[38;2;214;214;214m▄[48;2;212;212;212m[38;2;214;214;214m▄[48;2;213;213;213m[38;2;214;214;214m▄[48;2;213;213;213m[38;2;214;214;214m▄[48;2;212;212;212m[38;2;212;212;212m▄[48;2;213;213;213m[38;2;211;210;210m▄[48;2;213;213;213m[38;2;208;205;206m▄[48;2;212;212;212m[38;2;205;201;202m▄[48;2;211;211;212m[38;2;204;196;198m▄[48;2;209;209;209m[38;2;201;192;194m▄[48;2;205;205;206m[38;2;200;190;191m▄[48;2;202;201;202m[38;2;199;187;187m▄[48;2;199;199;199m[38;2;197;186;186m▄[48;2;198;198;198m[38;2;196;185;184m▄[48;2;198;197;197m[38;2;195;183;183m▄[48;2;199;198;198m[38;2;195;183;183m▄[48;2;199;198;198m[38;2;195;183;183m▄[48;2;200;200;200m[38;2;195;183;184m▄[48;2;201;200;201m[38;2;195;184;183m▄[48;2;201;201;201m[38;2;195;185;183m▄[48;2;201;201;201m[38;2;194;186;185m▄[48;2;203;204;204m[38;2;196;189;188m▄[48;2;206;206;206m[38;2;198;192;192m▄[48;2;206;207;207m[38;2;199;197;197m▄[48;2;207;207;207m[38;2;202;201;201m▄[48;2;208;208;208m[38;2;205;205;205m▄[48;2;208;207;208m[38;2;207;207;207m▄[48;2;208;207;208m[38;2;208;208;208m▄[48;2;208;208;208m[38;2;208;208;208m▄[48;2;208;208;208m[38;2;208;208;208m▄[48;2;207;207;207m[38;2;208;208;208m▄[48;2;207;207;207m[38;2;207;207;207m▄[48;2;207;207;207m[38;2;208;208;208m▄[48;2;207;206;207m[38;2;207;207;207m▄[48;2;206;206;206m[38;2;207;207;207m▄[48;2;206;206;206m[38;2;207;207;207m▄[48;2;205;205;205m[38;2;207;207;207m▄[48;2;204;204;204m[38;2;206;206;206m▄[48;2;203;203;203m[38;2;205;205;205m▄[48;2;203;203;203m[38;2;204;204;204m▄[48;2;202;202;202m[38;2;204;204;204m▄[48;2;202;202;202m[38;2;204;204;204m▄[48;2;203;203;203m[38;2;203;203;203m▄[48;2;202;202;202m[38;2;203;203;203m▄[48;2;202;202;202m[38;2;202;202;202m▄[48;2;202;202;202m[38;2;202;202;202m▄[48;2;202;202;202m[38;2;202;203;203m▄[0m
[48;2;213;213;213m[38;2;216;216;216m▄[48;2;214;214;214m[38;2;215;215;215m▄[48;2;215;215;215m[38;2;216;216;216m▄[48;2;214;214;214m[38;2;216;216;216m▄[48;2;215;215;215m[38;2;215;215;215m▄[48;2;215;215;215m[38;2;216;216;216m▄[48;2;215;215;215m[38;2;216;216;216m▄[48;2;215;215;215m[38;2;216;216;216m▄[48;2;216;216;216m[38;2;216;216;216m▄[48;2;215;215;215m[38;2;216;216;216m▄[48;2;215;215;215m[38;2;217;217;217m▄[48;2;215;215;215m[38;2;216;216;216m▄[48;2;215;215;215m[38;2;216;216;216m▄[48;2;215;215;215m[38;2;216;216;216m▄[48;2;215;215;215m[38;2;216;216;216m▄[48;2;216;216;216m[38;2;217;217;217m▄[48;2;215;215;215m[38;2;217;217;217m▄[48;2;215;215;215m[38;2;216;216;216m▄[48;2;215;215;215m[38;2;216;216;216m▄[48;2;215;215;215m[38;2;216;216;216m▄[48;2;214;214;214m[38;2;216;216;216m▄[48;2;211;211;211m[38;2;216;216;216m▄[48;2;208;207;208m[38;2;215;215;215m▄[48;2;206;200;202m[38;2;213;213;213m▄[48;2;203;194;195m[38;2;212;211;211m▄[48;2;202;189;190m[38;2;211;208;208m▄[48;2;200;186;186m[38;2;210;205;207m▄[48;2;199;184;184m[38;2;207;202;203m▄[48;2;199;184;184m[38;2;208;201;200m▄[48;2;199;185;184m[38;2;208;201;201m▄[48;2;199;185;183m[38;2;206;200;201m▄[48;2;199;185;184m[38;2;207;200;199m▄[48;2;200;184;184m[38;2;205;198;198m▄[48;2;201;184;184m[38;2;205;198;198m▄[48;2;199;184;183m[38;2;205;198;197m▄[48;2;200;184;183m[38;2;206;199;198m▄[48;2;199;184;183m[38;2;206;202;203m▄[48;2;200;186;185m[38;2;208;203;204m▄[48;2;201;189;189m[38;2;209;206;207m▄[48;2;203;194;194m[38;2;210;209;209m▄[48;2;205;200;199m[38;2;211;211;211m▄[48;2;207;205;205m[38;2;212;212;212m▄[48;2;209;209;209m[38;2;212;212;212m▄[48;2;210;210;210m[38;2;211;211;211m▄[48;2;210;210;210m[38;2;211;211;211m▄[48;2;209;209;209m[38;2;211;211;211m▄[48;2;209;209;209m[38;2;210;210;210m▄[48;2;209;209;209m[38;2;210;210;210m▄[48;2;209;209;209m[38;2;209;209;209m▄[48;2;209;208;209m[38;2;210;210;210m▄[48;2;208;208;209m[38;2;209;209;210m▄[48;2;208;208;208m[38;2;209;209;209m▄[48;2;208;208;208m[38;2;208;208;210m▄[48;2;208;208;208m[38;2;209;209;209m▄[48;2;208;208;208m[38;2;208;208;208m▄[48;2;207;207;207m[38;2;208;208;208m▄[48;2;207;207;207m[38;2;208;208;208m▄[48;2;207;207;207m[38;2;208;208;208m▄[48;2;207;207;207m[38;2;208;208;208m▄[48;2;206;206;206m[38;2;207;207;207m▄[48;2;205;205;205m[38;2;207;207;207m▄[48;2;204;204;204m[38;2;207;207;207m▄[48;2;203;203;204m[38;2;206;206;206m▄[48;2;204;204;204m[38;2;206;206;206m▄[0m
