[48;2;218;218;218m[38;2;218;218;218m▄[48;2;219;219;219m[38;2;218;218;218m▄[48;2;221;221;221m[38;2;220;220;220m▄[48;2;222;222;222m[38;2;222;222;222m▄[48;2;223;223;223m[38;2;223;223;223m▄[48;2;223;223;223m[38;2;223;223;223m▄[48;2;223;223;223m[38;2;223;223;223m▄[48;2;224;224;224m[38;2;224;224;224m▄[48;2;225;225;225m[38;2;224;224;224m▄[48;2;225;225;225m[38;2;224;224;224m▄[48;2;225;225;225m[38;2;224;224;224m▄[48;2;224;224;224m[38;2;224;224;224m▄[48;2;225;225;225m[38;2;225;225;225m▄[48;2;227;227;227m[38;2;227;227;227m▄[48;2;228;228;228m[38;2;228;228;228m▄[48;2;228;228;228m[38;2;228;228;228m▄[48;2;227;227;227m[38;2;227;227;227m▄[48;2;228;228;228m[38;2;227;227;227m▄[48;2;227;227;227m[38;2;226;226;226m▄[48;2;228;228;228m[38;2;227;227;227m▄[48;2;229;229;229m[38;2;227;227;227m▄[48;2;228;228;228m[38;2;227;227;227m▄[48;2;228;228;228m[38;2;227;227;227m▄[48;2;227;227;227m[38;2;227;227;227m▄[48;2;227;227;227m[38;2;226;226;226m▄[48;2;226;226;226m[38;2;226;226;226m▄[48;2;227;227;227m[38;2;227;227;227m▄[48;2;227;227;227m[38;2;227;227;227m▄[48;2;227;227;227m[38;2;225;225;225m▄[48;2;225;225;225m[38;2;224;224;224m▄[48;2;224;224;224m[38;2;224;224;224m▄[48;2;225;225;225m[38;2;224;224;224m▄[48;2;226;226;226m[38;2;225;225;225m▄[48;2;224;224;224m[38;2;224;224;224m▄[48;2;223;223;223m[38;2;223;223;223m▄[48;2;223;223;223m[38;2;223;223;223m▄[48;2;223;223;223m[38;2;223;223;223m▄[48;2;222;222;222m[38;2;222;222;222m▄[48;2;221;221;221m[38;2;221;221;221m▄[48;2;221;221;221m[38;2;221;221;221m▄[48;2;219;219;219m[38;2;219;219;219m▄[48;2;218;218;218m[38;2;218;218;218m▄[48;2;217;217;217m[38;2;217;217;217m▄[48;2;216;216;216m[38;2;216;216;216m▄[48;2;216;216;216m[38;2;216;216;216m▄[48;2;216;216;216m[38;2;216;216;217m▄[48;2;216;216;216m[38;2;215;215;215m▄[48;2;215;215;215m[38;2;215;215;215m▄[48;2;215;215;215m[38;2;214;214;214m▄[48;2;214;214;214m[38;2;214;214;214m▄[48;2;214;214;214m[38;2;213;213;213m▄[48;2;213;213;213m[38;2;213;213;213m▄[48;2;212;212;212m[38;2;212;212;212m▄[48;2;211;211;211m[38;2;211;211;211m▄[48;2;210;210;210m[38;2;210;210;210m▄[48;2;210;210;210m[38;2;210;210;210m▄[48;2;209;209;209m[38;2;209;209;209m▄[48;2;208;208;208m[38;2;208;208;208m▄[48;2;208;208;208m[38;2;208;208;208m▄[48;2;208;208;208m[38;2;207;207;207m▄[48;2;207;207;207m[38;2;207;207;207m▄[48;2;206;206;206m[38;2;206;206;206m▄[48;2;204;204;204m[38;2;204;204;204m▄[48;2;204;204;204m[38;2;203;203;203m▄[0m
[48;2;217;217;217m[38;2;217;217;217m▄[48;2;218;218;218m[38;2;217;217;217m▄[48;2;219;219;219m[38;2;218;218;218m▄[48;2;220;220;220m[38;2;219;219;219m▄[48;2;222;222;222m[38;2;221;221;221m▄[48;2;223;223;223m[38;2;222;222;222m▄[48;2;223;223;223m[38;2;223;223;223m▄[48;2;223;223;223m[38;2;223;223;223m▄[48;2;224;224;224m[38;2;224;224;224m▄[48;2;225;225;225m[38;2;224;224;224m▄[48;2;225;225;225m[38;2;225;225;225m▄[48;2;225;225;225m[38;2;224;224;224m▄[48;2;224;224;224m[38;2;224;224;224m▄[48;2;225;225;225m[38;2;224;224;224m▄[48;2;226;226;226m[38;2;224;224;224m▄[48;2;227;227;227m[38;2;226;226;226m▄[48;2;227;227;227m[38;2;227;227;227m▄[48;2;227;227;227m[38;2;227;227;227m▄[48;2;227;227;227m[38;2;227;227;227m▄[48;2;226;226;226m[38;2;226;226;226m▄[48;2;227;227;227m[38;2;227;227;227m▄[48;2;227;227;227m[38;2;227;227;227m▄[48;2;226;226;226m[38;2;226;226;226m▄[48;2;226;226;226m[38;2;227;227;227m▄[48;2;226;226;226m[38;2;226;226;226m▄[48;2;226;226;226m[38;2;226;226;226m▄[48;2;226;226;226m[38;2;225;225;225m▄[48;2;226;226;226m[38;2;225;225;225m▄[48;2;225;225;225m[38;2;224;224;224m▄[48;2;225;225;225m[38;2;222;223;222m▄[48;2;224;224;224m[38;2;223;223;223m▄[48;2;224;224;224m[38;2;225;225;225m▄[48;2;225;225;225m[38;2;224;224;224m▄[48;2;224;224;224m[38;2;224;224;224m▄[48;2;223;223;223m[38;2;222;223;222m▄[48;2;223;223;223m[38;2;222;223;222m▄[48;2;223;223;223m[38;2;222;222;222m▄[48;2;222;222;222m[38;2;221;221;221m▄[48;2;221;221;221m[38;2;221;221;221m▄[48;2;220;220;220m[38;2;221;221;221m▄[48;2;219;219;219m[38;2;218;218;218m▄[48;2;218;218;218m[38;2;218;218;218m▄[48;2;217;217;217m[38;2;216;216;216m▄[48;2;216;216;216m[38;2;216;216;216m▄[48;2;216;216;216m[38;2;217;217;217m▄[48;2;216;216;216m[38;2;216;216;216m▄[48;2;215;215;215m[38;2;215;215;215m▄[48;2;215;215;215m[38;2;215;215;215m▄[48;2;214;214;214m[38;2;215;215;215m▄[48;2;214;214;214m[38;2;214;214;214m▄[48;2;213;213;213m[38;2;213;213;213m▄[48;2;213;213;212m[38;2;212;212;212m▄[48;2;211;211;211m[38;2;211;211;211m▄[48;2;211;211;211m[38;2;211;211;211m▄[48;2;210;210;210m[38;2;211;211;211m▄[48;2;210;210;210m[38;2;210;210;210m▄[48;2;209;209;209m[38;2;209;209;209m▄[48;2;209;209;209m[38;2;209;209;209m▄[48;2;208;208;208m[38;2;208;208;208m▄[48;2;207;207;207m[38;2;208;208;208m▄[48;2;206;206;206m[38;2;207;207;207m▄[48;2;206;206;206m[38;2;206;206;206m▄[48;2;204;204;204m[38;2;204;204;204m▄[48;2;203;203;203m[38;2;204;204;204m▄[0m
[48;2;217;217;217m[38;2;216;216;216m▄[48;2;217;217;217m[38;2;217;217;217m▄[48;2;217;217;217m[38;2;217;217;217m▄[48;2;219;219;219m[38;2;219;219;219m▄[48;2;221;221;221m[38;2;221;221;221m▄[48;2;221;221;221m[38;2;221;221;221m▄[48;2;222;222;222m[38;2;223;223;223m▄[48;2;223;223;223m[38;2;223;223;223m▄[48;2;224;224;224m[38;2;224;224;224m▄[48;2;224;224;224m[38;2;224;224;224m▄[48;2;224;224;224m[38;2;224;224;224m▄[48;2;225;225;225m[38;2;225;225;225m▄[48;2;225;225;225m[38;2;225;225;225m▄[48;2;224;224;224m[38;2;225;225;225m▄[48;2;224;224;224m[38;2;225;225;225m▄[48;2;225;225;225m[38;2;224;224;224m▄[48;2;225;225;225m[38;2;224;224;224m▄[48;2;226;226;226m[38;2;224;224;224m▄[48;2;226;226;226m[38;2;225;225;225m▄[48;2;226;226;226m[38;2;225;225;225m▄[48;2;227;227;227m[38;2;226;226;226m▄[48;2;225;225;225m[38;2;225;225;225m▄[48;2;226;226;226m[38;2;225;225;225m▄[48;2;226;226;226m[38;2;224;224;224m▄[48;2;225;225;225m[38;2;224;224;224m▄[48;2;224;224;224m[38;2;224;224;224m▄[48;2;225;225;225m[38;2;224;224;223m▄[48;2;224;224;224m[38;2;228;226;228m▄[48;2;229;227;230m[38;2;203;213;200m▄[48;2;233;230;233m[38;2;184;202;182m▄[48;2;228;227;228m[38;2;210;215;213m▄[48;2;223;223;223m[38;2;231;229;232m▄[48;2;223;223;223m[38;2;224;224;223m▄[48;2;223;223;223m[38;2;225;223;226m▄[48;2;229;226;230m[38;2;192;207;189m▄[48;2;224;223;225m[38;2;214;219;212m▄[48;2;222;222;222m[38;2;225;223;225m▄[48;2;222;222;222m[38;2;221;222;221m▄[48;2;221;221;221m[38;2;221;221;221m▄[48;2;220;220;220m[38;2;219;219;219m▄[48;2;218;218;218m[38;2;217;217;217m▄[48;2;217;217;217m[38;2;217;217;217m▄[48;2;216;216;216m[38;2;217;217;217m▄[48;2;216;216;216m[38;2;217;217;217m▄[48;2;217;217;217m[38;2;217;217;217m▄[48;2;216;216;216m[38;2;216;216;216m▄[48;2;215;215;215m[38;2;215;215;215m▄[48;2;215;215;215m[38;2;215;215;215m▄[48;2;215;215;215m[38;2;215;215;215m▄[48;2;213;213;213m[38;2;214;214;214m▄[48;2;213;213;213m[38;2;213;213;213m▄[48;2;212;212;212m[38;2;212;212;212m▄[48;2;212;212;212m[38;2;211;211;211m▄[48;2;210;210;210m[38;2;211;211;211m▄[48;2;211;211;211m[38;2;211;211;211m▄[48;2;210;210;210m[38;2;211;211;211m▄[48;2;208;208;208m[38;2;209;209;209m▄[48;2;209;209;209m[38;2;208;208;208m▄[48;2;208;208;208m[38;2;208;208;208m▄[48;2;208;208;208m[38;2;207;207;207m▄[48;2;207;207;207m[38;2;207;207;207m▄[48;2;206;206;206m[38;2;207;206;207m▄[48;2;204;204;204m[38;2;205;205;205m▄[48;2;204;204;205m[38;2;204;203;204m▄[0m
[48;2;216;216;216m[38;2;216;216;216m▄[48;2;216;216;216m[38;2;216;216;216m▄[48;2;217;217;217m[38;2;217;217;217m▄[48;2;219;219;219m[38;2;217;217;217m▄[48;2;220;220;220m[38;2;218;218;219m▄[48;2;221;221;221m[38;2;221;221;221m▄[48;2;222;222;222m[38;2;221;221;221m▄[48;2;222;222;222m[38;2;222;222;222m▄[48;2;223;223;223m[38;2;223;223;223m▄[48;2;224;224;224m[38;2;224;224;224m▄[48;2;224;224;224m[38;2;224;224;224m▄[48;2;224;224;224m[38;2;224;224;224m▄[48;2;225;225;225m[38;2;224;224;224m▄[48;2;224;224;224m[38;2;224;224;224m▄[48;2;225;225;225m[38;2;225;225;225m▄[48;2;225;225;225m[38;2;225;225;225m▄[48;2;225;225;225m[38;2;225;225;225m▄[48;2;225;225;225m[38;2;225;225;225m▄[48;2;224;224;224m[38;2;224;224;224m▄[48;2;224;224;224m[38;2;224;224;224m▄[48;2;224;224;224m[38;2;224;224;224m▄[48;2;224;224;224m[38;2;224;224;224m▄[48;2;224;224;224m[38;2;224;224;224m▄[48;2;224;224;224m[38;2;224;224;224m▄[48;2;225;225;225m[38;2;224;224;224m▄[48;2;225;225;225m[38;2;224;224;224m▄[48;2;223;224;222m[38;2;222;223;222m▄[48;2;232;229;234m[38;2;231;228;232m▄[48;2;162;190;153m[38;2;186;201;183m▄[48;2;140;185;96m[38;2;138;183;86m▄[48;2;140;183;108m[38;2;140;185;79m▄[48;2;173;195;168m[38;2;128;176;86m▄[48;2;235;229;238m[38;2;173;193;170m▄[48;2;174;197;164m[38;2;122;170;97m▄[48;2;108;168;73m[38;2;172;191;165m▄[48;2;182;202;176m[38;2;211;209;216m▄[48;2;227;224;228m[38;2;220;218;221m▄[48;2;219;220;219m[38;2;222;221;221m▄[48;2;221;220;221m[38;2;221;221;221m▄[48;2;219;219;219m[38;2;219;219;219m▄[48;2;217;217;217m[38;2;217;217;217m▄[48;2;217;217;217m[38;2;217;217;217m▄[48;2;217;217;217m[38;2;217;217;217m▄[48;2;217;217;217m[38;2;217;217;217m▄[48;2;217;217;217m[38;2;216;216;216m▄[48;2;216;216;216m[38;2;216;216;216m▄[48;2;215;215;215m[38;2;215;215;215m▄[48;2;215;215;215m[38;2;215;215;214m▄[48;2;214;214;214m[38;2;215;215;215m▄[48;2;214;214;214m[38;2;213;213;213m▄[48;2;213;213;213m[38;2;213;213;213m▄[48;2;212;212;212m[38;2;213;213;213m▄[48;2;211;211;211m[38;2;211;211;211m▄[48;2;211;211;211m[38;2;211;211;211m▄[48;2;211;211;211m[38;2;210;210;210m▄[48;2;210;209;211m[38;2;209;209;210m▄[48;2;209;209;209m[38;2;208;208;209m▄[48;2;208;208;208m[38;2;209;209;209m▄[48;2;208;208;208m[38;2;208;208;208m▄[48;2;207;207;207m[38;2;207;207;207m▄[48;2;207;207;207m[38;2;207;207;207m▄[48;2;206;206;207m[38;2;206;206;205m▄[48;2;204;204;204m[38;2;204;204;204m▄[48;2;204;203;204m[38;2;204;204;204m▄[0m
[48;2;216;216;216m[38;2;216;216;216m▄[48;2;216;216;216m[38;2;216;216;216m▄[48;2;217;217;217m[38;2;216;216;216m▄[48;2;218;218;218m[38;2;217;217;217m▄[48;2;218;218;218m[38;2;218;218;217m▄[48;2;220;219;220m[38;2;218;218;219m▄[48;2;221;221;221m[38;2;220;220;221m▄[48;2;221;221;221m[38;2;221;221;221m▄[48;2;223;223;223m[38;2;222;222;222m▄[48;2;223;223;223m[38;2;222;222;222m▄[48;2;222;222;222m[38;2;223;223;223m▄[48;2;223;223;223m[38;2;223;223;223m▄[48;2;224;224;224m[38;2;224;224;224m▄[48;2;224;224;224m[38;2;223;223;223m▄[48;2;225;225;225m[38;2;224;224;224m▄[48;2;225;225;225m[38;2;224;224;224m▄[48;2;225;225;225m[38;2;225;225;225m▄[48;2;225;225;225m[38;2;224;224;224m▄[48;2;225;225;225m[38;2;224;224;224m▄[48;2;225;225;226m[38;2;225;225;225m▄[48;2;225;225;224m[38;2;224;224;224m▄[48;2;224;224;224m[38;2;224;224;224m▄[48;2;224;224;224m[38;2;224;224;224m▄[48;2;225;225;225m[38;2;224;224;224m▄[48;2;224;224;224m[38;2;224;224;224m▄[48;2;224;224;224m[38;2;224;224;224m▄[48;2;224;224;224m[38;2;224;224;224m▄[48;2;225;225;224m[38;2;223;226;226m▄[48;2;223;227;230m[38;2;222;195;200m▄[48;2;142;183;128m[38;2;220;171;179m▄[48;2;118;179;72m[38;2;159;154;124m▄[48;2;111;171;76m[38;2;112;149;93m▄[48;2;88;149;68m[38;2;86;143;72m▄[48;2;126;165;117m[38;2;96;166;83m▄[48;2;173;197;162m[38;2;136;195;97m▄[48;2;181;208;163m[38;2;177;223;118m▄[48;2;195;214;192m[38;2;184;229;131m▄[48;2;219;219;221m[38;2;170;206;152m▄[48;2;221;220;221m[38;2;215;216;217m▄[48;2;218;218;218m[38;2;218;218;217m▄[48;2;217;217;217m[38;2;216;216;216m▄[48;2;217;217;217m[38;2;217;217;217m▄[48;2;217;217;217m[38;2;217;217;217m▄[48;2;217;217;217m[38;2;216;216;216m▄[48;2;216;216;216m[38;2;216;216;216m▄[48;2;216;216;216m[38;2;215;215;215m▄[48;2;215;215;215m[38;2;215;215;215m▄[48;2;214;214;215m[38;2;214;214;214m▄[48;2;214;214;214m[38;2;213;213;213m▄[48;2;214;214;214m[38;2;213;213;213m▄[48;2;213;213;213m[38;2;212;212;212m▄[48;2;211;211;211m[38;2;211;211;211m▄[48;2;211;211;211m[38;2;211;211;211m▄[48;2;211;211;211m[38;2;211;211;211m▄[48;2;210;210;210m[38;2;210;210;210m▄[48;2;209;210;209m[38;2;209;209;209m▄[48;2;209;209;209m[38;2;209;209;209m▄[48;2;209;209;209m[38;2;209;209;209m▄[48;2;208;208;208m[38;2;208;208;208m▄[48;2;207;207;207m[38;2;207;207;207m▄[48;2;206;206;206m[38;2;206;206;206m▄[48;2;206;206;206m[38;2;204;204;205m▄[48;2;205;205;205m[38;2;204;204;204m▄[48;2;204;204;204m[38;2;203;203;204m▄[0m
[48;2;216;216;216m[38;2;216;216;216m▄[48;2;216;216;216m[38;2;216;216;216m▄[48;2;216;216;216m[38;2;216;216;216m▄[48;2;216;216;216m[38;2;216;216;216m▄[48;2;217;217;217m[38;2;217;217;217m▄[48;2;217;218;217m[38;2;217;217;217m▄[48;2;219;219;219m[38;2;218;218;218m▄[48;2;221;221;221m[38;2;219;219;219m▄[48;2;222;222;222m[38;2;221;221;221m▄[48;2;222;222;222m[38;2;221;221;221m▄[48;2;222;222;222m[38;2;222;222;222m▄[48;2;223;222;223m[38;2;222;222;222m▄[48;2;223;223;223m[38;2;222;222;222m▄[48;2;223;223;223m[38;2;223;223;223m▄[48;2;224;224;224m[38;2;223;223;223m▄[48;2;224;224;224m[38;2;223;223;223m▄[48;2;224;224;224m[38;2;223;223;223m▄[48;2;224;224;224m[38;2;223;223;223m▄[48;2;224;224;224m[38;2;223;223;223m▄[48;2;224;224;224m[38;2;223;223;223m▄[48;2;223;223;223m[38;2;224;224;224m▄[48;2;224;224;224m[38;2;224;224;224m▄[48;2;224;224;224m[38;2;223;223;223m▄[48;2;224;224;224m[38;2;223;223;223m▄[48;2;223;223;223m[38;2;223;223;223m▄[48;2;223;222;222m[38;2;224;225;225m▄[48;2;224;228;227m[38;2;221;220;220m▄[48;2;221;180;184m[38;2;217;130;142m▄[48;2;232;140;148m[38;2;230;132;144m▄[48;2;242;140;152m[38;2;226;127;139m▄[48;2;234;130;147m[38;2;223;133;140m▄[48;2;228;147;162m[38;2;240;166;173m▄[48;2;219;159;158m[38;2;246;159;172m▄[48;2;139;150;101m[38;2;243;152;167m▄[48;2;142;192;112m[38;2;238;182;185m▄[48;2;162;210;118m[38;2;214;175;172m▄[48;2;156;201;122m[38;2;191;194;196m▄[48;2;174;193;167m[38;2;206;202;208m▄[48;2;210;209;212m[38;2;211;211;211m▄[48;2;216;217;216m[38;2;216;216;216m▄[48;2;216;216;216m[38;2;216;216;216m▄[48;2;217;217;217m[38;2;217;217;217m▄[48;2;217;217;217m[38;2;217;217;216m▄[48;2;216;216;216m[38;2;216;216;216m▄[48;2;215;215;215m[38;2;216;216;216m▄[48;2;215;215;215m[38;2;215;215;215m▄[48;2;215;215;215m[38;2;215;215;215m▄[48;2;214;214;214m[38;2;214;214;214m▄[48;2;213;213;213m[38;2;213;213;213m▄[48;2;213;213;213m[38;2;213;213;213m▄[48;2;212;212;212m[38;2;211;211;212m▄[48;2;212;212;212m[38;2;211;211;211m▄[48;2;211;211;211m[38;2;211;211;211m▄[48;2;211;211;211m[38;2;211;211;211m▄[48;2;210;210;210m[38;2;210;210;210m▄[48;2;209;209;209m[38;2;209;209;209m▄[48;2;209;209;209m[38;2;209;209;209m▄[48;2;209;209;209m[38;2;208;208;208m▄[48;2;208;208;208m[38;2;208;208;208m▄[48;2;207;207;207m[38;2;207;207;207m▄[48;2;207;207;207m[38;2;206;206;206m▄[48;2;205;205;205m[38;2;205;205;205m▄[48;2;204;204;204m[38;2;205;205;205m▄[48;2;204;204;204m[38;2;204;204;204m▄[0m
[48;2;215;215;215m[38;2;214;214;214m▄[48;2;215;215;215m[38;2;215;215;215m▄[48;2;216;216;216m[38;2;216;216;216m▄[48;2;216;216;216m[38;2;217;217;217m▄[48;2;216;216;216m[38;2;217;217;217m▄[48;2;217;217;217m[38;2;216;216;216m▄[48;2;218;218;218m[38;2;217;217;217m▄[48;2;218;218;218m[38;2;217;217;217m▄[48;2;220;220;220m[38;2;218;218;218m▄[48;2;220;220;220m[38;2;219;219;219m▄[48;2;221;221;221m[38;2;220;220;220m▄[48;2;222;222;222m[38;2;221;221;221m▄[48;2;222;222;222m[38;2;221;221;221m▄[48;2;222;222;222m[38;2;221;221;221m▄[48;2;222;222;222m[38;2;222;222;222m▄[48;2;223;223;223m[38;2;221;221;221m▄[48;2;223;223;223m[38;2;222;222;222m▄[48;2;223;223;223m[38;2;222;222;222m▄[48;2;223;223;223m[38;2;222;222;222m▄[48;2;223;223;223m[38;2;222;222;222m▄[48;2;223;223;223m[38;2;223;223;223m▄[48;2;223;223;223m[38;2;222;222;222m▄[48;2;223;223;223m[38;2;223;223;223m▄[48;2;223;223;223m[38;2;223;222;222m▄[48;2;223;222;222m[38;2;224;226;225m▄[48;2;224;229;229m[38;2;217;209;211m▄[48;2;214;169;175m[38;2;219;129;141m▄[48;2;222;127;139m[38;2;237;129;143m▄[48;2;234;138;150m[38;2;221;105;121m▄[48;2;221;129;140m[38;2;214;135;149m▄[48;2;217;145;154m[38;2;251;255;255m▄[48;2;236;149;158m[38;2;229;173;181m▄[48;2;247;176;182m[38;2;239;157;166m▄[48;2;240;161;169m[38;2;243;172;180m▄[48;2;255;194;202m[38;2;242;184;188m▄[48;2;245;170;181m[38;2;241;145;157m▄[48;2;216;181;185m[38;2;233;146;157m▄[48;2;211;218;216m[38;2;211;210;211m▄[48;2;218;217;218m[38;2;217;216;215m▄[48;2;216;217;218m[38;2;215;210;204m▄[48;2;216;216;217m[38;2;213;207;196m▄[48;2;217;217;217m[38;2;214;204;191m▄[48;2;217;218;220m[38;2;213;205;194m▄[48;2;216;216;215m[38;2;215;216;217m▄[48;2;215;215;215m[38;2;215;215;215m▄[48;2;214;214;214m[38;2;215;215;214m▄[48;2;215;215;215m[38;2;214;214;214m▄[48;2;214;214;214m[38;2;213;213;214m▄[48;2;213;213;213m[38;2;213;213;213m▄[48;2;212;212;212m[38;2;212;212;212m▄[48;2;211;211;211m[38;2;211;211;211m▄[48;2;211;211;211m[38;2;212;212;212m▄[48;2;211;211;211m[38;2;211;211;211m▄[48;2;211;211;211m[38;2;212;212;212m▄[48;2;210;210;210m[38;2;210;210;210m▄[48;2;209;209;209m[38;2;209;209;209m▄[48;2;208;208;208m[38;2;208;208;208m▄[48;2;208;208;208m[38;2;208;208;208m▄[48;2;207;207;207m[38;2;207;207;207m▄[48;2;207;207;207m[38;2;207;207;207m▄[48;2;205;205;205m[38;2;204;204;205m▄[48;2;204;204;204m[38;2;204;204;204m▄[48;2;205;205;205m[38;2;204;204;204m▄[48;2;204;204;204m[38;2;203;203;203m▄[0m
[48;2;214;214;214m[38;2;214;214;214m▄[48;2;215;215;215m[38;2;216;216;216m▄[48;2;216;216;216m[38;2;215;215;215m▄[48;2;217;217;217m[38;2;216;216;216m▄[48;2;216;216;216m[38;2;217;217;217m▄[48;2;216;216;216m[38;2;217;217;217m▄[48;2;217;217;217m[38;2;217;217;217m▄[48;2;216;216;216m[38;2;216;216;216m▄[48;2;217;217;217m[38;2;216;216;216m▄[48;2;218;218;218m[38;2;217;217;217m▄[48;2;218;218;218m[38;2;217;217;217m▄[48;2;219;219;219m[38;2;217;217;217m▄[48;2;219;219;219m[38;2;218;218;218m▄[48;2;219;219;219m[38;2;218;218;218m▄[48;2;220;220;220m[38;2;219;219;219m▄[48;2;221;221;221m[38;2;220;220;220m▄[48;2;221;221;221m[38;2;220;220;220m▄[48;2;222;222;222m[38;2;221;221;221m▄[48;2;222;222;222m[38;2;221;221;221m▄[48;2;222;222;222m[38;2;221;221;221m▄[48;2;222;222;222m[38;2;221;221;221m▄[48;2;221;221;221m[38;2;221;220;220m▄[48;2;222;222;222m[38;2;222;220;220m▄[48;2;222;221;221m[38;2;221;220;220m▄[48;2;224;227;226m[38;2;222;219;220m▄[48;2;213;201;202m[38;2;220;223;223m▄[48;2;219;115;131m[38;2;201;124;139m▄[48;2;225;115;133m[38;2;213;100;119m▄[48;2;210;102;121m[38;2;222;108;125m▄[48;2;205;96;116m[38;2;219;108;126m▄[48;2;229;187;194m[38;2;227;122;137m▄[48;2;255;255;255m[38;2;229;171;182m▄[48;2;243;220;224m[38;2;243;232;235m▄[48;2;228;146;159m[38;2;238;149;163m▄[48;2;238;143;156m[38;2;252;157;168m▄[48;2;249;150;162m[38;2;240;136;150m▄[48;2;229;132;147m[38;2;205;140;152m▄[48;2;204;197;199m[38;2;202;207;206m▄[48;2;216;215;210m[38;2;217;215;216m▄[48;2;216;212;208m[38;2;216;216;217m▄[48;2;215;215;214m[38;2;215;215;214m▄[48;2;214;216;217m[38;2;218;220;224m▄[48;2;209;198;185m[38;2;214;211;209m▄[48;2;212;204;194m[38;2;207;194;178m▄[48;2;216;217;219m[38;2;216;218;220m▄[48;2;214;214;214m[38;2;215;214;214m▄[48;2;213;213;214m[38;2;213;213;214m▄[48;2;213;213;213m[38;2;213;213;213m▄[48;2;212;212;212m[38;2;211;211;211m▄[48;2;211;211;211m[38;2;211;211;211m▄[48;2;211;211;211m[38;2;211;211;211m▄[48;2;211;211;211m[38;2;211;211;211m▄[48;2;210;210;210m[38;2;210;210;210m▄[48;2;210;210;210m[38;2;209;209;209m▄[48;2;210;210;210m[38;2;209;209;209m▄[48;2;209;209;209m[38;2;209;209;209m▄[48;2;208;208;208m[38;2;208;208;208m▄[48;2;208;208;208m[38;2;207;207;207m▄[48;2;207;207;207m[38;2;207;207;207m▄[48;2;206;206;206m[38;2;206;206;206m▄[48;2;204;204;205m[38;2;204;204;204m▄[48;2;204;204;204m[38;2;204;204;204m▄[48;2;204;204;204m[38;2;203;203;203m▄[48;2;203;203;203m[38;2;203;203;203m▄[0m
[48;2;214;214;214m[38;2;214;214;214m▄[48;2;215;215;215m[38;2;214;214;214m▄[48;2;215;215;215m[38;2;215;215;215m▄[48;2;215;215;215m[38;2;215;215;215m▄[48;2;216;216;216m[38;2;216;216;216m▄[48;2;217;217;217m[38;2;215;215;215m▄[48;2;217;217;217m[38;2;216;216;216m▄[48;2;217;217;217m[38;2;216;216;216m▄[48;2;217;217;217m[38;2;217;217;217m▄[48;2;217;217;217m[38;2;217;217;217m▄[48;2;216;216;216m[38;2;216;216;216m▄[48;2;216;216;216m[38;2;216;216;216m▄[48;2;217;217;217m[38;2;216;216;216m▄[48;2;217;217;217m[38;2;216;216;216m▄[48;2;217;217;217m[38;2;217;217;217m▄[48;2;218;218;218m[38;2;217;217;217m▄[48;2;219;219;219m[38;2;217;217;217m▄[48;2;220;220;220m[38;2;218;218;218m▄[48;2;219;219;219m[38;2;218;217;217m▄[48;2;220;219;219m[38;2;219;222;222m▄[48;2;220;219;219m[38;2;218;222;221m▄[48;2;221;225;225m[38;2;217;197;198m▄[48;2;220;226;226m[38;2;222;187;190m▄[48;2;219;224;224m[38;2;225;186;190m▄[48;2;219;224;224m[38;2;222;184;187m▄[48;2;223;231;230m[38;2;219;196;198m▄[48;2;207;196;199m[38;2;219;228;226m▄[48;2;209;105;123m[38;2;201;126;140m▄[48;2;224;107;124m[38;2;223;95;114m▄[48;2;213;103;122m[38;2;220;103;122m▄[48;2;244;150;160m[38;2;242;144;157m▄[48;2;245;150;161m[38;2;228;139;151m▄[48;2;223;122;140m[38;2;235;125;144m▄[48;2;233;129;146m[38;2;245;135;151m▄[48;2;236;129;145m[38;2;235;108;129m▄[48;2;209;108;126m[38;2;198;132;145m▄[48;2;191;189;192m[38;2;199;206;205m▄[48;2;208;214;214m[38;2;221;170;173m▄[48;2;214;217;217m[38;2;225;166;170m▄[48;2;216;219;218m[38;2;216;205;206m▄[48;2;218;218;220m[38;2;203;196;181m▄[48;2;211;204;198m[38;2;202;195;178m▄[48;2;205;188;167m[38;2;213;214;211m▄[48;2;211;206;200m[38;2;211;209;205m▄[48;2;214;214;216m[38;2;210;206;202m▄[48;2;214;214;213m[38;2;213;214;215m▄[48;2;213;213;213m[38;2;212;212;212m▄[48;2;212;212;212m[38;2;212;212;212m▄[48;2;211;211;211m[38;2;211;211;211m▄[48;2;212;212;212m[38;2;211;211;211m▄[48;2;211;211;211m[38;2;211;211;211m▄[48;2;211;211;211m[38;2;209;209;209m▄[48;2;210;210;210m[38;2;209;209;209m▄[48;2;209;209;209m[38;2;209;209;209m▄[48;2;208;208;208m[38;2;208;208;209m▄[48;2;208;208;208m[38;2;208;208;208m▄[48;2;208;208;208m[38;2;207;207;207m▄[48;2;207;207;207m[38;2;207;207;207m▄[48;2;207;207;207m[38;2;206;206;207m▄[48;2;205;205;205m[38;2;204;204;204m▄[48;2;204;204;204m[38;2;204;204;204m▄[48;2;203;203;203m[38;2;203;203;203m▄[48;2;203;203;203m[38;2;203;203;203m▄[48;2;203;203;203m[38;2;203;203;203m▄[0m
[48;2;214;214;214m[38;2;213;213;213m▄[48;2;214;214;214m[38;2;214;214;214m▄[48;2;215;215;215m[38;2;214;214;214m▄[48;2;215;215;215m[38;2;215;215;215m▄[48;2;216;216;216m[38;2;215;215;215m▄[48;2;216;216;216m[38;2;215;215;215m▄[48;2;216;216;216m[38;2;216;216;216m▄[48;2;216;216;216m[38;2;216;216;216m▄[48;2;216;216;216m[38;2;216;216;216m▄[48;2;217;217;217m[38;2;217;217;217m▄[48;2;217;217;217m[38;2;217;217;217m▄[48;2;216;216;216m[38;2;216;216;216m▄[48;2;216;216;216m[38;2;217;217;217m▄[48;2;217;217;217m[38;2;217;217;217m▄[48;2;217;217;217m[38;2;217;217;217m▄[48;2;217;217;217m[38;2;217;217;217m▄[48;2;217;217;217m[38;2;217;217;217m▄[48;2;217;216;216m[38;2;217;218;218m▄[48;2;218;222;222m[38;2;215;211;212m▄[48;2;215;202;203m[38;2;220;154;162m▄[48;2;221;160;166m[38;2;236;187;194m▄[48;2;231;166;171m[38;2;213;111;122m▄[48;2;226;141;149m[38;2;232;160;168m▄[48;2;226;137;145m[38;2;227;145;155m▄[48;2;230;155;163m[38;2;210;118;129m▄[48;2;231;157;164m[38;2;242;189;196m▄[48;2;219;178;181m[38;2;222;154;161m▄[48;2;209;208;209m[38;2;211;206;206m▄[48;2;199;124;139m[38;2;210;209;210m▄[48;2;210;108;127m[38;2;197;201;202m▄[48;2;211;132;147m[38;2;213;184;186m▄[48;2;226;173;175m[38;2;250;206;206m▄[48;2;232;170;175m[38;2;235;186;189m▄[48;2;220;126;143m[38;2;196;193;194m▄[48;2;201;130;144m[38;2;197;199;199m▄[48;2;193;196;196m[38;2;204;201;202m▄[48;2;211;167;171m[38;2;224;149;159m▄[48;2;237;168;173m[38;2;231;173;180m▄[48;2;232;158;165m[38;2;209;112;123m▄[48;2;210;166;162m[38;2;207;186;185m▄[48;2;204;196;186m[38;2;212;169;174m▄[48;2;222;174;181m[38;2;232;143;152m▄[48;2;216;196;198m[38;2;215;141;149m▄[48;2;207;204;194m[38;2;210;213;212m▄[48;2;211;208;207m[38;2;211;211;211m▄[48;2;212;212;212m[38;2;210;210;209m▄[48;2;212;211;211m[38;2;211;211;210m▄[48;2;211;211;211m[38;2;211;211;211m▄[48;2;211;211;211m[38;2;211;211;211m▄[48;2;210;210;210m[38;2;211;211;211m▄[48;2;211;211;211m[38;2;210;210;210m▄[48;2;209;209;209m[38;2;209;208;209m▄[48;2;208;208;208m[38;2;208;208;208m▄[48;2;208;208;208m[38;2;208;208;208m▄[48;2;208;208;208m[38;2;208;208;208m▄[48;2;208;208;208m[38;2;207;207;208m▄[48;2;207;207;207m[38;2;207;207;207m▄[48;2;207;207;207m[38;2;207;207;207m▄[48;2;206;206;207m[38;2;205;205;205m▄[48;2;204;204;204m[38;2;203;203;203m▄[48;2;203;203;203m[38;2;203;203;203m▄[48;2;203;203;203m[38;2;203;203;203m▄[48;2;203;203;203m[38;2;203;203;203m▄[48;2;203;203;203m[38;2;203;203;203m▄[0m
[48;2;213;213;213m[38;2;212;212;212m▄[48;2;214;214;214m[38;2;213;213;213m▄[48;2;214;214;214m[38;2;213;213;213m▄[48;2;215;215;215m[38;2;214;214;214m▄[48;2;215;215;215m[38;2;215;215;215m▄[48;2;215;215;215m[38;2;215;215;215m▄[48;2;215;215;215m[38;2;214;215;214m▄[48;2;216;216;216m[38;2;215;215;215m▄[48;2;216;216;216m[38;2;215;215;215m▄[48;2;216;216;216m[38;2;216;216;216m▄[48;2;216;216;216m[38;2;216;216;216m▄[48;2;216;216;216m[38;2;216;216;216m▄[48;2;216;216;216m[38;2;216;216;216m▄[48;2;217;217;217m[38;2;217;216;217m▄[48;2;217;217;217m[38;2;216;216;216m▄[48;2;217;217;217m[38;2;217;216;218m▄[48;2;217;216;216m[38;2;217;216;217m▄[48;2;218;225;224m[38;2;217;218;218m▄[48;2;209;180;184m[38;2;217;212;213m▄[48;2;224;155;165m[38;2;204;129;141m▄[48;2;222;159;169m[38;2;190;84;101m▄[48;2;206;103;117m[38;2;212;125;137m▄[48;2;239;185;193m[38;2;234;170;179m▄[48;2;201;111;125m[38;2;210;122;135m▄[48;2;217;150;158m[38;2;220;150;161m▄[48;2;238;183;191m[38;2;190;91;108m▄[48;2;203;106;118m[38;2;217;138;148m▄[48;2;220;154;162m[38;2;216;143;155m▄[48;2;228;162;169m[38;2;229;183;191m▄[48;2;227;174;179m[38;2;234;173;181m▄[48;2;227;166;170m[38;2;225;150;159m▄[48;2;233;157;163m[38;2;240;208;211m▄[48;2;221;152;158m[38;2;213;119;132m▄[48;2;217;164;170m[38;2;232;175;183m▄[48;2;230;163;171m[38;2;209;130;144m▄[48;2;207;126;136m[38;2;201;111;126m▄[48;2;229;161;169m[38;2;233;172;179m▄[48;2;222;164;171m[38;2;206;136;148m▄[48;2;212;121;132m[38;2;231;169;176m▄[48;2;204;143;150m[38;2;204;108;124m▄[48;2;205;136;145m[38;2;207;121;133m▄[48;2;213;112;125m[38;2;225;150;159m▄[48;2;203;157;163m[38;2;186;129;139m▄[48;2;206;215;214m[38;2;207;208;208m▄[48;2;211;209;209m[38;2;212;212;210m▄[48;2;210;210;209m[38;2;211;211;210m▄[48;2;211;211;211m[38;2;211;211;209m▄[48;2;211;211;211m[38;2;211;211;210m▄[48;2;211;211;211m[38;2;211;211;211m▄[48;2;211;211;211m[38;2;209;211;212m▄[48;2;210;210;211m[38;2;209;212;217m▄[48;2;209;209;211m[38;2;210;209;214m▄[48;2;209;209;210m[38;2;209;208;212m▄[48;2;208;208;209m[38;2;208;208;209m▄[48;2;208;207;209m[38;2;208;208;208m▄[48;2;207;208;206m[38;2;208;208;206m▄[48;2;207;207;205m[38;2;208;208;202m▄[48;2;206;206;202m[38;2;206;206;201m▄[48;2;204;204;203m[38;2;204;204;202m▄[48;2;203;203;203m[38;2;203;203;203m▄[48;2;203;203;203m[38;2;202;202;202m▄[48;2;203;203;202m[38;2;203;203;203m▄[48;2;202;202;202m[38;2;202;202;202m▄[48;2;202;202;202m[38;2;201;201;201m▄[0m
[48;2;210;210;210m[38;2;211;211;211m▄[48;2;212;212;212m[38;2;211;211;211m▄[48;2;212;212;212m[38;2;211;211;211m▄[48;2;213;213;213m[38;2;213;213;213m▄[48;2;214;214;214m[38;2;214;214;214m▄[48;2;215;215;215m[38;2;214;214;214m▄[48;2;215;215;215m[38;2;214;214;214m▄[48;2;215;215;215m[38;2;214;214;214m▄[48;2;215;215;215m[38;2;215;215;215m▄[48;2;215;215;215m[38;2;215;215;215m▄[48;2;216;216;216m[38;2;215;215;215m▄[48;2;215;215;215m[38;2;215;215;215m▄[48;2;216;216;216m[38;2;216;216;216m▄[48;2;216;216;216m[38;2;215;215;215m▄[48;2;216;216;216m[38;2;216;216;216m▄[48;2;216;216;216m[38;2;216;216;216m▄[48;2;216;216;216m[38;2;216;216;216m▄[48;2;216;215;215m[38;2;216;216;216m▄[48;2;216;217;217m[38;2;216;214;214m▄[48;2;217;222;222m[38;2;211;214;206m▄[48;2;189;136;147m[38;2;185;119;134m▄[48;2;221;132;146m[38;2;228;125;142m▄[48;2;195;104;121m[38;2;169;82;101m▄[48;2;231;152;163m[38;2;195;106;122m▄[48;2;191;101;117m[38;2;225;139;153m▄[48;2;184;95;112m[38;2;165;66;89m▄[48;2;232;160;170m[38;2;232;145;158m▄[48;2;183;84;103m[38;2;208;135;149m▄[48;2;241;189;195m[38;2;240;180;187m▄[48;2;206;121;138m[38;2;213;143;157m▄[48;2;240;186;194m[38;2;234;166;175m▄[48;2;210;133;149m[38;2;214;134;149m▄[48;2;226;147;161m[38;2;208;124;140m▄[48;2;213;133;147m[38;2;220;130;144m▄[48;2;171;70;91m[38;2;187;99;119m▄[48;2;194;96;116m[38;2;204;119;134m▄[48;2;242;167;176m[38;2;216;123;138m▄[48;2;182;86;105m[38;2;158;48;73m▄[48;2;222;136;149m[38;2;224;127;141m▄[48;2;182;86;103m[38;2;191;97;115m▄[48;2;224;141;153m[38;2;221;130;144m▄[48;2;187;90;111m[38;2;193;94;114m▄[48;2;181;71;94m[38;2;176;88;109m▄[48;2;199;162;170m[38;2;197;187;190m▄[48;2;213;220;218m[38;2;208;210;210m▄[48;2;211;209;209m[38;2;210;210;210m▄[48;2;211;211;211m[38;2;210;210;211m▄[48;2;210;210;210m[38;2;209;209;209m▄[48;2;210;210;210m[38;2;209;209;209m▄[48;2;209;210;211m[38;2;210;209;209m▄[48;2;208;212;217m[38;2;207;208;211m▄[48;2;208;209;215m[38;2;207;208;212m▄[48;2;209;208;213m[38;2;209;208;212m▄[48;2;208;208;210m[38;2;208;208;209m▄[48;2;208;208;209m[38;2;208;208;207m▄[48;2;208;208;206m[38;2;208;208;206m▄[48;2;207;208;202m[38;2;205;207;201m▄[48;2;206;207;202m[38;2;204;207;201m▄[48;2;203;205;201m[38;2;203;207;203m▄[48;2;202;202;203m[38;2;202;203;203m▄[48;2;203;203;203m[38;2;202;202;202m▄[48;2;203;203;203m[38;2;201;201;201m▄[48;2;201;201;202m[38;2;201;201;201m▄[48;2;201;201;201m[38;2;201;201;201m▄[0m
[48;2;210;210;210m[38;2;210;210;210m▄[48;2;210;210;210m[38;2;211;211;211m▄[48;2;210;210;210m[38;2;210;210;210m▄[48;2;211;211;211m[38;2;210;210;210m▄[48;2;210;210;210m[38;2;210;210;210m▄[48;2;212;212;212m[38;2;211;211;211m▄[48;2;213;213;213m[38;2;212;212;212m▄[48;2;213;213;213m[38;2;213;213;213m▄[48;2;213;213;213m[38;2;213;213;213m▄[48;2;214;214;214m[38;2;213;213;213m▄[48;2;215;215;215m[38;2;214;214;214m▄[48;2;215;215;215m[38;2;214;214;214m▄[48;2;215;215;215m[38;2;214;214;214m▄[48;2;215;215;215m[38;2;215;215;215m▄[48;2;215;215;215m[38;2;215;215;215m▄[48;2;215;215;215m[38;2;215;215;215m▄[48;2;215;215;214m[38;2;215;215;215m▄[48;2;217;218;219m[38;2;216;217;218m▄[48;2;209;203;197m[38;2;211;206;203m▄[48;2;208;206;196m[38;2;199;189;171m▄[48;2;186;124;142m[38;2;207;198;199m▄[48;2;181;64;88m[38;2;185;139;146m▄[48;2;186;142;155m[38;2;191;173;163m▄[48;2;174;118;131m[38;2;201;191;181m▄[48;2;216;116;133m[38;2;170;82;104m▄[48;2;209;116;133m[38;2;221;125;141m▄[48;2;172;72;95m[38;2;229;155;167m▄[48;2;198;116;135m[38;2;200;127;142m▄[48;2;192;102;121m[38;2;194;116;133m▄[48;2;202;133;146m[38;2;205;151;162m▄[48;2;198;127;143m[38;2;196;149;160m▄[48;2;197;114;132m[38;2;188;111;129m▄[48;2;176;89;109m[38;2;187;113;128m▄[48;2;177;79;101m[38;2;176;89;109m▄[48;2;175;77;99m[38;2;178;92;112m▄[48;2;158;54;79m[38;2;185;103;120m▄[48;2;169;73;95m[38;2;183;100;119m▄[48;2;183;134;145m[38;2;193;189;190m▄[48;2;176;84;107m[38;2;198;188;181m▄[48;2;178;94;116m[38;2;194;184;172m▄[48;2;174;86;110m[38;2;194;185;176m▄[48;2;180;90;112m[38;2;194;188;184m▄[48;2;186;160;168m[38;2;195;195;187m▄[48;2;196;201;200m[38;2;203;202;203m▄[48;2;207;205;206m[38;2;209;209;210m▄[48;2;209;209;210m[38;2;209;209;209m▄[48;2;209;208;209m[38;2;209;208;209m▄[48;2;208;208;209m[38;2;208;208;208m▄[48;2;209;209;209m[38;2;208;208;208m▄[48;2;208;209;208m[38;2;207;207;207m▄[48;2;208;207;208m[38;2;207;208;207m▄[48;2;208;207;208m[38;2;207;207;207m▄[48;2;207;207;208m[38;2;207;207;207m▄[48;2;207;207;207m[38;2;206;206;206m▄[48;2;207;207;205m[38;2;206;206;205m▄[48;2;207;207;202m[38;2;206;206;201m▄[48;2;206;208;201m[38;2;206;206;201m▄[48;2;204;207;203m[38;2;203;205;204m▄[48;2;202;206;207m[38;2;202;204;205m▄[48;2;203;203;203m[38;2;203;203;203m▄[48;2;202;202;202m[38;2;202;202;202m▄[48;2;201;201;201m[38;2;201;201;201m▄[48;2;201;201;201m[38;2;201;201;201m▄[48;2;201;201;201m[38;2;201;201;201m▄[0m
[48;2;210;210;210m[38;2;210;210;210m▄[48;2;210;210;210m[38;2;210;210;210m▄[48;2;210;210;210m[38;2;211;211;211m▄[48;2;211;211;211m[38;2;211;211;211m▄[48;2;211;211;211m[38;2;211;211;211m▄[48;2;211;211;211m[38;2;212;212;212m▄[48;2;211;211;211m[38;2;212;212;212m▄[48;2;211;212;211m[38;2;213;212;213m▄[48;2;211;211;211m[38;2;212;213;213m▄[48;2;212;212;212m[38;2;212;212;212m▄[48;2;212;212;212m[38;2;213;213;213m▄[48;2;213;213;213m[38;2;213;213;213m▄[48;2;213;213;213m[38;2;213;213;213m▄[48;2;213;213;213m[38;2;213;213;213m▄[48;2;213;213;213m[38;2;213;213;213m▄[48;2;213;213;213m[38;2;214;214;214m▄[48;2;214;214;214m[38;2;214;214;214m▄[48;2;214;214;214m[38;2;214;214;214m▄[48;2;214;215;217m[38;2;214;213;213m▄[48;2;206;199;191m[38;2;215;216;218m▄[48;2;199;188;172m[38;2;214;214;217m▄[48;2;200;197;181m[38;2;211;211;213m▄[48;2;200;195;186m[38;2;211;212;215m▄[48;2;209;211;211m[38;2;212;211;212m▄[48;2;205;197;200m[38;2;213;215;215m▄[48;2;181;111;129m[38;2;210;210;210m▄[48;2;206;111;131m[38;2;198;167;175m▄[48;2;223;140;156m[38;2;194;143;157m▄[48;2;215;142;158m[38;2;195;137;152m▄[48;2;209;123;141m[38;2;190;142;154m▄[48;2;205;119;135m[38;2;180;115;129m▄[48;2;183;96;113m[38;2;178;85;105m▄[48;2;166;65;90m[38;2;184;82;106m▄[48;2;179;113;129m[38;2;185;86;107m▄[48;2;177;119;135m[38;2;189;84;105m▄[48;2;183;94;113m[38;2;188;87;108m▄[48;2;189;90;113m[38;2;166;80;103m▄[48;2;182;153;159m[38;2;195;191;193m▄[48;2;207;208;200m[38;2;208;210;211m▄[48;2;201;195;189m[38;2;209;209;212m▄[48;2;199;192;180m[38;2;208;210;213m▄[48;2;202;194;181m[38;2;207;208;212m▄[48;2;207;202;198m[38;2;207;208;209m▄[48;2;208;208;209m[38;2;208;208;208m▄[48;2;209;209;208m[38;2;208;208;208m▄[48;2;208;208;209m[38;2;207;207;207m▄[48;2;208;208;208m[38;2;207;207;207m▄[48;2;208;208;208m[38;2;207;207;207m▄[48;2;207;207;207m[38;2;207;207;207m▄[48;2;207;207;207m[38;2;207;207;207m▄[48;2;206;206;206m[38;2;206;205;207m▄[48;2;206;206;206m[38;2;205;205;206m▄[48;2;205;205;206m[38;2;206;206;206m▄[48;2;205;205;204m[38;2;205;205;205m▄[48;2;205;205;204m[38;2;204;204;204m▄[48;2;204;204;204m[38;2;204;204;204m▄[48;2;203;203;202m[38;2;204;204;203m▄[48;2;203;202;203m[38;2;203;203;203m▄[48;2;203;202;202m[38;2;203;203;203m▄[48;2;203;203;203m[38;2;202;202;202m▄[48;2;201;201;202m[38;2;201;201;202m▄[48;2;201;200;201m[38;2;201;200;201m▄[48;2;201;201;201m[38;2;201;201;201m▄[48;2;201;201;201m[38;2;201;201;201m▄[0m
[48;2;213;213;213m[38;2;216;216;216m▄[48;2;214;214;214m[38;2;216;216;216m▄[48;2;214;214;214m[38;2;216;216;216m▄[48;2;214;214;215m[38;2;216;216;216m▄[48;2;215;214;215m[38;2;216;216;216m▄[48;2;215;215;215m[38;2;217;217;217m▄[48;2;215;215;216m[38;2;217;217;217m▄[48;2;215;215;215m[38;2;217;217;217m▄[48;2;216;216;216m[38;2;217;217;217m▄[48;2;216;216;216m[38;2;217;217;217m▄[48;2;216;216;216m[38;2;217;217;217m▄[48;2;216;216;216m[38;2;218;218;218m▄[48;2;216;216;216m[38;2;218;218;218m▄[48;2;216;216;216m[38;2;217;217;217m▄[48;2;216;216;216m[38;2;218;218;218m▄[48;2;216;216;216m[38;2;218;218;218m▄[48;2;216;216;216m[38;2;217;217;217m▄[48;2;217;217;217m[38;2;217;217;217m▄[48;2;217;217;217m[38;2;216;216;216m▄[48;2;217;217;217m[38;2;215;215;216m▄[48;2;217;217;217m[38;2;214;213;213m▄[48;2;216;216;216m[38;2;213;213;213m▄[48;2;218;218;217m[38;2;209;207;209m▄[48;2;218;218;218m[38;2;150;119;127m▄[48;2;216;215;216m[38;2;166;147;151m▄[48;2;215;216;216m[38;2;156;127;134m▄[48;2;209;215;213m[38;2;161;134;141m▄[48;2;202;208;206m[38;2;157;131;135m▄[48;2;196;201;199m[38;2;163;138;142m▄[48;2;190;197;195m[38;2;152;124;132m▄[48;2;192;192;191m[38;2;135;102;109m▄[48;2;182;158;163m[38;2;194;198;197m▄[48;2;172;122;134m[38;2;195;201;200m▄[48;2;171;105;121m[38;2;151;128;133m▄[48;2;171;101;117m[38;2;147;120;126m▄[48;2;172;119;132m[38;2;156;140;140m▄[48;2;188;179;180m[38;2;152;127;131m▄[48;2;195;199;198m[38;2;168;148;153m▄[48;2;211;210;211m[38;2;151;122;128m▄[48;2;212;212;212m[38;2;202;198;199m▄[48;2;210;210;209m[38;2;212;212;213m▄[48;2;210;210;209m[38;2;210;209;210m▄[48;2;211;211;210m[38;2;211;210;210m▄[48;2;210;210;210m[38;2;211;211;212m▄[48;2;210;210;210m[38;2;211;210;211m▄[48;2;210;210;210m[38;2;210;210;210m▄[48;2;210;210;210m[38;2;211;211;211m▄[48;2;210;210;210m[38;2;211;211;211m▄[48;2;209;209;209m[38;2;211;211;211m▄[48;2;209;209;209m[38;2;211;211;211m▄[48;2;209;209;209m[38;2;211;211;211m▄[48;2;209;209;209m[38;2;209;209;209m▄[48;2;208;208;208m[38;2;209;209;209m▄[48;2;208;208;208m[38;2;209;209;209m▄[48;2;207;207;207m[38;2;209;209;209m▄[48;2;207;207;207m[38;2;209;209;209m▄[48;2;207;206;207m[38;2;208;208;208m▄[48;2;206;206;207m[38;2;208;208;208m▄[48;2;205;205;205m[38;2;207;207;207m▄[48;2;205;205;205m[38;2;207;207;207m▄[48;2;204;204;204m[38;2;207;207;207m▄[48;2;203;203;203m[38;2;207;207;207m▄[48;2;203;203;203m[38;2;206;206;206m▄[48;2;203;203;203m[38;2;205;205;205m▄[0m
[48;2;219;219;219m[38;2;224;224;224m▄[48;2;220;220;220m[38;2;224;224;224m▄[48;2;220;220;220m[38;2;224;224;224m▄[48;2;220;220;220m[38;2;224;224;224m▄[48;2;220;220;220m[38;2;224;224;224m▄[48;2;221;221;221m[38;2;224;224;224m▄[48;2;221;221;221m[38;2;224;224;224m▄[48;2;221;221;221m[38;2;225;225;225m▄[48;2;221;221;221m[38;2;225;225;225m▄[48;2;221;221;221m[38;2;224;224;224m▄[48;2;222;222;222m[38;2;226;226;226m▄[48;2;222;222;222m[38;2;225;225;225m▄[48;2;222;222;222m[38;2;225;225;225m▄[48;2;222;222;222m[38;2;225;225;225m▄[48;2;222;222;222m[38;2;225;225;225m▄[48;2;223;223;223m[38;2;224;224;225m▄[48;2;221;221;221m[38;2;226;226;226m▄[48;2;218;218;219m[38;2;225;225;225m▄[48;2;213;213;213m[38;2;223;223;223m▄[48;2;206;206;207m[38;2;224;225;225m▄[48;2;200;200;200m[38;2;212;208;210m▄[48;2;201;203;203m[38;2;178;161;167m▄[48;2;199;199;199m[38;2;173;153;157m▄[48;2;150;122;126m[38;2;178;160;163m▄[48;2;161;142;145m[38;2;180;164;169m▄[48;2;150;125;131m[38;2;182;168;171m▄[48;2;160;139;144m[38;2;167;149;153m▄[48;2;159;137;141m[38;2;170;153;156m▄[48;2;164;143;146m[38;2;171;155;158m▄[48;2;162;143;147m[38;2;181;169;172m▄[48;2;151;126;130m[38;2;187;177;179m▄[48;2;187;179;180m[38;2;160;141;144m▄[48;2;194;193;192m[38;2;178;168;169m▄[48;2;156;132;136m[38;2;173;158;161m▄[48;2;150;124;129m[38;2;172;153;157m▄[48;2;166;146;150m[38;2;165;147;150m▄[48;2;158;133;137m[38;2;167;150;154m▄[48;2;169;154;156m[38;2;196;188;191m▄[48;2;159;137;140m[38;2;181;165;170m▄[48;2;174;161;162m[38;2;176;160;164m▄[48;2;193;192;193m[38;2;173;156;159m▄[48;2;201;203;203m[38;2;164;143;147m▄[48;2;200;201;200m[38;2;187;176;179m▄[48;2;203;203;204m[38;2;217;217;217m▄[48;2;209;209;210m[38;2;215;215;215m▄[48;2;212;212;213m[38;2;216;216;216m▄[48;2;214;214;214m[38;2;216;216;217m▄[48;2;214;214;214m[38;2;216;216;216m▄[48;2;214;214;214m[38;2;216;216;216m▄[48;2;214;214;214m[38;2;216;216;216m▄[48;2;213;213;213m[38;2;216;216;216m▄[48;2;212;212;212m[38;2;215;215;215m▄[48;2;211;211;211m[38;2;215;215;215m▄[48;2;211;211;211m[38;2;214;214;214m▄[48;2;210;210;210m[38;2;213;213;213m▄[48;2;210;210;210m[38;2;212;212;212m▄[48;2;210;210;210m[38;2;212;212;212m▄[48;2;209;209;209m[38;2;210;210;210m▄[48;2;214;213;214m[38;2;217;217;217m▄[48;2;216;216;216m[38;2;221;221;221m▄[48;2;209;209;209m[38;2;211;211;211m▄[48;2;209;209;209m[38;2;210;210;210m▄[48;2;208;208;208m[38;2;210;210;210m▄[48;2;208;208;208m[38;2;210;210;210m▄[0m
[48;2;226;226;226m[38;2;229;229;229m▄[48;2;226;226;226m[38;2;228;228;228m▄[48;2;226;226;226m[38;2;229;229;229m▄[48;2;226;226;226m[38;2;229;229;229m▄[48;2;226;226;226m[38;2;228;228;228m▄[48;2;227;227;227m[38;2;229;229;229m▄[48;2;227;227;227m[38;2;229;229;229m▄[48;2;227;227;227m[38;2;229;229;229m▄[48;2;227;227;227m[38;2;229;229;229m▄[48;2;228;228;228m[38;2;229;229;229m▄[48;2;228;228;228m[38;2;230;230;230m▄[48;2;228;228;228m[38;2;230;230;230m▄[48;2;227;227;227m[38;2;229;229;229m▄[48;2;228;228;228m[38;2;230;230;230m▄[48;2;228;228;228m[38;2;229;229;229m▄[48;2;228;228;228m[38;2;229;229;229m▄[48;2;227;227;227m[38;2;229;229;229m▄[48;2;227;227;227m[38;2;229;229;229m▄[48;2;227;227;227m[38;2;229;229;229m▄[48;2;229;230;230m[38;2;229;229;229m▄[48;2;224;221;222m[38;2;229;229;229m▄[48;2;197;184;188m[38;2;233;235;235m▄[48;2;193;178;181m[38;2;234;236;236m▄[48;2;199;186;189m[38;2;232;233;233m▄[48;2;206;194;199m[38;2;230;232;231m▄[48;2;214;207;209m[38;2;229;230;230m▄[48;2;194;181;184m[38;2;233;235;235m▄[48;2;198;184;187m[38;2;231;233;233m▄[48;2;203;190;193m[38;2;230;231;231m▄[48;2;199;187;190m[38;2;229;230;230m▄[48;2;209;201;203m[38;2;227;228;228m▄[48;2;200;186;189m[38;2;230;232;232m▄[48;2;211;203;206m[38;2;227;228;228m▄[48;2;200;189;192m[38;2;228;230;229m▄[48;2;198;185;187m[38;2;228;230;230m▄[48;2;200;188;190m[38;2;228;229;229m▄[48;2;203;193;195m[38;2;227;229;229m▄[48;2;213;207;209m[38;2;224;225;225m▄[48;2;199;186;190m[38;2;226;228;227m▄[48;2;208;201;203m[38;2;225;226;226m▄[48;2;196;183;186m[38;2;227;229;228m▄[48;2;193;179;182m[38;2;227;229;229m▄[48;2;209;202;203m[38;2;223;224;224m▄[48;2;220;221;221m[38;2;219;219;219m▄[48;2;217;217;217m[38;2;218;218;218m▄[48;2;218;218;218m[38;2;218;218;218m▄[48;2;217;217;217m[38;2;217;217;217m▄[48;2;216;216;216m[38;2;217;217;217m▄[48;2;216;216;216m[38;2;216;216;216m▄[48;2;216;216;216m[38;2;216;216;216m▄[48;2;216;216;216m[38;2;216;216;216m▄[48;2;215;215;215m[38;2;216;216;216m▄[48;2;215;215;215m[38;2;216;216;216m▄[48;2;215;215;215m[38;2;216;216;216m▄[48;2;215;215;215m[38;2;216;216;216m▄[48;2;215;215;215m[38;2;216;216;216m▄[48;2;214;214;214m[38;2;215;215;215m▄[48;2;214;214;214m[38;2;215;215;215m▄[48;2;213;213;213m[38;2;215;215;215m▄[48;2;213;213;213m[38;2;215;214;215m▄[48;2;212;212;212m[38;2;214;214;214m▄[48;2;211;211;211m[38;2;213;213;213m▄[48;2;210;210;210m[38;2;213;213;213m▄[48;2;211;211;211m[38;2;213;213;213m▄[0m
[48;2;230;230;230m[38;2;231;231;231m▄[48;2;231;231;231m[38;2;231;231;231m▄[48;2;230;230;230m[38;2;231;231;231m▄[48;2;231;231;231m[38;2;231;231;231m▄[48;2;230;230;230m[38;2;231;231;231m▄[48;2;230;230;230m[38;2;231;231;231m▄[48;2;230;230;230m[38;2;231;231;231m▄[48;2;230;230;230m[38;2;231;231;231m▄[48;2;231;231;231m[38;2;232;232;232m▄[48;2;231;231;231m[38;2;232;232;232m▄[48;2;231;231;231m[38;2;231;231;231m▄[48;2;230;230;230m[38;2;231;231;231m▄[48;2;231;231;231m[38;2;231;231;231m▄[48;2;230;230;230m[38;2;230;230;230m▄[48;2;230;230;230m[38;2;230;230;230m▄[48;2;230;230;230m[38;2;231;231;231m▄[48;2;230;230;230m[38;2;230;230;230m▄[48;2;230;230;230m[38;2;230;230;230m▄[48;2;230;230;230m[38;2;230;230;230m▄[48;2;230;230;230m[38;2;230;230;230m▄[48;2;229;229;229m[38;2;229;229;229m▄[48;2;229;228;228m[38;2;229;229;229m▄[48;2;228;227;227m[38;2;229;229;229m▄[48;2;227;227;227m[38;2;229;229;229m▄[48;2;226;226;226m[38;2;228;228;228m▄[48;2;226;226;226m[38;2;228;228;228m▄[48;2;226;225;226m[38;2;228;228;228m▄[48;2;226;226;226m[38;2;227;227;227m▄[48;2;226;226;226m[38;2;227;227;227m▄[48;2;227;227;227m[38;2;228;228;228m▄[48;2;227;227;227m[38;2;227;227;227m▄[48;2;225;225;225m[38;2;226;226;226m▄[48;2;223;223;223m[38;2;226;226;226m▄[48;2;223;223;223m[38;2;224;224;224m▄[48;2;223;223;223m[38;2;224;224;224m▄[48;2;223;223;223m[38;2;224;224;224m▄[48;2;223;222;223m[38;2;224;224;224m▄[48;2;223;223;223m[38;2;225;225;225m▄[48;2;222;222;222m[38;2;224;224;224m▄[48;2;222;222;222m[38;2;223;223;223m▄[48;2;222;222;222m[38;2;223;223;223m▄[48;2;222;221;221m[38;2;222;222;222m▄[48;2;222;221;222m[38;2;222;222;222m▄[48;2;221;221;221m[38;2;221;221;221m▄[48;2;221;221;221m[38;2;220;220;220m▄[48;2;220;220;220m[38;2;220;220;220m▄[48;2;218;218;218m[38;2;218;218;218m▄[48;2;217;217;217m[38;2;218;218;218m▄[48;2;217;217;217m[38;2;217;217;217m▄[48;2;217;217;217m[38;2;217;217;217m▄[48;2;216;216;216m[38;2;217;217;217m▄[48;2;216;216;216m[38;2;216;216;216m▄[48;2;216;216;216m[38;2;216;216;216m▄[48;2;216;216;216m[38;2;216;216;216m▄[48;2;216;216;216m[38;2;216;216;216m▄[48;2;216;216;216m[38;2;216;216;216m▄[48;2;216;216;216m[38;2;216;216;216m▄[48;2;215;215;215m[38;2;215;215;215m▄[48;2;215;215;215m[38;2;216;216;216m▄[48;2;215;215;215m[38;2;215;215;215m▄[48;2;214;214;215m[38;2;215;215;215m▄[48;2;214;214;214m[38;2;215;215;215m▄[48;2;215;215;215m[38;2;215;215;215m▄[48;2;215;215;215m[38;2;215;215;215m▄[0m
