[48;2;223;223;223m[38;2;223;223;222m▄[48;2;223;223;223m[38;2;223;223;223m▄[48;2;224;224;224m[38;2;223;223;224m▄[48;2;224;224;223m[38;2;223;223;220m▄[48;2;224;224;221m[38;2;223;223;219m▄[48;2;224;224;219m[38;2;224;223;219m▄[48;2;224;224;220m[38;2;224;223;219m▄[48;2;225;224;220m[38;2;224;223;219m▄[48;2;225;225;222m[38;2;224;224;220m▄[48;2;226;226;225m[38;2;225;224;221m▄[48;2;227;227;227m[38;2;225;225;223m▄[48;2;227;227;227m[38;2;224;224;224m▄[48;2;227;227;227m[38;2;225;225;225m▄[48;2;227;227;227m[38;2;225;225;225m▄[48;2;227;227;227m[38;2;225;225;225m▄[48;2;227;227;227m[38;2;226;226;226m▄[48;2;227;227;227m[38;2;226;226;226m▄[48;2;228;228;228m[38;2;227;227;227m▄[48;2;228;228;228m[38;2;227;227;227m▄[48;2;227;227;227m[38;2;226;226;226m▄[48;2;227;227;227m[38;2;226;226;226m▄[48;2;228;228;228m[38;2;227;227;227m▄[48;2;227;227;227m[38;2;227;227;227m▄[48;2;227;227;227m[38;2;227;227;227m▄[48;2;228;228;228m[38;2;227;227;227m▄[48;2;228;228;228m[38;2;227;227;227m▄[48;2;227;227;227m[38;2;226;226;226m▄[48;2;226;226;226m[38;2;225;225;225m▄[48;2;225;225;225m[38;2;225;225;225m▄[48;2;224;224;224m[38;2;224;224;224m▄[48;2;225;225;225m[38;2;224;224;224m▄[48;2;225;225;225m[38;2;224;224;224m▄[48;2;225;225;225m[38;2;224;224;224m▄[48;2;224;224;224m[38;2;224;224;224m▄[48;2;223;223;223m[38;2;223;223;223m▄[48;2;223;223;223m[38;2;223;223;223m▄[48;2;223;223;223m[38;2;222;222;222m▄[48;2;222;222;222m[38;2;222;222;223m▄[48;2;222;222;222m[38;2;222;222;222m▄[48;2;221;222;221m[38;2;221;221;221m▄[48;2;221;221;221m[38;2;220;220;220m▄[48;2;219;219;219m[38;2;220;220;220m▄[48;2;217;217;217m[38;2;218;218;218m▄[48;2;217;217;217m[38;2;217;217;217m▄[48;2;216;216;216m[38;2;216;216;216m▄[48;2;217;217;217m[38;2;216;216;216m▄[48;2;217;217;217m[38;2;216;216;216m▄[48;2;216;216;216m[38;2;216;216;216m▄[48;2;215;215;215m[38;2;215;215;215m▄[48;2;215;215;215m[38;2;215;215;215m▄[48;2;215;215;215m[38;2;215;215;215m▄[48;2;214;214;214m[38;2;215;215;215m▄[48;2;214;214;214m[38;2;214;214;214m▄[48;2;213;213;213m[38;2;213;213;214m▄[48;2;212;212;212m[38;2;212;212;212m▄[48;2;212;211;212m[38;2;212;212;212m▄[48;2;210;210;211m[38;2;211;210;212m▄[48;2;210;210;210m[38;2;210;210;210m▄[48;2;210;210;210m[38;2;210;210;210m▄[48;2;210;210;210m[38;2;210;210;210m▄[48;2;209;209;209m[38;2;210;210;210m▄[48;2;209;209;209m[38;2;209;209;209m▄[48;2;209;209;209m[38;2;208;208;208m▄[48;2;208;208;208m[38;2;208;208;208m▄[0m
[48;2;223;223;223m[38;2;223;223;223m▄[48;2;223;223;222m[38;2;223;223;222m▄[48;2;223;223;220m[38;2;223;223;218m▄[48;2;224;222;218m[38;2;224;223;217m▄[48;2;224;222;217m[38;2;224;223;216m▄[48;2;224;222;218m[38;2;225;224;218m▄[48;2;225;223;218m[38;2;227;224;218m▄[48;2;225;224;218m[38;2;229;225;218m▄[48;2;225;223;219m[38;2;234;229;220m▄[48;2;224;223;220m[38;2;235;230;220m▄[48;2;225;224;220m[38;2;236;229;220m▄[48;2;223;224;222m[38;2;234;229;220m▄[48;2;223;224;223m[38;2;232;227;220m▄[48;2;223;224;224m[38;2;229;226;221m▄[48;2;225;225;225m[38;2;227;225;223m▄[48;2;226;226;226m[38;2;225;225;225m▄[48;2;226;226;225m[38;2;224;224;225m▄[48;2;226;226;226m[38;2;226;226;226m▄[48;2;226;226;226m[38;2;227;227;227m▄[48;2;227;227;227m[38;2;227;227;226m▄[48;2;226;226;226m[38;2;226;226;226m▄[48;2;227;227;227m[38;2;227;227;227m▄[48;2;227;227;227m[38;2;227;227;227m▄[48;2;227;227;227m[38;2;226;226;225m▄[48;2;226;226;226m[38;2;224;224;224m▄[48;2;225;225;225m[38;2;224;224;224m▄[48;2;225;225;225m[38;2;224;224;224m▄[48;2;224;224;224m[38;2;225;225;225m▄[48;2;224;224;224m[38;2;224;224;224m▄[48;2;224;224;224m[38;2;224;224;224m▄[48;2;224;224;224m[38;2;224;224;224m▄[48;2;224;224;224m[38;2;225;225;225m▄[48;2;224;224;224m[38;2;224;224;224m▄[48;2;224;224;224m[38;2;223;223;223m▄[48;2;223;223;223m[38;2;223;223;223m▄[48;2;223;223;223m[38;2;223;223;223m▄[48;2;222;222;222m[38;2;222;222;222m▄[48;2;222;222;222m[38;2;222;222;222m▄[48;2;222;222;222m[38;2;222;222;222m▄[48;2;221;221;221m[38;2;221;221;221m▄[48;2;221;221;221m[38;2;220;220;220m▄[48;2;220;220;220m[38;2;218;218;218m▄[48;2;218;218;218m[38;2;217;217;217m▄[48;2;217;217;217m[38;2;217;217;217m▄[48;2;217;217;217m[38;2;216;216;216m▄[48;2;216;216;216m[38;2;216;216;216m▄[48;2;217;217;217m[38;2;216;216;216m▄[48;2;216;216;216m[38;2;215;215;215m▄[48;2;215;215;215m[38;2;215;215;215m▄[48;2;215;215;215m[38;2;215;215;215m▄[48;2;215;215;215m[38;2;215;215;215m▄[48;2;215;215;215m[38;2;214;214;214m▄[48;2;213;213;213m[38;2;214;214;214m▄[48;2;213;213;214m[38;2;213;213;213m▄[48;2;212;212;213m[38;2;212;212;212m▄[48;2;211;211;211m[38;2;212;212;212m▄[48;2;210;210;210m[38;2;210;210;211m▄[48;2;210;210;210m[38;2;210;210;210m▄[48;2;210;210;210m[38;2;210;210;210m▄[48;2;210;210;210m[38;2;210;210;210m▄[48;2;209;209;209m[38;2;209;209;209m▄[48;2;209;209;209m[38;2;209;208;209m▄[48;2;208;208;208m[38;2;208;208;208m▄[48;2;208;208;208m[38;2;208;208;208m▄[0m
[48;2;222;222;222m[38;2;222;222;220m▄[48;2;223;223;221m[38;2;222;222;219m▄[48;2;223;222;218m[38;2;223;223;216m▄[48;2;225;223;217m[38;2;226;223;216m▄[48;2;227;223;217m[38;2;228;224;218m▄[48;2;228;224;220m[38;2;231;225;219m▄[48;2;232;226;219m[38;2;243;239;226m▄[48;2;246;240;228m[38;2;255;255;249m▄[48;2;249;245;233m[38;2;255;255;255m▄[48;2;249;245;238m[38;2;255;255;253m▄[48;2;251;247;242m[38;2;254;253;247m▄[48;2;251;247;240m[38;2;254;253;247m▄[48;2;250;245;235m[38;2;254;253;249m▄[48;2;247;239;228m[38;2;255;253;248m▄[48;2;243;234;222m[38;2;254;253;247m▄[48;2;237;230;220m[38;2;252;250;242m▄[48;2;233;227;221m[38;2;248;244;235m▄[48;2;229;225;223m[38;2;245;238;229m▄[48;2;226;225;224m[38;2;238;233;225m▄[48;2;226;226;226m[38;2;230;225;222m▄[48;2;226;226;226m[38;2;226;225;225m▄[48;2;226;226;226m[38;2;225;225;225m▄[48;2;225;225;225m[38;2;224;224;225m▄[48;2;225;225;225m[38;2;225;225;225m▄[48;2;225;225;225m[38;2;225;225;225m▄[48;2;224;224;224m[38;2;224;224;224m▄[48;2;224;224;223m[38;2;225;224;225m▄[48;2;222;223;222m[38;2;234;230;234m▄[48;2;223;224;223m[38;2;234;230;234m▄[48;2;224;224;224m[38;2;228;226;227m▄[48;2;224;224;224m[38;2;222;223;222m▄[48;2;225;225;225m[38;2;224;224;224m▄[48;2;224;224;224m[38;2;224;224;224m▄[48;2;223;223;223m[38;2;223;223;223m▄[48;2;223;223;223m[38;2;224;224;224m▄[48;2;221;222;221m[38;2;233;229;234m▄[48;2;221;222;221m[38;2;225;224;226m▄[48;2;222;222;222m[38;2;221;221;221m▄[48;2;222;222;222m[38;2;220;221;220m▄[48;2;221;221;221m[38;2;221;221;220m▄[48;2;219;219;219m[38;2;219;219;218m▄[48;2;218;218;218m[38;2;217;217;217m▄[48;2;217;217;217m[38;2;217;217;217m▄[48;2;217;217;217m[38;2;217;217;217m▄[48;2;216;216;216m[38;2;216;216;216m▄[48;2;216;216;216m[38;2;216;216;216m▄[48;2;215;215;215m[38;2;215;215;215m▄[48;2;215;215;215m[38;2;215;215;215m▄[48;2;215;215;215m[38;2;215;215;215m▄[48;2;215;215;215m[38;2;215;215;215m▄[48;2;215;215;215m[38;2;215;215;215m▄[48;2;214;214;214m[38;2;214;214;214m▄[48;2;214;214;214m[38;2;213;213;213m▄[48;2;213;213;213m[38;2;213;213;213m▄[48;2;212;212;212m[38;2;212;212;212m▄[48;2;212;212;212m[38;2;212;212;212m▄[48;2;210;210;211m[38;2;211;211;211m▄[48;2;210;210;210m[38;2;210;210;210m▄[48;2;210;210;210m[38;2;210;210;210m▄[48;2;210;210;210m[38;2;210;210;210m▄[48;2;209;209;209m[38;2;209;209;210m▄[48;2;208;208;209m[38;2;208;208;208m▄[48;2;208;208;208m[38;2;209;208;209m▄[48;2;208;208;208m[38;2;208;208;209m▄[0m
[48;2;222;221;220m[38;2;222;221;218m▄[48;2;223;221;218m[38;2;222;222;218m▄[48;2;224;222;216m[38;2;225;222;217m▄[48;2;227;223;217m[38;2;228;224;218m▄[48;2;230;224;219m[38;2;231;225;220m▄[48;2;237;231;219m[38;2;243;236;221m▄[48;2;253;251;242m[38;2;255;253;245m▄[48;2;255;255;255m[38;2;255;255;255m▄[48;2;254;254;249m[38;2;252;249;238m▄[48;2;248;241;227m[38;2;240;232;220m▄[48;2;242;233;220m[38;2;233;227;221m▄[48;2;239;232;220m[38;2;231;226;222m▄[48;2;239;232;222m[38;2;229;224;221m▄[48;2;240;233;223m[38;2;227;224;219m▄[48;2;245;238;228m[38;2;227;223;218m▄[48;2;248;243;233m[38;2;227;223;217m▄[48;2;250;246;236m[38;2;230;225;217m▄[48;2;254;251;242m[38;2;234;228;221m▄[48;2;251;249;241m[38;2;241;234;226m▄[48;2;244;240;231m[38;2;246;241;231m▄[48;2;237;230;224m[38;2;249;245;236m▄[48;2;230;226;222m[38;2;247;242;231m▄[48;2;227;225;223m[38;2;242;237;227m▄[48;2;224;224;224m[38;2;233;229;223m▄[48;2;224;224;224m[38;2;224;224;223m▄[48;2;225;224;225m[38;2;229;227;229m▄[48;2;221;222;220m[38;2;201;210;201m▄[48;2;169;193;166m[38;2;121;171;102m▄[48;2;178;197;179m[38;2;150;191;117m▄[48;2;210;216;212m[38;2;126;173;107m▄[48;2;233;229;233m[38;2;152;183;152m▄[48;2;223;223;223m[38;2;226;225;227m▄[48;2;222;223;222m[38;2;225;224;224m▄[48;2;226;225;226m[38;2;224;223;225m▄[48;2;218;220;219m[38;2;142;179;134m▄[48;2;169;193;166m[38;2;92;156;58m▄[48;2;209;215;207m[38;2;133;174;122m▄[48;2;223;222;223m[38;2;237;230;239m▄[48;2;225;223;225m[38;2;202;211;200m▄[48;2;222;220;228m[38;2;142;186;113m▄[48;2;220;219;223m[38;2;140;182;118m▄[48;2;218;218;218m[38;2;216;216;218m▄[48;2;217;217;217m[38;2;217;217;216m▄[48;2;216;216;216m[38;2;216;216;216m▄[48;2;216;216;216m[38;2;216;216;216m▄[48;2;216;216;217m[38;2;216;216;216m▄[48;2;216;216;216m[38;2;215;215;216m▄[48;2;215;215;215m[38;2;215;215;215m▄[48;2;215;215;215m[38;2;215;215;215m▄[48;2;215;215;215m[38;2;215;215;215m▄[48;2;214;214;214m[38;2;214;214;214m▄[48;2;214;214;214m[38;2;214;214;214m▄[48;2;214;214;214m[38;2;213;213;213m▄[48;2;212;212;212m[38;2;212;212;212m▄[48;2;211;211;211m[38;2;212;212;212m▄[48;2;211;211;211m[38;2;211;211;211m▄[48;2;210;210;210m[38;2;210;210;210m▄[48;2;210;210;210m[38;2;210;210;210m▄[48;2;210;210;210m[38;2;210;210;210m▄[48;2;209;209;210m[38;2;209;209;209m▄[48;2;209;208;209m[38;2;209;210;209m▄[48;2;208;208;208m[38;2;209;209;209m▄[48;2;208;208;209m[38;2;209;209;209m▄[48;2;208;207;209m[38;2;208;208;208m▄[0m
[48;2;221;221;218m[38;2;221;220;216m▄[48;2;222;222;217m[38;2;222;220;217m▄[48;2;225;221;217m[38;2;224;221;216m▄[48;2;228;223;218m[38;2;228;223;217m▄[48;2;231;226;219m[38;2;231;225;220m▄[48;2;243;236;221m[38;2;238;230;220m▄[48;2;255;253;244m[38;2;251;245;232m▄[48;2;255;255;255m[38;2;255;255;252m▄[48;2;252;251;239m[38;2;251;246;236m▄[48;2;239;233;221m[38;2;237;230;220m▄[48;2;232;226;220m[38;2;232;226;220m▄[48;2;230;225;221m[38;2;229;225;220m▄[48;2;229;225;219m[38;2;228;223;219m▄[48;2;225;224;218m[38;2;225;223;218m▄[48;2;224;223;218m[38;2;223;223;219m▄[48;2;224;222;219m[38;2;224;223;220m▄[48;2;224;223;221m[38;2;224;224;223m▄[48;2;223;223;221m[38;2;224;224;224m▄[48;2;223;222;220m[38;2;224;224;224m▄[48;2;225;223;220m[38;2;223;223;223m▄[48;2;231;226;220m[38;2;222;222;223m▄[48;2;238;233;224m[38;2;221;221;219m▄[48;2;245;240;228m[38;2;234;227;230m▄[48;2;251;244;234m[38;2;179;200;158m▄[48;2;235;229;220m[38;2;176;207;111m▄[48;2;235;229;229m[38;2;212;225;159m▄[48;2;207;214;208m[38;2;237;230;218m▄[48;2;138;183;119m[38;2;138;176;123m▄[48;2;163;201;98m[38;2;152;194;92m▄[48;2;154;196;91m[38;2;125;176;72m▄[48;2;130;179;88m[38;2;142;188;79m▄[48;2;142;178;135m[38;2;114;167;70m▄[48;2;238;231;240m[38;2;172;192;176m▄[48;2;159;187;158m[38;2;122;171;96m▄[48;2;118;171;78m[38;2;110;161;88m▄[48;2;107;162;82m[38;2;200;203;204m▄[48;2;177;193;175m[38;2;228;218;228m▄[48;2;207;211;208m[38;2;203;207;201m▄[48;2;124;172;108m[38;2;154;183;148m▄[48;2;131;179;103m[38;2;140;177;120m▄[48;2;159;188;152m[38;2;149;188;121m▄[48;2;219;216;223m[38;2;158;187;144m▄[48;2;216;216;216m[38;2;212;213;214m▄[48;2;216;216;216m[38;2;217;217;217m▄[48;2;216;216;216m[38;2;216;216;216m▄[48;2;216;216;216m[38;2;216;216;216m▄[48;2;215;215;215m[38;2;215;215;215m▄[48;2;215;215;215m[38;2;215;215;215m▄[48;2;215;215;215m[38;2;214;215;214m▄[48;2;215;215;214m[38;2;214;214;214m▄[48;2;214;214;214m[38;2;214;213;214m▄[48;2;214;214;214m[38;2;213;213;213m▄[48;2;212;212;212m[38;2;213;213;213m▄[48;2;213;213;213m[38;2;212;212;212m▄[48;2;211;211;212m[38;2;211;211;211m▄[48;2;210;210;211m[38;2;210;210;210m▄[48;2;210;210;210m[38;2;210;210;211m▄[48;2;210;210;210m[38;2;211;210;211m▄[48;2;211;211;211m[38;2;210;210;210m▄[48;2;209;209;209m[38;2;208;208;208m▄[48;2;209;209;209m[38;2;208;208;208m▄[48;2;209;208;209m[38;2;209;209;209m▄[48;2;209;209;209m[38;2;208;208;208m▄[48;2;208;208;208m[38;2;208;208;208m▄[0m
[48;2;222;220;217m[38;2;221;220;220m▄[48;2;223;221;217m[38;2;222;221;217m▄[48;2;224;221;216m[38;2;223;221;216m▄[48;2;226;222;217m[38;2;225;221;216m▄[48;2;229;224;219m[38;2;227;221;218m▄[48;2;233;226;220m[38;2;229;223;219m▄[48;2;240;231;221m[38;2;231;224;219m▄[48;2;245;238;226m[38;2;233;226;219m▄[48;2;240;233;223m[38;2;232;226;220m▄[48;2;234;227;221m[38;2;230;225;221m▄[48;2;231;226;220m[38;2;228;223;218m▄[48;2;227;223;219m[38;2;225;222;218m▄[48;2;225;222;218m[38;2;224;223;218m▄[48;2;224;223;218m[38;2;223;223;219m▄[48;2;223;223;221m[38;2;223;223;223m▄[48;2;223;223;223m[38;2;223;223;223m▄[48;2;224;223;223m[38;2;223;223;223m▄[48;2;224;224;224m[38;2;223;223;223m▄[48;2;224;224;223m[38;2;223;223;224m▄[48;2;223;223;223m[38;2;223;223;223m▄[48;2;223;223;223m[38;2;223;223;223m▄[48;2;222;223;222m[38;2;223;223;223m▄[48;2;228;226;230m[38;2;222;223;222m▄[48;2;187;202;180m[38;2;230;227;230m▄[48;2;121;172;86m[38;2;215;215;220m▄[48;2;128;179;75m[38;2;135;177;120m▄[48;2;161;194;118m[38;2;76;157;56m▄[48;2;195;209;177m[38;2;172;204;167m▄[48;2;124;174;80m[38;2;174;202;168m▄[48;2;148;192;82m[38;2;115;177;79m▄[48;2;108;163;71m[38;2;108;170;71m▄[48;2;131;180;79m[38;2;91;151;65m▄[48;2;91;150;77m[38;2;81;147;58m▄[48;2;95;153;79m[38;2;99;150;92m▄[48;2;185;197;185m[38;2;125;168;112m▄[48;2;177;188;178m[38;2;123;174;93m▄[48;2;161;182;160m[38;2;139;186;99m▄[48;2;169;191;171m[38;2;139;183;106m▄[48;2;144;176;138m[38;2;137;176;123m▄[48;2;144;179;121m[38;2;165;186;168m▄[48;2;124;175;78m[38;2;201;204;205m▄[48;2;125;173;97m[38;2;199;201;200m▄[48;2;206;210;208m[38;2;209;208;208m▄[48;2;218;217;218m[38;2;214;214;214m▄[48;2;215;215;215m[38;2;216;216;216m▄[48;2;216;216;216m[38;2;215;215;215m▄[48;2;215;215;215m[38;2;215;215;215m▄[48;2;215;215;215m[38;2;215;215;215m▄[48;2;215;215;215m[38;2;215;215;215m▄[48;2;214;214;214m[38;2;214;214;214m▄[48;2;214;214;214m[38;2;214;214;214m▄[48;2;213;213;213m[38;2;213;213;213m▄[48;2;212;212;212m[38;2;212;212;212m▄[48;2;212;212;212m[38;2;212;212;212m▄[48;2;211;211;211m[38;2;211;211;211m▄[48;2;211;211;211m[38;2;211;211;211m▄[48;2;211;211;212m[38;2;210;210;210m▄[48;2;211;211;211m[38;2;210;210;210m▄[48;2;209;209;209m[38;2;209;209;209m▄[48;2;208;208;208m[38;2;209;209;209m▄[48;2;208;208;208m[38;2;208;208;208m▄[48;2;209;209;209m[38;2;208;208;209m▄[48;2;208;208;208m[38;2;208;207;209m▄[48;2;208;208;208m[38;2;208;208;208m▄[0m
[48;2;220;220;219m[38;2;218;218;217m▄[48;2;221;221;218m[38;2;221;221;220m▄[48;2;221;220;216m[38;2;221;221;219m▄[48;2;223;221;216m[38;2;222;221;217m▄[48;2;225;222;215m[38;2;222;221;215m▄[48;2;225;222;216m[38;2;223;220;217m▄[48;2;226;222;217m[38;2;224;221;217m▄[48;2;228;223;218m[38;2;224;221;216m▄[48;2;228;224;218m[38;2;224;222;217m▄[48;2;227;223;219m[38;2;224;222;218m▄[48;2;226;222;219m[38;2;223;222;218m▄[48;2;225;222;218m[38;2;223;222;218m▄[48;2;223;222;220m[38;2;223;222;220m▄[48;2;223;223;220m[38;2;223;223;222m▄[48;2;223;223;223m[38;2;222;223;223m▄[48;2;223;223;223m[38;2;222;222;223m▄[48;2;223;223;223m[38;2;223;223;223m▄[48;2;223;223;223m[38;2;223;223;223m▄[48;2;223;223;223m[38;2;223;223;223m▄[48;2;223;223;223m[38;2;223;223;223m▄[48;2;223;223;223m[38;2;223;223;223m▄[48;2;223;223;223m[38;2;223;223;223m▄[48;2;223;223;223m[38;2;223;223;223m▄[48;2;222;222;221m[38;2;222;221;221m▄[48;2;225;223;224m[38;2;224;232;230m▄[48;2;207;222;210m[38;2;215;170;182m▄[48;2;188;186;176m[38;2;217;124;144m▄[48;2;197;153;159m[38;2;229;151;164m▄[48;2;222;158;174m[38;2;226;141;153m▄[48;2;176;143;141m[38;2;230;127;146m▄[48;2;129;164;112m[38;2;219;121;141m▄[48;2;99;158;83m[38;2;204;123;138m▄[48;2;61;128;49m[38;2;189;144;132m▄[48;2;74;145;63m[38;2;105;155;83m▄[48;2;101;161;75m[38;2;89;160;63m▄[48;2;113;168;74m[38;2;123;181;76m▄[48;2;119;171;71m[38;2;134;188;79m▄[48;2;143;189;83m[38;2;135;187;73m▄[48;2;161;200;101m[38;2;116;174;64m▄[48;2;112;170;73m[38;2;108;162;87m▄[48;2;136;172;132m[38;2;178;192;179m▄[48;2;221;217;222m[38;2;215;213;215m▄[48;2;208;209;208m[38;2;215;216;215m▄[48;2;215;215;215m[38;2;216;216;216m▄[48;2;216;215;217m[38;2;216;216;216m▄[48;2;215;215;215m[38;2;216;216;216m▄[48;2;215;215;215m[38;2;215;215;215m▄[48;2;215;215;215m[38;2;214;214;214m▄[48;2;215;215;215m[38;2;215;215;215m▄[48;2;214;214;214m[38;2;214;214;214m▄[48;2;214;214;214m[38;2;214;214;214m▄[48;2;213;213;213m[38;2;213;212;213m▄[48;2;212;212;212m[38;2;212;212;212m▄[48;2;211;211;211m[38;2;211;211;211m▄[48;2;210;210;210m[38;2;210;210;210m▄[48;2;210;210;210m[38;2;210;210;210m▄[48;2;210;210;210m[38;2;210;210;210m▄[48;2;210;210;210m[38;2;210;210;210m▄[48;2;209;209;209m[38;2;209;209;210m▄[48;2;208;209;208m[38;2;208;208;209m▄[48;2;208;208;208m[38;2;208;208;208m▄[48;2;208;208;208m[38;2;208;208;208m▄[48;2;208;208;208m[38;2;208;208;208m▄[48;2;207;207;207m[38;2;207;207;207m▄[0m
[48;2;217;217;217m[38;2;216;216;216m▄[48;2;218;218;218m[38;2;217;217;217m▄[48;2;220;220;220m[38;2;218;218;218m▄[48;2;221;220;218m[38;2;221;220;219m▄[48;2;222;220;217m[38;2;221;221;220m▄[48;2;222;220;217m[38;2;221;221;218m▄[48;2;222;220;216m[38;2;221;221;218m▄[48;2;222;222;216m[38;2;221;221;220m▄[48;2;223;221;216m[38;2;221;221;218m▄[48;2;222;221;218m[38;2;221;221;219m▄[48;2;222;221;219m[38;2;221;221;222m▄[48;2;222;222;220m[38;2;222;222;221m▄[48;2;223;223;223m[38;2;222;222;222m▄[48;2;222;222;223m[38;2;222;222;222m▄[48;2;222;222;222m[38;2;222;222;222m▄[48;2;222;222;223m[38;2;222;222;222m▄[48;2;222;222;223m[38;2;222;222;222m▄[48;2;223;223;223m[38;2;222;222;222m▄[48;2;223;222;223m[38;2;223;223;223m▄[48;2;223;223;223m[38;2;223;223;223m▄[48;2;223;223;223m[38;2;223;223;223m▄[48;2;223;223;223m[38;2;222;222;222m▄[48;2;222;220;220m[38;2;223;225;224m▄[48;2;224;232;230m[38;2;219;210;211m▄[48;2;214;174;183m[38;2;210;121;139m▄[48;2;215;126;140m[38;2;237;176;181m▄[48;2;236;174;178m[38;2;228;135;146m▄[48;2;230;144;154m[38;2;228;134;145m▄[48;2;226;125;138m[38;2;219;111;127m▄[48;2;214;101;118m[38;2;212;111;131m▄[48;2;211;114;129m[38;2;236;173;180m▄[48;2;234;164;171m[38;2;228;137;147m▄[48;2;242;151;168m[38;2;226;132;142m▄[48;2;224;137;146m[38;2;231;136;148m▄[48;2;160;138;107m[38;2;239;135;153m▄[48;2;121;149;85m[38;2;231;134;149m▄[48;2;117;156;81m[38;2;223;127;141m▄[48;2;116;162;98m[38;2;212;174;182m▄[48;2;138;169;135m[38;2;206;210;214m▄[48;2;190;192;193m[38;2;203;201;201m▄[48;2;206;202;206m[38;2;206;207;207m▄[48;2;207;207;207m[38;2;215;215;215m▄[48;2;216;216;216m[38;2;216;216;216m▄[48;2;215;215;215m[38;2;216;216;216m▄[48;2;216;216;216m[38;2;215;215;215m▄[48;2;215;215;215m[38;2;215;215;215m▄[48;2;215;215;215m[38;2;215;215;215m▄[48;2;214;214;214m[38;2;214;214;214m▄[48;2;215;215;215m[38;2;214;214;214m▄[48;2;214;214;214m[38;2;213;213;213m▄[48;2;213;213;213m[38;2;213;213;213m▄[48;2;213;213;213m[38;2;212;212;212m▄[48;2;211;211;211m[38;2;211;211;211m▄[48;2;210;210;210m[38;2;210;210;210m▄[48;2;210;210;210m[38;2;210;210;210m▄[48;2;210;210;210m[38;2;210;210;210m▄[48;2;210;210;210m[38;2;210;210;210m▄[48;2;209;209;209m[38;2;209;209;210m▄[48;2;208;208;209m[38;2;208;208;208m▄[48;2;208;208;209m[38;2;208;208;208m▄[48;2;208;208;208m[38;2;208;208;208m▄[48;2;208;208;208m[38;2;208;208;208m▄[48;2;208;208;208m[38;2;207;207;207m▄[48;2;206;206;206m[38;2;206;206;206m▄[0m
[48;2;216;216;216m[38;2;216;216;216m▄[48;2;216;216;216m[38;2;216;216;216m▄[48;2;217;217;217m[38;2;216;216;216m▄[48;2;218;218;218m[38;2;217;217;217m▄[48;2;219;220;219m[38;2;217;217;217m▄[48;2;220;220;219m[38;2;217;217;217m▄[48;2;220;220;220m[38;2;218;218;218m▄[48;2;221;221;221m[38;2;219;219;220m▄[48;2;221;221;221m[38;2;219;219;219m▄[48;2;220;220;220m[38;2;220;220;220m▄[48;2;220;220;221m[38;2;220;220;220m▄[48;2;221;221;221m[38;2;220;220;220m▄[48;2;221;221;221m[38;2;220;220;220m▄[48;2;221;221;221m[38;2;220;220;221m▄[48;2;221;221;222m[38;2;220;220;220m▄[48;2;221;221;221m[38;2;220;220;220m▄[48;2;221;221;221m[38;2;220;220;220m▄[48;2;222;222;222m[38;2;221;220;221m▄[48;2;222;222;222m[38;2;221;221;222m▄[48;2;222;222;222m[38;2;221;221;221m▄[48;2;222;222;222m[38;2;221;221;221m▄[48;2;222;220;221m[38;2;221;220;220m▄[48;2;224;233;230m[38;2;222;228;226m▄[48;2;208;159;171m[38;2;207;137;154m▄[48;2;225;149;163m[38;2;231;163;172m▄[48;2;232;152;161m[38;2;228;137;148m▄[48;2;227;132;144m[38;2;229;136;147m▄[48;2;230;139;148m[38;2;230;135;146m▄[48;2;212;103;121m[38;2;221;127;141m▄[48;2;227;158;170m[38;2;230;154;162m▄[48;2;231;144;154m[38;2;228;133;144m▄[48;2;227;134;144m[38;2;229;138;148m▄[48;2;228;138;148m[38;2;229;136;147m▄[48;2;228;137;147m[38;2;229;136;147m▄[48;2;225;136;146m[38;2;228;135;146m▄[48;2;228;139;148m[38;2;229;138;148m▄[48;2;229;128;141m[38;2;226;130;143m▄[48;2;218;115;131m[38;2;218;100;119m▄[48;2;202;184;187m[38;2;203;124;139m▄[48;2;212;217;216m[38;2;212;218;216m▄[48;2;216;215;215m[38;2;216;215;216m▄[48;2;217;217;217m[38;2;216;216;216m▄[48;2;216;216;216m[38;2;215;215;215m▄[48;2;215;215;215m[38;2;215;215;215m▄[48;2;215;215;215m[38;2;215;215;215m▄[48;2;215;215;215m[38;2;214;214;214m▄[48;2;214;214;214m[38;2;214;214;214m▄[48;2;214;213;215m[38;2;214;214;214m▄[48;2;213;213;214m[38;2;213;213;213m▄[48;2;213;213;213m[38;2;212;212;212m▄[48;2;212;212;212m[38;2;212;212;212m▄[48;2;211;211;211m[38;2;211;211;211m▄[48;2;211;211;211m[38;2;211;211;211m▄[48;2;210;210;210m[38;2;210;210;210m▄[48;2;210;210;211m[38;2;210;209;211m▄[48;2;210;210;210m[38;2;209;209;209m▄[48;2;209;209;209m[38;2;209;209;209m▄[48;2;208;209;209m[38;2;208;208;209m▄[48;2;208;208;209m[38;2;208;208;209m▄[48;2;208;208;208m[38;2;208;208;208m▄[48;2;207;207;208m[38;2;208;208;208m▄[48;2;207;207;207m[38;2;207;207;207m▄[48;2;206;206;206m[38;2;206;206;206m▄[48;2;205;205;205m[38;2;206;206;206m▄[0m
[48;2;216;216;216m[38;2;216;216;216m▄[48;2;216;216;216m[38;2;216;216;216m▄[48;2;216;216;216m[38;2;216;216;216m▄[48;2;216;216;216m[38;2;216;216;216m▄[48;2;216;216;216m[38;2;216;216;216m▄[48;2;217;217;217m[38;2;216;216;216m▄[48;2;217;216;216m[38;2;216;216;216m▄[48;2;217;217;218m[38;2;216;216;217m▄[48;2;218;218;218m[38;2;217;216;217m▄[48;2;218;218;218m[38;2;217;217;217m▄[48;2;218;218;218m[38;2;217;217;217m▄[48;2;217;218;217m[38;2;216;216;216m▄[48;2;218;218;219m[38;2;217;217;217m▄[48;2;219;218;219m[38;2;217;217;217m▄[48;2;219;219;218m[38;2;217;217;217m▄[48;2;218;218;218m[38;2;217;217;217m▄[48;2;219;219;219m[38;2;217;217;217m▄[48;2;220;220;219m[38;2;218;218;218m▄[48;2;220;220;220m[38;2;218;218;218m▄[48;2;220;220;220m[38;2;218;218;218m▄[48;2;220;220;220m[38;2;218;218;218m▄[48;2;220;220;220m[38;2;219;218;219m▄[48;2;220;221;220m[38;2;218;218;219m▄[48;2;212;136;154m[38;2;211;134;152m▄[48;2;233;161;169m[38;2;233;160;168m▄[48;2;226;133;144m[38;2;227;134;144m▄[48;2;228;138;148m[38;2;229;137;149m▄[48;2;228;134;145m[38;2;229;135;147m▄[48;2;234;156;166m[38;2;229;139;151m▄[48;2;231;141;151m[38;2;229;138;148m▄[48;2;228;135;146m[38;2;229;136;147m▄[48;2;228;137;147m[38;2;229;136;147m▄[48;2;229;136;148m[38;2;229;136;148m▄[48;2;228;136;147m[38;2;228;135;147m▄[48;2;229;135;146m[38;2;228;136;147m▄[48;2;228;137;148m[38;2;228;137;147m▄[48;2;226;131;143m[38;2;226;128;140m▄[48;2;221;111;127m[38;2;221;110;127m▄[48;2;206;104;125m[38;2;207;105;125m▄[48;2;204;196;198m[38;2;198;187;190m▄[48;2;215;217;216m[38;2;213;215;214m▄[48;2;216;216;216m[38;2;216;215;215m▄[48;2;215;215;215m[38;2;215;215;215m▄[48;2;215;215;215m[38;2;214;214;214m▄[48;2;215;215;215m[38;2;214;215;214m▄[48;2;214;214;214m[38;2;214;214;215m▄[48;2;214;214;214m[38;2;213;213;213m▄[48;2;214;214;214m[38;2;213;213;213m▄[48;2;213;213;213m[38;2;213;213;213m▄[48;2;212;212;212m[38;2;211;211;211m▄[48;2;211;211;211m[38;2;211;210;211m▄[48;2;211;211;211m[38;2;211;211;211m▄[48;2;211;211;211m[38;2;211;211;211m▄[48;2;210;210;210m[38;2;210;210;210m▄[48;2;210;210;210m[38;2;209;209;209m▄[48;2;209;209;209m[38;2;209;209;209m▄[48;2;209;209;209m[38;2;208;208;209m▄[48;2;209;208;209m[38;2;208;208;208m▄[48;2;209;209;208m[38;2;208;208;208m▄[48;2;208;208;208m[38;2;207;207;208m▄[48;2;207;207;207m[38;2;207;206;207m▄[48;2;207;207;207m[38;2;206;206;206m▄[48;2;206;206;206m[38;2;205;205;205m▄[48;2;205;205;205m[38;2;205;205;205m▄[0m
[48;2;215;215;215m[38;2;215;215;215m▄[48;2;215;215;215m[38;2;214;214;214m▄[48;2;216;216;216m[38;2;215;215;215m▄[48;2;216;216;216m[38;2;216;216;216m▄[48;2;216;216;216m[38;2;215;215;214m▄[48;2;216;216;215m[38;2;216;216;215m▄[48;2;216;216;215m[38;2;216;215;215m▄[48;2;216;216;216m[38;2;216;216;216m▄[48;2;216;216;216m[38;2;216;216;216m▄[48;2;216;216;216m[38;2;216;216;216m▄[48;2;216;216;216m[38;2;216;216;216m▄[48;2;216;216;216m[38;2;217;217;217m▄[48;2;217;217;217m[38;2;217;217;217m▄[48;2;217;217;217m[38;2;217;217;217m▄[48;2;217;217;217m[38;2;217;217;217m▄[48;2;216;216;216m[38;2;216;216;216m▄[48;2;216;216;216m[38;2;217;217;217m▄[48;2;217;217;217m[38;2;217;217;217m▄[48;2;217;217;217m[38;2;217;217;217m▄[48;2;217;217;217m[38;2;216;216;216m▄[48;2;218;217;217m[38;2;216;216;216m▄[48;2;217;216;216m[38;2;217;215;215m▄[48;2;218;224;223m[38;2;218;226;224m▄[48;2;206;140;155m[38;2;208;173;181m▄[48;2;231;155;165m[38;2;225;145;159m▄[48;2;229;138;149m[38;2;231;147;157m▄[48;2;228;136;147m[38;2;228;135;145m▄[48;2;229;136;147m[38;2;229;137;147m▄[48;2;228;135;146m[38;2;229;137;147m▄[48;2;229;136;147m[38;2;229;136;147m▄[48;2;229;136;147m[38;2;229;136;147m▄[48;2;228;135;146m[38;2;229;136;147m▄[48;2;228;135;146m[38;2;229;136;147m▄[48;2;228;136;146m[38;2;228;136;146m▄[48;2;229;136;147m[38;2;229;136;147m▄[48;2;229;138;148m[38;2;228;136;147m▄[48;2;223;119;134m[38;2;217;108;127m▄[48;2;221;111;127m[38;2;219;108;126m▄[48;2;204;109;128m[38;2;198;124;141m▄[48;2;197;193;194m[38;2;197;204;203m▄[48;2;211;212;211m[38;2;210;208;209m▄[48;2;215;215;215m[38;2;215;215;215m▄[48;2;215;215;215m[38;2;214;214;214m▄[48;2;214;214;214m[38;2;214;214;214m▄[48;2;214;214;214m[38;2;214;214;214m▄[48;2;214;214;214m[38;2;213;213;213m▄[48;2;212;212;212m[38;2;212;212;212m▄[48;2;213;213;213m[38;2;212;211;212m▄[48;2;212;211;212m[38;2;211;211;211m▄[48;2;211;210;211m[38;2;210;210;210m▄[48;2;211;211;211m[38;2;211;211;211m▄[48;2;211;211;211m[38;2;210;210;210m▄[48;2;211;211;211m[38;2;210;210;210m▄[48;2;210;210;210m[38;2;209;209;209m▄[48;2;209;209;209m[38;2;209;209;209m▄[48;2;208;208;208m[38;2;209;209;209m▄[48;2;209;209;209m[38;2;208;208;208m▄[48;2;209;209;209m[38;2;208;208;209m▄[48;2;208;208;208m[38;2;208;208;208m▄[48;2;207;207;207m[38;2;207;207;207m▄[48;2;207;207;206m[38;2;206;206;206m▄[48;2;206;205;206m[38;2;204;204;204m▄[48;2;204;204;204m[38;2;203;203;203m▄[48;2;203;203;203m[38;2;203;202;204m▄[0m
[48;2;214;214;214m[38;2;215;215;215m▄[48;2;214;214;214m[38;2;214;214;214m▄[48;2;215;215;215m[38;2;215;215;215m▄[48;2;214;214;214m[38;2;215;215;215m▄[48;2;215;215;215m[38;2;215;215;215m▄[48;2;215;215;215m[38;2;215;215;215m▄[48;2;215;215;215m[38;2;215;215;215m▄[48;2;216;216;216m[38;2;216;216;216m▄[48;2;215;215;215m[38;2;215;215;215m▄[48;2;215;215;216m[38;2;216;216;216m▄[48;2;216;216;216m[38;2;216;216;216m▄[48;2;216;216;216m[38;2;214;214;214m▄[48;2;216;216;216m[38;2;215;215;215m▄[48;2;216;217;217m[38;2;215;216;216m▄[48;2;217;217;217m[38;2;216;216;217m▄[48;2;217;217;217m[38;2;217;217;217m▄[48;2;217;217;217m[38;2;216;216;216m▄[48;2;217;217;217m[38;2;216;216;216m▄[48;2;217;217;217m[38;2;216;216;216m▄[48;2;217;217;217m[38;2;216;216;216m▄[48;2;217;217;217m[38;2;216;216;216m▄[48;2;217;217;217m[38;2;216;216;216m▄[48;2;217;217;217m[38;2;216;215;215m▄[48;2;214;215;215m[38;2;218;225;223m▄[48;2;224;184;190m[38;2;209;176;183m▄[48;2;235;158;167m[38;2;222;136;152m▄[48;2;227;131;144m[38;2;233;148;158m▄[48;2;229;137;148m[38;2;228;133;144m▄[48;2;228;137;147m[38;2;228;136;147m▄[48;2;229;136;147m[38;2;228;135;147m▄[48;2;228;135;146m[38;2;230;139;149m▄[48;2;229;136;148m[38;2;229;137;148m▄[48;2;228;136;146m[38;2;228;136;146m▄[48;2;228;137;147m[38;2;227;133;144m▄[48;2;230;139;150m[38;2;220;113;129m▄[48;2;221;114;130m[38;2;217;107;124m▄[48;2;219;109;125m[38;2;219;109;127m▄[48;2;221;120;136m[38;2;202;142;155m▄[48;2;195;174;178m[38;2;195;204;202m▄[48;2;200;204;203m[38;2;205;203;203m▄[48;2;212;211;211m[38;2;213;213;213m▄[48;2;214;214;214m[38;2;214;214;214m▄[48;2;214;214;214m[38;2;214;213;214m▄[48;2;213;213;213m[38;2;212;212;212m▄[48;2;213;213;213m[38;2;212;212;212m▄[48;2;212;212;212m[38;2;212;212;212m▄[48;2;211;212;211m[38;2;211;211;211m▄[48;2;211;211;211m[38;2;210;210;210m▄[48;2;210;210;210m[38;2;210;210;210m▄[48;2;210;210;210m[38;2;210;210;210m▄[48;2;210;210;210m[38;2;210;210;210m▄[48;2;210;210;210m[38;2;209;209;209m▄[48;2;209;209;209m[38;2;208;208;208m▄[48;2;208;208;208m[38;2;208;208;208m▄[48;2;209;209;209m[38;2;208;208;208m▄[48;2;209;208;209m[38;2;208;208;208m▄[48;2;208;208;208m[38;2;208;208;208m▄[48;2;208;208;208m[38;2;207;207;207m▄[48;2;207;207;207m[38;2;207;207;207m▄[48;2;206;206;206m[38;2;206;206;206m▄[48;2;205;205;205m[38;2;204;204;204m▄[48;2;204;204;205m[38;2;204;203;204m▄[48;2;204;204;204m[38;2;203;203;204m▄[48;2;203;203;204m[38;2;203;203;203m▄[0m
[48;2;214;214;214m[38;2;213;213;213m▄[48;2;214;214;214m[38;2;214;214;214m▄[48;2;214;214;214m[38;2;214;214;214m▄[48;2;214;214;214m[38;2;214;214;214m▄[48;2;214;214;214m[38;2;214;214;214m▄[48;2;215;215;215m[38;2;215;215;215m▄[48;2;215;215;215m[38;2;215;215;215m▄[48;2;215;215;215m[38;2;214;214;214m▄[48;2;215;215;215m[38;2;214;214;214m▄[48;2;215;215;215m[38;2;215;215;215m▄[48;2;215;215;215m[38;2;215;215;215m▄[48;2;215;215;215m[38;2;215;215;215m▄[48;2;215;215;215m[38;2;215;215;215m▄[48;2;215;215;215m[38;2;215;215;215m▄[48;2;215;215;215m[38;2;215;215;215m▄[48;2;215;215;215m[38;2;215;215;215m▄[48;2;215;215;215m[38;2;215;215;215m▄[48;2;215;215;215m[38;2;215;215;215m▄[48;2;215;215;215m[38;2;215;215;215m▄[48;2;216;216;216m[38;2;216;216;216m▄[48;2;216;216;216m[38;2;216;216;216m▄[48;2;216;216;216m[38;2;216;216;216m▄[48;2;216;216;216m[38;2;216;216;216m▄[48;2;216;216;216m[38;2;215;215;215m▄[48;2;216;217;216m[38;2;216;218;218m▄[48;2;203;124;143m[38;2;211;208;210m▄[48;2;224;128;143m[38;2;199;123;140m▄[48;2;230;140;149m[38;2;210;98;122m▄[48;2;232;142;152m[38;2;217;107;128m▄[48;2;222;123;139m[38;2;211;102;122m▄[48;2;218;112;129m[38;2;197;93;118m▄[48;2;230;133;144m[38;2;204;102;124m▄[48;2;222;117;133m[38;2;211;95;118m▄[48;2;218;105;124m[38;2;215;98;121m▄[48;2;220;111;126m[38;2;212;98;121m▄[48;2;220;109;127m[38;2;197;109;130m▄[48;2;199;102;125m[38;2;193;183;185m▄[48;2;191;186;189m[38;2;195;199;198m▄[48;2;199;200;200m[38;2;205;204;205m▄[48;2;210;209;209m[38;2;212;211;213m▄[48;2;213;213;213m[38;2;213;213;213m▄[48;2;213;213;213m[38;2;213;213;214m▄[48;2;213;212;214m[38;2;212;213;212m▄[48;2;212;212;212m[38;2;211;211;211m▄[48;2;212;212;212m[38;2;211;211;211m▄[48;2;211;211;212m[38;2;210;210;211m▄[48;2;211;211;211m[38;2;210;210;210m▄[48;2;210;210;210m[38;2;210;210;210m▄[48;2;210;210;210m[38;2;210;210;210m▄[48;2;210;210;210m[38;2;210;210;210m▄[48;2;210;210;210m[38;2;209;209;209m▄[48;2;209;209;209m[38;2;208;208;208m▄[48;2;208;208;209m[38;2;208;208;208m▄[48;2;208;208;208m[38;2;208;208;208m▄[48;2;208;208;208m[38;2;208;208;208m▄[48;2;207;207;207m[38;2;208;208;208m▄[48;2;207;207;207m[38;2;207;207;207m▄[48;2;207;207;207m[38;2;207;207;207m▄[48;2;206;206;206m[38;2;206;206;206m▄[48;2;205;205;205m[38;2;205;205;205m▄[48;2;204;203;204m[38;2;204;204;204m▄[48;2;203;203;203m[38;2;203;203;203m▄[48;2;203;203;203m[38;2;203;203;203m▄[48;2;203;203;203m[38;2;203;203;203m▄[0m
[48;2;213;213;213m[38;2;212;212;212m▄[48;2;213;213;213m[38;2;212;212;212m▄[48;2;213;213;213m[38;2;211;211;211m▄[48;2;214;214;214m[38;2;212;212;212m▄[48;2;214;214;214m[38;2;213;213;213m▄[48;2;214;214;214m[38;2;213;213;213m▄[48;2;214;214;214m[38;2;214;214;214m▄[48;2;214;214;214m[38;2;214;214;214m▄[48;2;214;214;214m[38;2;214;214;214m▄[48;2;215;215;215m[38;2;214;214;214m▄[48;2;214;214;214m[38;2;214;214;214m▄[48;2;215;215;215m[38;2;215;215;215m▄[48;2;215;215;215m[38;2;214;214;214m▄[48;2;215;215;215m[38;2;214;214;214m▄[48;2;215;215;215m[38;2;214;214;214m▄[48;2;215;215;215m[38;2;215;215;215m▄[48;2;215;215;215m[38;2;215;215;215m▄[48;2;215;215;215m[38;2;215;215;215m▄[48;2;215;215;216m[38;2;215;215;215m▄[48;2;215;215;215m[38;2;215;215;215m▄[48;2;215;215;215m[38;2;214;214;214m▄[48;2;215;215;215m[38;2;215;215;215m▄[48;2;215;215;215m[38;2;215;215;215m▄[48;2;215;215;215m[38;2;215;215;215m▄[48;2;215;213;214m[38;2;215;215;215m▄[48;2;215;217;217m[38;2;215;214;214m▄[48;2;210;214;213m[38;2;214;213;214m▄[48;2;199;178;185m[38;2;211;215;214m▄[48;2;193;157;168m[38;2;205;212;211m▄[48;2;193;168;175m[38;2;203;208;208m▄[48;2;195;194;195m[38;2;203;203;204m▄[48;2;194;190;192m[38;2;206;207;207m▄[48;2;194;160;169m[38;2;206;213;211m▄[48;2;195;148;160m[38;2;202;210;208m▄[48;2;193;164;173m[38;2;200;206;204m▄[48;2;193;196;196m[38;2;201;201;201m▄[48;2;196;199;198m[38;2;205;204;206m▄[48;2;203;202;202m[38;2;210;210;210m▄[48;2;210;210;211m[38;2;212;212;212m▄[48;2;212;212;213m[38;2;212;212;212m▄[48;2;212;212;213m[38;2;211;211;211m▄[48;2;212;212;212m[38;2;211;211;211m▄[48;2;211;211;211m[38;2;211;211;211m▄[48;2;210;210;210m[38;2;211;211;211m▄[48;2;210;210;210m[38;2;210;210;210m▄[48;2;210;210;210m[38;2;210;210;210m▄[48;2;210;210;210m[38;2;210;210;210m▄[48;2;210;210;210m[38;2;210;210;210m▄[48;2;210;210;210m[38;2;210;209;210m▄[48;2;209;209;209m[38;2;209;209;209m▄[48;2;209;209;209m[38;2;208;208;208m▄[48;2;208;208;208m[38;2;208;208;208m▄[48;2;207;207;207m[38;2;208;208;208m▄[48;2;208;208;208m[38;2;208;208;208m▄[48;2;208;208;208m[38;2;207;207;207m▄[48;2;207;207;207m[38;2;206;206;206m▄[48;2;207;206;207m[38;2;207;206;207m▄[48;2;206;206;206m[38;2;205;204;205m▄[48;2;205;205;205m[38;2;204;204;204m▄[48;2;204;204;204m[38;2;203;203;203m▄[48;2;204;203;204m[38;2;204;204;204m▄[48;2;203;203;202m[38;2;203;203;202m▄[48;2;203;203;203m[38;2;203;203;201m▄[48;2;203;203;203m[38;2;203;203;203m▄[0m
[48;2;211;211;211m[38;2;210;210;210m▄[48;2;211;211;211m[38;2;210;210;210m▄[48;2;210;210;210m[38;2;210;210;210m▄[48;2;212;212;212m[38;2;211;211;211m▄[48;2;213;213;213m[38;2;212;212;212m▄[48;2;213;213;213m[38;2;211;211;211m▄[48;2;213;213;213m[38;2;211;211;212m▄[48;2;213;213;213m[38;2;212;212;211m▄[48;2;213;213;213m[38;2;212;212;212m▄[48;2;214;214;213m[38;2;213;213;212m▄[48;2;214;214;214m[38;2;213;213;214m▄[48;2;214;214;214m[38;2;214;213;214m▄[48;2;214;214;214m[38;2;214;214;214m▄[48;2;214;214;214m[38;2;214;214;214m▄[48;2;214;214;214m[38;2;213;213;214m▄[48;2;214;214;214m[38;2;213;213;213m▄[48;2;214;214;214m[38;2;213;213;213m▄[48;2;214;214;214m[38;2;214;214;214m▄[48;2;214;214;214m[38;2;214;214;214m▄[48;2;214;214;214m[38;2;214;213;214m▄[48;2;214;214;214m[38;2;213;213;214m▄[48;2;214;214;214m[38;2;214;214;214m▄[48;2;214;214;215m[38;2;213;213;213m▄[48;2;214;214;214m[38;2;214;213;214m▄[48;2;214;214;214m[38;2;214;214;214m▄[48;2;215;214;216m[38;2;214;214;214m▄[48;2;214;214;214m[38;2;213;213;213m▄[48;2;214;213;213m[38;2;213;213;213m▄[48;2;213;212;212m[38;2;213;213;213m▄[48;2;212;211;212m[38;2;212;212;213m▄[48;2;213;212;213m[38;2;213;213;213m▄[48;2;213;212;212m[38;2;213;213;213m▄[48;2;212;210;211m[38;2;212;212;212m▄[48;2;211;209;210m[38;2;212;212;212m▄[48;2;210;209;209m[38;2;211;211;211m▄[48;2;210;210;210m[38;2;211;211;211m▄[48;2;211;211;211m[38;2;211;211;211m▄[48;2;211;211;211m[38;2;211;210;212m▄[48;2;211;211;211m[38;2;210;210;211m▄[48;2;211;211;211m[38;2;210;210;210m▄[48;2;211;211;211m[38;2;210;210;210m▄[48;2;211;211;211m[38;2;210;210;210m▄[48;2;210;210;210m[38;2;210;210;210m▄[48;2;210;210;210m[38;2;210;210;210m▄[48;2;210;210;210m[38;2;210;210;210m▄[48;2;210;210;210m[38;2;209;209;209m▄[48;2;210;210;210m[38;2;209;209;209m▄[48;2;209;209;210m[38;2;208;208;209m▄[48;2;209;208;209m[38;2;208;208;208m▄[48;2;209;208;209m[38;2;208;208;208m▄[48;2;208;208;208m[38;2;208;208;208m▄[48;2;208;208;208m[38;2;207;208;208m▄[48;2;207;207;207m[38;2;207;207;207m▄[48;2;207;207;207m[38;2;207;207;207m▄[48;2;207;207;207m[38;2;206;206;206m▄[48;2;206;206;206m[38;2;205;205;205m▄[48;2;205;205;206m[38;2;204;204;205m▄[48;2;204;204;204m[38;2;203;203;204m▄[48;2;203;203;203m[38;2;203;203;203m▄[48;2;203;203;203m[38;2;203;202;203m▄[48;2;204;204;203m[38;2;203;203;202m▄[48;2;204;204;201m[38;2;203;203;202m▄[48;2;203;203;202m[38;2;203;203;203m▄[48;2;203;203;202m[38;2;203;203;203m▄[0m
[48;2;210;210;210m[38;2;210;210;210m▄[48;2;210;210;210m[38;2;210;210;210m▄[48;2;210;210;210m[38;2;211;211;211m▄[48;2;211;211;211m[38;2;211;211;211m▄[48;2;211;211;211m[38;2;211;211;211m▄[48;2;211;211;211m[38;2;210;210;210m▄[48;2;211;211;211m[38;2;210;210;210m▄[48;2;211;211;212m[38;2;211;211;211m▄[48;2;212;212;212m[38;2;211;211;211m▄[48;2;212;212;212m[38;2;211;211;211m▄[48;2;212;212;212m[38;2;212;212;212m▄[48;2;213;213;213m[38;2;211;211;211m▄[48;2;213;213;213m[38;2;211;211;211m▄[48;2;213;213;213m[38;2;211;212;212m▄[48;2;212;212;212m[38;2;211;211;212m▄[48;2;213;213;213m[38;2;212;212;212m▄[48;2;213;213;213m[38;2;212;212;212m▄[48;2;212;212;212m[38;2;212;212;212m▄[48;2;212;212;212m[38;2;211;211;212m▄[48;2;213;213;213m[38;2;212;211;212m▄[48;2;213;213;213m[38;2;212;212;211m▄[48;2;213;213;213m[38;2;212;212;212m▄[48;2;212;212;212m[38;2;211;211;212m▄[48;2;213;213;214m[38;2;211;211;211m▄[48;2;213;212;213m[38;2;211;211;211m▄[48;2;212;213;212m[38;2;211;211;211m▄[48;2;213;212;214m[38;2;210;210;211m▄[48;2;213;213;213m[38;2;209;210;210m▄[48;2;212;212;212m[38;2;209;210;210m▄[48;2;212;212;212m[38;2;209;209;209m▄[48;2;212;212;212m[38;2;209;210;209m▄[48;2;212;212;212m[38;2;210;210;210m▄[48;2;212;212;212m[38;2;210;211;211m▄[48;2;212;211;212m[38;2;209;210;210m▄[48;2;212;211;212m[38;2;209;209;210m▄[48;2;211;211;211m[38;2;209;209;210m▄[48;2;211;211;211m[38;2;209;209;209m▄[48;2;211;211;211m[38;2;209;209;209m▄[48;2;211;211;211m[38;2;210;210;210m▄[48;2;210;210;210m[38;2;210;210;210m▄[48;2;210;210;210m[38;2;210;210;210m▄[48;2;210;210;210m[38;2;209;209;209m▄[48;2;210;210;210m[38;2;208;208;208m▄[48;2;210;210;210m[38;2;208;208;209m▄[48;2;209;209;209m[38;2;209;208;210m▄[48;2;209;209;209m[38;2;208;208;209m▄[48;2;208;208;208m[38;2;208;208;208m▄[48;2;208;208;208m[38;2;208;207;209m▄[48;2;208;208;208m[38;2;208;208;208m▄[48;2;208;208;208m[38;2;207;207;207m▄[48;2;207;207;208m[38;2;207;207;207m▄[48;2;207;207;207m[38;2;206;206;207m▄[48;2;207;207;207m[38;2;205;205;206m▄[48;2;205;205;206m[38;2;205;205;206m▄[48;2;205;205;205m[38;2;204;204;204m▄[48;2;205;204;205m[38;2;204;203;204m▄[48;2;204;204;204m[38;2;203;203;204m▄[48;2;203;203;203m[38;2;202;202;202m▄[48;2;208;208;208m[38;2;210;211;210m▄[48;2;211;211;211m[38;2;216;216;216m▄[48;2;203;203;203m[38;2;203;203;203m▄[48;2;203;203;203m[38;2;202;202;202m▄[48;2;202;202;202m[38;2;202;202;202m▄[48;2;202;202;202m[38;2;202;202;202m▄[0m
[48;2;210;210;210m[38;2;211;211;211m▄[48;2;210;210;210m[38;2;212;212;212m▄[48;2;210;210;210m[38;2;212;212;212m▄[48;2;210;210;210m[38;2;212;212;212m▄[48;2;211;211;211m[38;2;213;213;213m▄[48;2;211;211;211m[38;2;214;214;214m▄[48;2;211;211;211m[38;2;214;214;214m▄[48;2;211;212;212m[38;2;214;214;214m▄[48;2;212;212;212m[38;2;214;214;214m▄[48;2;211;211;211m[38;2;214;214;214m▄[48;2;212;212;212m[38;2;214;214;214m▄[48;2;212;212;212m[38;2;214;214;214m▄[48;2;212;212;212m[38;2;214;214;214m▄[48;2;212;212;212m[38;2;214;214;214m▄[48;2;212;211;214m[38;2;215;215;215m▄[48;2;213;213;213m[38;2;215;215;215m▄[48;2;213;213;213m[38;2;215;215;215m▄[48;2;213;213;213m[38;2;215;215;215m▄[48;2;213;212;214m[38;2;215;215;214m▄[48;2;213;213;213m[38;2;214;214;214m▄[48;2;213;213;213m[38;2;214;214;214m▄[48;2;213;213;213m[38;2;211;211;211m▄[48;2;211;211;213m[38;2;208;205;206m▄[48;2;209;208;210m[38;2;204;198;199m▄[48;2;206;205;207m[38;2;201;190;192m▄[48;2;202;201;201m[38;2;198;183;184m▄[48;2;199;197;197m[38;2;195;178;179m▄[48;2;196;193;193m[38;2;193;176;177m▄[48;2;193;189;190m[38;2;195;174;176m▄[48;2;191;187;188m[38;2;194;174;176m▄[48;2;190;186;186m[38;2;193;173;175m▄[48;2;189;186;186m[38;2;193;172;174m▄[48;2;190;186;187m[38;2;193;173;174m▄[48;2;191;187;187m[38;2;194;173;175m▄[48;2;192;187;189m[38;2;192;173;174m▄[48;2;192;188;189m[38;2;191;173;173m▄[48;2;193;190;190m[38;2;191;174;174m▄[48;2;195;192;193m[38;2;192;175;177m▄[48;2;196;194;195m[38;2;193;180;180m▄[48;2;197;196;197m[38;2;196;186;188m▄[48;2;198;198;198m[38;2;199;194;195m▄[48;2;199;199;200m[38;2;202;200;201m▄[48;2;202;201;203m[38;2;205;205;205m▄[48;2;204;203;205m[38;2;207;207;208m▄[48;2;206;205;207m[38;2;208;208;209m▄[48;2;207;207;207m[38;2;209;209;210m▄[48;2;208;207;208m[38;2;209;208;209m▄[48;2;208;208;208m[38;2;209;209;208m▄[48;2;207;207;207m[38;2;208;208;208m▄[48;2;207;207;207m[38;2;208;208;208m▄[48;2;206;206;206m[38;2;208;208;208m▄[48;2;206;206;206m[38;2;207;207;207m▄[48;2;206;206;206m[38;2;207;207;207m▄[48;2;205;204;206m[38;2;207;207;207m▄[48;2;204;204;204m[38;2;206;206;206m▄[48;2;203;203;203m[38;2;206;206;206m▄[48;2;203;203;203m[38;2;205;205;205m▄[48;2;202;202;202m[38;2;204;204;204m▄[48;2;202;202;202m[38;2;203;203;203m▄[48;2;203;203;203m[38;2;203;203;203m▄[48;2;202;202;202m[38;2;203;203;203m▄[48;2;202;202;202m[38;2;203;203;203m▄[48;2;202;202;201m[38;2;202;202;202m▄[48;2;202;202;202m[38;2;202;203;203m▄[0m
[48;2;214;214;214m[38;2;215;215;215m▄[48;2;214;214;214m[38;2;216;216;216m▄[48;2;214;214;214m[38;2;216;216;216m▄[48;2;215;215;215m[38;2;216;216;216m▄[48;2;215;215;215m[38;2;215;215;215m▄[48;2;215;215;215m[38;2;216;216;216m▄[48;2;215;215;215m[38;2;216;216;216m▄[48;2;216;216;216m[38;2;216;216;216m▄[48;2;215;215;215m[38;2;216;216;216m▄[48;2;215;215;215m[38;2;216;216;216m▄[48;2;216;216;216m[38;2;216;216;216m▄[48;2;215;215;215m[38;2;217;217;217m▄[48;2;215;215;215m[38;2;217;217;217m▄[48;2;216;216;216m[38;2;216;216;216m▄[48;2;215;215;215m[38;2;217;217;217m▄[48;2;215;215;215m[38;2;217;217;217m▄[48;2;215;215;215m[38;2;217;217;217m▄[48;2;216;216;216m[38;2;216;216;216m▄[48;2;215;215;215m[38;2;216;216;216m▄[48;2;215;215;215m[38;2;217;217;217m▄[48;2;215;214;215m[38;2;217;217;217m▄[48;2;213;213;213m[38;2;217;217;217m▄[48;2;211;208;209m[38;2;217;217;217m▄[48;2;208;203;204m[38;2;215;215;216m▄[48;2;206;197;198m[38;2;216;216;216m▄[48;2;203;190;191m[38;2;215;214;214m▄[48;2;200;185;185m[38;2;214;213;213m▄[48;2;198;182;182m[38;2;213;210;211m▄[48;2;198;179;181m[38;2;212;209;211m▄[48;2;198;179;180m[38;2;212;209;210m▄[48;2;198;180;180m[38;2;212;208;210m▄[48;2;198;180;181m[38;2;212;209;210m▄[48;2;198;180;181m[38;2;211;208;209m▄[48;2;197;179;180m[38;2;211;208;209m▄[48;2;197;179;179m[38;2;210;208;208m▄[48;2;197;181;181m[38;2;210;209;209m▄[48;2;198;183;183m[38;2;211;210;210m▄[48;2;199;186;185m[38;2;212;211;211m▄[48;2;202;192;191m[38;2;213;212;212m▄[48;2;205;198;198m[38;2;213;214;213m▄[48;2;207;203;203m[38;2;213;213;213m▄[48;2;209;208;208m[38;2;213;213;213m▄[48;2;210;210;210m[38;2;213;213;213m▄[48;2;211;211;210m[38;2;212;212;212m▄[48;2;210;210;210m[38;2;212;212;212m▄[48;2;210;210;210m[38;2;211;211;211m▄[48;2;210;210;211m[38;2;211;211;211m▄[48;2;210;210;210m[38;2;210;210;210m▄[48;2;210;210;209m[38;2;209;209;209m▄[48;2;210;210;210m[38;2;210;210;210m▄[48;2;209;209;210m[38;2;210;210;210m▄[48;2;208;208;208m[38;2;209;209;209m▄[48;2;207;207;208m[38;2;209;208;209m▄[48;2;208;208;208m[38;2;208;209;208m▄[48;2;208;208;208m[38;2;208;208;208m▄[48;2;207;207;207m[38;2;208;208;208m▄[48;2;207;207;207m[38;2;208;208;208m▄[48;2;206;206;206m[38;2;207;207;207m▄[48;2;206;206;206m[38;2;207;207;207m▄[48;2;206;206;206m[38;2;207;207;207m▄[48;2;205;205;205m[38;2;207;207;207m▄[48;2;204;204;204m[38;2;206;206;206m▄[48;2;204;204;204m[38;2;206;206;206m▄[48;2;204;204;204m[38;2;206;206;206m▄[0m
