[48;2;222;222;222m[38;2;221;221;221m▄[48;2;222;222;222m[38;2;222;222;222m▄[48;2;222;222;222m[38;2;223;223;223m▄[48;2;223;223;223m[38;2;223;223;223m▄[48;2;223;223;223m[38;2;223;223;223m▄[48;2;224;224;224m[38;2;224;224;224m▄[48;2;224;224;224m[38;2;224;224;223m▄[48;2;225;225;225m[38;2;224;224;224m▄[48;2;224;224;224m[38;2;223;223;223m▄[48;2;224;224;224m[38;2;224;224;224m▄[48;2;225;225;225m[38;2;225;225;225m▄[48;2;227;227;228m[38;2;227;227;227m▄[48;2;228;228;228m[38;2;227;227;227m▄[48;2;227;227;227m[38;2;227;227;227m▄[48;2;227;227;227m[38;2;227;227;227m▄[48;2;228;228;228m[38;2;227;227;227m▄[48;2;227;227;227m[38;2;227;227;227m▄[48;2;227;227;227m[38;2;227;227;227m▄[48;2;227;227;227m[38;2;227;227;227m▄[48;2;227;227;227m[38;2;226;226;226m▄[48;2;227;227;227m[38;2;227;227;227m▄[48;2;227;227;227m[38;2;226;226;226m▄[48;2;227;227;227m[38;2;226;226;226m▄[48;2;227;227;227m[38;2;226;226;226m▄[48;2;227;227;227m[38;2;227;227;227m▄[48;2;227;227;227m[38;2;227;227;227m▄[48;2;228;228;228m[38;2;227;227;227m▄[48;2;226;226;226m[38;2;225;225;225m▄[48;2;226;226;226m[38;2;224;224;224m▄[48;2;224;224;224m[38;2;224;224;224m▄[48;2;224;224;224m[38;2;224;224;224m▄[48;2;224;224;224m[38;2;224;224;224m▄[48;2;225;225;225m[38;2;224;224;224m▄[48;2;224;224;224m[38;2;223;223;223m▄[48;2;223;223;223m[38;2;223;223;223m▄[48;2;223;223;223m[38;2;223;223;223m▄[48;2;223;223;223m[38;2;223;223;223m▄[48;2;222;222;222m[38;2;222;222;222m▄[48;2;222;222;222m[38;2;222;222;222m▄[48;2;221;221;221m[38;2;221;221;221m▄[48;2;220;220;220m[38;2;220;220;220m▄[48;2;218;218;218m[38;2;218;218;218m▄[48;2;217;217;217m[38;2;217;217;217m▄[48;2;217;217;217m[38;2;217;217;217m▄[48;2;216;216;216m[38;2;216;216;216m▄[48;2;216;216;216m[38;2;216;216;216m▄[48;2;216;216;216m[38;2;216;216;216m▄[48;2;215;215;215m[38;2;215;215;215m▄[48;2;215;215;215m[38;2;215;215;215m▄[48;2;215;215;215m[38;2;215;215;215m▄[48;2;215;215;215m[38;2;214;214;214m▄[48;2;214;214;214m[38;2;214;214;214m▄[48;2;213;213;213m[38;2;213;213;213m▄[48;2;213;213;213m[38;2;213;213;213m▄[48;2;212;212;212m[38;2;211;211;211m▄[48;2;211;211;211m[38;2;210;210;210m▄[48;2;211;211;211m[38;2;211;211;211m▄[48;2;211;211;211m[38;2;211;211;211m▄[48;2;209;209;209m[38;2;210;210;210m▄[48;2;209;209;209m[38;2;209;209;209m▄[48;2;208;208;208m[38;2;208;208;208m▄[48;2;208;208;208m[38;2;209;209;209m▄[48;2;208;208;208m[38;2;208;208;208m▄[48;2;208;208;208m[38;2;208;208;208m▄[0m
[48;2;221;221;221m[38;2;221;221;221m▄[48;2;222;222;222m[38;2;221;221;221m▄[48;2;222;222;222m[38;2;222;222;222m▄[48;2;223;223;223m[38;2;222;222;222m▄[48;2;223;223;223m[38;2;223;223;223m▄[48;2;224;224;224m[38;2;223;223;223m▄[48;2;224;224;224m[38;2;224;224;224m▄[48;2;224;224;224m[38;2;224;224;224m▄[48;2;224;224;224m[38;2;224;224;224m▄[48;2;224;224;224m[38;2;224;224;224m▄[48;2;225;225;225m[38;2;224;224;224m▄[48;2;225;225;224m[38;2;223;223;223m▄[48;2;224;224;224m[38;2;224;224;224m▄[48;2;226;226;226m[38;2;227;226;227m▄[48;2;227;227;227m[38;2;226;226;226m▄[48;2;227;227;227m[38;2;227;227;227m▄[48;2;227;227;227m[38;2;227;227;227m▄[48;2;227;227;227m[38;2;227;227;227m▄[48;2;227;227;227m[38;2;228;228;228m▄[48;2;227;227;227m[38;2;227;227;227m▄[48;2;227;227;227m[38;2;227;227;227m▄[48;2;227;227;227m[38;2;227;227;227m▄[48;2;227;227;227m[38;2;226;226;226m▄[48;2;227;227;227m[38;2;227;227;227m▄[48;2;227;227;227m[38;2;227;227;227m▄[48;2;227;227;227m[38;2;224;224;224m▄[48;2;226;226;226m[38;2;224;224;224m▄[48;2;224;224;224m[38;2;224;224;224m▄[48;2;224;224;224m[38;2;224;224;224m▄[48;2;224;224;224m[38;2;224;224;224m▄[48;2;224;224;224m[38;2;224;224;224m▄[48;2;224;224;224m[38;2;224;224;224m▄[48;2;224;224;224m[38;2;224;224;224m▄[48;2;223;223;223m[38;2;223;223;223m▄[48;2;223;223;223m[38;2;223;223;223m▄[48;2;223;223;223m[38;2;223;223;223m▄[48;2;222;222;222m[38;2;223;223;223m▄[48;2;222;222;222m[38;2;222;222;222m▄[48;2;222;222;222m[38;2;221;221;221m▄[48;2;221;221;221m[38;2;221;221;221m▄[48;2;221;221;221m[38;2;220;220;220m▄[48;2;218;218;218m[38;2;218;218;218m▄[48;2;217;217;217m[38;2;217;217;217m▄[48;2;216;216;216m[38;2;216;216;216m▄[48;2;216;216;216m[38;2;216;216;216m▄[48;2;216;216;216m[38;2;216;216;216m▄[48;2;216;216;216m[38;2;215;215;215m▄[48;2;215;215;215m[38;2;215;215;215m▄[48;2;216;216;216m[38;2;216;216;216m▄[48;2;215;215;214m[38;2;215;215;215m▄[48;2;215;215;215m[38;2;214;214;214m▄[48;2;214;214;214m[38;2;213;213;213m▄[48;2;214;214;214m[38;2;213;213;213m▄[48;2;213;213;213m[38;2;212;212;213m▄[48;2;211;211;211m[38;2;211;211;211m▄[48;2;210;210;210m[38;2;211;211;211m▄[48;2;210;210;210m[38;2;210;210;210m▄[48;2;210;210;210m[38;2;210;210;210m▄[48;2;210;210;211m[38;2;210;210;210m▄[48;2;209;208;209m[38;2;208;208;209m▄[48;2;208;208;208m[38;2;208;208;208m▄[48;2;208;208;208m[38;2;208;208;208m▄[48;2;208;208;208m[38;2;208;208;208m▄[48;2;207;207;207m[38;2;208;208;208m▄[0m
[48;2;221;221;221m[38;2;221;221;221m▄[48;2;221;221;221m[38;2;221;221;221m▄[48;2;222;222;222m[38;2;222;222;222m▄[48;2;222;222;222m[38;2;222;222;222m▄[48;2;223;223;223m[38;2;223;223;223m▄[48;2;223;223;223m[38;2;223;223;223m▄[48;2;223;223;223m[38;2;223;223;223m▄[48;2;223;223;223m[38;2;223;223;223m▄[48;2;223;223;223m[38;2;223;223;223m▄[48;2;223;223;223m[38;2;224;224;224m▄[48;2;223;223;223m[38;2;224;224;224m▄[48;2;224;224;223m[38;2;224;224;224m▄[48;2;224;224;224m[38;2;224;224;224m▄[48;2;226;225;225m[38;2;224;225;224m▄[48;2;225;225;224m[38;2;224;224;223m▄[48;2;225;225;225m[38;2;224;224;223m▄[48;2;224;224;225m[38;2;227;227;227m▄[48;2;226;226;226m[38;2;226;226;225m▄[48;2;227;227;227m[38;2;227;227;226m▄[48;2;226;226;226m[38;2;227;227;227m▄[48;2;227;227;227m[38;2;225;225;225m▄[48;2;226;226;226m[38;2;225;225;225m▄[48;2;226;226;226m[38;2;226;226;226m▄[48;2;225;225;225m[38;2;224;224;224m▄[48;2;224;224;224m[38;2;224;224;224m▄[48;2;224;224;224m[38;2;224;224;224m▄[48;2;224;224;224m[38;2;224;224;224m▄[48;2;224;224;224m[38;2;224;224;224m▄[48;2;224;224;224m[38;2;224;224;224m▄[48;2;225;225;225m[38;2;224;224;224m▄[48;2;225;225;225m[38;2;224;224;224m▄[48;2;224;224;224m[38;2;224;224;224m▄[48;2;223;223;223m[38;2;223;223;223m▄[48;2;224;224;224m[38;2;223;223;223m▄[48;2;223;223;223m[38;2;223;223;223m▄[48;2;223;223;223m[38;2;222;223;222m▄[48;2;222;222;222m[38;2;222;222;222m▄[48;2;222;222;222m[38;2;222;222;222m▄[48;2;221;221;221m[38;2;220;220;221m▄[48;2;220;220;220m[38;2;220;220;220m▄[48;2;219;219;219m[38;2;219;219;219m▄[48;2;218;218;218m[38;2;218;218;218m▄[48;2;217;217;217m[38;2;217;217;217m▄[48;2;216;216;216m[38;2;216;216;216m▄[48;2;216;216;216m[38;2;216;216;216m▄[48;2;216;216;216m[38;2;216;216;216m▄[48;2;215;215;215m[38;2;215;215;215m▄[48;2;215;215;215m[38;2;215;215;215m▄[48;2;215;215;215m[38;2;215;215;215m▄[48;2;214;214;214m[38;2;214;214;214m▄[48;2;214;214;214m[38;2;213;214;214m▄[48;2;213;213;213m[38;2;214;214;214m▄[48;2;212;212;212m[38;2;213;213;213m▄[48;2;212;212;212m[38;2;213;213;213m▄[48;2;211;211;212m[38;2;211;211;211m▄[48;2;210;210;210m[38;2;210;211;210m▄[48;2;210;210;210m[38;2;211;211;211m▄[48;2;210;210;210m[38;2;210;210;210m▄[48;2;210;210;209m[38;2;209;209;209m▄[48;2;208;208;208m[38;2;208;208;208m▄[48;2;208;208;208m[38;2;209;209;209m▄[48;2;209;209;209m[38;2;208;208;208m▄[48;2;208;208;208m[38;2;208;208;208m▄[48;2;208;208;208m[38;2;207;207;207m▄[0m
[48;2;220;220;220m[38;2;219;219;219m▄[48;2;221;221;221m[38;2;220;220;220m▄[48;2;222;222;222m[38;2;221;221;221m▄[48;2;222;222;222m[38;2;221;221;221m▄[48;2;222;222;222m[38;2;222;222;221m▄[48;2;222;222;223m[38;2;222;222;222m▄[48;2;222;222;222m[38;2;222;222;223m▄[48;2;223;223;223m[38;2;223;223;223m▄[48;2;223;223;223m[38;2;222;222;222m▄[48;2;222;223;223m[38;2;223;223;223m▄[48;2;223;223;223m[38;2;223;224;224m▄[48;2;224;224;224m[38;2;224;224;223m▄[48;2;223;223;224m[38;2;227;225;223m▄[48;2;223;223;224m[38;2;229;227;222m▄[48;2;226;226;225m[38;2;231;228;223m▄[48;2;228;227;224m[38;2;227;226;222m▄[48;2;229;229;229m[38;2;226;223;222m▄[48;2;227;227;226m[38;2;226;224;222m▄[48;2;224;224;224m[38;2;227;227;226m▄[48;2;224;224;224m[38;2;223;223;224m▄[48;2;224;224;224m[38;2;224;223;224m▄[48;2;224;224;224m[38;2;224;224;224m▄[48;2;224;224;224m[38;2;226;226;226m▄[48;2;224;224;224m[38;2;224;224;224m▄[48;2;224;224;224m[38;2;225;225;223m▄[48;2;224;224;224m[38;2;230;230;227m▄[48;2;224;224;224m[38;2;225;225;225m▄[48;2;224;224;224m[38;2;227;226;227m▄[48;2;224;224;223m[38;2;224;223;225m▄[48;2;222;222;221m[38;2;231;227;232m▄[48;2;222;223;222m[38;2;229;227;229m▄[48;2;223;223;223m[38;2;221;222;221m▄[48;2;223;223;223m[38;2;223;223;223m▄[48;2;223;223;223m[38;2;223;223;223m▄[48;2;222;222;221m[38;2;228;226;228m▄[48;2;222;222;222m[38;2;224;223;226m▄[48;2;221;222;221m[38;2;225;224;225m▄[48;2;221;221;221m[38;2;221;221;221m▄[48;2;220;220;220m[38;2;221;221;221m▄[48;2;221;221;221m[38;2;220;220;220m▄[48;2;219;219;219m[38;2;218;218;218m▄[48;2;217;217;217m[38;2;217;217;217m▄[48;2;217;217;217m[38;2;216;216;216m▄[48;2;216;216;216m[38;2;216;216;216m▄[48;2;216;216;216m[38;2;216;216;216m▄[48;2;216;216;216m[38;2;216;216;216m▄[48;2;215;215;215m[38;2;215;215;215m▄[48;2;215;215;215m[38;2;215;215;215m▄[48;2;215;215;215m[38;2;215;215;215m▄[48;2;214;214;214m[38;2;215;215;215m▄[48;2;214;214;214m[38;2;214;214;214m▄[48;2;213;213;213m[38;2;213;213;213m▄[48;2;213;213;213m[38;2;213;213;213m▄[48;2;213;213;213m[38;2;212;212;212m▄[48;2;211;211;211m[38;2;211;211;211m▄[48;2;210;210;210m[38;2;210;210;210m▄[48;2;211;211;211m[38;2;211;211;211m▄[48;2;210;210;210m[38;2;211;211;211m▄[48;2;208;208;208m[38;2;209;209;209m▄[48;2;209;209;209m[38;2;208;208;208m▄[48;2;209;209;209m[38;2;208;208;208m▄[48;2;208;208;208m[38;2;208;208;208m▄[48;2;208;208;208m[38;2;208;208;208m▄[48;2;207;207;207m[38;2;207;207;207m▄[0m
[48;2;218;218;218m[38;2;218;218;218m▄[48;2;219;219;219m[38;2;219;219;219m▄[48;2;220;220;220m[38;2;220;220;220m▄[48;2;221;221;221m[38;2;220;220;220m▄[48;2;221;221;221m[38;2;221;221;221m▄[48;2;222;221;221m[38;2;222;221;221m▄[48;2;222;222;223m[38;2;222;222;222m▄[48;2;223;223;223m[38;2;222;222;222m▄[48;2;223;223;222m[38;2;222;222;222m▄[48;2;223;223;222m[38;2;222;221;220m▄[48;2;222;221;221m[38;2;229;225;220m▄[48;2;233;229;221m[38;2;251;247;233m▄[48;2;242;237;227m[38;2;254;253;246m▄[48;2;243;239;233m[38;2;252;249;238m▄[48;2;245;241;234m[38;2;243;236;228m▄[48;2;244;239;232m[38;2;238;232;226m▄[48;2;240;236;229m[38;2;242;237;227m▄[48;2;239;234;227m[38;2;240;233;227m▄[48;2;238;234;228m[38;2;238;233;225m▄[48;2;231;228;224m[38;2;240;235;225m▄[48;2;229;225;223m[38;2;242;235;227m▄[48;2;226;225;224m[38;2;239;233;225m▄[48;2;226;226;225m[38;2;235;230;224m▄[48;2;224;224;225m[38;2;231;227;224m▄[48;2;230;230;228m[38;2;226;225;224m▄[48;2;226;226;225m[38;2;222;223;223m▄[48;2;231;228;233m[38;2;230;227;232m▄[48;2;163;191;157m[38;2;158;188;151m▄[48;2;141;179;126m[38;2;156;196;107m▄[48;2;159;188;153m[38;2;146;191;92m▄[48;2;195;207;197m[38;2;126;172;97m▄[48;2;231;228;232m[38;2;175;195;174m▄[48;2;221;222;221m[38;2;237;231;239m▄[48;2;230;227;231m[38;2;175;196;174m▄[48;2;167;191;163m[38;2;114;168;76m▄[48;2;121;170;103m[38;2;100;156;76m▄[48;2;204;212;203m[38;2;189;200;190m▄[48;2;225;223;225m[38;2;220;218;220m▄[48;2;220;220;220m[38;2;218;218;218m▄[48;2;219;219;219m[38;2;218;218;218m▄[48;2;217;217;217m[38;2;217;217;217m▄[48;2;217;217;217m[38;2;216;216;217m▄[48;2;217;217;217m[38;2;216;216;216m▄[48;2;216;216;216m[38;2;217;217;217m▄[48;2;216;216;216m[38;2;216;216;216m▄[48;2;216;216;216m[38;2;216;216;216m▄[48;2;216;216;216m[38;2;215;215;215m▄[48;2;215;215;215m[38;2;215;215;215m▄[48;2;215;215;215m[38;2;215;215;214m▄[48;2;215;215;215m[38;2;213;213;213m▄[48;2;214;214;214m[38;2;214;213;215m▄[48;2;213;213;213m[38;2;212;212;213m▄[48;2;212;212;212m[38;2;212;212;212m▄[48;2;211;211;211m[38;2;211;211;211m▄[48;2;210;210;210m[38;2;210;210;210m▄[48;2;210;210;210m[38;2;210;210;210m▄[48;2;210;210;211m[38;2;210;209;211m▄[48;2;210;210;210m[38;2;210;210;210m▄[48;2;209;209;209m[38;2;209;209;209m▄[48;2;209;209;209m[38;2;209;209;209m▄[48;2;209;208;209m[38;2;209;208;210m▄[48;2;208;208;208m[38;2;208;208;208m▄[48;2;208;208;208m[38;2;208;208;208m▄[48;2;207;207;207m[38;2;207;207;207m▄[0m
[48;2;217;217;217m[38;2;217;217;217m▄[48;2;218;218;218m[38;2;218;218;218m▄[48;2;220;220;220m[38;2;218;218;218m▄[48;2;220;220;220m[38;2;219;219;219m▄[48;2;221;221;221m[38;2;219;219;219m▄[48;2;221;221;221m[38;2;221;221;221m▄[48;2;221;221;221m[38;2;221;221;221m▄[48;2;221;221;221m[38;2;221;221;221m▄[48;2;222;222;221m[38;2;221;221;218m▄[48;2;222;221;219m[38;2;224;221;218m▄[48;2;238;232;220m[38;2;237;230;216m▄[48;2;255;255;249m[38;2;253;251;245m▄[48;2;248;245;232m[38;2;251;248;238m▄[48;2;233;226;217m[38;2;230;223;217m▄[48;2;226;223;219m[38;2;224;221;218m▄[48;2;222;221;219m[38;2;224;222;218m▄[48;2;227;226;224m[38;2;223;222;220m▄[48;2;225;224;224m[38;2;224;224;223m▄[48;2;223;222;222m[38;2;224;224;224m▄[48;2;224;223;220m[38;2;223;223;223m▄[48;2;229;227;222m[38;2;222;222;222m▄[48;2;233;230;225m[38;2;225;225;225m▄[48;2;230;227;222m[38;2;223;223;223m▄[48;2;236;230;223m[38;2;223;223;222m▄[48;2;233;227;222m[38;2;229;226;223m▄[48;2;227;225;221m[38;2;231;227;221m▄[48;2;234;229;232m[38;2;232;227;221m▄[48;2;173;195;173m[38;2;224;222;216m▄[48;2;138;185;93m[38;2;132;174;111m▄[48;2;145;190;83m[38;2;136;186;76m▄[48;2;139;185;80m[38;2;118;172;75m▄[48;2;117;168;80m[38;2;125;175;79m▄[48;2;190;203;195m[38;2;100;153;86m▄[48;2;116;167;90m[38;2;106;157;90m▄[48;2;129;170;105m[38;2;175;191;175m▄[48;2;206;206;209m[38;2;164;186;158m▄[48;2;219;213;219m[38;2;161;186;154m▄[48;2;220;218;220m[38;2;188;201;187m▄[48;2;218;218;218m[38;2;219;218;222m▄[48;2;217;218;217m[38;2;223;221;223m▄[48;2;217;217;217m[38;2;216;216;216m▄[48;2;217;217;217m[38;2;216;216;216m▄[48;2;216;216;216m[38;2;216;216;216m▄[48;2;216;216;216m[38;2;216;216;216m▄[48;2;216;216;216m[38;2;216;216;216m▄[48;2;216;216;216m[38;2;216;216;216m▄[48;2;215;215;215m[38;2;215;215;215m▄[48;2;215;215;215m[38;2;215;215;214m▄[48;2;214;214;214m[38;2;214;214;214m▄[48;2;213;213;213m[38;2;214;213;214m▄[48;2;213;213;213m[38;2;213;212;213m▄[48;2;212;212;212m[38;2;211;211;211m▄[48;2;211;211;211m[38;2;211;211;211m▄[48;2;210;210;210m[38;2;210;210;210m▄[48;2;210;210;210m[38;2;210;210;210m▄[48;2;209;210;210m[38;2;210;210;210m▄[48;2;210;211;210m[38;2;211;211;211m▄[48;2;210;210;210m[38;2;209;209;209m▄[48;2;209;208;209m[38;2;209;209;209m▄[48;2;209;209;209m[38;2;209;209;209m▄[48;2;209;209;209m[38;2;209;209;209m▄[48;2;208;208;209m[38;2;208;208;208m▄[48;2;208;207;208m[38;2;208;207;208m▄[48;2;207;207;207m[38;2;207;207;207m▄[0m
[48;2;216;216;215m[38;2;216;216;216m▄[48;2;219;219;218m[38;2;216;216;216m▄[48;2;217;217;217m[38;2;216;216;216m▄[48;2;217;217;217m[38;2;217;217;217m▄[48;2;218;218;218m[38;2;218;218;218m▄[48;2;220;220;219m[38;2;219;218;219m▄[48;2;220;221;220m[38;2;220;219;220m▄[48;2;221;221;221m[38;2;220;220;218m▄[48;2;221;221;218m[38;2;222;221;218m▄[48;2;222;221;218m[38;2;221;221;218m▄[48;2;232;227;217m[38;2;224;221;218m▄[48;2;251;248;236m[38;2;234;229;220m▄[48;2;251;248;242m[38;2;233;228;219m▄[48;2;231;224;217m[38;2;226;222;218m▄[48;2;224;221;218m[38;2;223;221;218m▄[48;2;223;222;218m[38;2;222;222;219m▄[48;2;223;223;220m[38;2;222;222;219m▄[48;2;223;223;223m[38;2;222;222;220m▄[48;2;223;223;223m[38;2;222;222;222m▄[48;2;223;223;223m[38;2;222;222;222m▄[48;2;223;223;223m[38;2;223;223;223m▄[48;2;224;224;224m[38;2;222;222;223m▄[48;2;224;223;223m[38;2;222;222;222m▄[48;2;223;223;223m[38;2;222;223;223m▄[48;2;222;223;223m[38;2;222;221;221m▄[48;2;222;221;220m[38;2;224;230;228m▄[48;2;222;226;223m[38;2;219;206;209m▄[48;2;232;235;232m[38;2;210;147;160m▄[48;2;205;206;197m[38;2;224;145;162m▄[48;2;125;167;100m[38;2;218;134;151m▄[48;2;100;168;72m[38;2;172;141;130m▄[48;2;76;154;63m[38;2;140;147;107m▄[48;2;68;143;52m[38;2;98;126;71m▄[48;2;95;148;83m[38;2;68;149;60m▄[48;2;108;161;88m[38;2;103;165;70m▄[48;2;120;175;82m[38;2;119;173;73m▄[48;2;128;180;90m[38;2;130;182;75m▄[48;2;131;178;100m[38;2;152;199;84m▄[48;2;141;178;128m[38;2;109;169;64m▄[48;2;200;208;201m[38;2;148;178;144m▄[48;2;219;218;219m[38;2;227;222;227m▄[48;2;216;216;216m[38;2;217;218;217m▄[48;2;216;216;216m[38;2;216;216;216m▄[48;2;217;216;217m[38;2;216;216;216m▄[48;2;216;216;216m[38;2;216;216;216m▄[48;2;216;216;216m[38;2;215;215;215m▄[48;2;215;215;215m[38;2;215;215;215m▄[48;2;214;214;214m[38;2;214;214;214m▄[48;2;214;213;214m[38;2;214;214;214m▄[48;2;212;212;214m[38;2;213;213;213m▄[48;2;211;211;211m[38;2;212;212;212m▄[48;2;211;211;212m[38;2;212;212;212m▄[48;2;211;211;211m[38;2;211;211;211m▄[48;2;210;210;210m[38;2;210;210;210m▄[48;2;210;210;210m[38;2;211;211;211m▄[48;2;211;211;211m[38;2;210;210;210m▄[48;2;211;211;211m[38;2;209;209;209m▄[48;2;209;209;209m[38;2;209;209;209m▄[48;2;209;209;209m[38;2;209;209;209m▄[48;2;208;208;208m[38;2;208;208;208m▄[48;2;208;208;209m[38;2;208;208;208m▄[48;2;208;208;208m[38;2;207;207;207m▄[48;2;207;207;207m[38;2;207;207;207m▄[48;2;207;206;208m[38;2;207;207;207m▄[0m
[48;2;216;216;216m[38;2;216;216;216m▄[48;2;216;216;216m[38;2;216;216;216m▄[48;2;216;216;216m[38;2;216;216;216m▄[48;2;216;216;216m[38;2;216;216;216m▄[48;2;218;217;218m[38;2;217;217;217m▄[48;2;219;218;218m[38;2;218;218;217m▄[48;2;218;217;215m[38;2;218;218;217m▄[48;2;221;220;218m[38;2;219;219;218m▄[48;2;222;220;218m[38;2;220;219;216m▄[48;2;221;219;218m[38;2;224;223;218m▄[48;2;222;220;218m[38;2;221;220;217m▄[48;2;222;220;216m[38;2;222;220;217m▄[48;2;223;221;217m[38;2;222;221;217m▄[48;2;224;221;217m[38;2;221;221;217m▄[48;2;223;221;218m[38;2;222;222;218m▄[48;2;222;222;219m[38;2;222;221;219m▄[48;2;222;222;221m[38;2;221;221;221m▄[48;2;222;222;221m[38;2;221;221;221m▄[48;2;222;222;222m[38;2;222;222;221m▄[48;2;222;222;222m[38;2;222;222;222m▄[48;2;222;222;221m[38;2;221;221;221m▄[48;2;222;222;222m[38;2;221;221;221m▄[48;2;222;222;222m[38;2;222;222;222m▄[48;2;222;221;221m[38;2;222;223;222m▄[48;2;223;228;227m[38;2;221;219;220m▄[48;2;218;198;204m[38;2;210;129;148m▄[48;2;214;127;145m[38;2;234;164;172m▄[48;2;233;156;167m[38;2;231;143;153m▄[48;2;231;145;155m[38;2;224;123;136m▄[48;2;226;119;135m[38;2;210;94;116m▄[48;2;219;99;127m[38;2;222;145;158m▄[48;2;231;135;160m[38;2;232;155;163m▄[48;2;236;153;168m[38;2;229;135;146m▄[48;2;155;142;109m[38;2;239;135;153m▄[48;2;105;153;74m[38;2;216;132;142m▄[48;2;117;175;75m[38;2;189;129;124m▄[48;2;120;178;75m[38;2;183;154;143m▄[48;2;109;162;80m[38;2;189;199;196m▄[48;2;145;172;140m[38;2;207;201;207m▄[48;2;207;205;208m[38;2;204;204;204m▄[48;2;212;212;211m[38;2;213;213;213m▄[48;2;216;216;216m[38;2;216;216;216m▄[48;2;216;216;216m[38;2;216;216;216m▄[48;2;215;215;215m[38;2;216;216;215m▄[48;2;215;215;215m[38;2;215;215;215m▄[48;2;215;215;215m[38;2;214;214;214m▄[48;2;215;215;215m[38;2;214;214;214m▄[48;2;214;214;214m[38;2;213;213;213m▄[48;2;213;213;213m[38;2;211;211;212m▄[48;2;213;212;214m[38;2;211;211;212m▄[48;2;211;212;211m[38;2;211;212;211m▄[48;2;211;211;211m[38;2;211;211;211m▄[48;2;211;211;211m[38;2;211;211;211m▄[48;2;210;210;210m[38;2;210;210;210m▄[48;2;210;210;210m[38;2;211;211;211m▄[48;2;210;210;210m[38;2;211;211;211m▄[48;2;209;209;209m[38;2;209;209;209m▄[48;2;209;209;209m[38;2;209;209;209m▄[48;2;208;208;209m[38;2;208;208;208m▄[48;2;208;208;208m[38;2;207;207;208m▄[48;2;207;208;207m[38;2;207;207;207m▄[48;2;206;206;206m[38;2;206;206;206m▄[48;2;207;207;207m[38;2;206;206;206m▄[48;2;206;206;206m[38;2;205;205;205m▄[0m
[48;2;216;216;216m[38;2;216;216;216m▄[48;2;216;216;216m[38;2;216;216;216m▄[48;2;216;216;216m[38;2;216;216;216m▄[48;2;216;216;216m[38;2;216;216;216m▄[48;2;216;216;216m[38;2;216;216;216m▄[48;2;216;216;216m[38;2;216;216;216m▄[48;2;217;217;217m[38;2;216;216;216m▄[48;2;219;219;219m[38;2;217;217;217m▄[48;2;221;221;219m[38;2;218;218;218m▄[48;2;220;219;216m[38;2;217;217;216m▄[48;2;221;220;218m[38;2;219;218;218m▄[48;2;222;220;219m[38;2;219;219;218m▄[48;2;222;220;218m[38;2;220;220;217m▄[48;2;222;220;218m[38;2;221;220;217m▄[48;2;221;220;218m[38;2;221;220;218m▄[48;2;221;221;219m[38;2;221;221;220m▄[48;2;221;221;221m[38;2;220;221;221m▄[48;2;222;221;221m[38;2;221;220;220m▄[48;2;221;221;221m[38;2;220;220;220m▄[48;2;221;221;221m[38;2;221;221;221m▄[48;2;221;221;221m[38;2;221;221;221m▄[48;2;221;221;221m[38;2;220;220;220m▄[48;2;221;219;220m[38;2;220;219;219m▄[48;2;223;231;229m[38;2;221;228;226m▄[48;2;213;172;182m[38;2;211;147;163m▄[48;2;225;147;160m[38;2;233;157;168m▄[48;2;232;150;159m[38;2;230;135;148m▄[48;2;229;135;146m[38;2;230;138;150m▄[48;2;223;118;133m[38;2;225;126;140m▄[48;2;216;126;143m[38;2;228;149;158m▄[48;2;236;162;169m[38;2;231;139;151m▄[48;2;228;128;141m[38;2;230;134;147m▄[48;2;228;136;147m[38;2;230;135;147m▄[48;2;226;136;146m[38;2;229;135;146m▄[48;2;231;137;148m[38;2;228;136;146m▄[48;2;237;136;151m[38;2;227;137;147m▄[48;2;230;122;142m[38;2;221;109;127m▄[48;2;207;176;183m[38;2;207;112;131m▄[48;2;207;214;211m[38;2;210;210;210m▄[48;2;214;213;213m[38;2;217;217;217m▄[48;2;216;216;216m[38;2;216;215;215m▄[48;2;216;216;216m[38;2;217;217;217m▄[48;2;215;215;215m[38;2;215;215;215m▄[48;2;218;218;219m[38;2;214;214;215m▄[48;2;216;216;217m[38;2;214;214;215m▄[48;2;214;214;214m[38;2;215;215;215m▄[48;2;213;213;214m[38;2;216;216;215m▄[48;2;212;212;212m[38;2;222;221;217m▄[48;2;212;212;211m[38;2;215;214;213m▄[48;2;212;212;212m[38;2;211;211;211m▄[48;2;211;211;211m[38;2;211;211;211m▄[48;2;211;211;211m[38;2;211;211;211m▄[48;2;210;210;210m[38;2;210;210;210m▄[48;2;211;211;211m[38;2;210;210;210m▄[48;2;211;211;211m[38;2;210;210;211m▄[48;2;209;209;209m[38;2;209;209;209m▄[48;2;209;209;209m[38;2;209;209;209m▄[48;2;209;209;209m[38;2;209;209;209m▄[48;2;208;208;208m[38;2;208;208;208m▄[48;2;207;207;207m[38;2;207;207;207m▄[48;2;206;205;206m[38;2;206;206;206m▄[48;2;206;206;207m[38;2;206;206;206m▄[48;2;206;206;206m[38;2;205;205;205m▄[48;2;205;205;205m[38;2;204;204;204m▄[0m
[48;2;215;215;215m[38;2;215;215;215m▄[48;2;215;215;215m[38;2;215;215;215m▄[48;2;216;216;216m[38;2;215;215;215m▄[48;2;216;216;216m[38;2;215;215;215m▄[48;2;216;216;216m[38;2;216;216;216m▄[48;2;217;217;217m[38;2;217;217;217m▄[48;2;216;216;216m[38;2;216;216;216m▄[48;2;217;217;217m[38;2;217;217;217m▄[48;2;216;216;216m[38;2;216;216;216m▄[48;2;217;217;217m[38;2;216;216;216m▄[48;2;217;217;217m[38;2;216;216;216m▄[48;2;217;217;217m[38;2;217;217;217m▄[48;2;218;218;217m[38;2;217;217;217m▄[48;2;218;218;217m[38;2;216;216;216m▄[48;2;218;218;218m[38;2;217;216;217m▄[48;2;218;218;218m[38;2;217;217;217m▄[48;2;219;219;219m[38;2;218;218;218m▄[48;2;219;219;220m[38;2;217;217;218m▄[48;2;219;219;219m[38;2;217;217;218m▄[48;2;219;219;219m[38;2;217;217;217m▄[48;2;220;220;220m[38;2;218;218;218m▄[48;2;219;218;218m[38;2;217;217;217m▄[48;2;219;218;218m[38;2;217;216;216m▄[48;2;217;220;220m[38;2;217;220;220m▄[48;2;212;144;159m[38;2;210;144;158m▄[48;2;233;155;166m[38;2;232;155;165m▄[48;2;228;134;147m[38;2;229;134;147m▄[48;2;228;135;147m[38;2;229;136;149m▄[48;2;231;145;156m[38;2;228;137;149m▄[48;2;232;151;160m[38;2;228;138;149m▄[48;2;228;132;145m[38;2;229;136;147m▄[48;2;229;136;148m[38;2;229;136;148m▄[48;2;229;136;147m[38;2;231;136;148m▄[48;2;229;136;147m[38;2;231;136;147m▄[48;2;229;135;147m[38;2;229;136;148m▄[48;2;229;137;148m[38;2;229;136;147m▄[48;2;224;120;135m[38;2;223;116;131m▄[48;2;212;101;122m[38;2;212;102;122m▄[48;2;201;179;185m[38;2;196;172;179m▄[48;2;214;218;217m[38;2;212;217;216m▄[48;2;218;216;216m[38;2;218;216;216m▄[48;2;216;216;215m[38;2;216;215;215m▄[48;2;216;216;216m[38;2;216;216;216m▄[48;2;215;215;214m[38;2;214;214;214m▄[48;2;214;214;214m[38;2;213;213;214m▄[48;2;215;214;215m[38;2;212;212;213m▄[48;2;214;213;214m[38;2;211;211;212m▄[48;2;215;214;214m[38;2;210;211;211m▄[48;2;212;211;212m[38;2;210;210;211m▄[48;2;211;211;211m[38;2;211;211;210m▄[48;2;211;211;211m[38;2;210;210;211m▄[48;2;210;210;210m[38;2;209;209;210m▄[48;2;210;210;210m[38;2;210;210;210m▄[48;2;210;210;210m[38;2;210;210;210m▄[48;2;209;209;209m[38;2;208;208;208m▄[48;2;209;209;209m[38;2;209;209;209m▄[48;2;208;208;209m[38;2;208;208;208m▄[48;2;208;208;208m[38;2;208;208;208m▄[48;2;208;207;208m[38;2;207;207;207m▄[48;2;207;207;207m[38;2;207;207;207m▄[48;2;207;207;207m[38;2;207;207;207m▄[48;2;206;206;206m[38;2;206;206;206m▄[48;2;204;204;204m[38;2;205;205;205m▄[48;2;204;204;204m[38;2;204;204;204m▄[0m
[48;2;215;215;215m[38;2;215;215;215m▄[48;2;215;215;215m[38;2;215;215;215m▄[48;2;215;215;215m[38;2;216;216;216m▄[48;2;216;216;216m[38;2;216;216;216m▄[48;2;215;215;215m[38;2;216;215;217m▄[48;2;216;216;216m[38;2;216;216;216m▄[48;2;216;216;216m[38;2;216;216;216m▄[48;2;216;216;216m[38;2;216;216;216m▄[48;2;216;216;216m[38;2;216;216;216m▄[48;2;216;216;216m[38;2;216;216;216m▄[48;2;216;216;216m[38;2;217;217;217m▄[48;2;216;216;216m[38;2;217;217;217m▄[48;2;216;216;216m[38;2;216;216;216m▄[48;2;216;216;216m[38;2;216;216;216m▄[48;2;216;216;216m[38;2;216;216;216m▄[48;2;217;217;217m[38;2;217;216;217m▄[48;2;216;216;217m[38;2;216;216;217m▄[48;2;217;217;217m[38;2;217;217;217m▄[48;2;217;217;217m[38;2;216;216;216m▄[48;2;217;217;217m[38;2;216;216;216m▄[48;2;217;217;217m[38;2;216;216;216m▄[48;2;217;217;217m[38;2;216;216;216m▄[48;2;216;214;215m[38;2;216;216;216m▄[48;2;218;225;224m[38;2;217;221;220m▄[48;2;208;156;166m[38;2;213;197;202m▄[48;2;228;144;157m[38;2;227;166;174m▄[48;2;230;138;149m[38;2;232;147;157m▄[48;2;228;135;147m[38;2;228;132;145m▄[48;2;228;135;147m[38;2;229;136;147m▄[48;2;229;136;147m[38;2;229;135;147m▄[48;2;230;137;147m[38;2;228;135;147m▄[48;2;229;137;149m[38;2;230;136;146m▄[48;2;229;136;148m[38;2;229;135;147m▄[48;2;229;136;147m[38;2;229;136;148m▄[48;2;230;138;149m[38;2;230;139;150m▄[48;2;227;130;143m[38;2;221;115;132m▄[48;2;223;110;127m[38;2;223;112;128m▄[48;2;210;107;126m[38;2;207;139;153m▄[48;2;195;185;188m[38;2;198;205;204m▄[48;2;209;212;213m[38;2;209;207;209m▄[48;2;214;214;214m[38;2;215;215;215m▄[48;2;214;214;214m[38;2;213;214;214m▄[48;2;214;214;214m[38;2;213;213;213m▄[48;2;213;213;213m[38;2;212;212;212m▄[48;2;214;213;214m[38;2;212;212;212m▄[48;2;215;215;215m[38;2;213;213;213m▄[48;2;211;211;211m[38;2;210;210;211m▄[48;2;212;212;212m[38;2;211;211;211m▄[48;2;210;210;210m[38;2;210;210;210m▄[48;2;210;210;210m[38;2;210;210;212m▄[48;2;215;215;214m[38;2;213;213;212m▄[48;2;215;216;214m[38;2;212;212;212m▄[48;2;209;209;209m[38;2;209;209;210m▄[48;2;209;209;209m[38;2;209;209;208m▄[48;2;208;208;208m[38;2;208;208;208m▄[48;2;208;208;208m[38;2;208;207;208m▄[48;2;208;208;208m[38;2;208;208;208m▄[48;2;208;208;208m[38;2;207;207;207m▄[48;2;207;207;207m[38;2;207;207;207m▄[48;2;206;206;206m[38;2;206;206;206m▄[48;2;206;206;206m[38;2;206;205;206m▄[48;2;206;206;206m[38;2;204;204;205m▄[48;2;204;204;204m[38;2;204;203;204m▄[48;2;203;203;203m[38;2;204;204;204m▄[0m
[48;2;215;215;215m[38;2;214;214;214m▄[48;2;215;215;215m[38;2;214;214;214m▄[48;2;216;216;216m[38;2;215;215;215m▄[48;2;215;215;215m[38;2;215;215;215m▄[48;2;215;215;216m[38;2;215;215;215m▄[48;2;216;216;216m[38;2;216;216;216m▄[48;2;215;215;215m[38;2;216;216;215m▄[48;2;216;216;216m[38;2;215;215;215m▄[48;2;216;216;216m[38;2;216;216;216m▄[48;2;216;216;216m[38;2;216;216;217m▄[48;2;216;216;217m[38;2;216;216;216m▄[48;2;217;217;217m[38;2;216;216;216m▄[48;2;216;216;216m[38;2;217;217;217m▄[48;2;216;216;216m[38;2;217;216;217m▄[48;2;216;216;216m[38;2;216;216;216m▄[48;2;217;217;216m[38;2;216;216;216m▄[48;2;216;216;216m[38;2;217;217;217m▄[48;2;216;216;216m[38;2;216;216;216m▄[48;2;216;216;216m[38;2;217;216;216m▄[48;2;216;216;216m[38;2;217;217;217m▄[48;2;216;216;216m[38;2;216;216;216m▄[48;2;216;216;216m[38;2;216;216;216m▄[48;2;216;216;216m[38;2;216;216;216m▄[48;2;216;214;215m[38;2;217;216;216m▄[48;2;216;224;223m[38;2;217;221;220m▄[48;2;215;175;183m[38;2;210;191;196m▄[48;2;232;146;159m[38;2;210;121;137m▄[48;2;229;137;149m[38;2;231;139;149m▄[48;2;228;134;146m[38;2;231;141;150m▄[48;2;228;135;146m[38;2;227;135;146m▄[48;2;229;138;149m[38;2;220;117;133m▄[48;2;229;135;146m[38;2;231;133;146m▄[48;2;228;137;148m[38;2;224;123;135m▄[48;2;229;136;148m[38;2;219;110;125m▄[48;2;222;116;133m[38;2;222;110;127m▄[48;2;220;106;124m[38;2;216;99;120m▄[48;2;219;118;136m[38;2;193;142;154m▄[48;2;194;185;187m[38;2;194;202;200m▄[48;2;199;202;201m[38;2;205;204;204m▄[48;2;212;212;212m[38;2;213;213;213m▄[48;2;214;214;214m[38;2;214;214;214m▄[48;2;213;213;213m[38;2;213;213;213m▄[48;2;213;213;214m[38;2;212;212;212m▄[48;2;211;211;211m[38;2;212;212;211m▄[48;2;211;210;211m[38;2;210;210;211m▄[48;2;210;210;210m[38;2;212;211;211m▄[48;2;210;210;210m[38;2;210;210;210m▄[48;2;210;210;210m[38;2;210;210;211m▄[48;2;210;210;210m[38;2;210;209;210m▄[48;2;214;214;214m[38;2;210;209;210m▄[48;2;212;212;212m[38;2;209;209;209m▄[48;2;209;209;209m[38;2;212;212;213m▄[48;2;209;209;210m[38;2;214;214;216m▄[48;2;209;208;210m[38;2;208;207;210m▄[48;2;208;208;209m[38;2;208;208;210m▄[48;2;210;209;210m[38;2;209;210;211m▄[48;2;209;209;209m[38;2;209;209;209m▄[48;2;207;207;207m[38;2;207;207;207m▄[48;2;207;207;207m[38;2;207;207;207m▄[48;2;207;207;206m[38;2;207;207;207m▄[48;2;206;205;206m[38;2;205;205;205m▄[48;2;203;203;204m[38;2;204;204;204m▄[48;2;203;203;203m[38;2;203;203;203m▄[48;2;203;203;203m[38;2;203;203;203m▄[0m
[48;2;213;213;213m[38;2;211;211;211m▄[48;2;214;214;214m[38;2;213;212;214m▄[48;2;214;214;214m[38;2;214;214;214m▄[48;2;214;214;214m[38;2;214;214;214m▄[48;2;215;215;215m[38;2;214;214;214m▄[48;2;215;215;215m[38;2;214;214;214m▄[48;2;215;215;215m[38;2;215;215;215m▄[48;2;215;215;215m[38;2;215;215;215m▄[48;2;215;215;216m[38;2;215;215;215m▄[48;2;215;215;216m[38;2;215;215;215m▄[48;2;215;215;215m[38;2;215;215;215m▄[48;2;215;215;215m[38;2;215;216;215m▄[48;2;216;216;216m[38;2;215;215;215m▄[48;2;216;215;217m[38;2;215;214;216m▄[48;2;216;215;217m[38;2;215;215;216m▄[48;2;216;216;216m[38;2;216;216;216m▄[48;2;217;216;217m[38;2;216;216;216m▄[48;2;216;216;217m[38;2;216;216;217m▄[48;2;216;216;216m[38;2;216;216;216m▄[48;2;216;216;216m[38;2;216;216;216m▄[48;2;216;216;216m[38;2;216;216;215m▄[48;2;216;216;216m[38;2;219;218;215m▄[48;2;216;216;216m[38;2;215;215;215m▄[48;2;216;216;216m[38;2;217;217;215m▄[48;2;216;214;215m[38;2;217;217;216m▄[48;2;218;225;223m[38;2;215;213;214m▄[48;2;205;177;184m[38;2;215;221;221m▄[48;2;203;108;129m[38;2;205;200;203m▄[48;2;217;109;128m[38;2;195;163;171m▄[48;2;215;107;126m[38;2;193;164;171m▄[48;2;199;92;114m[38;2;195;189;190m▄[48;2;205;105;125m[38;2;194;189;191m▄[48;2;212;95;117m[38;2;193;161;171m▄[48;2;216;98;120m[38;2;194;152;163m▄[48;2;209;97;120m[38;2;192;176;179m▄[48;2;192;134;149m[38;2;194;199;199m▄[48;2;192;198;199m[38;2;199;198;199m▄[48;2;200;199;200m[38;2;208;208;207m▄[48;2;210;210;210m[38;2;212;211;211m▄[48;2;212;212;212m[38;2;212;211;211m▄[48;2;212;212;212m[38;2;212;212;211m▄[48;2;211;211;212m[38;2;210;210;210m▄[48;2;213;212;211m[38;2;211;210;211m▄[48;2;222;219;213m[38;2;211;210;211m▄[48;2;212;211;211m[38;2;210;210;211m▄[48;2;212;212;211m[38;2;209;209;209m▄[48;2;214;214;212m[38;2;213;214;213m▄[48;2;211;211;211m[38;2;210;210;210m▄[48;2;209;208;210m[38;2;209;208;208m▄[48;2;210;210;211m[38;2;211;211;209m▄[48;2;209;208;210m[38;2;209;208;209m▄[48;2;211;210;211m[38;2;209;208;208m▄[48;2;211;210;212m[38;2;213;212;212m▄[48;2;209;208;211m[38;2;209;209;210m▄[48;2;211;210;211m[38;2;210;210;210m▄[48;2;210;209;211m[38;2;209;209;210m▄[48;2;207;207;207m[38;2;207;207;207m▄[48;2;208;208;208m[38;2;208;208;206m▄[48;2;207;207;207m[38;2;207;207;205m▄[48;2;207;207;205m[38;2;205;206;204m▄[48;2;204;204;204m[38;2;204;205;204m▄[48;2;203;203;203m[38;2;203;203;204m▄[48;2;203;203;203m[38;2;202;202;202m▄[48;2;203;203;203m[38;2;203;203;203m▄[0m
[48;2;211;211;211m[38;2;210;210;210m▄[48;2;212;212;212m[38;2;211;211;211m▄[48;2;213;213;213m[38;2;211;211;211m▄[48;2;213;213;214m[38;2;212;212;212m▄[48;2;214;214;214m[38;2;213;213;213m▄[48;2;214;214;214m[38;2;213;213;213m▄[48;2;214;214;214m[38;2;214;214;214m▄[48;2;214;214;214m[38;2;214;214;214m▄[48;2;215;215;215m[38;2;214;214;214m▄[48;2;215;215;215m[38;2;214;214;214m▄[48;2;214;214;215m[38;2;214;214;214m▄[48;2;214;214;215m[38;2;214;214;214m▄[48;2;215;215;215m[38;2;215;215;215m▄[48;2;215;215;215m[38;2;215;215;215m▄[48;2;216;216;215m[38;2;215;215;215m▄[48;2;216;216;216m[38;2;215;215;215m▄[48;2;216;216;216m[38;2;215;215;215m▄[48;2;216;216;216m[38;2;214;214;214m▄[48;2;215;215;215m[38;2;214;214;214m▄[48;2;215;215;215m[38;2;215;215;215m▄[48;2;216;215;215m[38;2;215;215;215m▄[48;2;217;217;215m[38;2;214;215;215m▄[48;2;215;215;215m[38;2;215;215;215m▄[48;2;217;217;215m[38;2;214;214;215m▄[48;2;218;218;217m[38;2;214;214;214m▄[48;2;215;215;215m[38;2;215;215;215m▄[48;2;215;214;214m[38;2;215;215;215m▄[48;2;214;215;215m[38;2;214;214;215m▄[48;2;209;215;215m[38;2;214;212;213m▄[48;2;205;210;210m[38;2;213;211;212m▄[48;2;204;206;206m[38;2;213;212;212m▄[48;2;207;208;207m[38;2;213;212;212m▄[48;2;206;213;212m[38;2;213;210;212m▄[48;2;203;211;209m[38;2;212;210;211m▄[48;2;201;205;204m[38;2;211;210;210m▄[48;2;204;202;203m[38;2;211;211;211m▄[48;2;208;209;209m[38;2;211;211;211m▄[48;2;211;211;211m[38;2;210;210;210m▄[48;2;210;210;211m[38;2;210;210;210m▄[48;2;217;216;212m[38;2;211;211;210m▄[48;2;215;215;210m[38;2;220;219;213m▄[48;2;209;209;210m[38;2;211;211;210m▄[48;2;210;210;210m[38;2;210;210;210m▄[48;2;209;209;210m[38;2;209;209;210m▄[48;2;209;209;210m[38;2;209;209;209m▄[48;2;210;209;211m[38;2;208;208;209m▄[48;2;208;208;209m[38;2;211;210;211m▄[48;2;209;209;209m[38;2;213;213;213m▄[48;2;208;208;207m[38;2;207;206;208m▄[48;2;208;208;208m[38;2;211;210;209m▄[48;2;208;207;208m[38;2;212;210;209m▄[48;2;206;206;208m[38;2;207;207;207m▄[48;2;215;215;214m[38;2;206;206;206m▄[48;2;209;209;208m[38;2;207;207;207m▄[48;2;207;207;207m[38;2;210;210;210m▄[48;2;206;206;208m[38;2;207;206;207m▄[48;2;207;207;207m[38;2;207;207;207m▄[48;2;207;207;204m[38;2;207;206;206m▄[48;2;206;207;203m[38;2;206;206;205m▄[48;2;204;206;204m[38;2;203;204;205m▄[48;2;202;204;206m[38;2;201;202;205m▄[48;2;202;202;205m[38;2;201;201;204m▄[48;2;202;201;204m[38;2;202;202;203m▄[48;2;202;201;204m[38;2;202;201;203m▄[0m
[48;2;210;210;210m[38;2;210;210;210m▄[48;2;210;210;210m[38;2;210;210;210m▄[48;2;211;211;211m[38;2;211;211;211m▄[48;2;211;211;211m[38;2;211;211;211m▄[48;2;211;211;211m[38;2;211;211;211m▄[48;2;212;212;212m[38;2;211;211;211m▄[48;2;212;212;212m[38;2;210;210;210m▄[48;2;212;212;212m[38;2;211;211;211m▄[48;2;213;213;213m[38;2;212;212;212m▄[48;2;213;213;213m[38;2;212;212;213m▄[48;2;214;214;214m[38;2;212;212;213m▄[48;2;214;214;214m[38;2;213;213;213m▄[48;2;214;214;214m[38;2;213;213;213m▄[48;2;215;215;215m[38;2;213;213;213m▄[48;2;214;214;215m[38;2;213;213;213m▄[48;2;215;215;215m[38;2;213;213;213m▄[48;2;214;214;214m[38;2;213;213;213m▄[48;2;214;214;214m[38;2;213;213;213m▄[48;2;214;214;214m[38;2;213;213;213m▄[48;2;215;215;215m[38;2;213;213;213m▄[48;2;214;214;214m[38;2;213;213;213m▄[48;2;214;214;214m[38;2;213;213;213m▄[48;2;215;215;214m[38;2;213;213;213m▄[48;2;215;215;215m[38;2;213;213;213m▄[48;2;214;214;214m[38;2;213;213;213m▄[48;2;214;214;215m[38;2;213;213;213m▄[48;2;214;214;215m[38;2;213;213;213m▄[48;2;214;214;214m[38;2;213;213;214m▄[48;2;213;213;213m[38;2;213;213;214m▄[48;2;212;212;212m[38;2;213;213;213m▄[48;2;212;212;213m[38;2;213;212;213m▄[48;2;212;212;212m[38;2;212;212;212m▄[48;2;213;213;213m[38;2;211;211;211m▄[48;2;212;212;212m[38;2;217;217;216m▄[48;2;210;210;210m[38;2;215;216;214m▄[48;2;210;210;211m[38;2;210;210;211m▄[48;2;210;210;210m[38;2;210;210;211m▄[48;2;210;209;210m[38;2;210;210;211m▄[48;2;210;210;210m[38;2;210;210;211m▄[48;2;210;210;210m[38;2;210;210;210m▄[48;2;213;213;211m[38;2;209;209;209m▄[48;2;211;210;210m[38;2;210;210;210m▄[48;2;209;209;210m[38;2;209;208;209m▄[48;2;212;212;212m[38;2;210;210;210m▄[48;2;215;214;212m[38;2;212;212;210m▄[48;2;208;208;208m[38;2;207;207;207m▄[48;2;208;208;208m[38;2;207;207;208m▄[48;2;208;207;209m[38;2;207;206;207m▄[48;2;207;207;208m[38;2;209;209;209m▄[48;2;208;208;207m[38;2;207;207;207m▄[48;2;208;208;207m[38;2;206;206;206m▄[48;2;209;209;208m[38;2;205;205;205m▄[48;2;208;208;208m[38;2;208;208;208m▄[48;2;207;207;207m[38;2;209;209;209m▄[48;2;206;206;206m[38;2;203;203;205m▄[48;2;205;205;206m[38;2;204;203;204m▄[48;2;205;205;205m[38;2;204;204;204m▄[48;2;205;205;205m[38;2;203;203;203m▄[48;2;204;203;204m[38;2;202;202;202m▄[48;2;203;203;204m[38;2;202;201;202m▄[48;2;201;202;203m[38;2;203;202;203m▄[48;2;201;201;204m[38;2;202;202;203m▄[48;2;202;202;203m[38;2;202;202;203m▄[48;2;202;201;202m[38;2;202;202;202m▄[0m
[48;2;210;210;210m[38;2;211;211;211m▄[48;2;210;210;210m[38;2;212;212;213m▄[48;2;211;211;211m[38;2;212;212;212m▄[48;2;211;211;211m[38;2;213;212;213m▄[48;2;211;211;211m[38;2;213;213;214m▄[48;2;210;210;210m[38;2;213;213;213m▄[48;2;210;210;210m[38;2;214;214;214m▄[48;2;210;210;212m[38;2;214;214;214m▄[48;2;211;211;211m[38;2;214;214;214m▄[48;2;212;212;212m[38;2;214;214;214m▄[48;2;212;212;212m[38;2;214;214;215m▄[48;2;212;212;212m[38;2;215;215;215m▄[48;2;212;212;213m[38;2;215;215;215m▄[48;2;212;212;212m[38;2;215;215;215m▄[48;2;213;213;213m[38;2;215;215;215m▄[48;2;213;213;213m[38;2;215;215;215m▄[48;2;213;213;213m[38;2;215;215;215m▄[48;2;213;212;214m[38;2;215;215;215m▄[48;2;213;213;214m[38;2;215;215;215m▄[48;2;213;213;213m[38;2;214;214;214m▄[48;2;213;213;213m[38;2;214;214;214m▄[48;2;213;213;213m[38;2;215;215;215m▄[48;2;213;213;214m[38;2;212;212;213m▄[48;2;214;214;214m[38;2;209;208;209m▄[48;2;213;214;214m[38;2;205;201;203m▄[48;2;212;213;213m[38;2;201;193;195m▄[48;2;210;211;211m[38;2;198;186;188m▄[48;2;206;206;207m[38;2;194;180;182m▄[48;2;202;202;202m[38;2;192;177;178m▄[48;2;201;200;200m[38;2;190;175;176m▄[48;2;200;199;200m[38;2;188;174;175m▄[48;2;200;200;201m[38;2;188;174;176m▄[48;2;201;200;199m[38;2;189;174;176m▄[48;2;201;200;200m[38;2;188;174;175m▄[48;2;201;200;200m[38;2;188;173;174m▄[48;2;201;200;199m[38;2;188;174;174m▄[48;2;202;201;201m[38;2;188;177;177m▄[48;2;204;204;204m[38;2;191;181;181m▄[48;2;206;206;206m[38;2;193;185;187m▄[48;2;207;207;207m[38;2;197;192;193m▄[48;2;208;208;208m[38;2;202;200;199m▄[48;2;211;211;211m[38;2;204;205;205m▄[48;2;208;208;208m[38;2;208;207;208m▄[48;2;208;207;208m[38;2;209;208;209m▄[48;2;209;209;210m[38;2;211;211;210m▄[48;2;208;208;208m[38;2;209;209;209m▄[48;2;207;207;207m[38;2;208;208;209m▄[48;2;207;207;207m[38;2;210;210;211m▄[48;2;206;206;206m[38;2;209;209;210m▄[48;2;206;206;206m[38;2;207;207;208m▄[48;2;206;206;206m[38;2;209;208;208m▄[48;2;205;205;206m[38;2;211;210;209m▄[48;2;206;206;205m[38;2;208;208;208m▄[48;2;204;204;205m[38;2;206;206;206m▄[48;2;203;203;204m[38;2;206;206;206m▄[48;2;203;203;203m[38;2;205;204;207m▄[48;2;203;203;204m[38;2;204;204;205m▄[48;2;202;202;202m[38;2;203;203;203m▄[48;2;206;207;206m[38;2;211;211;211m▄[48;2;210;210;211m[38;2;216;216;216m▄[48;2;202;202;203m[38;2;203;203;204m▄[48;2;202;201;202m[38;2;202;202;201m▄[48;2;201;201;202m[38;2;201;201;201m▄[48;2;202;202;202m[38;2;201;200;201m▄[0m
[48;2;214;214;214m[38;2;216;216;216m▄[48;2;215;215;215m[38;2;216;216;216m▄[48;2;215;215;215m[38;2;216;216;216m▄[48;2;215;215;215m[38;2;216;216;216m▄[48;2;215;215;216m[38;2;216;216;216m▄[48;2;215;215;215m[38;2;216;216;216m▄[48;2;216;216;216m[38;2;216;216;216m▄[48;2;216;216;215m[38;2;216;216;216m▄[48;2;215;215;215m[38;2;216;216;216m▄[48;2;216;215;216m[38;2;216;216;216m▄[48;2;216;216;216m[38;2;217;217;217m▄[48;2;216;216;216m[38;2;216;216;216m▄[48;2;216;217;216m[38;2;216;216;216m▄[48;2;216;216;217m[38;2;217;217;218m▄[48;2;216;215;217m[38;2;217;217;218m▄[48;2;216;216;216m[38;2;217;217;217m▄[48;2;216;216;216m[38;2;216;216;216m▄[48;2;216;216;215m[38;2;216;216;216m▄[48;2;216;216;216m[38;2;216;216;216m▄[48;2;216;216;216m[38;2;216;216;216m▄[48;2;215;215;216m[38;2;217;216;217m▄[48;2;215;215;215m[38;2;216;216;216m▄[48;2;213;213;214m[38;2;217;217;217m▄[48;2;211;209;211m[38;2;217;217;217m▄[48;2;208;202;205m[38;2;217;217;217m▄[48;2;204;195;198m[38;2;217;217;217m▄[48;2;201;189;190m[38;2;216;217;216m▄[48;2;199;185;186m[38;2;216;216;216m▄[48;2;198;183;185m[38;2;215;215;215m▄[48;2;198;183;182m[38;2;215;214;215m▄[48;2;200;185;182m[38;2;217;216;215m▄[48;2;198;181;183m[38;2;215;214;214m▄[48;2;197;180;182m[38;2;214;214;214m▄[48;2;196;180;181m[38;2;213;213;213m▄[48;2;197;181;183m[38;2;214;213;214m▄[48;2;196;182;182m[38;2;215;214;215m▄[48;2;203;191;191m[38;2;215;215;215m▄[48;2;209;199;198m[38;2;218;218;217m▄[48;2;204;197;197m[38;2;216;216;217m▄[48;2;208;204;204m[38;2;215;215;216m▄[48;2;210;209;209m[38;2;215;215;214m▄[48;2;221;218;215m[38;2;224;223;217m▄[48;2;215;214;213m[38;2;217;217;216m▄[48;2;210;210;211m[38;2;213;213;213m▄[48;2;209;209;210m[38;2;217;217;215m▄[48;2;208;208;209m[38;2;215;215;213m▄[48;2;209;209;209m[38;2;211;211;211m▄[48;2;210;210;210m[38;2;210;210;210m▄[48;2;210;210;210m[38;2;210;209;210m▄[48;2;209;209;209m[38;2;209;209;210m▄[48;2;212;211;211m[38;2;209;209;209m▄[48;2;220;219;216m[38;2;209;209;209m▄[48;2;207;208;208m[38;2;209;209;210m▄[48;2;208;208;208m[38;2;209;209;209m▄[48;2;207;207;208m[38;2;208;208;209m▄[48;2;207;207;207m[38;2;208;208;208m▄[48;2;207;207;207m[38;2;208;208;208m▄[48;2;207;207;207m[38;2;208;208;208m▄[48;2;206;206;206m[38;2;207;208;208m▄[48;2;207;207;207m[38;2;207;207;207m▄[48;2;205;204;205m[38;2;207;207;207m▄[48;2;204;204;204m[38;2;207;207;207m▄[48;2;203;203;203m[38;2;206;206;206m▄[48;2;203;203;203m[38;2;206;206;206m▄[0m
[48;2;217;218;218m[38;2;221;221;221m▄[48;2;217;218;218m[38;2;221;222;222m▄[48;2;218;218;218m[38;2;222;221;221m▄[48;2;218;218;218m[38;2;222;222;222m▄[48;2;218;218;218m[38;2;222;222;222m▄[48;2;219;219;219m[38;2;222;222;222m▄[48;2;219;219;219m[38;2;222;222;222m▄[48;2;219;219;219m[38;2;221;221;221m▄[48;2;219;219;219m[38;2;222;222;222m▄[48;2;219;219;219m[38;2;222;222;222m▄[48;2;219;219;219m[38;2;223;223;223m▄[48;2;220;220;220m[38;2;223;223;223m▄[48;2;219;219;219m[38;2;222;222;222m▄[48;2;219;219;219m[38;2;222;222;222m▄[48;2;219;219;219m[38;2;222;222;222m▄[48;2;219;219;219m[38;2;222;222;222m▄[48;2;219;219;219m[38;2;222;222;222m▄[48;2;219;219;219m[38;2;222;222;222m▄[48;2;219;219;219m[38;2;222;222;222m▄[48;2;219;219;219m[38;2;222;222;222m▄[48;2;219;219;219m[38;2;222;222;222m▄[48;2;219;219;219m[38;2;222;222;222m▄[48;2;220;220;220m[38;2;222;222;222m▄[48;2;218;218;218m[38;2;221;221;221m▄[48;2;218;218;218m[38;2;221;221;221m▄[48;2;218;218;218m[38;2;221;221;221m▄[48;2;218;218;218m[38;2;221;221;221m▄[48;2;217;217;217m[38;2;220;220;220m▄[48;2;217;217;217m[38;2;218;218;218m▄[48;2;217;217;217m[38;2;219;219;219m▄[48;2;216;216;216m[38;2;218;218;218m▄[48;2;216;217;217m[38;2;218;218;218m▄[48;2;216;216;216m[38;2;217;217;217m▄[48;2;216;217;216m[38;2;217;217;217m▄[48;2;216;216;216m[38;2;217;217;217m▄[48;2;216;216;216m[38;2;217;216;216m▄[48;2;216;216;216m[38;2;217;217;217m▄[48;2;216;216;215m[38;2;216;216;216m▄[48;2;215;215;215m[38;2;216;216;216m▄[48;2;216;216;216m[38;2;216;216;216m▄[48;2;216;216;215m[38;2;216;216;216m▄[48;2;216;217;215m[38;2;216;216;216m▄[48;2;216;216;215m[38;2;216;216;216m▄[48;2;215;215;215m[38;2;216;216;216m▄[48;2;219;218;215m[38;2;216;216;216m▄[48;2;222;221;217m[38;2;214;214;215m▄[48;2;213;213;214m[38;2;215;215;215m▄[48;2;214;214;214m[38;2;215;215;215m▄[48;2;213;213;213m[38;2;215;215;215m▄[48;2;212;212;212m[38;2;215;215;215m▄[48;2;212;212;212m[38;2;214;214;214m▄[48;2;211;211;211m[38;2;214;214;214m▄[48;2;210;210;210m[38;2;212;212;212m▄[48;2;209;209;209m[38;2;211;211;211m▄[48;2;209;209;209m[38;2;211;211;211m▄[48;2;209;209;209m[38;2;211;211;211m▄[48;2;209;209;209m[38;2;210;210;210m▄[48;2;209;209;209m[38;2;209;209;209m▄[48;2;209;209;209m[38;2;209;209;209m▄[48;2;208;208;208m[38;2;210;210;210m▄[48;2;208;208;208m[38;2;210;210;210m▄[48;2;208;208;208m[38;2;209;209;209m▄[48;2;208;208;208m[38;2;208;208;208m▄[48;2;208;208;208m[38;2;208;208;208m▄[0m
