[48;2;219;219;219m[38;2;218;218;218m▄[48;2;221;221;221m[38;2;219;219;219m▄[48;2;221;221;221m[38;2;221;221;221m▄[48;2;222;222;222m[38;2;222;222;222m▄[48;2;223;223;223m[38;2;223;223;223m▄[48;2;224;224;224m[38;2;224;224;224m▄[48;2;224;224;224m[38;2;224;224;224m▄[48;2;225;225;225m[38;2;224;224;224m▄[48;2;224;224;224m[38;2;225;225;225m▄[48;2;225;225;225m[38;2;224;224;224m▄[48;2;225;225;225m[38;2;224;224;224m▄[48;2;225;225;225m[38;2;224;224;224m▄[48;2;227;227;227m[38;2;225;225;225m▄[48;2;228;228;228m[38;2;226;226;226m▄[48;2;228;228;228m[38;2;226;226;226m▄[48;2;227;227;227m[38;2;227;227;227m▄[48;2;227;227;227m[38;2;227;227;227m▄[48;2;228;228;228m[38;2;227;227;227m▄[48;2;228;228;228m[38;2;227;227;227m▄[48;2;228;228;228m[38;2;227;227;227m▄[48;2;228;228;228m[38;2;227;227;227m▄[48;2;228;228;228m[38;2;226;226;226m▄[48;2;227;227;227m[38;2;227;227;227m▄[48;2;227;227;227m[38;2;227;227;227m▄[48;2;227;227;227m[38;2;228;228;228m▄[48;2;227;227;227m[38;2;227;227;227m▄[48;2;228;228;228m[38;2;226;226;226m▄[48;2;227;227;227m[38;2;225;225;225m▄[48;2;225;225;225m[38;2;225;225;225m▄[48;2;225;225;225m[38;2;224;224;224m▄[48;2;225;225;225m[38;2;224;224;224m▄[48;2;224;224;224m[38;2;224;224;224m▄[48;2;225;225;225m[38;2;224;224;224m▄[48;2;224;224;224m[38;2;224;224;224m▄[48;2;224;224;224m[38;2;223;223;223m▄[48;2;223;223;223m[38;2;223;223;223m▄[48;2;223;223;223m[38;2;223;223;223m▄[48;2;223;223;223m[38;2;222;222;222m▄[48;2;221;221;221m[38;2;222;222;222m▄[48;2;221;221;221m[38;2;221;221;221m▄[48;2;221;221;221m[38;2;220;220;220m▄[48;2;218;218;218m[38;2;218;218;218m▄[48;2;217;217;217m[38;2;217;217;217m▄[48;2;217;217;217m[38;2;216;216;216m▄[48;2;216;216;216m[38;2;216;216;216m▄[48;2;216;216;216m[38;2;216;216;216m▄[48;2;216;216;216m[38;2;216;216;216m▄[48;2;216;216;216m[38;2;216;216;216m▄[48;2;215;215;215m[38;2;215;215;215m▄[48;2;215;215;215m[38;2;215;215;215m▄[48;2;214;214;214m[38;2;214;214;214m▄[48;2;213;213;213m[38;2;213;213;213m▄[48;2;213;213;213m[38;2;213;213;213m▄[48;2;211;211;212m[38;2;211;211;212m▄[48;2;210;210;211m[38;2;210;210;211m▄[48;2;211;211;211m[38;2;210;210;210m▄[48;2;210;210;210m[38;2;210;210;210m▄[48;2;210;210;210m[38;2;210;210;210m▄[48;2;209;209;209m[38;2;209;209;209m▄[48;2;208;208;208m[38;2;208;208;208m▄[48;2;209;209;209m[38;2;208;208;208m▄[48;2;208;208;208m[38;2;207;207;207m▄[48;2;207;207;207m[38;2;207;207;207m▄[48;2;206;206;206m[38;2;206;206;206m▄[0m
[48;2;217;217;217m[38;2;217;217;217m▄[48;2;219;219;219m[38;2;218;218;218m▄[48;2;221;221;221m[38;2;220;220;220m▄[48;2;222;222;222m[38;2;222;222;222m▄[48;2;223;223;223m[38;2;222;222;222m▄[48;2;223;223;223m[38;2;223;223;223m▄[48;2;223;223;223m[38;2;223;223;223m▄[48;2;223;223;223m[38;2;224;224;224m▄[48;2;224;224;224m[38;2;224;224;224m▄[48;2;224;224;224m[38;2;225;225;225m▄[48;2;224;224;224m[38;2;224;224;224m▄[48;2;224;224;224m[38;2;224;224;224m▄[48;2;224;224;224m[38;2;224;224;224m▄[48;2;224;224;224m[38;2;224;224;224m▄[48;2;225;225;225m[38;2;224;224;224m▄[48;2;226;226;226m[38;2;224;224;224m▄[48;2;227;227;227m[38;2;225;225;225m▄[48;2;227;227;227m[38;2;226;226;226m▄[48;2;227;227;227m[38;2;227;227;227m▄[48;2;227;227;227m[38;2;227;227;227m▄[48;2;227;227;227m[38;2;227;227;227m▄[48;2;227;227;227m[38;2;226;226;226m▄[48;2;227;227;227m[38;2;227;227;227m▄[48;2;227;227;227m[38;2;225;225;225m▄[48;2;226;226;226m[38;2;224;224;224m▄[48;2;225;225;225m[38;2;225;225;225m▄[48;2;225;225;225m[38;2;225;225;225m▄[48;2;225;225;225m[38;2;224;224;224m▄[48;2;223;224;223m[38;2;232;229;233m▄[48;2;222;223;222m[38;2;234;230;234m▄[48;2;223;224;223m[38;2;229;227;228m▄[48;2;224;224;224m[38;2;223;224;223m▄[48;2;223;223;223m[38;2;224;224;224m▄[48;2;224;224;224m[38;2;222;222;222m▄[48;2;222;223;222m[38;2;228;226;228m▄[48;2;221;222;221m[38;2;231;227;232m▄[48;2;223;223;223m[38;2;223;223;223m▄[48;2;222;222;222m[38;2;222;222;222m▄[48;2;221;221;221m[38;2;221;221;221m▄[48;2;221;221;221m[38;2;220;220;220m▄[48;2;219;219;219m[38;2;219;219;219m▄[48;2;218;218;218m[38;2;218;218;218m▄[48;2;217;217;217m[38;2;216;216;216m▄[48;2;216;216;216m[38;2;217;217;217m▄[48;2;216;216;216m[38;2;216;216;216m▄[48;2;216;216;216m[38;2;216;216;216m▄[48;2;216;216;216m[38;2;216;216;216m▄[48;2;215;215;215m[38;2;215;215;215m▄[48;2;215;215;215m[38;2;215;215;215m▄[48;2;214;214;214m[38;2;215;215;215m▄[48;2;214;214;214m[38;2;214;214;214m▄[48;2;213;213;213m[38;2;213;213;213m▄[48;2;213;213;213m[38;2;213;213;213m▄[48;2;212;212;212m[38;2;211;211;211m▄[48;2;211;211;211m[38;2;211;211;211m▄[48;2;211;211;211m[38;2;210;210;210m▄[48;2;210;210;210m[38;2;210;210;210m▄[48;2;210;210;210m[38;2;209;209;209m▄[48;2;210;210;210m[38;2;209;209;209m▄[48;2;208;208;208m[38;2;208;208;208m▄[48;2;208;208;208m[38;2;208;208;208m▄[48;2;208;208;208m[38;2;208;208;208m▄[48;2;207;207;207m[38;2;207;207;207m▄[48;2;207;207;207m[38;2;207;207;207m▄[0m
[48;2;218;218;218m[38;2;217;217;217m▄[48;2;218;218;218m[38;2;218;218;218m▄[48;2;220;220;220m[38;2;220;220;220m▄[48;2;221;221;221m[38;2;221;221;221m▄[48;2;222;222;222m[38;2;221;221;221m▄[48;2;223;223;223m[38;2;222;222;222m▄[48;2;223;223;223m[38;2;223;223;223m▄[48;2;223;223;223m[38;2;223;223;223m▄[48;2;224;224;224m[38;2;224;224;224m▄[48;2;224;224;224m[38;2;224;224;224m▄[48;2;225;225;225m[38;2;224;224;224m▄[48;2;225;225;225m[38;2;225;225;225m▄[48;2;225;225;225m[38;2;225;225;225m▄[48;2;224;224;224m[38;2;224;224;224m▄[48;2;224;224;224m[38;2;225;225;225m▄[48;2;224;224;224m[38;2;225;225;225m▄[48;2;224;224;224m[38;2;224;224;224m▄[48;2;225;225;225m[38;2;225;225;225m▄[48;2;225;225;225m[38;2;225;225;225m▄[48;2;225;225;225m[38;2;224;224;224m▄[48;2;225;225;225m[38;2;224;224;224m▄[48;2;224;224;224m[38;2;225;225;225m▄[48;2;224;224;224m[38;2;224;224;224m▄[48;2;224;224;224m[38;2;224;224;224m▄[48;2;225;225;225m[38;2;225;225;225m▄[48;2;225;225;225m[38;2;224;224;224m▄[48;2;224;224;224m[38;2;225;225;225m▄[48;2;226;225;226m[38;2;222;223;224m▄[48;2;183;201;179m[38;2;138;182;121m▄[48;2;175;198;174m[38;2;147;192;102m▄[48;2;207;214;209m[38;2;135;181;103m▄[48;2;231;228;232m[38;2;165;191;161m▄[48;2;222;222;221m[38;2;234;230;235m▄[48;2;231;228;231m[38;2;203;211;204m▄[48;2;199;209;199m[38;2;125;175;96m▄[48;2;177;198;172m[38;2;110;166;83m▄[48;2;223;223;223m[38;2;208;212;210m▄[48;2;222;222;222m[38;2;222;222;222m▄[48;2;221;221;221m[38;2;221;221;221m▄[48;2;220;220;220m[38;2;220;220;220m▄[48;2;219;219;219m[38;2;218;218;218m▄[48;2;217;217;217m[38;2;218;218;218m▄[48;2;217;217;217m[38;2;217;217;217m▄[48;2;217;217;217m[38;2;216;216;216m▄[48;2;217;217;217m[38;2;216;216;216m▄[48;2;216;216;216m[38;2;217;216;216m▄[48;2;215;215;215m[38;2;215;215;215m▄[48;2;215;215;215m[38;2;215;215;215m▄[48;2;215;215;215m[38;2;215;215;215m▄[48;2;215;215;215m[38;2;214;214;214m▄[48;2;214;213;214m[38;2;214;214;214m▄[48;2;213;213;213m[38;2;213;213;213m▄[48;2;212;212;212m[38;2;211;211;211m▄[48;2;212;212;212m[38;2;211;211;211m▄[48;2;211;211;211m[38;2;211;211;211m▄[48;2;210;210;210m[38;2;210;210;210m▄[48;2;210;210;210m[38;2;210;210;210m▄[48;2;210;210;210m[38;2;210;209;210m▄[48;2;209;208;209m[38;2;209;209;210m▄[48;2;209;209;209m[38;2;209;209;209m▄[48;2;209;209;209m[38;2;208;208;208m▄[48;2;208;208;208m[38;2;207;207;207m▄[48;2;207;207;207m[38;2;207;207;207m▄[48;2;206;206;206m[38;2;206;206;206m▄[0m
[48;2;217;217;217m[38;2;217;217;217m▄[48;2;218;218;218m[38;2;217;218;217m▄[48;2;219;219;219m[38;2;217;217;217m▄[48;2;220;220;221m[38;2;219;219;219m▄[48;2;221;221;221m[38;2;221;221;221m▄[48;2;222;222;222m[38;2;222;222;222m▄[48;2;223;223;223m[38;2;222;222;222m▄[48;2;223;223;223m[38;2;223;223;223m▄[48;2;223;223;223m[38;2;223;223;223m▄[48;2;224;224;224m[38;2;223;223;223m▄[48;2;224;224;224m[38;2;224;224;224m▄[48;2;224;224;224m[38;2;224;224;224m▄[48;2;224;224;224m[38;2;224;224;224m▄[48;2;225;225;225m[38;2;224;224;224m▄[48;2;225;225;225m[38;2;224;224;224m▄[48;2;225;225;225m[38;2;224;224;224m▄[48;2;225;225;225m[38;2;224;224;224m▄[48;2;224;224;224m[38;2;225;225;225m▄[48;2;224;224;224m[38;2;225;225;225m▄[48;2;224;224;224m[38;2;224;224;224m▄[48;2;224;224;224m[38;2;224;224;224m▄[48;2;224;224;224m[38;2;224;224;224m▄[48;2;225;225;225m[38;2;224;224;224m▄[48;2;225;225;225m[38;2;225;225;225m▄[48;2;225;225;225m[38;2;225;225;225m▄[48;2;225;225;225m[38;2;224;224;224m▄[48;2;223;224;223m[38;2;224;224;224m▄[48;2;230;227;232m[38;2;231;228;230m▄[48;2;155;187;146m[38;2;197;209;200m▄[48;2;146;190;86m[38;2;124;177;93m▄[48;2;143;189;84m[38;2;130;183;77m▄[48;2;124;177;79m[38;2;122;174;77m▄[48;2;183;199;183m[38;2;113;165;88m▄[48;2;139;177;123m[38;2;106;158;92m▄[48;2;124;170;99m[38;2;167;187;166m▄[48;2;198;202;199m[38;2;167;187;161m▄[48;2;220;216;221m[38;2;164;186;160m▄[48;2;223;221;223m[38;2;197;205;199m▄[48;2;219;219;218m[38;2;228;224;229m▄[48;2;219;219;219m[38;2;220;219;220m▄[48;2;218;218;218m[38;2;217;217;217m▄[48;2;217;217;217m[38;2;217;217;217m▄[48;2;216;216;216m[38;2;217;217;217m▄[48;2;216;216;216m[38;2;217;217;217m▄[48;2;217;217;217m[38;2;217;217;217m▄[48;2;216;216;216m[38;2;216;216;216m▄[48;2;215;215;215m[38;2;215;215;215m▄[48;2;215;215;215m[38;2;215;215;215m▄[48;2;215;215;215m[38;2;214;214;214m▄[48;2;215;215;215m[38;2;214;214;214m▄[48;2;214;214;214m[38;2;213;213;213m▄[48;2;212;212;212m[38;2;213;213;213m▄[48;2;212;212;212m[38;2;212;212;212m▄[48;2;211;211;211m[38;2;211;211;211m▄[48;2;211;211;211m[38;2;211;211;211m▄[48;2;210;210;210m[38;2;211;211;211m▄[48;2;210;210;210m[38;2;211;211;211m▄[48;2;210;210;209m[38;2;209;209;209m▄[48;2;209;209;208m[38;2;208;208;208m▄[48;2;208;208;208m[38;2;208;208;208m▄[48;2;208;208;208m[38;2;208;208;208m▄[48;2;208;208;208m[38;2;208;208;208m▄[48;2;207;207;207m[38;2;207;207;207m▄[48;2;206;205;207m[38;2;205;205;206m▄[0m
[48;2;216;216;216m[38;2;216;216;216m▄[48;2;217;217;217m[38;2;216;216;216m▄[48;2;217;217;217m[38;2;217;217;217m▄[48;2;218;218;217m[38;2;218;218;218m▄[48;2;220;220;220m[38;2;218;218;218m▄[48;2;221;221;221m[38;2;220;220;220m▄[48;2;221;221;221m[38;2;221;221;221m▄[48;2;222;222;222m[38;2;221;221;221m▄[48;2;223;223;223m[38;2;222;222;222m▄[48;2;223;223;223m[38;2;223;223;223m▄[48;2;223;223;223m[38;2;223;223;223m▄[48;2;224;224;224m[38;2;223;223;223m▄[48;2;224;224;224m[38;2;223;223;223m▄[48;2;225;225;225m[38;2;224;224;224m▄[48;2;224;224;224m[38;2;224;224;224m▄[48;2;224;224;224m[38;2;224;224;224m▄[48;2;224;224;224m[38;2;224;224;224m▄[48;2;225;225;225m[38;2;224;224;224m▄[48;2;225;225;225m[38;2;224;224;224m▄[48;2;224;224;224m[38;2;224;224;224m▄[48;2;225;225;225m[38;2;225;225;225m▄[48;2;225;225;225m[38;2;224;224;224m▄[48;2;224;224;224m[38;2;224;224;224m▄[48;2;224;224;224m[38;2;223;223;223m▄[48;2;224;224;224m[38;2;223;223;223m▄[48;2;224;224;224m[38;2;224;223;223m▄[48;2;224;224;224m[38;2;224;228;228m▄[48;2;223;230;228m[38;2;220;183;189m▄[48;2;228;219;224m[38;2;225;143;152m▄[48;2;180;178;165m[38;2;237;143;157m▄[48;2;120;164;92m[38;2;221;140;153m▄[48;2;97;166;78m[38;2;184;141;136m▄[48;2;70;144;57m[38;2;165;143;121m▄[48;2;86;150;78m[38;2;94;147;74m▄[48;2;114;169;89m[38;2;90;164;66m▄[48;2;126;179;83m[38;2;117;178;73m▄[48;2;142;189;97m[38;2;136;189;76m▄[48;2;139;183;107m[38;2;129;181;70m▄[48;2;158;186;150m[38;2;122;166;106m▄[48;2;218;218;219m[38;2;210;211;211m▄[48;2;218;218;217m[38;2;217;217;216m▄[48;2;217;217;217m[38;2;216;216;216m▄[48;2;216;216;216m[38;2;216;216;216m▄[48;2;216;216;216m[38;2;217;217;217m▄[48;2;216;216;216m[38;2;216;216;216m▄[48;2;216;216;216m[38;2;215;215;215m▄[48;2;215;215;215m[38;2;215;215;215m▄[48;2;214;214;215m[38;2;214;214;215m▄[48;2;214;214;214m[38;2;214;214;214m▄[48;2;213;213;213m[38;2;213;213;213m▄[48;2;213;213;213m[38;2;213;213;213m▄[48;2;212;212;212m[38;2;212;212;212m▄[48;2;211;211;211m[38;2;211;211;211m▄[48;2;210;210;210m[38;2;210;210;210m▄[48;2;211;211;211m[38;2;210;210;210m▄[48;2;211;211;211m[38;2;211;211;211m▄[48;2;211;211;211m[38;2;210;210;210m▄[48;2;209;209;209m[38;2;209;209;209m▄[48;2;209;209;209m[38;2;208;208;208m▄[48;2;208;208;208m[38;2;208;208;208m▄[48;2;208;208;208m[38;2;207;207;208m▄[48;2;207;207;207m[38;2;207;207;207m▄[48;2;207;207;207m[38;2;207;207;207m▄[48;2;205;205;206m[38;2;206;205;207m▄[0m
[48;2;216;216;216m[38;2;216;216;216m▄[48;2;216;216;216m[38;2;216;216;216m▄[48;2;216;216;216m[38;2;216;216;216m▄[48;2;217;217;217m[38;2;217;217;217m▄[48;2;218;218;218m[38;2;217;217;217m▄[48;2;219;219;219m[38;2;218;218;217m▄[48;2;220;220;220m[38;2;219;219;219m▄[48;2;221;221;222m[38;2;220;220;221m▄[48;2;221;221;221m[38;2;221;220;221m▄[48;2;222;222;222m[38;2;221;221;221m▄[48;2;223;223;223m[38;2;222;222;222m▄[48;2;223;223;223m[38;2;222;222;222m▄[48;2;223;223;223m[38;2;222;222;222m▄[48;2;223;223;223m[38;2;222;222;222m▄[48;2;224;224;224m[38;2;223;223;223m▄[48;2;224;224;224m[38;2;223;223;223m▄[48;2;223;223;223m[38;2;223;223;223m▄[48;2;223;223;223m[38;2;223;223;223m▄[48;2;224;224;224m[38;2;224;224;224m▄[48;2;224;224;224m[38;2;223;223;223m▄[48;2;224;224;224m[38;2;223;223;223m▄[48;2;224;224;224m[38;2;223;223;223m▄[48;2;224;224;224m[38;2;223;223;223m▄[48;2;224;224;224m[38;2;223;223;223m▄[48;2;224;223;223m[38;2;223;221;221m▄[48;2;224;228;228m[38;2;225;235;233m▄[48;2;219;200;203m[38;2;210;159;166m▄[48;2;227;132;142m[38;2;219;120;132m▄[48;2;238;140;151m[38;2;225;133;145m▄[48;2;238;141;151m[38;2;220;116;130m▄[48;2;229;129;140m[38;2;219;128;138m▄[48;2;234;145;157m[38;2;241;167;174m▄[48;2;253;164;179m[38;2;236;154;163m▄[48;2;206;126;131m[38;2;232;136;148m▄[48;2;155;151;114m[38;2;242;142;159m▄[48;2;139;159;96m[38;2;242;150;164m▄[48;2;131;160;99m[38;2;209;149;163m▄[48;2;149;176;145m[38;2;206;210;214m▄[48;2;198;197;200m[38;2;207;205;205m▄[48;2;209;208;209m[38;2;213;213;212m▄[48;2;215;215;215m[38;2;216;216;216m▄[48;2;217;217;217m[38;2;216;216;216m▄[48;2;217;217;217m[38;2;216;216;217m▄[48;2;216;216;217m[38;2;216;215;216m▄[48;2;215;215;215m[38;2;216;215;215m▄[48;2;215;215;215m[38;2;215;215;215m▄[48;2;215;215;215m[38;2;214;214;214m▄[48;2;214;214;214m[38;2;214;214;214m▄[48;2;214;214;214m[38;2;214;214;214m▄[48;2;214;214;214m[38;2;213;213;213m▄[48;2;214;214;214m[38;2;213;213;213m▄[48;2;212;212;212m[38;2;212;212;212m▄[48;2;211;211;211m[38;2;211;211;211m▄[48;2;210;210;210m[38;2;210;210;210m▄[48;2;210;210;210m[38;2;211;211;211m▄[48;2;210;211;211m[38;2;210;210;210m▄[48;2;209;210;210m[38;2;209;209;209m▄[48;2;208;208;209m[38;2;209;209;209m▄[48;2;209;209;209m[38;2;209;209;209m▄[48;2;208;208;208m[38;2;208;208;208m▄[48;2;208;207;209m[38;2;208;208;207m▄[48;2;207;207;207m[38;2;207;207;207m▄[48;2;207;207;207m[38;2;207;207;207m▄[48;2;206;206;206m[38;2;205;205;205m▄[0m
[48;2;216;216;216m[38;2;216;216;216m▄[48;2;216;216;216m[38;2;216;216;216m▄[48;2;216;216;216m[38;2;216;216;216m▄[48;2;216;216;216m[38;2;216;216;216m▄[48;2;217;217;217m[38;2;216;216;216m▄[48;2;217;217;217m[38;2;217;217;217m▄[48;2;218;218;218m[38;2;217;217;217m▄[48;2;219;219;219m[38;2;217;217;217m▄[48;2;219;219;219m[38;2;218;218;218m▄[48;2;220;220;220m[38;2;219;219;219m▄[48;2;221;221;221m[38;2;220;220;220m▄[48;2;221;221;221m[38;2;220;220;220m▄[48;2;221;221;221m[38;2;220;220;220m▄[48;2;221;221;222m[38;2;221;221;221m▄[48;2;222;222;222m[38;2;221;221;222m▄[48;2;222;222;222m[38;2;221;221;221m▄[48;2;222;222;222m[38;2;222;222;222m▄[48;2;223;223;223m[38;2;222;222;222m▄[48;2;223;223;223m[38;2;222;222;222m▄[48;2;223;223;223m[38;2;222;222;222m▄[48;2;223;223;223m[38;2;222;222;223m▄[48;2;223;223;223m[38;2;222;222;222m▄[48;2;223;223;223m[38;2;222;222;222m▄[48;2;223;222;222m[38;2;223;221;222m▄[48;2;225;229;228m[38;2;223;228;227m▄[48;2;215;195;199m[38;2;209;144;156m▄[48;2;217;126;139m[38;2;232;124;138m▄[48;2;232;131;147m[38;2;231;121;136m▄[48;2;234;131;144m[38;2;213;92;110m▄[48;2;219;134;147m[38;2;213;149;158m▄[48;2;220;160;168m[38;2;255;255;255m▄[48;2;228;132;144m[38;2;224;177;184m▄[48;2;244;161;170m[38;2;221;130;142m▄[48;2;230;142;152m[38;2;226;135;145m▄[48;2;226;135;145m[38;2;226;141;150m▄[48;2;240;165;171m[38;2;219;130;142m▄[48;2;205;103;117m[38;2;222;103;120m▄[48;2;203;170;174m[38;2;208;126;139m▄[48;2;216;222;221m[38;2;212;216;216m▄[48;2;217;215;216m[38;2;217;215;213m▄[48;2;216;217;218m[38;2;215;211;204m▄[48;2;216;217;217m[38;2;214;206;195m▄[48;2;216;215;213m[38;2;213;204;191m▄[48;2;216;217;218m[38;2;212;200;183m▄[48;2;216;217;218m[38;2;214;209;203m▄[48;2;215;215;214m[38;2;216;217;218m▄[48;2;215;215;215m[38;2;215;214;214m▄[48;2;214;215;214m[38;2;214;214;214m▄[48;2;213;213;213m[38;2;213;213;213m▄[48;2;213;213;213m[38;2;213;213;213m▄[48;2;212;212;212m[38;2;213;213;213m▄[48;2;211;211;211m[38;2;211;211;211m▄[48;2;211;211;211m[38;2;211;211;211m▄[48;2;211;211;211m[38;2;211;211;211m▄[48;2;210;210;210m[38;2;211;211;211m▄[48;2;209;210;210m[38;2;209;209;209m▄[48;2;208;208;208m[38;2;208;208;208m▄[48;2;208;208;208m[38;2;209;209;209m▄[48;2;208;208;209m[38;2;209;209;209m▄[48;2;208;208;208m[38;2;208;208;208m▄[48;2;207;207;207m[38;2;207;207;207m▄[48;2;207;207;207m[38;2;207;207;207m▄[48;2;206;206;206m[38;2;206;206;206m▄[48;2;205;205;205m[38;2;204;204;204m▄[0m
[48;2;215;215;215m[38;2;215;215;215m▄[48;2;216;216;216m[38;2;215;215;215m▄[48;2;216;216;216m[38;2;215;215;215m▄[48;2;216;216;216m[38;2;216;216;216m▄[48;2;216;216;216m[38;2;216;216;216m▄[48;2;216;216;216m[38;2;216;216;216m▄[48;2;217;217;217m[38;2;216;216;216m▄[48;2;217;217;217m[38;2;216;216;216m▄[48;2;217;217;217m[38;2;217;217;217m▄[48;2;218;218;218m[38;2;217;217;217m▄[48;2;218;218;218m[38;2;218;218;218m▄[48;2;218;218;218m[38;2;218;218;218m▄[48;2;218;218;218m[38;2;218;218;218m▄[48;2;220;220;220m[38;2;219;219;219m▄[48;2;221;221;221m[38;2;220;220;220m▄[48;2;220;220;220m[38;2;220;220;220m▄[48;2;221;221;221m[38;2;221;221;221m▄[48;2;221;221;221m[38;2;220;220;220m▄[48;2;222;222;222m[38;2;220;220;220m▄[48;2;222;221;222m[38;2;221;221;221m▄[48;2;221;221;222m[38;2;220;220;220m▄[48;2;221;221;221m[38;2;220;220;220m▄[48;2;222;222;222m[38;2;221;220;220m▄[48;2;222;221;221m[38;2;220;218;219m▄[48;2;221;226;226m[38;2;223;230;229m▄[48;2;205;131;145m[38;2;206;162;171m▄[48;2;230;115;130m[38;2;203;84;105m▄[48;2;212;105;124m[38;2;219;114;130m▄[48;2;209;97;117m[38;2;217;99;118m▄[48;2;200;93;111m[38;2;219;108;125m▄[48;2;228;190;198m[38;2;212;103;120m▄[48;2;255;255;255m[38;2;214;154;166m▄[48;2;240;221;224m[38;2;250;250;251m▄[48;2;207;126;141m[38;2;218;158;170m▄[48;2;206;97;115m[38;2;225;105;122m▄[48;2;220;111;127m[38;2;233;129;142m▄[48;2;232;118;133m[38;2;223;103;121m▄[48;2;206;113;129m[38;2;193;133;145m▄[48;2;204;205;206m[38;2;204;210;209m▄[48;2;215;212;207m[38;2;216;213;215m▄[48;2;215;212;207m[38;2;216;217;218m▄[48;2;215;214;214m[38;2;215;215;215m▄[48;2;215;216;218m[38;2;214;213;211m▄[48;2;213;212;210m[38;2;216;220;225m▄[48;2;208;193;172m[38;2;209;200;189m▄[48;2;214;212;209m[38;2;209;200;188m▄[48;2;214;215;215m[38;2;214;216;219m▄[48;2;213;213;213m[38;2;213;213;213m▄[48;2;213;212;213m[38;2;212;212;212m▄[48;2;212;212;212m[38;2;211;211;211m▄[48;2;211;211;211m[38;2;211;211;211m▄[48;2;210;210;210m[38;2;211;211;211m▄[48;2;211;211;211m[38;2;211;211;211m▄[48;2;211;211;211m[38;2;210;210;210m▄[48;2;210;210;210m[38;2;209;209;209m▄[48;2;210;210;210m[38;2;209;209;209m▄[48;2;209;209;209m[38;2;209;209;209m▄[48;2;209;209;209m[38;2;209;209;208m▄[48;2;208;208;208m[38;2;208;208;208m▄[48;2;207;207;207m[38;2;207;207;207m▄[48;2;207;207;207m[38;2;207;207;207m▄[48;2;207;207;207m[38;2;206;206;206m▄[48;2;205;205;205m[38;2;204;204;204m▄[48;2;204;204;204m[38;2;204;204;204m▄[0m
[48;2;215;215;215m[38;2;215;215;215m▄[48;2;215;215;215m[38;2;215;215;215m▄[48;2;215;215;215m[38;2;216;216;215m▄[48;2;216;216;216m[38;2;215;215;215m▄[48;2;216;216;217m[38;2;216;215;217m▄[48;2;217;217;217m[38;2;216;216;216m▄[48;2;217;217;217m[38;2;216;216;216m▄[48;2;216;216;216m[38;2;216;216;216m▄[48;2;216;216;216m[38;2;216;216;216m▄[48;2;216;216;216m[38;2;216;216;216m▄[48;2;216;216;216m[38;2;216;216;216m▄[48;2;217;217;217m[38;2;217;217;217m▄[48;2;217;217;217m[38;2;217;217;217m▄[48;2;217;217;217m[38;2;217;217;217m▄[48;2;218;218;218m[38;2;217;217;217m▄[48;2;219;219;219m[38;2;217;217;217m▄[48;2;219;219;219m[38;2;217;218;218m▄[48;2;219;219;219m[38;2;218;217;217m▄[48;2;219;219;219m[38;2;218;217;217m▄[48;2;219;217;218m[38;2;218;225;224m▄[48;2;219;218;219m[38;2;217;221;220m▄[48;2;219;220;221m[38;2;218;213;213m▄[48;2;219;222;221m[38;2;218;208;208m▄[48;2;219;222;221m[38;2;218;207;208m▄[48;2;220;219;219m[38;2;217;217;217m▄[48;2;218;220;220m[38;2;222;235;233m▄[48;2;194;121;137m[38;2;204;169;178m▄[48;2;226;108;125m[38;2;214;92;111m▄[48;2;215;95;115m[38;2;224;109;125m▄[48;2;214;104;123m[38;2;206;94;114m▄[48;2;232;128;141m[38;2;232;129;141m▄[48;2;220;107;123m[38;2;226;117;132m▄[48;2;203;107;125m[38;2;201;78;99m▄[48;2;197;86;107m[38;2;211;88;109m▄[48;2;215;101;120m[38;2;211;94;114m▄[48;2;210;91;111m[38;2;207;74;98m▄[48;2;191;102;120m[38;2;186;134;145m▄[48;2;192;191;192m[38;2;200;214;212m▄[48;2;207;211;212m[38;2;213;192;192m▄[48;2;216;222;221m[38;2;217;185;186m▄[48;2;216;216;215m[38;2;216;215;216m▄[48;2;215;215;215m[38;2;216;216;215m▄[48;2;217;219;223m[38;2;201;189;169m▄[48;2;214;210;207m[38;2;199;182;158m▄[48;2;202;186;160m[38;2;212;207;200m▄[48;2;210;208;203m[38;2;210;208;206m▄[48;2;212;213;214m[38;2;209;207;205m▄[48;2;212;211;212m[38;2;212;212;213m▄[48;2;211;211;212m[38;2;211;211;211m▄[48;2;211;211;211m[38;2;211;211;211m▄[48;2;211;211;211m[38;2;211;211;211m▄[48;2;211;211;211m[38;2;211;211;211m▄[48;2;210;210;210m[38;2;211;211;211m▄[48;2;210;210;210m[38;2;209;209;209m▄[48;2;209;209;209m[38;2;209;209;209m▄[48;2;209;209;209m[38;2;209;209;210m▄[48;2;208;208;209m[38;2;208;208;209m▄[48;2;208;208;208m[38;2;208;208;208m▄[48;2;208;208;208m[38;2;207;207;207m▄[48;2;207;207;207m[38;2;207;207;207m▄[48;2;207;207;207m[38;2;206;206;206m▄[48;2;206;206;206m[38;2;205;205;205m▄[48;2;204;204;204m[38;2;204;204;204m▄[48;2;204;204;204m[38;2;204;204;204m▄[0m
[48;2;214;214;214m[38;2;213;213;213m▄[48;2;215;215;215m[38;2;215;215;215m▄[48;2;216;216;216m[38;2;215;215;215m▄[48;2;215;215;215m[38;2;215;215;215m▄[48;2;216;216;216m[38;2;215;215;216m▄[48;2;216;216;216m[38;2;215;215;216m▄[48;2;216;216;216m[38;2;215;215;215m▄[48;2;216;216;216m[38;2;216;216;216m▄[48;2;216;216;216m[38;2;216;216;216m▄[48;2;217;217;217m[38;2;217;217;217m▄[48;2;216;216;216m[38;2;217;217;217m▄[48;2;216;216;216m[38;2;216;216;216m▄[48;2;216;216;216m[38;2;217;217;217m▄[48;2;216;216;216m[38;2;217;217;217m▄[48;2;217;217;217m[38;2;217;217;217m▄[48;2;216;217;217m[38;2;216;216;216m▄[48;2;216;216;216m[38;2;217;218;218m▄[48;2;217;219;219m[38;2;217;215;215m▄[48;2;217;220;220m[38;2;214;141;150m▄[48;2;215;181;184m[38;2;232;169;176m▄[48;2;222;161;165m[38;2;225;153;160m▄[48;2;226;153;159m[38;2;222;133;143m▄[48;2;227;153;161m[38;2;220;127;137m▄[48;2;231;162;167m[38;2;220;125;137m▄[48;2;224;153;158m[38;2;238;177;185m▄[48;2;219;185;188m[38;2;227;140;149m▄[48;2;216;220;221m[38;2;217;198;199m▄[48;2;194;113;129m[38;2;213;220;221m▄[48;2;215;88;109m[38;2;194;150;161m▄[48;2;205;80;103m[38;2;192;124;141m▄[48;2;211;101;118m[38;2;188;133;144m▄[48;2;192;101;117m[38;2;222;152;157m▄[48;2;202;104;121m[38;2;223;152;157m▄[48;2;215;90;112m[38;2;192;125;138m▄[48;2;213;78;103m[38;2;187;134;147m▄[48;2;191;91;111m[38;2;190;188;191m▄[48;2;191;191;192m[38;2;199;201;200m▄[48;2;206;178;179m[38;2;220;141;148m▄[48;2;231;154;159m[38;2;237;176;185m▄[48;2;235;159;163m[38;2;222;144;154m▄[48;2;218;173;176m[38;2;212;155;156m▄[48;2;199;196;175m[38;2;205;203;198m▄[48;2;207;199;188m[38;2;225;159;169m▄[48;2;214;212;216m[38;2;226;147;154m▄[48;2;214;219;221m[38;2;210;188;187m▄[48;2;203;195;183m[38;2;207;207;201m▄[48;2;209;208;206m[38;2;210;210;211m▄[48;2;211;212;212m[38;2;210;210;210m▄[48;2;211;211;211m[38;2;211;211;211m▄[48;2;211;211;211m[38;2;211;211;211m▄[48;2;211;211;211m[38;2;211;211;211m▄[48;2;210;210;210m[38;2;210;210;210m▄[48;2;210;210;210m[38;2;209;209;209m▄[48;2;209;209;209m[38;2;208;208;208m▄[48;2;209;209;209m[38;2;208;208;208m▄[48;2;208;208;209m[38;2;208;208;208m▄[48;2;208;208;208m[38;2;208;208;208m▄[48;2;207;207;208m[38;2;208;207;208m▄[48;2;207;207;207m[38;2;207;207;207m▄[48;2;207;207;207m[38;2;206;206;206m▄[48;2;207;207;207m[38;2;205;205;205m▄[48;2;205;205;205m[38;2;204;204;204m▄[48;2;203;203;203m[38;2;203;203;203m▄[48;2;203;203;203m[38;2;203;203;203m▄[0m
[48;2;214;214;214m[38;2;213;213;213m▄[48;2;214;214;214m[38;2;214;214;214m▄[48;2;215;215;215m[38;2;214;214;214m▄[48;2;215;215;215m[38;2;214;214;214m▄[48;2;215;215;215m[38;2;215;215;215m▄[48;2;215;215;215m[38;2;215;215;215m▄[48;2;216;216;216m[38;2;215;215;215m▄[48;2;216;216;216m[38;2;216;216;216m▄[48;2;216;216;216m[38;2;216;216;216m▄[48;2;216;216;216m[38;2;216;216;216m▄[48;2;216;216;216m[38;2;216;216;216m▄[48;2;216;216;216m[38;2;217;217;217m▄[48;2;217;217;217m[38;2;216;216;216m▄[48;2;217;217;217m[38;2;216;216;216m▄[48;2;217;217;217m[38;2;217;217;217m▄[48;2;217;215;215m[38;2;217;215;216m▄[48;2;217;225;224m[38;2;218;222;222m▄[48;2;209;151;159m[38;2;200;122;133m▄[48;2;238;190;194m[38;2;235;183;191m▄[48;2;223;168;172m[38;2;199;106;120m▄[48;2;201;83;97m[38;2;210;127;139m▄[48;2;240;176;183m[38;2;236;178;186m▄[48;2;225;148;157m[38;2;189;92;107m▄[48;2;197;117;125m[38;2;204;128;139m▄[48;2;226;158;167m[38;2;241;189;196m▄[48;2;238;174;181m[38;2;205;114;128m▄[48;2;203;153;159m[38;2;203;107;121m▄[48;2;211;201;204m[38;2;220;148;158m▄[48;2;210;199;200m[38;2;215;131;144m▄[48;2;204;216;214m[38;2;209;130;142m▄[48;2;207;173;175m[38;2;201;120;132m▄[48;2;226;140;150m[38;2;213;120;132m▄[48;2;223;137;147m[38;2;198;115;126m▄[48;2;202;185;185m[38;2;199;133;143m▄[48;2;197;195;195m[38;2;220;135;148m▄[48;2;202;193;195m[38;2;217;141;150m▄[48;2;205;171;175m[38;2;200;107;119m▄[48;2;230;153;163m[38;2;237;177;185m▄[48;2;225;166;173m[38;2;216;150;158m▄[48;2;207;103;116m[38;2;215;130;142m▄[48;2;201;164;168m[38;2;208;134;143m▄[48;2;205;191;192m[38;2;197;132;141m▄[48;2;219;129;139m[38;2;214;122;134m▄[48;2;226;141;150m[38;2;202;109;120m▄[48;2;206;157;163m[38;2;198;194;193m▄[48;2;210;220;220m[38;2;206;208;209m▄[48;2;210;209;209m[38;2;211;211;211m▄[48;2;210;210;210m[38;2;211;211;211m▄[48;2;210;210;209m[38;2;211;211;210m▄[48;2;211;211;210m[38;2;210;211;210m▄[48;2;210;210;210m[38;2;208;210;211m▄[48;2;209;209;210m[38;2;210;209;214m▄[48;2;209;208;210m[38;2;209;208;212m▄[48;2;208;208;208m[38;2;209;209;210m▄[48;2;209;209;209m[38;2;209;209;208m▄[48;2;208;208;208m[38;2;208;208;207m▄[48;2;208;208;207m[38;2;208;208;205m▄[48;2;207;207;207m[38;2;207;207;204m▄[48;2;207;207;207m[38;2;207;207;204m▄[48;2;206;206;206m[38;2;205;204;204m▄[48;2;204;204;204m[38;2;203;203;204m▄[48;2;204;204;204m[38;2;203;203;203m▄[48;2;203;203;203m[38;2;203;203;203m▄[48;2;203;203;203m[38;2;203;203;203m▄[0m
[48;2;211;211;211m[38;2;211;211;211m▄[48;2;213;212;213m[38;2;212;212;212m▄[48;2;214;214;214m[38;2;213;212;213m▄[48;2;214;214;214m[38;2;213;213;213m▄[48;2;214;214;214m[38;2;214;214;214m▄[48;2;215;215;215m[38;2;214;214;215m▄[48;2;215;215;215m[38;2;214;214;215m▄[48;2;215;215;215m[38;2;214;214;214m▄[48;2;215;215;215m[38;2;214;214;214m▄[48;2;215;215;215m[38;2;215;215;215m▄[48;2;216;216;216m[38;2;215;215;215m▄[48;2;215;215;215m[38;2;215;215;215m▄[48;2;215;215;215m[38;2;215;215;215m▄[48;2;215;215;215m[38;2;216;216;216m▄[48;2;215;215;215m[38;2;216;216;216m▄[48;2;215;214;215m[38;2;216;216;215m▄[48;2;218;223;223m[38;2;215;215;215m▄[48;2;208;169;177m[38;2;216;219;219m▄[48;2;193;93;111m[38;2;208;201;202m▄[48;2;182;73;92m[38;2;182;106;120m▄[48;2;221;140;153m[38;2;232;144;158m▄[48;2;232;161;170m[38;2;190;100;118m▄[48;2;207;116;131m[38;2;232;158;169m▄[48;2;222;150;161m[38;2;192;99;116m▄[48;2;199;106;122m[38;2;174;85;103m▄[48;2;188;81;100m[38;2;222;137;150m▄[48;2;235;177;184m[38;2;200;111;127m▄[48;2;188;95;111m[38;2;172;64;86m▄[48;2;240;189;196m[38;2;238;166;175m▄[48;2;205;119;133m[38;2;167;57;80m▄[48;2;197;96;113m[38;2;223;140;154m▄[48;2;241;189;197m[38;2;202;117;133m▄[48;2;179;71;91m[38;2;184;82;102m▄[48;2;229;163;172m[38;2;233;159;169m▄[48;2;207;124;138m[38;2;172;74;94m▄[48;2;211;133;146m[38;2;171;68;88m▄[48;2;200;109;123m[38;2;200;108;125m▄[48;2;237;184;190m[38;2;241;168;179m▄[48;2;200;122;136m[38;2;175;79;100m▄[48;2;228;165;174m[38;2;222;138;149m▄[48;2;223;145;157m[38;2;185;92;109m▄[48;2;184;72;92m[38;2;196;102;120m▄[48;2;242;183;191m[38;2;219;137;150m▄[48;2;191;106;120m[38;2;167;60;83m▄[48;2;191;169;173m[38;2;186;89;108m▄[48;2;210;210;211m[38;2;203;192;194m▄[48;2;210;210;210m[38;2;212;214;214m▄[48;2;210;210;210m[38;2;210;209;209m▄[48;2;210;210;211m[38;2;210;210;210m▄[48;2;210;211;210m[38;2;210;210;210m▄[48;2;207;211;214m[38;2;208;210;211m▄[48;2;208;211;216m[38;2;207;209;213m▄[48;2;209;209;215m[38;2;208;208;213m▄[48;2;209;208;211m[38;2;208;207;210m▄[48;2;208;208;209m[38;2;208;208;209m▄[48;2;208;208;207m[38;2;209;209;206m▄[48;2;208;209;203m[38;2;208;208;203m▄[48;2;208;208;202m[38;2;206;208;203m▄[48;2;207;207;201m[38;2;205;206;202m▄[48;2;204;204;203m[38;2;204;204;203m▄[48;2;203;203;204m[38;2;203;202;204m▄[48;2;203;203;203m[38;2;202;202;203m▄[48;2;203;203;203m[38;2;202;202;203m▄[48;2;203;203;203m[38;2;203;203;203m▄[0m
[48;2;210;210;210m[38;2;211;211;211m▄[48;2;211;211;211m[38;2;211;211;211m▄[48;2;211;211;211m[38;2;210;210;210m▄[48;2;212;212;212m[38;2;211;211;211m▄[48;2;213;213;213m[38;2;212;212;212m▄[48;2;213;212;214m[38;2;212;212;212m▄[48;2;213;213;214m[38;2;213;213;213m▄[48;2;214;214;214m[38;2;213;213;214m▄[48;2;214;213;214m[38;2;213;213;214m▄[48;2;214;214;215m[38;2;214;214;214m▄[48;2;215;215;215m[38;2;215;215;215m▄[48;2;215;215;215m[38;2;214;214;214m▄[48;2;215;215;215m[38;2;215;215;215m▄[48;2;216;216;216m[38;2;215;215;215m▄[48;2;216;216;216m[38;2;215;215;215m▄[48;2;215;215;215m[38;2;215;214;214m▄[48;2;215;215;216m[38;2;216;216;217m▄[48;2;216;215;212m[38;2;206;200;187m▄[48;2;202;197;195m[38;2;200;182;183m▄[48;2;189;97;118m[38;2;180;75;99m▄[48;2;232;134;150m[38;2;204;92;112m▄[48;2;155;59;82m[38;2;174;126;138m▄[48;2;195;98;117m[38;2;169;98;118m▄[48;2;233;146;159m[38;2;224;119;139m▄[48;2;155;57;81m[38;2;202;109;124m▄[48;2;223;128;143m[38;2;156;51;75m▄[48;2;214;123;138m[38;2;199;94;116m▄[48;2;206;119;136m[38;2;170;69;93m▄[48;2;238;145;159m[38;2;192;90;111m▄[48;2;188;98;118m[38;2;179;80;103m▄[48;2;239;153;166m[38;2;175;76;100m▄[48;2;202;102;120m[38;2;195;96;117m▄[48;2;201;113;131m[38;2;166;73;94m▄[48;2;234;140;154m[38;2;183;86;107m▄[48;2;183;95;112m[38;2;199;102;121m▄[48;2;189;105;124m[38;2;170;68;93m▄[48;2;231;147;160m[38;2;166;62;86m▄[48;2;219;123;140m[38;2;177;82;103m▄[48;2;153;42;69m[38;2;164;84;103m▄[48;2;237;145;159m[38;2;184;79;101m▄[48;2;189;98;117m[38;2;180;78;102m▄[48;2;226;144;157m[38;2;166;62;86m▄[48;2;215;118;136m[38;2;192;86;107m▄[48;2;179;84;105m[38;2;171;73;96m▄[48;2;181;102;119m[38;2;184;163;168m▄[48;2;199;198;199m[38;2;197;202;200m▄[48;2;208;208;208m[38;2;207;206;206m▄[48;2;209;209;210m[38;2;208;209;209m▄[48;2;210;210;210m[38;2;208;209;209m▄[48;2;209;209;209m[38;2;208;208;208m▄[48;2;209;209;210m[38;2;208;208;208m▄[48;2;208;207;210m[38;2;208;208;208m▄[48;2;208;207;210m[38;2;208;207;208m▄[48;2;208;207;208m[38;2;207;207;207m▄[48;2;208;208;207m[38;2;207;207;205m▄[48;2;208;208;205m[38;2;208;208;203m▄[48;2;207;208;203m[38;2;207;209;202m▄[48;2;204;208;203m[38;2;204;207;202m▄[48;2;203;208;203m[38;2;202;207;202m▄[48;2;202;204;205m[38;2;202;204;205m▄[48;2;202;202;204m[38;2;202;201;206m▄[48;2;202;202;202m[38;2;202;202;203m▄[48;2;201;201;201m[38;2;202;202;202m▄[48;2;202;202;202m[38;2;202;202;202m▄[0m
[48;2;210;210;210m[38;2;209;209;209m▄[48;2;210;210;210m[38;2;210;210;210m▄[48;2;210;210;210m[38;2;210;210;210m▄[48;2;211;211;211m[38;2;211;211;211m▄[48;2;211;211;211m[38;2;210;210;210m▄[48;2;212;212;212m[38;2;210;210;210m▄[48;2;211;211;211m[38;2;211;211;211m▄[48;2;212;212;212m[38;2;211;211;211m▄[48;2;213;213;213m[38;2;210;210;210m▄[48;2;213;213;213m[38;2;211;211;211m▄[48;2;213;213;214m[38;2;212;212;212m▄[48;2;213;213;214m[38;2;212;212;212m▄[48;2;214;214;213m[38;2;212;212;212m▄[48;2;214;214;214m[38;2;212;212;212m▄[48;2;214;213;214m[38;2;212;212;213m▄[48;2;213;213;214m[38;2;212;211;212m▄[48;2;214;215;216m[38;2;215;216;218m▄[48;2;197;184;165m[38;2;204;197;188m▄[48;2;215;216;216m[38;2;196;181;160m▄[48;2;188;134;152m[38;2;206;200;188m▄[48;2;169;77;103m[38;2;197;185;170m▄[48;2;188;168;173m[38;2;189;176;158m▄[48;2;189;168;162m[38;2;205;203;192m▄[48;2;165;63;86m[38;2;187;150;160m▄[48;2;232;127;146m[38;2;163;59;85m▄[48;2;193;93;113m[38;2;220;118;136m▄[48;2;158;73;94m[38;2;218;118;135m▄[48;2;162;81;100m[38;2;183;87;108m▄[48;2;151;46;73m[38;2;194;104;125m▄[48;2;179;130;141m[38;2;194;109;126m▄[48;2;182;144;153m[38;2;188;110;127m▄[48;2;172;96;114m[38;2;179;95;114m▄[48;2;186;121;135m[38;2;166;70;94m▄[48;2;169;79;101m[38;2;178;95;115m▄[48;2;162;65;89m[38;2;185;117;132m▄[48;2;174;86;106m[38;2;173;98;116m▄[48;2;174;80;102m[38;2;184;96;117m▄[48;2;170;96;114m[38;2;186;100;120m▄[48;2;199;198;198m[38;2;187;175;177m▄[48;2;183;141;152m[38;2;200;200;183m▄[48;2;184;149;156m[38;2;193;184;165m▄[48;2;190;164;170m[38;2;194;184;164m▄[48;2;180;134;148m[38;2;197;196;179m▄[48;2;189;175;180m[38;2;196;191;177m▄[48;2;191;195;191m[38;2;202;196;190m▄[48;2;202;201;201m[38;2;207;208;209m▄[48;2;208;208;208m[38;2;208;208;208m▄[48;2;208;208;208m[38;2;208;208;208m▄[48;2;208;208;208m[38;2;208;208;208m▄[48;2;208;208;208m[38;2;207;207;207m▄[48;2;208;207;208m[38;2;207;207;207m▄[48;2;208;207;208m[38;2;206;206;207m▄[48;2;207;207;207m[38;2;206;206;206m▄[48;2;206;206;207m[38;2;205;205;205m▄[48;2;207;207;205m[38;2;204;204;204m▄[48;2;206;206;202m[38;2;204;204;202m▄[48;2;206;206;203m[38;2;204;204;203m▄[48;2;205;205;203m[38;2;203;203;204m▄[48;2;203;203;204m[38;2;203;203;203m▄[48;2;203;203;204m[38;2;202;202;203m▄[48;2;202;201;204m[38;2;202;201;204m▄[48;2;202;200;203m[38;2;201;201;202m▄[48;2;202;202;203m[38;2;201;201;202m▄[48;2;202;202;202m[38;2;202;202;202m▄[0m
[48;2;209;209;209m[38;2;212;212;212m▄[48;2;210;210;210m[38;2;213;213;213m▄[48;2;210;210;210m[38;2;213;212;213m▄[48;2;211;211;211m[38;2;213;213;213m▄[48;2;211;210;211m[38;2;214;214;214m▄[48;2;211;211;211m[38;2;214;213;214m▄[48;2;211;211;211m[38;2;214;214;214m▄[48;2;211;211;211m[38;2;214;214;215m▄[48;2;211;211;211m[38;2;215;215;215m▄[48;2;212;212;212m[38;2;215;215;215m▄[48;2;213;213;213m[38;2;215;215;215m▄[48;2;212;212;212m[38;2;215;215;215m▄[48;2;212;212;213m[38;2;215;215;215m▄[48;2;213;213;213m[38;2;215;215;215m▄[48;2;213;213;213m[38;2;215;215;215m▄[48;2;213;213;213m[38;2;215;215;215m▄[48;2;213;212;212m[38;2;215;215;215m▄[48;2;214;215;216m[38;2;215;214;214m▄[48;2;206;202;197m[38;2;215;216;218m▄[48;2;201;191;181m[38;2;214;216;219m▄[48;2;204;199;191m[38;2;213;214;216m▄[48;2;207;207;207m[38;2;212;212;212m▄[48;2;209;209;212m[38;2;214;213;213m▄[48;2;213;219;218m[38;2;214;213;213m▄[48;2;195;169;175m[38;2;213;217;216m▄[48;2;160;75;98m[38;2;207;207;207m▄[48;2;174;70;95m[38;2;188;162;169m▄[48;2;190;87;109m[38;2;177;133;144m▄[48;2;184;80;103m[38;2;176;132;143m▄[48;2;175;72;96m[38;2;180;150;158m▄[48;2;189;91;111m[38;2;169;116;129m▄[48;2;186;95;114m[38;2;162;74;96m▄[48;2;169;68;93m[38;2;176;75;100m▄[48;2;172;92;111m[38;2;182;82;105m▄[48;2;174;118;131m[38;2;182;76;100m▄[48;2;176;103;122m[38;2;186;82;104m▄[48;2;201;105;124m[38;2;167;67;92m▄[48;2;170;75;96m[38;2;164;105;122m▄[48;2;189;174;176m[38;2;197;200;200m▄[48;2;208;209;208m[38;2;207;207;207m▄[48;2;207;205;207m[38;2;210;209;209m▄[48;2;205;202;200m[38;2;210;210;210m▄[48;2;204;198;191m[38;2;209;211;212m▄[48;2;206;202;198m[38;2;208;209;210m▄[48;2;207;208;208m[38;2;209;209;209m▄[48;2;207;207;207m[38;2;209;208;210m▄[48;2;208;208;208m[38;2;209;209;209m▄[48;2;207;207;207m[38;2;208;208;208m▄[48;2;207;207;207m[38;2;208;208;208m▄[48;2;207;207;207m[38;2;208;208;208m▄[48;2;207;207;207m[38;2;208;208;208m▄[48;2;206;206;206m[38;2;208;208;208m▄[48;2;206;206;206m[38;2;208;208;208m▄[48;2;205;205;205m[38;2;207;207;207m▄[48;2;205;205;205m[38;2;207;207;207m▄[48;2;204;204;204m[38;2;206;206;206m▄[48;2;203;203;203m[38;2;205;205;205m▄[48;2;203;203;203m[38;2;205;205;205m▄[48;2;202;202;202m[38;2;204;204;204m▄[48;2;202;202;202m[38;2;203;203;203m▄[48;2;202;202;203m[38;2;203;203;203m▄[48;2;202;202;202m[38;2;203;203;203m▄[48;2;201;201;201m[38;2;202;202;202m▄[48;2;202;202;202m[38;2;203;203;203m▄[0m
[48;2;215;215;215m[38;2;216;216;216m▄[48;2;216;216;216m[38;2;217;217;217m▄[48;2;216;216;216m[38;2;217;217;217m▄[48;2;215;215;215m[38;2;217;217;217m▄[48;2;216;216;216m[38;2;217;217;217m▄[48;2;216;216;216m[38;2;218;218;218m▄[48;2;216;216;216m[38;2;218;218;218m▄[48;2;216;216;216m[38;2;218;218;218m▄[48;2;216;216;216m[38;2;218;218;218m▄[48;2;216;216;216m[38;2;218;218;218m▄[48;2;217;217;217m[38;2;219;219;219m▄[48;2;217;217;217m[38;2;219;219;219m▄[48;2;216;216;216m[38;2;219;219;219m▄[48;2;216;216;216m[38;2;219;219;219m▄[48;2;216;216;216m[38;2;218;218;218m▄[48;2;217;217;217m[38;2;218;218;218m▄[48;2;217;217;217m[38;2;216;216;216m▄[48;2;217;217;217m[38;2;213;213;213m▄[48;2;218;217;217m[38;2;210;210;211m▄[48;2;218;217;217m[38;2;208;208;208m▄[48;2;218;218;218m[38;2;206;206;206m▄[48;2;218;218;218m[38;2;203;203;203m▄[48;2;218;218;218m[38;2;188;186;188m▄[48;2;217;217;217m[38;2;189;186;189m▄[48;2;213;212;212m[38;2;194;192;193m▄[48;2;207;207;207m[38;2;190;187;188m▄[48;2;199;203;202m[38;2;198;195;196m▄[48;2;192;195;193m[38;2;186;180;181m▄[48;2;186;188;188m[38;2;197;193;194m▄[48;2;182;184;184m[38;2;189;182;185m▄[48;2;184;187;188m[38;2;183;177;179m▄[48;2;182;171;175m[38;2;195;195;195m▄[48;2;174;138;146m[38;2;193;197;198m▄[48;2;165;111;124m[38;2;190;193;192m▄[48;2;161;103;118m[38;2;180;180;179m▄[48;2;163;107;122m[38;2;182;185;183m▄[48;2;175;142;151m[38;2;181;184;181m▄[48;2;186;187;186m[38;2;186;185;186m▄[48;2;194;195;195m[38;2;189;187;187m▄[48;2;209;209;209m[38;2;187;184;184m▄[48;2;211;211;211m[38;2;202;202;202m▄[48;2;212;212;212m[38;2;208;208;208m▄[48;2;213;213;213m[38;2;207;207;207m▄[48;2;212;212;212m[38;2;207;207;207m▄[48;2;211;211;211m[38;2;208;208;208m▄[48;2;210;210;211m[38;2;210;209;211m▄[48;2;210;210;210m[38;2;210;210;211m▄[48;2;210;210;210m[38;2;210;210;210m▄[48;2;209;209;209m[38;2;211;211;211m▄[48;2;210;210;210m[38;2;211;211;211m▄[48;2;210;210;210m[38;2;212;211;212m▄[48;2;209;210;210m[38;2;211;211;211m▄[48;2;209;209;209m[38;2;211;211;211m▄[48;2;209;209;209m[38;2;210;210;210m▄[48;2;208;208;208m[38;2;210;210;210m▄[48;2;208;208;208m[38;2;210;210;210m▄[48;2;208;208;208m[38;2;210;210;210m▄[48;2;207;207;207m[38;2;209;209;209m▄[48;2;211;211;212m[38;2;217;217;217m▄[48;2;214;214;214m[38;2;221;221;221m▄[48;2;207;206;207m[38;2;209;209;209m▄[48;2;206;206;206m[38;2;208;208;207m▄[48;2;206;206;206m[38;2;208;208;208m▄[48;2;205;205;205m[38;2;208;208;208m▄[0m
[48;2;220;220;220m[38;2;223;223;223m▄[48;2;221;221;221m[38;2;223;223;223m▄[48;2;222;222;222m[38;2;224;224;224m▄[48;2;221;221;221m[38;2;223;223;223m▄[48;2;222;222;222m[38;2;224;224;224m▄[48;2;222;222;222m[38;2;224;224;224m▄[48;2;222;222;222m[38;2;224;224;224m▄[48;2;222;222;222m[38;2;224;224;224m▄[48;2;222;222;222m[38;2;224;224;224m▄[48;2;222;222;222m[38;2;224;224;224m▄[48;2;223;223;223m[38;2;223;224;225m▄[48;2;223;223;223m[38;2;224;224;224m▄[48;2;223;223;223m[38;2;224;224;224m▄[48;2;222;222;222m[38;2;224;224;224m▄[48;2;222;222;222m[38;2;224;224;224m▄[48;2;221;221;221m[38;2;225;225;225m▄[48;2;217;217;217m[38;2;224;224;224m▄[48;2;210;210;210m[38;2;222;222;222m▄[48;2;203;203;203m[38;2;221;221;221m▄[48;2;197;197;197m[38;2;214;214;214m▄[48;2;194;194;194m[38;2;209;209;209m▄[48;2;191;191;191m[38;2;210;209;210m▄[48;2;178;177;178m[38;2;208;208;208m▄[48;2;180;177;179m[38;2;202;202;202m▄[48;2;180;177;178m[38;2;198;197;198m▄[48;2;172;168;170m[38;2;194;193;195m▄[48;2;184;182;183m[38;2;189;188;190m▄[48;2;182;178;180m[38;2;187;187;189m▄[48;2;189;186;188m[38;2;189;189;189m▄[48;2;183;179;181m[38;2;193;193;193m▄[48;2;180;176;178m[38;2;192;191;191m▄[48;2;188;187;188m[38;2;183;181;182m▄[48;2;190;188;189m[38;2;187;186;187m▄[48;2;185;182;183m[38;2;183;183;183m▄[48;2;175;169;171m[38;2;182;180;182m▄[48;2;184;180;181m[38;2;181;178;179m▄[48;2;180;175;177m[38;2;184;182;182m▄[48;2;178;175;177m[38;2;190;189;190m▄[48;2;183;181;181m[38;2;199;199;200m▄[48;2;179;177;177m[38;2;201;200;201m▄[48;2;181;180;181m[38;2;202;201;202m▄[48;2;186;185;186m[38;2;203;203;203m▄[48;2;191;191;191m[38;2;202;201;201m▄[48;2;192;191;192m[38;2;202;201;202m▄[48;2;197;196;197m[38;2;209;209;209m▄[48;2;204;204;205m[38;2;214;214;214m▄[48;2;210;209;211m[38;2;215;215;215m▄[48;2;213;213;214m[38;2;216;216;216m▄[48;2;215;214;215m[38;2;216;216;216m▄[48;2;214;214;214m[38;2;215;215;215m▄[48;2;214;214;215m[38;2;216;216;216m▄[48;2;214;214;214m[38;2;215;215;215m▄[48;2;213;213;213m[38;2;215;215;215m▄[48;2;213;213;213m[38;2;215;215;215m▄[48;2;212;212;212m[38;2;215;215;215m▄[48;2;211;211;211m[38;2;215;215;215m▄[48;2;211;211;211m[38;2;213;213;213m▄[48;2;210;210;210m[38;2;213;213;213m▄[48;2;210;210;210m[38;2;212;212;212m▄[48;2;210;210;210m[38;2;211;211;211m▄[48;2;209;209;209m[38;2;211;211;211m▄[48;2;210;210;209m[38;2;211;211;211m▄[48;2;209;209;209m[38;2;210;210;210m▄[48;2;209;209;209m[38;2;210;210;210m▄[0m
[48;2;224;224;224m[38;2;228;228;228m▄[48;2;225;225;225m[38;2;228;228;228m▄[48;2;225;225;225m[38;2;229;229;229m▄[48;2;226;226;226m[38;2;229;229;229m▄[48;2;226;226;226m[38;2;229;229;229m▄[48;2;227;227;227m[38;2;230;230;230m▄[48;2;226;226;226m[38;2;229;229;229m▄[48;2;226;226;226m[38;2;229;229;229m▄[48;2;227;227;227m[38;2;229;229;229m▄[48;2;227;227;227m[38;2;228;228;228m▄[48;2;226;226;227m[38;2;229;229;228m▄[48;2;226;226;227m[38;2;229;228;228m▄[48;2;227;227;227m[38;2;228;228;228m▄[48;2;226;226;226m[38;2;228;228;228m▄[48;2;226;226;226m[38;2;228;228;228m▄[48;2;227;227;227m[38;2;228;228;228m▄[48;2;226;226;226m[38;2;227;227;227m▄[48;2;226;226;226m[38;2;227;227;227m▄[48;2;228;228;229m[38;2;227;227;227m▄[48;2;222;222;223m[38;2;227;227;227m▄[48;2;214;212;213m[38;2;227;227;227m▄[48;2;214;213;213m[38;2;227;227;227m▄[48;2;216;214;215m[38;2;227;227;227m▄[48;2;217;216;217m[38;2;227;226;227m▄[48;2;221;221;221m[38;2;227;227;227m▄[48;2;217;216;216m[38;2;228;228;228m▄[48;2;208;207;208m[38;2;227;227;227m▄[48;2;213;211;213m[38;2;225;225;226m▄[48;2;214;213;213m[38;2;224;224;224m▄[48;2;216;214;215m[38;2;225;224;224m▄[48;2;215;213;214m[38;2;225;225;225m▄[48;2;207;205;206m[38;2;225;225;225m▄[48;2;214;213;214m[38;2;225;225;225m▄[48;2;209;208;209m[38;2;224;224;224m▄[48;2;206;204;205m[38;2;225;225;225m▄[48;2;204;201;201m[38;2;224;224;225m▄[48;2;206;205;205m[38;2;224;224;224m▄[48;2;213;212;212m[38;2;224;224;224m▄[48;2;217;216;216m[38;2;223;222;223m▄[48;2;212;211;211m[38;2;222;222;222m▄[48;2;217;217;217m[38;2;222;222;222m▄[48;2;214;213;214m[38;2;221;221;221m▄[48;2;209;207;208m[38;2;222;222;222m▄[48;2;210;209;210m[38;2;220;220;220m▄[48;2;216;216;216m[38;2;218;218;218m▄[48;2;218;218;218m[38;2;217;217;217m▄[48;2;217;217;217m[38;2;217;217;217m▄[48;2;216;216;216m[38;2;217;217;217m▄[48;2;216;216;216m[38;2;216;216;216m▄[48;2;216;216;216m[38;2;216;216;216m▄[48;2;217;217;217m[38;2;216;216;216m▄[48;2;216;216;216m[38;2;216;216;216m▄[48;2;216;216;216m[38;2;216;216;216m▄[48;2;215;215;215m[38;2;216;216;216m▄[48;2;215;215;215m[38;2;216;216;216m▄[48;2;215;215;215m[38;2;216;216;216m▄[48;2;215;215;215m[38;2;216;216;216m▄[48;2;215;215;215m[38;2;216;216;216m▄[48;2;215;214;215m[38;2;216;216;216m▄[48;2;214;214;214m[38;2;215;215;215m▄[48;2;214;214;214m[38;2;215;215;215m▄[48;2;213;213;213m[38;2;215;215;215m▄[48;2;212;212;212m[38;2;214;214;214m▄[48;2;211;211;211m[38;2;213;213;213m▄[0m
