[48;2;219;219;219m[38;2;218;218;218m▄[48;2;221;221;221m[38;2;220;220;220m▄[48;2;222;222;222m[38;2;221;221;221m▄[48;2;223;223;223m[38;2;223;223;223m▄[48;2;223;223;223m[38;2;223;223;223m▄[48;2;224;224;224m[38;2;223;223;223m▄[48;2;224;224;224m[38;2;224;224;223m▄[48;2;225;225;225m[38;2;224;224;224m▄[48;2;224;224;224m[38;2;224;224;224m▄[48;2;225;225;225m[38;2;224;224;224m▄[48;2;224;224;224m[38;2;224;224;224m▄[48;2;225;225;225m[38;2;224;224;224m▄[48;2;228;228;228m[38;2;225;225;225m▄[48;2;228;228;228m[38;2;225;225;225m▄[48;2;228;228;228m[38;2;226;226;226m▄[48;2;228;228;228m[38;2;227;227;227m▄[48;2;227;227;227m[38;2;227;227;227m▄[48;2;227;227;227m[38;2;227;227;227m▄[48;2;227;227;227m[38;2;227;227;227m▄[48;2;227;227;227m[38;2;227;227;227m▄[48;2;227;227;227m[38;2;227;227;227m▄[48;2;227;227;227m[38;2;227;227;227m▄[48;2;227;227;227m[38;2;227;227;227m▄[48;2;227;227;227m[38;2;227;227;227m▄[48;2;227;227;227m[38;2;227;227;227m▄[48;2;227;227;227m[38;2;227;227;227m▄[48;2;228;228;228m[38;2;226;226;226m▄[48;2;227;227;227m[38;2;225;225;225m▄[48;2;228;228;228m[38;2;225;225;225m▄[48;2;227;227;227m[38;2;225;225;225m▄[48;2;225;225;225m[38;2;224;224;224m▄[48;2;224;224;224m[38;2;224;224;224m▄[48;2;225;225;225m[38;2;224;224;224m▄[48;2;224;224;224m[38;2;224;224;224m▄[48;2;223;223;223m[38;2;223;223;223m▄[48;2;223;223;223m[38;2;223;223;223m▄[48;2;223;223;223m[38;2;223;223;223m▄[48;2;222;222;222m[38;2;222;222;222m▄[48;2;222;222;222m[38;2;222;222;222m▄[48;2;222;222;222m[38;2;221;221;221m▄[48;2;221;221;221m[38;2;220;220;220m▄[48;2;218;218;218m[38;2;218;218;218m▄[48;2;218;218;218m[38;2;217;217;217m▄[48;2;217;217;217m[38;2;216;216;216m▄[48;2;216;216;216m[38;2;216;216;216m▄[48;2;217;217;217m[38;2;216;216;216m▄[48;2;216;216;216m[38;2;216;216;216m▄[48;2;216;216;216m[38;2;216;216;216m▄[48;2;216;216;216m[38;2;215;215;215m▄[48;2;215;215;215m[38;2;215;215;215m▄[48;2;214;214;214m[38;2;214;214;214m▄[48;2;213;213;213m[38;2;213;213;213m▄[48;2;212;212;212m[38;2;212;212;212m▄[48;2;211;211;211m[38;2;211;211;211m▄[48;2;211;211;211m[38;2;211;211;211m▄[48;2;210;210;210m[38;2;210;210;210m▄[48;2;210;210;210m[38;2;210;210;210m▄[48;2;210;210;210m[38;2;210;210;210m▄[48;2;210;209;210m[38;2;209;209;209m▄[48;2;209;209;209m[38;2;209;209;208m▄[48;2;209;209;209m[38;2;209;209;209m▄[48;2;208;208;208m[38;2;208;208;208m▄[48;2;207;207;207m[38;2;207;207;207m▄[48;2;206;206;206m[38;2;205;205;205m▄[0m
[48;2;218;218;218m[38;2;217;217;217m▄[48;2;219;219;219m[38;2;218;218;218m▄[48;2;221;221;221m[38;2;221;221;221m▄[48;2;222;222;222m[38;2;222;222;222m▄[48;2;223;223;223m[38;2;223;223;223m▄[48;2;223;223;223m[38;2;223;223;223m▄[48;2;223;223;223m[38;2;223;223;223m▄[48;2;223;223;223m[38;2;223;223;223m▄[48;2;224;224;224m[38;2;224;224;224m▄[48;2;224;224;224m[38;2;224;224;224m▄[48;2;224;224;224m[38;2;224;224;224m▄[48;2;224;224;224m[38;2;224;224;224m▄[48;2;224;224;224m[38;2;224;224;224m▄[48;2;224;224;224m[38;2;224;224;224m▄[48;2;225;225;225m[38;2;224;224;224m▄[48;2;227;227;227m[38;2;224;224;224m▄[48;2;227;227;227m[38;2;225;225;225m▄[48;2;227;227;227m[38;2;226;226;226m▄[48;2;227;227;227m[38;2;227;227;227m▄[48;2;226;226;226m[38;2;227;227;227m▄[48;2;227;227;227m[38;2;227;227;227m▄[48;2;227;227;227m[38;2;226;226;226m▄[48;2;227;227;227m[38;2;226;226;226m▄[48;2;227;227;227m[38;2;226;226;226m▄[48;2;225;225;225m[38;2;225;224;224m▄[48;2;225;225;225m[38;2;225;225;225m▄[48;2;225;225;225m[38;2;224;224;224m▄[48;2;224;224;224m[38;2;225;225;225m▄[48;2;223;223;222m[38;2;230;227;232m▄[48;2;223;224;222m[38;2;230;227;232m▄[48;2;222;223;222m[38;2;232;229;232m▄[48;2;224;224;224m[38;2;224;224;224m▄[48;2;224;224;224m[38;2;223;223;223m▄[48;2;223;223;223m[38;2;222;222;222m▄[48;2;222;222;222m[38;2;228;226;229m▄[48;2;221;222;221m[38;2;230;227;232m▄[48;2;222;222;222m[38;2;225;223;225m▄[48;2;222;222;222m[38;2;221;222;221m▄[48;2;221;221;221m[38;2;221;221;221m▄[48;2;221;221;221m[38;2;220;220;220m▄[48;2;220;220;220m[38;2;219;219;219m▄[48;2;217;217;217m[38;2;218;218;218m▄[48;2;217;217;217m[38;2;217;217;217m▄[48;2;216;216;216m[38;2;216;216;216m▄[48;2;216;216;216m[38;2;216;216;216m▄[48;2;216;216;216m[38;2;217;217;217m▄[48;2;216;216;216m[38;2;216;216;216m▄[48;2;216;216;216m[38;2;216;216;216m▄[48;2;215;215;215m[38;2;215;215;215m▄[48;2;215;215;215m[38;2;215;215;215m▄[48;2;214;214;214m[38;2;214;214;214m▄[48;2;213;213;213m[38;2;213;213;213m▄[48;2;213;213;213m[38;2;212;212;212m▄[48;2;211;211;211m[38;2;211;211;211m▄[48;2;211;211;211m[38;2;210;210;210m▄[48;2;210;210;210m[38;2;210;210;210m▄[48;2;210;210;210m[38;2;210;210;210m▄[48;2;210;210;210m[38;2;209;209;209m▄[48;2;209;209;209m[38;2;209;209;209m▄[48;2;208;208;208m[38;2;209;209;209m▄[48;2;208;208;208m[38;2;208;208;208m▄[48;2;208;208;208m[38;2;208;208;208m▄[48;2;207;207;207m[38;2;207;207;207m▄[48;2;207;207;207m[38;2;207;207;207m▄[0m
[48;2;217;217;217m[38;2;218;218;218m▄[48;2;218;218;218m[38;2;219;219;219m▄[48;2;220;220;220m[38;2;220;220;220m▄[48;2;222;222;222m[38;2;221;221;221m▄[48;2;222;222;222m[38;2;221;221;221m▄[48;2;222;222;222m[38;2;223;223;223m▄[48;2;223;223;223m[38;2;223;223;223m▄[48;2;223;223;223m[38;2;223;223;223m▄[48;2;224;224;224m[38;2;224;224;224m▄[48;2;224;224;224m[38;2;224;224;224m▄[48;2;224;224;224m[38;2;224;224;224m▄[48;2;224;224;224m[38;2;224;224;224m▄[48;2;224;224;224m[38;2;224;224;224m▄[48;2;224;224;224m[38;2;224;224;224m▄[48;2;224;224;224m[38;2;225;225;225m▄[48;2;224;224;224m[38;2;224;224;224m▄[48;2;225;225;225m[38;2;224;224;224m▄[48;2;225;225;225m[38;2;224;224;224m▄[48;2;226;226;226m[38;2;224;224;224m▄[48;2;226;226;226m[38;2;224;224;224m▄[48;2;226;226;226m[38;2;224;224;224m▄[48;2;225;225;225m[38;2;224;224;224m▄[48;2;225;225;225m[38;2;224;224;224m▄[48;2;224;224;224m[38;2;224;224;224m▄[48;2;224;224;224m[38;2;224;224;224m▄[48;2;224;224;224m[38;2;224;224;224m▄[48;2;226;225;226m[38;2;226;225;225m▄[48;2;223;224;224m[38;2;218;220;220m▄[48;2;154;185;145m[38;2;140;182;119m▄[48;2;158;189;148m[38;2;152;194;97m▄[48;2;184;202;183m[38;2;131;178;86m▄[48;2;225;224;227m[38;2;146;180;134m▄[48;2;223;223;223m[38;2;230;227;232m▄[48;2;230;227;231m[38;2;194;206;194m▄[48;2;184;201;181m[38;2;114;168;80m▄[48;2;139;179;126m[38;2;108;163;83m▄[48;2;213;217;212m[38;2;200;207;201m▄[48;2;224;223;224m[38;2;222;221;221m▄[48;2;221;221;221m[38;2;220;220;220m▄[48;2;220;220;220m[38;2;220;220;220m▄[48;2;219;219;219m[38;2;218;218;218m▄[48;2;218;218;218m[38;2;217;217;217m▄[48;2;217;217;217m[38;2;217;217;217m▄[48;2;216;216;216m[38;2;216;216;216m▄[48;2;216;216;216m[38;2;216;216;216m▄[48;2;216;216;216m[38;2;216;216;216m▄[48;2;215;215;215m[38;2;215;215;215m▄[48;2;216;216;216m[38;2;215;215;215m▄[48;2;215;215;215m[38;2;215;215;215m▄[48;2;215;215;215m[38;2;214;214;214m▄[48;2;214;214;214m[38;2;213;213;213m▄[48;2;213;213;213m[38;2;213;213;213m▄[48;2;212;212;212m[38;2;212;212;212m▄[48;2;211;211;211m[38;2;211;211;211m▄[48;2;211;211;211m[38;2;211;211;211m▄[48;2;210;210;210m[38;2;210;210;210m▄[48;2;210;210;210m[38;2;210;210;210m▄[48;2;210;210;210m[38;2;210;210;210m▄[48;2;208;208;208m[38;2;209;209;209m▄[48;2;208;208;208m[38;2;208;208;208m▄[48;2;209;209;209m[38;2;209;209;209m▄[48;2;208;208;208m[38;2;208;208;208m▄[48;2;207;207;207m[38;2;207;207;207m▄[48;2;207;207;207m[38;2;207;207;207m▄[0m
[48;2;217;217;217m[38;2;217;217;217m▄[48;2;218;218;218m[38;2;217;217;217m▄[48;2;218;218;218m[38;2;217;217;217m▄[48;2;220;220;220m[38;2;219;219;219m▄[48;2;221;221;221m[38;2;221;221;221m▄[48;2;222;222;222m[38;2;222;222;222m▄[48;2;223;223;223m[38;2;223;223;223m▄[48;2;223;223;223m[38;2;223;223;223m▄[48;2;223;223;223m[38;2;223;223;223m▄[48;2;224;224;224m[38;2;223;223;223m▄[48;2;224;224;224m[38;2;224;224;224m▄[48;2;224;224;224m[38;2;224;224;224m▄[48;2;225;225;224m[38;2;224;224;224m▄[48;2;224;224;224m[38;2;224;224;224m▄[48;2;224;224;224m[38;2;224;225;224m▄[48;2;224;224;224m[38;2;224;224;224m▄[48;2;224;224;224m[38;2;224;224;224m▄[48;2;224;224;224m[38;2;224;224;224m▄[48;2;224;224;224m[38;2;224;224;224m▄[48;2;224;224;224m[38;2;224;224;224m▄[48;2;224;224;224m[38;2;224;224;224m▄[48;2;225;225;225m[38;2;224;224;224m▄[48;2;224;224;224m[38;2;224;224;224m▄[48;2;224;224;224m[38;2;224;224;224m▄[48;2;224;224;224m[38;2;224;224;224m▄[48;2;224;224;224m[38;2;224;224;224m▄[48;2;223;223;222m[38;2;223;223;222m▄[48;2;230;227;232m[38;2;229;226;228m▄[48;2;151;183;141m[38;2;203;215;208m▄[48;2;140;185;81m[38;2;122;177;97m▄[48;2;140;186;84m[38;2;121;179;72m▄[48;2;123;175;68m[38;2;108;164;71m▄[48;2;162;186;157m[38;2;104;159;77m▄[48;2;130;172;113m[38;2;101;153;90m▄[48;2;130;170;110m[38;2;160;183;154m▄[48;2;205;204;210m[38;2;154;183;139m▄[48;2;216;213;218m[38;2;151;181;140m▄[48;2;225;222;225m[38;2;174;194;173m▄[48;2;221;221;221m[38;2;220;220;223m▄[48;2;219;220;219m[38;2;223;221;223m▄[48;2;219;219;219m[38;2;216;217;216m▄[48;2;217;217;217m[38;2;217;217;217m▄[48;2;216;216;216m[38;2;216;216;216m▄[48;2;217;217;217m[38;2;216;216;216m▄[48;2;217;217;217m[38;2;217;217;217m▄[48;2;216;216;216m[38;2;216;216;216m▄[48;2;215;215;215m[38;2;215;215;215m▄[48;2;215;215;215m[38;2;215;215;215m▄[48;2;214;214;214m[38;2;214;214;214m▄[48;2;214;214;214m[38;2;214;214;214m▄[48;2;214;214;214m[38;2;213;213;213m▄[48;2;212;212;212m[38;2;212;212;212m▄[48;2;212;212;212m[38;2;211;211;211m▄[48;2;211;211;211m[38;2;210;210;210m▄[48;2;210;210;210m[38;2;210;210;210m▄[48;2;210;210;210m[38;2;210;210;210m▄[48;2;210;210;210m[38;2;210;210;210m▄[48;2;209;209;209m[38;2;209;209;209m▄[48;2;209;209;209m[38;2;209;209;209m▄[48;2;208;208;208m[38;2;208;208;208m▄[48;2;208;208;208m[38;2;208;208;208m▄[48;2;207;207;207m[38;2;208;208;208m▄[48;2;207;207;207m[38;2;207;207;207m▄[48;2;206;206;206m[38;2;205;205;205m▄[0m
[48;2;216;216;216m[38;2;216;216;216m▄[48;2;217;217;217m[38;2;216;216;216m▄[48;2;217;217;217m[38;2;217;217;217m▄[48;2;218;218;218m[38;2;218;218;218m▄[48;2;220;220;220m[38;2;218;218;218m▄[48;2;221;221;221m[38;2;220;220;220m▄[48;2;221;221;221m[38;2;221;221;221m▄[48;2;223;223;223m[38;2;222;222;222m▄[48;2;223;223;223m[38;2;222;222;222m▄[48;2;223;223;223m[38;2;222;222;222m▄[48;2;223;223;223m[38;2;223;223;222m▄[48;2;223;223;223m[38;2;223;223;223m▄[48;2;223;223;223m[38;2;223;223;223m▄[48;2;224;224;224m[38;2;223;223;223m▄[48;2;224;224;224m[38;2;223;223;223m▄[48;2;224;224;224m[38;2;224;224;224m▄[48;2;224;224;224m[38;2;223;223;223m▄[48;2;224;224;224m[38;2;223;223;223m▄[48;2;224;224;224m[38;2;224;224;224m▄[48;2;224;224;224m[38;2;224;224;224m▄[48;2;224;224;224m[38;2;224;224;224m▄[48;2;224;224;224m[38;2;224;224;224m▄[48;2;224;224;224m[38;2;224;223;224m▄[48;2;223;224;224m[38;2;223;223;223m▄[48;2;224;224;224m[38;2;223;222;223m▄[48;2;224;223;223m[38;2;224;226;225m▄[48;2;225;226;226m[38;2;222;219;220m▄[48;2;223;229;227m[38;2;212;149;163m▄[48;2;225;203;210m[38;2;222;143;155m▄[48;2;186;166;163m[38;2;231;140;153m▄[48;2;120;154;96m[38;2;220;118;138m▄[48;2;94;164;83m[38;2;188;117;127m▄[48;2;62;136;52m[38;2;176;135;127m▄[48;2;78;143;69m[38;2;104;148;81m▄[48;2;113;165;83m[38;2;88;161;61m▄[48;2;124;177;78m[38;2;114;177;69m▄[48;2;141;187;89m[38;2;128;184;69m▄[48;2;143;187;96m[38;2;126;178;68m▄[48;2;131;173;115m[38;2;119;163;98m▄[48;2;205;211;207m[38;2;198;203;200m▄[48;2;221;219;220m[38;2;219;217;218m▄[48;2;216;216;216m[38;2;215;216;215m▄[48;2;216;216;216m[38;2;216;216;216m▄[48;2;216;216;216m[38;2;216;216;216m▄[48;2;216;216;216m[38;2;216;216;216m▄[48;2;216;216;216m[38;2;215;215;215m▄[48;2;215;215;215m[38;2;215;215;215m▄[48;2;215;215;215m[38;2;215;215;215m▄[48;2;214;214;214m[38;2;214;214;214m▄[48;2;213;213;213m[38;2;213;213;213m▄[48;2;213;213;213m[38;2;212;212;212m▄[48;2;212;212;212m[38;2;212;212;212m▄[48;2;211;211;211m[38;2;211;211;211m▄[48;2;210;210;210m[38;2;210;210;210m▄[48;2;211;211;211m[38;2;210;210;210m▄[48;2;210;210;210m[38;2;210;210;210m▄[48;2;210;210;210m[38;2;209;210;209m▄[48;2;209;209;209m[38;2;208;208;209m▄[48;2;208;208;208m[38;2;208;208;209m▄[48;2;209;209;209m[38;2;208;208;208m▄[48;2;208;208;208m[38;2;208;208;208m▄[48;2;208;208;208m[38;2;207;207;207m▄[48;2;207;207;207m[38;2;207;207;207m▄[48;2;205;205;205m[38;2;205;205;205m▄[0m
[48;2;216;216;216m[38;2;216;216;216m▄[48;2;216;216;216m[38;2;216;216;216m▄[48;2;216;216;216m[38;2;216;216;216m▄[48;2;217;217;217m[38;2;217;217;217m▄[48;2;217;217;217m[38;2;217;217;217m▄[48;2;219;219;219m[38;2;217;217;217m▄[48;2;221;220;221m[38;2;219;219;219m▄[48;2;221;221;221m[38;2;221;221;221m▄[48;2;222;222;222m[38;2;221;221;221m▄[48;2;222;222;222m[38;2;222;222;222m▄[48;2;222;222;222m[38;2;221;221;221m▄[48;2;223;223;223m[38;2;223;223;222m▄[48;2;223;223;223m[38;2;222;222;222m▄[48;2;223;223;223m[38;2;222;222;222m▄[48;2;223;223;223m[38;2;222;222;222m▄[48;2;223;223;223m[38;2;223;223;223m▄[48;2;223;223;223m[38;2;223;223;223m▄[48;2;223;223;223m[38;2;223;223;223m▄[48;2;224;224;224m[38;2;223;223;223m▄[48;2;223;223;223m[38;2;223;223;223m▄[48;2;223;223;223m[38;2;223;223;223m▄[48;2;223;223;223m[38;2;223;223;223m▄[48;2;223;223;223m[38;2;223;223;223m▄[48;2;223;223;223m[38;2;223;221;221m▄[48;2;223;223;223m[38;2;225;232;230m▄[48;2;224;227;225m[38;2;213;181;188m▄[48;2;209;145;158m[38;2;222;140;153m▄[48;2;228;149;160m[38;2;234;150;159m▄[48;2;232;147;157m[38;2;228;129;142m▄[48;2;223;118;133m[38;2;214;99;121m▄[48;2;211;102;121m[38;2;221;143;155m▄[48;2;230;143;156m[38;2;232;149;157m▄[48;2;245;149;165m[38;2;224;130;140m▄[48;2;224;136;145m[38;2;229;134;146m▄[48;2;163;137;112m[38;2;237;134;152m▄[48;2;143;149;95m[38;2;234;128;145m▄[48;2;135;156;102m[38;2;222;141;156m▄[48;2;150;176;148m[38;2;206;202;208m▄[48;2;196;195;198m[38;2;207;207;207m▄[48;2;207;206;208m[38;2;211;211;211m▄[48;2;213;214;213m[38;2;216;216;217m▄[48;2;217;217;217m[38;2;216;216;216m▄[48;2;216;216;216m[38;2;216;216;216m▄[48;2;217;217;217m[38;2;216;216;216m▄[48;2;215;215;215m[38;2;216;216;216m▄[48;2;215;215;215m[38;2;215;215;215m▄[48;2;215;215;215m[38;2;214;214;214m▄[48;2;214;214;214m[38;2;214;214;214m▄[48;2;214;214;214m[38;2;214;214;214m▄[48;2;213;213;213m[38;2;213;213;213m▄[48;2;213;213;213m[38;2;212;212;212m▄[48;2;212;212;212m[38;2;211;211;211m▄[48;2;211;211;211m[38;2;211;211;211m▄[48;2;210;210;210m[38;2;210;210;210m▄[48;2;211;211;211m[38;2;210;210;210m▄[48;2;210;210;210m[38;2;210;210;210m▄[48;2;209;210;210m[38;2;209;209;209m▄[48;2;209;209;209m[38;2;208;208;208m▄[48;2;209;209;209m[38;2;208;208;208m▄[48;2;208;208;208m[38;2;208;208;208m▄[48;2;208;208;208m[38;2;208;208;208m▄[48;2;207;207;207m[38;2;207;207;207m▄[48;2;207;207;207m[38;2;206;206;206m▄[48;2;206;206;206m[38;2;206;206;205m▄[0m
[48;2;216;216;216m[38;2;216;216;216m▄[48;2;216;216;216m[38;2;216;216;216m▄[48;2;215;215;215m[38;2;216;216;216m▄[48;2;216;216;216m[38;2;216;216;216m▄[48;2;217;217;217m[38;2;216;216;216m▄[48;2;217;217;217m[38;2;217;217;217m▄[48;2;218;218;218m[38;2;217;217;217m▄[48;2;218;218;218m[38;2;218;218;218m▄[48;2;219;219;219m[38;2;218;218;218m▄[48;2;220;220;220m[38;2;219;219;219m▄[48;2;221;221;221m[38;2;220;220;220m▄[48;2;221;221;221m[38;2;220;220;220m▄[48;2;221;221;221m[38;2;221;221;221m▄[48;2;221;221;221m[38;2;221;221;221m▄[48;2;222;222;222m[38;2;221;221;221m▄[48;2;222;222;222m[38;2;221;221;221m▄[48;2;223;223;223m[38;2;221;221;221m▄[48;2;223;223;223m[38;2;221;221;222m▄[48;2;222;222;222m[38;2;222;222;222m▄[48;2;223;223;223m[38;2;222;222;222m▄[48;2;223;223;223m[38;2;222;221;221m▄[48;2;223;223;223m[38;2;222;222;222m▄[48;2;222;222;222m[38;2;222;222;222m▄[48;2;222;221;221m[38;2;222;222;222m▄[48;2;224;229;228m[38;2;220;220;221m▄[48;2;210;150;163m[38;2;211;145;158m▄[48;2;231;154;163m[38;2;232;150;160m▄[48;2;228;131;144m[38;2;226;131;142m▄[48;2;228;133;144m[38;2;226;133;144m▄[48;2;220;125;140m[38;2;232;150;158m▄[48;2;232;153;162m[38;2;229;137;148m▄[48;2;227;131;142m[38;2;227;133;144m▄[48;2;228;137;147m[38;2;228;135;146m▄[48;2;227;135;145m[38;2;228;134;146m▄[48;2;224;134;143m[38;2;227;132;144m▄[48;2;226;137;145m[38;2;228;141;150m▄[48;2;216;104;119m[38;2;220;112;126m▄[48;2;207;156;163m[38;2;212;121;135m▄[48;2;225;232;231m[38;2;216;218;218m▄[48;2;216;214;214m[38;2;221;221;221m▄[48;2;216;216;216m[38;2;216;216;216m▄[48;2;217;217;217m[38;2;217;217;217m▄[48;2;218;218;218m[38;2;215;215;215m▄[48;2;215;215;215m[38;2;216;215;215m▄[48;2;215;215;215m[38;2;216;217;217m▄[48;2;215;215;215m[38;2;215;216;216m▄[48;2;214;214;214m[38;2;214;214;214m▄[48;2;214;214;214m[38;2;214;214;214m▄[48;2;214;214;214m[38;2;214;213;214m▄[48;2;213;213;213m[38;2;212;212;213m▄[48;2;212;212;212m[38;2;212;212;212m▄[48;2;211;212;211m[38;2;211;211;211m▄[48;2;211;211;211m[38;2;211;211;211m▄[48;2;211;211;211m[38;2;211;211;211m▄[48;2;210;210;210m[38;2;211;211;211m▄[48;2;210;210;210m[38;2;210;210;210m▄[48;2;209;209;209m[38;2;208;208;208m▄[48;2;208;208;208m[38;2;209;209;209m▄[48;2;208;208;208m[38;2;208;208;208m▄[48;2;208;208;208m[38;2;208;208;208m▄[48;2;208;208;208m[38;2;207;207;207m▄[48;2;206;206;206m[38;2;207;207;207m▄[48;2;205;205;205m[38;2;205;205;206m▄[48;2;204;204;205m[38;2;205;205;205m▄[0m
[48;2;216;216;216m[38;2;215;215;215m▄[48;2;216;216;216m[38;2;215;215;215m▄[48;2;216;216;216m[38;2;216;216;216m▄[48;2;216;216;216m[38;2;216;216;216m▄[48;2;216;216;216m[38;2;216;216;216m▄[48;2;216;216;216m[38;2;216;216;216m▄[48;2;217;217;217m[38;2;216;216;216m▄[48;2;217;217;217m[38;2;216;216;216m▄[48;2;218;218;218m[38;2;217;217;217m▄[48;2;218;218;218m[38;2;217;217;217m▄[48;2;218;218;218m[38;2;218;218;218m▄[48;2;218;218;218m[38;2;218;218;218m▄[48;2;219;219;219m[38;2;217;217;217m▄[48;2;219;219;219m[38;2;218;218;218m▄[48;2;221;221;221m[38;2;219;219;219m▄[48;2;221;221;221m[38;2;219;219;219m▄[48;2;221;221;221m[38;2;220;220;220m▄[48;2;221;221;221m[38;2;220;220;220m▄[48;2;221;221;221m[38;2;220;220;220m▄[48;2;221;221;221m[38;2;220;220;220m▄[48;2;221;221;221m[38;2;221;221;221m▄[48;2;222;221;221m[38;2;220;220;220m▄[48;2;221;221;221m[38;2;220;220;220m▄[48;2;221;221;221m[38;2;220;218;219m▄[48;2;220;221;221m[38;2;222;229;227m▄[48;2;209;144;156m[38;2;208;156;167m▄[48;2;231;149;158m[38;2;227;142;153m▄[48;2;225;130;143m[38;2;227;133;145m▄[48;2;227;134;147m[38;2;227;135;146m▄[48;2;228;138;148m[38;2;226;133;144m▄[48;2;227;135;146m[38;2;228;141;150m▄[48;2;230;144;154m[38;2;227;142;150m▄[48;2;228;135;146m[38;2;226;136;145m▄[48;2;228;136;146m[38;2;229;147;155m▄[48;2;228;145;153m[38;2;229;146;155m▄[48;2;229;149;158m[38;2;225;126;140m▄[48;2;224;122;136m[38;2;224;119;135m▄[48;2;207;116;132m[38;2;207;134;147m▄[48;2;201;197;199m[38;2;210;215;214m▄[48;2;218;219;219m[38;2;217;215;216m▄[48;2;220;219;220m[38;2;215;215;215m▄[48;2;218;218;218m[38;2;219;219;219m▄[48;2;217;216;216m[38;2;218;217;217m▄[48;2;214;215;215m[38;2;213;220;218m▄[48;2;214;211;213m[38;2;218;184;197m▄[48;2;218;212;215m[38;2;227;150;175m▄[48;2;213;216;216m[38;2;219;220;223m▄[48;2;213;212;212m[38;2;213;214;215m▄[48;2;212;212;213m[38;2;211;211;211m▄[48;2;212;212;212m[38;2;211;211;212m▄[48;2;210;210;210m[38;2;211;211;211m▄[48;2;210;210;210m[38;2;210;210;210m▄[48;2;210;210;210m[38;2;210;210;210m▄[48;2;210;210;210m[38;2;210;210;210m▄[48;2;210;210;210m[38;2;210;210;210m▄[48;2;210;210;210m[38;2;209;209;209m▄[48;2;209;209;209m[38;2;209;209;209m▄[48;2;208;208;209m[38;2;209;208;209m▄[48;2;208;208;208m[38;2;208;208;208m▄[48;2;207;207;207m[38;2;208;208;208m▄[48;2;207;207;207m[38;2;207;207;207m▄[48;2;206;206;206m[38;2;206;205;206m▄[48;2;205;205;204m[38;2;204;204;204m▄[48;2;204;204;204m[38;2;204;204;204m▄[0m
[48;2;215;215;215m[38;2;214;214;214m▄[48;2;215;215;215m[38;2;215;215;215m▄[48;2;216;216;216m[38;2;215;215;215m▄[48;2;216;216;216m[38;2;215;215;215m▄[48;2;216;216;216m[38;2;216;216;216m▄[48;2;216;216;216m[38;2;216;216;216m▄[48;2;216;216;216m[38;2;216;216;216m▄[48;2;216;216;216m[38;2;216;216;216m▄[48;2;216;216;216m[38;2;216;216;216m▄[48;2;216;216;216m[38;2;216;216;216m▄[48;2;217;217;217m[38;2;216;216;216m▄[48;2;217;217;217m[38;2;216;216;216m▄[48;2;218;218;218m[38;2;217;217;217m▄[48;2;217;217;217m[38;2;216;216;216m▄[48;2;218;218;218m[38;2;217;217;217m▄[48;2;218;218;218m[38;2;218;218;218m▄[48;2;219;218;219m[38;2;217;217;217m▄[48;2;218;218;218m[38;2;217;216;216m▄[48;2;219;219;219m[38;2;217;218;218m▄[48;2;219;218;218m[38;2;218;225;225m▄[48;2;220;219;219m[38;2;218;223;222m▄[48;2;219;219;219m[38;2;218;216;215m▄[48;2;219;220;220m[38;2;217;211;212m▄[48;2;219;219;219m[38;2;217;214;214m▄[48;2;220;221;221m[38;2;217;222;222m▄[48;2;213;201;205m[38;2;219;230;228m▄[48;2;228;169;176m[38;2;211;164;173m▄[48;2;231;138;149m[38;2;225;134;145m▄[48;2;226;132;143m[38;2;228;140;150m▄[48;2;226;131;142m[38;2;228;141;150m▄[48;2;230;148;157m[38;2;231;152;159m▄[48;2;227;144;153m[38;2;234;154;163m▄[48;2;226;139;148m[38;2;231;146;157m▄[48;2;230;159;167m[38;2;232;160;169m▄[48;2;226;141;152m[38;2;225;137;151m▄[48;2;220;115;130m[38;2;221;104;123m▄[48;2;225;122;136m[38;2;210;142;151m▄[48;2;202;171;177m[38;2;196;204;202m▄[48;2;207;212;211m[38;2;207;207;208m▄[48;2;217;218;218m[38;2;213;205;206m▄[48;2;215;214;214m[38;2;214;217;216m▄[48;2;218;218;217m[38;2;215;217;219m▄[48;2;216;217;219m[38;2;207;200;190m▄[48;2;219;225;225m[38;2;196;180;156m▄[48;2;214;169;169m[38;2;203;186;171m▄[48;2;220;120;146m[38;2;213;203;204m▄[48;2;233;120;160m[38;2;218;171;186m▄[48;2;226;161;183m[38;2;219;184;195m▄[48;2;211;215;213m[38;2;216;220;218m▄[48;2;212;211;211m[38;2;211;209;210m▄[48;2;210;210;210m[38;2;210;210;210m▄[48;2;210;210;210m[38;2;210;210;210m▄[48;2;210;210;210m[38;2;211;211;211m▄[48;2;210;210;210m[38;2;210;210;210m▄[48;2;209;209;209m[38;2;209;209;209m▄[48;2;210;210;210m[38;2;209;209;209m▄[48;2;209;209;209m[38;2;208;208;208m▄[48;2;208;208;208m[38;2;208;208;208m▄[48;2;208;208;208m[38;2;207;207;208m▄[48;2;207;207;207m[38;2;207;207;207m▄[48;2;207;207;206m[38;2;206;206;206m▄[48;2;206;205;206m[38;2;205;205;205m▄[48;2;204;204;204m[38;2;204;204;204m▄[48;2;204;204;204m[38;2;204;204;204m▄[0m
[48;2;214;214;214m[38;2;214;214;214m▄[48;2;215;215;215m[38;2;215;215;215m▄[48;2;215;215;215m[38;2;215;215;215m▄[48;2;215;215;215m[38;2;215;215;215m▄[48;2;216;216;216m[38;2;215;215;215m▄[48;2;216;216;216m[38;2;215;215;215m▄[48;2;216;216;216m[38;2;216;216;216m▄[48;2;216;216;216m[38;2;216;216;216m▄[48;2;216;216;216m[38;2;216;216;216m▄[48;2;216;216;216m[38;2;216;216;216m▄[48;2;216;216;216m[38;2;216;216;216m▄[48;2;216;216;216m[38;2;216;216;216m▄[48;2;216;216;216m[38;2;216;216;216m▄[48;2;216;216;216m[38;2;216;216;216m▄[48;2;216;216;216m[38;2;216;217;216m▄[48;2;217;217;217m[38;2;217;216;216m▄[48;2;217;216;216m[38;2;218;222;221m▄[48;2;217;221;221m[38;2;216;202;203m▄[48;2;216;218;218m[38;2;217;137;148m▄[48;2;216;179;183m[38;2;234;172;178m▄[48;2;223;160;167m[38;2;225;147;155m▄[48;2;227;156;162m[38;2;218;128;138m▄[48;2;227;159;164m[38;2;218;122;132m▄[48;2;228;160;166m[38;2;226;139;149m▄[48;2;220;158;164m[38;2;240;171;178m▄[48;2;218;206;207m[38;2;221;135;145m▄[48;2;209;200;203m[38;2;217;213;212m▄[48;2;202;113;128m[38;2;207;198;201m▄[48;2;222;118;133m[38;2;196;128;142m▄[48;2;229;137;148m[38;2;197;113;129m▄[48;2;219;121;137m[38;2;196;133;143m▄[48;2;227;168;174m[38;2;228;177;180m▄[48;2;224;155;162m[38;2;231;186;188m▄[48;2;223;125;140m[38;2;217;152;160m▄[48;2;220;118;131m[38;2;209;142;154m▄[48;2;203;100;119m[38;2;191;173;177m▄[48;2;190;173;177m[38;2;198;209;206m▄[48;2;201;203;201m[38;2;209;155;162m▄[48;2;218;156;162m[38;2;235;164;171m▄[48;2;231;152;157m[38;2;228;169;175m▄[48;2;219;173;178m[38;2;225;149;155m▄[48;2;205;205;195m[38;2;224;221;214m▄[48;2;200;190;172m[38;2;227;199;205m▄[48;2;207;201;200m[38;2;232;171;177m▄[48;2;215;218;221m[38;2;230;212;210m▄[48;2;215;213;214m[38;2;231;232;231m▄[48;2;223;231;229m[38;2;217;215;215m▄[48;2;216;222;220m[38;2;213;212;212m▄[48;2;211;211;211m[38;2;215;215;215m▄[48;2;212;212;213m[38;2;218;218;218m▄[48;2;210;210;210m[38;2;210;210;210m▄[48;2;210;210;210m[38;2;211;211;211m▄[48;2;209;209;209m[38;2;209;209;209m▄[48;2;208;208;208m[38;2;208;208;208m▄[48;2;208;208;208m[38;2;208;208;208m▄[48;2;209;209;209m[38;2;208;208;208m▄[48;2;208;208;208m[38;2;208;208;208m▄[48;2;207;207;208m[38;2;208;208;208m▄[48;2;207;207;207m[38;2;207;207;207m▄[48;2;206;206;206m[38;2;206;206;207m▄[48;2;206;206;206m[38;2;206;206;206m▄[48;2;204;204;204m[38;2;204;204;204m▄[48;2;204;204;204m[38;2;203;203;203m▄[48;2;203;203;203m[38;2;203;203;203m▄[0m
[48;2;213;213;213m[38;2;213;213;213m▄[48;2;214;214;214m[38;2;214;214;214m▄[48;2;214;214;214m[38;2;214;214;214m▄[48;2;215;215;215m[38;2;214;214;214m▄[48;2;215;215;215m[38;2;215;215;215m▄[48;2;215;215;215m[38;2;215;215;215m▄[48;2;216;216;216m[38;2;215;215;215m▄[48;2;216;215;216m[38;2;216;216;216m▄[48;2;216;215;216m[38;2;215;215;215m▄[48;2;216;216;216m[38;2;216;216;216m▄[48;2;217;217;217m[38;2;216;216;216m▄[48;2;216;216;216m[38;2;216;216;216m▄[48;2;216;216;216m[38;2;216;216;216m▄[48;2;216;216;216m[38;2;216;216;216m▄[48;2;217;217;217m[38;2;217;216;216m▄[48;2;217;217;217m[38;2;218;223;222m▄[48;2;216;216;216m[38;2;210;188;192m▄[48;2;215;138;148m[38;2;212;133;145m▄[48;2;240;199;203m[38;2;236;192;198m▄[48;2;214;137;146m[38;2;194;87;105m▄[48;2;206;91;106m[38;2;222;142;154m▄[48;2;237;173;182m[38;2;231;166;177m▄[48;2;217;126;137m[38;2;193;101;116m▄[48;2;203;116;126m[38;2;207;130;142m▄[48;2;233;169;178m[38;2;243;186;193m▄[48;2;232;154;163m[38;2;208;114;129m▄[48;2;206;172;176m[38;2;201;112;124m▄[48;2;211;215;215m[38;2;216;141;151m▄[48;2;208;210;209m[38;2;210;124;137m▄[48;2;200;213;211m[38;2;207;141;152m▄[48;2;205;176;176m[38;2;202;131;142m▄[48;2;230;155;160m[38;2;216;131;139m▄[48;2;238;193;197m[38;2;216;153;160m▄[48;2;219;208;205m[38;2;220;192;193m▄[48;2;210;213;211m[38;2;227;167;175m▄[48;2;210;205;204m[38;2;234;179;187m▄[48;2;222;222;220m[38;2;218;157;167m▄[48;2;228;174;178m[38;2;234;176;181m▄[48;2;238;200;201m[38;2;234;189;192m▄[48;2;225;170;173m[38;2;218;150;156m▄[48;2;226;189;188m[38;2;210;138;144m▄[48;2;224;231;229m[38;2;200;168;172m▄[48;2;221;161;168m[38;2;208;124;135m▄[48;2;234;186;188m[38;2;209;112;125m▄[48;2;226;168;174m[38;2;198;155;161m▄[48;2;213;214;212m[38;2;203;211;210m▄[48;2;213;213;213m[38;2;211;209;209m▄[48;2;210;210;210m[38;2;210;210;210m▄[48;2;210;210;210m[38;2;210;210;210m▄[48;2;209;209;209m[38;2;210;210;210m▄[48;2;214;214;214m[38;2;210;210;210m▄[48;2;220;220;220m[38;2;210;210;211m▄[48;2;209;209;210m[38;2;209;208;211m▄[48;2;208;208;208m[38;2;208;208;208m▄[48;2;208;208;208m[38;2;208;208;208m▄[48;2;208;208;208m[38;2;208;208;208m▄[48;2;208;208;208m[38;2;207;207;207m▄[48;2;208;208;208m[38;2;207;207;207m▄[48;2;206;206;206m[38;2;207;206;207m▄[48;2;206;206;206m[38;2;205;205;205m▄[48;2;205;205;205m[38;2;204;204;205m▄[48;2;204;204;204m[38;2;203;203;203m▄[48;2;203;203;203m[38;2;203;203;203m▄[48;2;203;203;203m[38;2;203;203;203m▄[0m
[48;2;212;212;212m[38;2;211;211;211m▄[48;2;212;212;212m[38;2;211;211;211m▄[48;2;214;214;214m[38;2;212;212;213m▄[48;2;214;214;214m[38;2;213;213;213m▄[48;2;214;214;214m[38;2;214;214;214m▄[48;2;215;215;215m[38;2;214;214;214m▄[48;2;215;215;215m[38;2;214;214;214m▄[48;2;215;215;215m[38;2;214;214;214m▄[48;2;215;215;215m[38;2;215;215;215m▄[48;2;215;215;215m[38;2;215;215;215m▄[48;2;215;215;215m[38;2;215;215;215m▄[48;2;215;215;215m[38;2;215;215;215m▄[48;2;215;215;215m[38;2;215;215;215m▄[48;2;215;215;216m[38;2;216;216;216m▄[48;2;215;215;215m[38;2;215;215;215m▄[48;2;216;217;217m[38;2;215;215;215m▄[48;2;216;213;213m[38;2;216;219;219m▄[48;2;199;111;127m[38;2;213;201;203m▄[48;2;198;91;110m[38;2;195;148;158m▄[48;2;185;73;94m[38;2;190;92;111m▄[48;2;233;159;171m[38;2;232;143;157m▄[48;2;215;130;143m[38;2;206;118;134m▄[48;2;201;101;118m[38;2;235;156;167m▄[48;2;231;161;171m[38;2;182;85;104m▄[48;2;202;112;127m[38;2;180;84;103m▄[48;2;190;80;100m[38;2;221;136;150m▄[48;2;233;165;175m[38;2;202;113;129m▄[48;2;200;110;125m[38;2;170;58;81m▄[48;2;239;181;188m[38;2;237;170;179m▄[48;2;207;117;131m[38;2;174;69;89m▄[48;2;195;91;108m[38;2;216;139;151m▄[48;2;241;188;192m[38;2;214;136;148m▄[48;2;195;106;119m[38;2;177;69;90m▄[48;2;226;164;169m[38;2;233;161;171m▄[48;2;219;146;156m[38;2;180;83;101m▄[48;2;221;146;157m[38;2;178;74;95m▄[48;2;203;104;120m[38;2;184;87;105m▄[48;2;232;174;180m[38;2;237;172;179m▄[48;2;215;152;158m[38;2;202;125;137m▄[48;2;218;146;156m[38;2;199;112;127m▄[48;2;234;166;173m[38;2;232;163;172m▄[48;2;185;74;91m[38;2;187;97;111m▄[48;2;232;175;180m[38;2;231;150;161m▄[48;2;219;148;158m[38;2;184;91;109m▄[48;2;184;140;148m[38;2;185;84;104m▄[48;2;207;209;208m[38;2;195;152;160m▄[48;2;212;212;212m[38;2;213;220;218m▄[48;2;209;209;209m[38;2;211;209;209m▄[48;2;210;210;210m[38;2;209;209;209m▄[48;2;210;210;210m[38;2;211;211;211m▄[48;2;210;210;210m[38;2;210;210;210m▄[48;2;209;209;212m[38;2;209;209;210m▄[48;2;209;210;214m[38;2;209;209;213m▄[48;2;209;208;210m[38;2;208;207;210m▄[48;2;208;208;209m[38;2;208;208;208m▄[48;2;208;208;208m[38;2;208;208;207m▄[48;2;208;208;205m[38;2;207;207;203m▄[48;2;207;207;206m[38;2;207;207;205m▄[48;2;206;206;206m[38;2;206;206;206m▄[48;2;204;204;204m[38;2;204;203;204m▄[48;2;204;204;204m[38;2;204;204;203m▄[48;2;203;203;203m[38;2;203;203;203m▄[48;2;203;203;203m[38;2;203;203;203m▄[48;2;203;203;203m[38;2;202;202;202m▄[0m
[48;2;210;210;210m[38;2;210;210;210m▄[48;2;210;210;210m[38;2;210;210;210m▄[48;2;211;211;212m[38;2;210;210;210m▄[48;2;212;212;212m[38;2;210;210;210m▄[48;2;212;212;212m[38;2;211;211;211m▄[48;2;212;212;213m[38;2;212;212;212m▄[48;2;214;214;214m[38;2;213;213;213m▄[48;2;214;214;214m[38;2;213;213;213m▄[48;2;214;214;214m[38;2;214;214;214m▄[48;2;214;214;214m[38;2;214;214;214m▄[48;2;214;214;214m[38;2;214;214;214m▄[48;2;214;214;214m[38;2;214;214;214m▄[48;2;214;214;214m[38;2;214;214;214m▄[48;2;214;214;214m[38;2;214;214;214m▄[48;2;215;215;215m[38;2;214;214;214m▄[48;2;215;215;215m[38;2;214;216;215m▄[48;2;215;214;214m[38;2;214;207;210m▄[48;2;217;230;225m[38;2;219;205;212m▄[48;2;192;174;181m[38;2;181;135;148m▄[48;2;200;94;117m[38;2;207;94;117m▄[48;2;217;122;139m[38;2;199;96;117m▄[48;2;152;43;68m[38;2;169;112;125m▄[48;2;224;127;144m[38;2;181;82;104m▄[48;2;205;112;130m[38;2;236;134;151m▄[48;2;162;70;92m[38;2;164;61;83m▄[48;2;235;137;154m[38;2;189;85;105m▄[48;2;193;95;113m[38;2;214;110;129m▄[48;2;210;120;135m[38;2;178;77;99m▄[48;2;229;136;152m[38;2;214;116;133m▄[48;2;181;86;107m[38;2;184;84;106m▄[48;2;242;155;168m[38;2;191;87;110m▄[48;2;200;106;122m[38;2;208;109;129m▄[48;2;204;122;137m[38;2;170;74;94m▄[48;2;232;136;152m[38;2;199;105;122m▄[48;2;173;84;102m[38;2;208;112;129m▄[48;2;180;96;112m[38;2;184;86;105m▄[48;2;218;132;147m[38;2;187;90;108m▄[48;2;241;152;166m[38;2;212;119;134m▄[48;2;172;70;90m[38;2;144;41;65m▄[48;2;215;127;140m[38;2;204;104;120m▄[48;2;202;121;135m[38;2;209;114;131m▄[48;2;200;122;136m[38;2;177;76;98m▄[48;2;229;134;150m[38;2;197;93;112m▄[48;2;187;95;113m[38;2;187;87;107m▄[48;2;185;95;114m[38;2;175;115;128m▄[48;2;193;162;168m[38;2;192;196;195m▄[48;2;209;215;214m[38;2;202;201;202m▄[48;2;209;208;208m[38;2;213;213;213m▄[48;2;210;210;210m[38;2;210;210;210m▄[48;2;222;222;221m[38;2;209;209;209m▄[48;2;212;212;212m[38;2;208;208;209m▄[48;2;208;208;208m[38;2;208;208;208m▄[48;2;208;208;209m[38;2;208;208;208m▄[48;2;208;207;208m[38;2;208;207;208m▄[48;2;208;208;208m[38;2;207;207;208m▄[48;2;208;207;208m[38;2;207;207;207m▄[48;2;206;208;203m[38;2;207;207;204m▄[48;2;204;207;202m[38;2;204;206;203m▄[48;2;205;206;205m[38;2;203;205;204m▄[48;2;204;204;204m[38;2;203;203;203m▄[48;2;203;203;203m[38;2;203;203;203m▄[48;2;203;203;203m[38;2;203;203;203m▄[48;2;203;203;203m[38;2;202;202;202m▄[48;2;203;203;203m[38;2;203;203;203m▄[0m
[48;2;210;210;210m[38;2;210;210;210m▄[48;2;210;210;210m[38;2;210;210;210m▄[48;2;210;210;210m[38;2;210;210;210m▄[48;2;210;210;210m[38;2;210;210;210m▄[48;2;211;211;211m[38;2;210;210;210m▄[48;2;211;211;211m[38;2;210;210;210m▄[48;2;211;211;211m[38;2;211;211;211m▄[48;2;212;212;212m[38;2;211;211;211m▄[48;2;213;213;213m[38;2;211;211;211m▄[48;2;213;213;213m[38;2;211;211;211m▄[48;2;213;213;213m[38;2;211;211;211m▄[48;2;213;213;213m[38;2;213;213;213m▄[48;2;214;214;214m[38;2;211;211;211m▄[48;2;214;214;214m[38;2;212;212;212m▄[48;2;214;213;213m[38;2;213;212;212m▄[48;2;213;222;219m[38;2;212;214;213m▄[48;2;215;173;188m[38;2;212;202;206m▄[48;2;224;139;173m[38;2;214;148;166m▄[48;2;199;189;193m[38;2;209;206;201m▄[48;2;169;62;88m[38;2;201;181;183m▄[48;2;171;66;92m[38;2;188;159;157m▄[48;2;191;185;189m[38;2;189;180;164m▄[48;2;171;108;118m[38;2;203;190;181m▄[48;2;198;86;108m[38;2;162;76;98m▄[48;2;231;127;147m[38;2;196;83;107m▄[48;2;153;44;71m[38;2;235;133;151m▄[48;2;164;70;93m[38;2;191;102;120m▄[48;2;168;78;99m[38;2;163;69;91m▄[48;2;153;46;72m[38;2;179;82;104m▄[48;2;181;118;133m[38;2;179;114;128m▄[48;2;180;121;135m[38;2;177;122;136m▄[48;2;174;92;110m[38;2;179;100;119m▄[48;2;181;115;127m[38;2;178;94;112m▄[48;2;165;74;96m[38;2;184;105;122m▄[48;2;166;71;94m[38;2;182;100;117m▄[48;2;168;73;93m[38;2;180;93;110m▄[48;2;163;65;85m[38;2;188;105;123m▄[48;2;158;59;82m[38;2;197;116;131m▄[48;2;188;149;157m[38;2;194;184;186m▄[48;2;171;89;110m[38;2;196;189;182m▄[48;2;172;79;103m[38;2;190;170;156m▄[48;2;176;120;135m[38;2;189;183;166m▄[48;2;175;118;134m[38;2;191;194;183m▄[48;2;181;136;149m[38;2;194;197;192m▄[48;2;187;189;189m[38;2;197;195;191m▄[48;2;200;201;201m[38;2;208;208;208m▄[48;2;206;206;206m[38;2;219;219;218m▄[48;2;208;208;208m[38;2;210;210;210m▄[48;2;208;208;208m[38;2;208;208;208m▄[48;2;208;208;208m[38;2;207;207;207m▄[48;2;208;208;208m[38;2;208;208;208m▄[48;2;207;207;207m[38;2;207;207;207m▄[48;2;207;207;207m[38;2;206;206;206m▄[48;2;207;207;207m[38;2;206;206;206m▄[48;2;207;207;207m[38;2;204;204;204m▄[48;2;207;207;207m[38;2;204;204;204m▄[48;2;206;205;206m[38;2;204;204;204m▄[48;2;205;204;205m[38;2;203;203;203m▄[48;2;203;203;205m[38;2;203;203;203m▄[48;2;203;203;203m[38;2;203;203;203m▄[48;2;203;202;202m[38;2;202;202;202m▄[48;2;202;202;202m[38;2;202;202;202m▄[48;2;203;203;203m[38;2;202;202;203m▄[48;2;203;203;203m[38;2;203;203;203m▄[0m
[48;2;210;210;210m[38;2;210;210;210m▄[48;2;210;210;210m[38;2;211;211;211m▄[48;2;210;210;210m[38;2;211;211;212m▄[48;2;210;210;210m[38;2;212;212;212m▄[48;2;210;210;210m[38;2;212;212;213m▄[48;2;211;211;211m[38;2;213;213;213m▄[48;2;210;210;210m[38;2;213;213;213m▄[48;2;211;211;211m[38;2;214;214;214m▄[48;2;211;211;211m[38;2;214;214;214m▄[48;2;211;211;211m[38;2;214;214;214m▄[48;2;212;212;212m[38;2;214;214;214m▄[48;2;213;213;213m[38;2;214;214;214m▄[48;2;211;211;211m[38;2;214;214;214m▄[48;2;212;212;212m[38;2;214;214;214m▄[48;2;212;212;212m[38;2;214;214;214m▄[48;2;212;211;212m[38;2;214;215;215m▄[48;2;212;215;215m[38;2;215;214;214m▄[48;2;209;205;203m[38;2;214;215;216m▄[48;2;197;178;164m[38;2;212;215;216m▄[48;2;194;185;167m[38;2;211;211;213m▄[48;2;195;190;176m[38;2;212;213;215m▄[48;2;201;196;192m[38;2;212;213;214m▄[48;2;211;214;216m[38;2;212;210;210m▄[48;2;208;200;201m[38;2;214;216;216m▄[48;2;170;96;115m[38;2;211;210;210m▄[48;2;168;61;87m[38;2;186;150;159m▄[48;2;202;88;111m[38;2;167;99;117m▄[48;2;205;100;122m[38;2;164;82;104m▄[48;2;198;95;115m[38;2;165;84;105m▄[48;2;190;82;104m[38;2;168;97;114m▄[48;2;199;100;119m[38;2;166;78;98m▄[48;2;182;92;110m[38;2;175;75;97m▄[48;2;153;50;74m[38;2;186;83;107m▄[48;2;164;84;101m[38;2;187;91;113m▄[48;2;174;125;135m[38;2;186;92;111m▄[48;2;169;109;123m[38;2;196;101;121m▄[48;2;176;83;104m[38;2;201;103;124m▄[48;2;202;106;125m[38;2;158;55;81m▄[48;2;177;139;149m[38;2;187;171;175m▄[48;2;203;205;197m[38;2;206;210;211m▄[48;2;204;199;193m[38;2;210;209;212m▄[48;2;201;192;182m[38;2;209;211;213m▄[48;2;202;190;175m[38;2;210;211;214m▄[48;2;205;196;182m[38;2;206;207;210m▄[48;2;205;202;198m[38;2;206;207;206m▄[48;2;214;215;215m[38;2;217;217;217m▄[48;2;222;222;222m[38;2;208;209;209m▄[48;2;209;209;209m[38;2;208;208;208m▄[48;2;208;208;208m[38;2;208;208;208m▄[48;2;207;207;207m[38;2;207;207;207m▄[48;2;207;207;207m[38;2;207;207;207m▄[48;2;207;207;207m[38;2;207;207;207m▄[48;2;205;205;205m[38;2;207;207;207m▄[48;2;204;204;204m[38;2;207;207;207m▄[48;2;204;204;204m[38;2;207;206;207m▄[48;2;203;203;203m[38;2;206;206;206m▄[48;2;203;203;203m[38;2;205;205;205m▄[48;2;203;202;203m[38;2;204;204;204m▄[48;2;202;202;203m[38;2;203;203;203m▄[48;2;203;203;203m[38;2;202;202;202m▄[48;2;202;202;202m[38;2;202;202;202m▄[48;2;202;202;202m[38;2;203;202;203m▄[48;2;202;202;202m[38;2;202;202;203m▄[48;2;201;201;201m[38;2;203;202;203m▄[0m
[48;2;214;214;214m[38;2;216;216;216m▄[48;2;215;215;215m[38;2;216;216;216m▄[48;2;215;215;215m[38;2;216;216;216m▄[48;2;215;215;215m[38;2;216;216;216m▄[48;2;215;215;215m[38;2;217;217;217m▄[48;2;215;215;215m[38;2;217;217;217m▄[48;2;215;215;215m[38;2;216;216;216m▄[48;2;216;215;216m[38;2;216;216;216m▄[48;2;215;215;215m[38;2;216;216;216m▄[48;2;216;216;216m[38;2;217;217;217m▄[48;2;216;216;216m[38;2;217;217;217m▄[48;2;216;216;216m[38;2;217;217;217m▄[48;2;216;216;216m[38;2;217;217;217m▄[48;2;216;216;216m[38;2;217;217;217m▄[48;2;216;216;216m[38;2;218;218;218m▄[48;2;216;216;216m[38;2;217;217;217m▄[48;2;216;216;216m[38;2;217;217;217m▄[48;2;216;216;216m[38;2;216;216;216m▄[48;2;216;216;215m[38;2;216;216;216m▄[48;2;215;215;215m[38;2;214;214;214m▄[48;2;216;215;215m[38;2;213;213;213m▄[48;2;216;216;216m[38;2;213;213;213m▄[48;2;218;218;218m[38;2;213;213;213m▄[48;2;216;215;215m[38;2;212;212;212m▄[48;2;210;210;210m[38;2;210;210;210m▄[48;2;203;208;207m[38;2;208;206;207m▄[48;2;195;195;196m[38;2;204;200;202m▄[48;2;187;182;184m[38;2;200;197;198m▄[48;2;183;177;178m[38;2;197;192;193m▄[48;2;186;184;181m[38;2;196;190;190m▄[48;2;184;168;169m[38;2;195;191;192m▄[48;2;172;118;133m[38;2;197;197;196m▄[48;2;163;85;104m[38;2;195;192;190m▄[48;2;166;75;97m[38;2;189;175;177m▄[48;2;169;72;94m[38;2;189;168;171m▄[48;2;165;67;90m[38;2;192;175;178m▄[48;2;161;78;98m[38;2;195;192;191m▄[48;2;183;150;155m[38;2;193;199;195m▄[48;2;192;191;189m[38;2;198;185;190m▄[48;2;206;204;204m[38;2;212;206;208m▄[48;2;210;209;209m[38;2;213;214;214m▄[48;2;211;211;211m[38;2;210;210;210m▄[48;2;211;211;210m[38;2;210;210;210m▄[48;2;210;209;209m[38;2;210;210;210m▄[48;2;209;209;209m[38;2;209;209;209m▄[48;2;210;210;210m[38;2;207;207;208m▄[48;2;211;211;210m[38;2;207;207;208m▄[48;2;210;210;210m[38;2;207;206;207m▄[48;2;210;210;210m[38;2;207;207;208m▄[48;2;209;209;209m[38;2;210;209;210m▄[48;2;209;209;209m[38;2;210;210;210m▄[48;2;209;208;209m[38;2;210;210;210m▄[48;2;208;208;209m[38;2;209;209;209m▄[48;2;208;208;208m[38;2;210;210;210m▄[48;2;208;208;208m[38;2;210;210;210m▄[48;2;207;207;207m[38;2;209;209;209m▄[48;2;207;207;207m[38;2;209;209;209m▄[48;2;207;206;207m[38;2;208;208;208m▄[48;2;211;211;211m[38;2;216;216;216m▄[48;2;213;213;213m[38;2;220;220;220m▄[48;2;206;206;206m[38;2;209;208;209m▄[48;2;205;205;205m[38;2;207;207;207m▄[48;2;205;204;205m[38;2;207;207;207m▄[48;2;204;204;204m[38;2;206;206;206m▄[0m
[48;2;219;219;219m[38;2;223;223;223m▄[48;2;219;219;219m[38;2;223;223;223m▄[48;2;219;219;219m[38;2;224;224;224m▄[48;2;219;219;219m[38;2;223;223;223m▄[48;2;220;220;220m[38;2;223;223;223m▄[48;2;220;220;220m[38;2;224;224;224m▄[48;2;221;221;221m[38;2;223;223;223m▄[48;2;221;221;221m[38;2;223;223;223m▄[48;2;221;221;221m[38;2;224;224;224m▄[48;2;221;221;221m[38;2;224;224;224m▄[48;2;222;222;222m[38;2;224;224;224m▄[48;2;222;222;222m[38;2;224;224;224m▄[48;2;222;222;222m[38;2;223;223;223m▄[48;2;221;221;222m[38;2;223;223;223m▄[48;2;220;220;220m[38;2;223;223;223m▄[48;2;217;217;217m[38;2;221;221;221m▄[48;2;213;212;213m[38;2;218;217;218m▄[48;2;206;206;206m[38;2;213;212;214m▄[48;2;199;199;199m[38;2;207;207;207m▄[48;2;194;194;195m[38;2;203;203;203m▄[48;2;192;192;191m[38;2;202;202;202m▄[48;2;191;191;191m[38;2;201;201;201m▄[48;2;189;189;189m[38;2;198;198;198m▄[48;2;189;188;190m[38;2;193;193;193m▄[48;2;191;191;191m[38;2;189;189;189m▄[48;2;195;195;195m[38;2;188;188;188m▄[48;2;197;197;197m[38;2;184;184;184m▄[48;2;202;201;202m[38;2;184;184;184m▄[48;2;202;202;202m[38;2;185;185;186m▄[48;2;200;200;201m[38;2;187;187;187m▄[48;2;201;200;201m[38;2;187;187;187m▄[48;2;198;197;197m[38;2;187;187;187m▄[48;2;194;193;194m[38;2;187;187;187m▄[48;2;195;197;196m[38;2;187;186;186m▄[48;2;197;201;199m[38;2;185;184;184m▄[48;2;194;197;196m[38;2;188;188;188m▄[48;2;194;194;196m[38;2;190;190;190m▄[48;2;198;198;198m[38;2;184;184;184m▄[48;2;189;190;190m[38;2;191;191;191m▄[48;2;187;188;187m[38;2;203;203;203m▄[48;2;187;186;187m[38;2;191;191;191m▄[48;2;191;190;192m[38;2;191;192;192m▄[48;2;191;191;191m[38;2;191;192;192m▄[48;2;191;191;191m[38;2;194;193;193m▄[48;2;192;192;192m[38;2;197;198;198m▄[48;2;199;199;199m[38;2;204;204;204m▄[48;2;206;205;206m[38;2;210;210;210m▄[48;2;210;209;211m[38;2;214;214;214m▄[48;2;212;212;213m[38;2;216;216;215m▄[48;2;213;213;213m[38;2;215;215;215m▄[48;2;213;213;213m[38;2;215;215;215m▄[48;2;212;212;212m[38;2;215;215;215m▄[48;2;212;212;212m[38;2;214;214;214m▄[48;2;211;211;211m[38;2;214;214;214m▄[48;2;210;210;210m[38;2;213;213;213m▄[48;2;210;210;210m[38;2;213;213;213m▄[48;2;210;210;210m[38;2;212;212;212m▄[48;2;210;210;210m[38;2;211;211;211m▄[48;2;210;210;210m[38;2;211;211;211m▄[48;2;210;210;210m[38;2;210;210;210m▄[48;2;209;209;209m[38;2;210;210;210m▄[48;2;209;209;209m[38;2;210;210;210m▄[48;2;209;209;209m[38;2;210;210;210m▄[48;2;209;209;209m[38;2;210;210;210m▄[0m
[48;2;224;224;224m[38;2;227;227;227m▄[48;2;224;224;224m[38;2;227;227;227m▄[48;2;225;225;225m[38;2;227;227;227m▄[48;2;225;225;225m[38;2;227;227;227m▄[48;2;226;226;226m[38;2;228;228;228m▄[48;2;226;226;226m[38;2;228;228;228m▄[48;2;225;225;225m[38;2;227;227;227m▄[48;2;225;225;225m[38;2;227;227;227m▄[48;2;226;226;226m[38;2;228;228;228m▄[48;2;226;226;226m[38;2;228;228;228m▄[48;2;226;226;226m[38;2;227;227;227m▄[48;2;226;226;226m[38;2;228;228;228m▄[48;2;225;225;225m[38;2;228;228;228m▄[48;2;225;225;225m[38;2;227;227;227m▄[48;2;225;225;225m[38;2;227;227;227m▄[48;2;225;225;225m[38;2;227;227;227m▄[48;2;225;225;225m[38;2;227;227;227m▄[48;2;224;224;224m[38;2;227;227;227m▄[48;2;224;224;224m[38;2;227;227;227m▄[48;2;224;224;224m[38;2;228;228;228m▄[48;2;228;228;228m[38;2;227;227;227m▄[48;2;225;225;225m[38;2;226;226;226m▄[48;2;223;223;223m[38;2;227;227;227m▄[48;2;222;222;222m[38;2;228;228;228m▄[48;2;217;217;217m[38;2;227;227;227m▄[48;2;213;213;213m[38;2;226;226;226m▄[48;2;212;212;212m[38;2;226;226;226m▄[48;2;211;211;211m[38;2;226;226;226m▄[48;2;209;210;210m[38;2;226;226;226m▄[48;2;209;209;208m[38;2;226;226;226m▄[48;2;209;209;209m[38;2;226;226;226m▄[48;2;208;208;208m[38;2;226;226;226m▄[48;2;203;203;203m[38;2;225;225;225m▄[48;2;201;201;201m[38;2;226;226;226m▄[48;2;199;199;199m[38;2;225;225;225m▄[48;2;200;200;200m[38;2;223;223;223m▄[48;2;200;200;200m[38;2;223;223;223m▄[48;2;203;203;203m[38;2;223;223;223m▄[48;2;210;210;210m[38;2;223;223;223m▄[48;2;216;216;216m[38;2;222;222;222m▄[48;2;218;218;217m[38;2;222;222;222m▄[48;2;217;217;217m[38;2;221;221;221m▄[48;2;217;217;217m[38;2;221;221;221m▄[48;2;217;217;217m[38;2;219;219;219m▄[48;2;218;218;218m[38;2;218;218;218m▄[48;2;218;218;218m[38;2;217;217;217m▄[48;2;217;217;217m[38;2;217;217;217m▄[48;2;217;217;217m[38;2;217;217;217m▄[48;2;216;216;216m[38;2;217;217;217m▄[48;2;216;216;216m[38;2;216;216;216m▄[48;2;216;216;216m[38;2;216;216;216m▄[48;2;215;215;215m[38;2;216;216;216m▄[48;2;216;216;216m[38;2;216;216;216m▄[48;2;215;215;215m[38;2;215;215;215m▄[48;2;215;215;215m[38;2;215;215;215m▄[48;2;215;215;215m[38;2;215;215;215m▄[48;2;215;215;215m[38;2;216;216;216m▄[48;2;215;215;215m[38;2;215;215;215m▄[48;2;214;213;214m[38;2;216;216;216m▄[48;2;213;213;213m[38;2;215;215;215m▄[48;2;212;212;212m[38;2;215;215;214m▄[48;2;211;211;211m[38;2;214;214;214m▄[48;2;210;210;210m[38;2;213;213;213m▄[48;2;210;210;210m[38;2;213;213;213m▄[0m
