[48;2;221;221;221m[38;2;219;219;219m▄[48;2;221;221;221m[38;2;221;221;221m▄[48;2;222;222;222m[38;2;222;222;222m▄[48;2;223;223;223m[38;2;222;222;222m▄[48;2;223;223;223m[38;2;223;223;223m▄[48;2;223;223;223m[38;2;223;223;223m▄[48;2;224;224;224m[38;2;224;224;224m▄[48;2;225;225;225m[38;2;225;225;225m▄[48;2;224;224;224m[38;2;224;224;224m▄[48;2;224;224;224m[38;2;224;224;224m▄[48;2;224;224;224m[38;2;224;224;224m▄[48;2;226;226;226m[38;2;224;224;224m▄[48;2;228;228;228m[38;2;225;225;225m▄[48;2;227;227;227m[38;2;226;226;226m▄[48;2;228;228;228m[38;2;227;227;227m▄[48;2;227;227;227m[38;2;227;227;227m▄[48;2;227;227;227m[38;2;227;227;227m▄[48;2;227;227;227m[38;2;227;227;227m▄[48;2;227;227;227m[38;2;227;227;227m▄[48;2;228;228;228m[38;2;227;227;227m▄[48;2;227;227;227m[38;2;227;227;227m▄[48;2;227;227;227m[38;2;227;227;227m▄[48;2;227;227;227m[38;2;227;227;227m▄[48;2;227;227;227m[38;2;227;227;227m▄[48;2;227;227;227m[38;2;227;227;227m▄[48;2;227;227;227m[38;2;226;226;226m▄[48;2;228;228;228m[38;2;225;225;225m▄[48;2;225;225;225m[38;2;224;224;224m▄[48;2;225;225;225m[38;2;224;224;224m▄[48;2;224;224;224m[38;2;224;224;224m▄[48;2;224;224;224m[38;2;224;224;224m▄[48;2;224;224;224m[38;2;224;224;224m▄[48;2;224;224;224m[38;2;224;224;224m▄[48;2;223;223;223m[38;2;223;223;223m▄[48;2;223;223;223m[38;2;223;223;223m▄[48;2;223;223;223m[38;2;223;223;223m▄[48;2;222;222;222m[38;2;222;222;222m▄[48;2;222;222;222m[38;2;222;222;222m▄[48;2;221;221;221m[38;2;221;221;221m▄[48;2;221;221;221m[38;2;221;221;221m▄[48;2;220;220;220m[38;2;220;220;220m▄[48;2;217;217;217m[38;2;218;218;218m▄[48;2;217;217;217m[38;2;217;217;217m▄[48;2;216;216;216m[38;2;216;216;216m▄[48;2;216;216;216m[38;2;216;216;216m▄[48;2;216;216;216m[38;2;216;216;216m▄[48;2;216;216;216m[38;2;216;216;216m▄[48;2;215;215;215m[38;2;215;215;215m▄[48;2;215;215;215m[38;2;215;215;215m▄[48;2;214;214;214m[38;2;215;215;215m▄[48;2;214;214;214m[38;2;214;214;214m▄[48;2;213;213;213m[38;2;213;213;213m▄[48;2;212;212;212m[38;2;213;213;213m▄[48;2;211;211;211m[38;2;211;211;211m▄[48;2;210;210;210m[38;2;210;210;210m▄[48;2;210;210;210m[38;2;210;210;210m▄[48;2;210;210;210m[38;2;210;210;210m▄[48;2;210;210;210m[38;2;210;210;210m▄[48;2;209;209;209m[38;2;209;209;209m▄[48;2;208;208;208m[38;2;209;209;208m▄[48;2;209;209;209m[38;2;208;208;208m▄[48;2;208;208;208m[38;2;208;208;208m▄[48;2;208;208;208m[38;2;208;208;208m▄[48;2;207;207;207m[38;2;207;207;207m▄[0m
[48;2;218;218;218m[38;2;217;217;217m▄[48;2;221;221;221m[38;2;220;220;220m▄[48;2;222;222;222m[38;2;221;221;221m▄[48;2;222;222;222m[38;2;222;222;222m▄[48;2;222;222;222m[38;2;222;222;222m▄[48;2;223;223;223m[38;2;223;223;223m▄[48;2;224;224;224m[38;2;223;223;223m▄[48;2;224;224;224m[38;2;223;223;223m▄[48;2;224;224;224m[38;2;224;224;224m▄[48;2;224;224;224m[38;2;224;224;224m▄[48;2;224;224;224m[38;2;224;224;224m▄[48;2;224;224;224m[38;2;224;224;224m▄[48;2;224;224;224m[38;2;224;224;224m▄[48;2;224;224;224m[38;2;224;224;224m▄[48;2;226;226;226m[38;2;224;224;224m▄[48;2;227;227;227m[38;2;225;225;225m▄[48;2;226;226;226m[38;2;226;226;226m▄[48;2;227;227;227m[38;2;227;227;226m▄[48;2;227;227;227m[38;2;227;227;227m▄[48;2;226;226;226m[38;2;226;226;226m▄[48;2;227;227;227m[38;2;227;227;227m▄[48;2;227;227;227m[38;2;227;227;227m▄[48;2;227;227;227m[38;2;227;227;227m▄[48;2;226;226;226m[38;2;225;225;225m▄[48;2;226;226;226m[38;2;226;226;226m▄[48;2;225;225;225m[38;2;225;225;225m▄[48;2;225;225;225m[38;2;224;224;224m▄[48;2;224;224;224m[38;2;227;226;227m▄[48;2;223;223;222m[38;2;232;229;232m▄[48;2;223;223;223m[38;2;229;227;229m▄[48;2;224;224;224m[38;2;224;224;223m▄[48;2;224;224;224m[38;2;222;223;222m▄[48;2;224;224;224m[38;2;223;223;223m▄[48;2;223;223;223m[38;2;222;223;222m▄[48;2;223;223;223m[38;2;224;223;223m▄[48;2;221;222;221m[38;2;232;228;232m▄[48;2;222;222;222m[38;2;225;223;226m▄[48;2;222;222;222m[38;2;222;222;222m▄[48;2;222;222;222m[38;2;222;222;222m▄[48;2;220;220;220m[38;2;221;221;221m▄[48;2;219;219;219m[38;2;219;219;219m▄[48;2;218;218;218m[38;2;217;217;217m▄[48;2;217;217;217m[38;2;216;216;216m▄[48;2;216;216;216m[38;2;216;216;216m▄[48;2;216;216;216m[38;2;216;216;216m▄[48;2;216;216;216m[38;2;216;216;216m▄[48;2;215;215;215m[38;2;215;215;215m▄[48;2;215;215;215m[38;2;215;215;215m▄[48;2;215;215;215m[38;2;215;215;215m▄[48;2;214;214;214m[38;2;214;214;215m▄[48;2;214;214;214m[38;2;213;213;213m▄[48;2;213;213;213m[38;2;213;213;213m▄[48;2;212;212;212m[38;2;212;212;212m▄[48;2;211;211;211m[38;2;211;211;211m▄[48;2;210;210;210m[38;2;210;210;210m▄[48;2;210;210;210m[38;2;210;210;210m▄[48;2;210;210;210m[38;2;210;210;210m▄[48;2;210;210;210m[38;2;209;209;210m▄[48;2;209;209;209m[38;2;208;208;208m▄[48;2;208;208;208m[38;2;208;208;208m▄[48;2;208;208;208m[38;2;208;208;208m▄[48;2;208;208;208m[38;2;208;208;208m▄[48;2;207;207;207m[38;2;207;207;207m▄[48;2;207;207;207m[38;2;207;207;207m▄[0m
[48;2;218;218;218m[38;2;219;219;219m▄[48;2;220;220;220m[38;2;220;220;220m▄[48;2;221;221;221m[38;2;221;221;221m▄[48;2;221;221;221m[38;2;221;221;221m▄[48;2;222;222;222m[38;2;222;222;222m▄[48;2;223;223;223m[38;2;222;222;222m▄[48;2;223;223;223m[38;2;223;223;223m▄[48;2;223;223;223m[38;2;223;223;223m▄[48;2;223;223;224m[38;2;223;223;223m▄[48;2;224;223;224m[38;2;224;224;224m▄[48;2;224;224;224m[38;2;224;224;224m▄[48;2;224;224;224m[38;2;224;224;224m▄[48;2;224;224;224m[38;2;224;224;224m▄[48;2;224;224;224m[38;2;224;224;224m▄[48;2;224;224;224m[38;2;225;225;225m▄[48;2;224;224;224m[38;2;224;224;224m▄[48;2;224;224;224m[38;2;224;224;224m▄[48;2;224;225;224m[38;2;224;224;224m▄[48;2;225;225;225m[38;2;223;223;223m▄[48;2;225;225;225m[38;2;223;224;224m▄[48;2;225;225;225m[38;2;224;224;224m▄[48;2;226;226;226m[38;2;226;226;226m▄[48;2;225;225;225m[38;2;224;224;224m▄[48;2;224;224;224m[38;2;224;224;224m▄[48;2;224;224;224m[38;2;224;224;224m▄[48;2;224;224;224m[38;2;222;223;222m▄[48;2;226;225;226m[38;2;233;229;234m▄[48;2;214;219;214m[38;2;166;193;161m▄[48;2;192;206;193m[38;2;130;182;102m▄[48;2;202;211;205m[38;2;142;185;112m▄[48;2;227;225;229m[38;2;137;178;124m▄[48;2;230;227;229m[38;2;198;209;200m▄[48;2;221;222;221m[38;2;231;228;231m▄[48;2;226;225;225m[38;2;222;222;224m▄[48;2;221;221;223m[38;2;155;187;142m▄[48;2;176;196;173m[38;2;90;157;57m▄[48;2;208;215;207m[38;2;149;181;142m▄[48;2;225;223;225m[38;2;230;225;231m▄[48;2;221;221;220m[38;2;219;220;218m▄[48;2;220;220;220m[38;2;219;219;219m▄[48;2;218;218;218m[38;2;218;218;218m▄[48;2;217;217;217m[38;2;218;218;218m▄[48;2;217;217;217m[38;2;216;216;216m▄[48;2;216;216;216m[38;2;216;216;216m▄[48;2;216;216;216m[38;2;216;216;216m▄[48;2;215;215;215m[38;2;216;216;216m▄[48;2;215;215;215m[38;2;215;215;215m▄[48;2;215;215;215m[38;2;215;215;215m▄[48;2;214;214;214m[38;2;214;214;214m▄[48;2;214;214;214m[38;2;214;214;214m▄[48;2;213;213;214m[38;2;214;214;214m▄[48;2;213;212;213m[38;2;213;213;213m▄[48;2;212;212;212m[38;2;212;212;212m▄[48;2;211;211;211m[38;2;211;211;211m▄[48;2;210;210;211m[38;2;210;210;210m▄[48;2;210;210;210m[38;2;209;210;210m▄[48;2;210;210;210m[38;2;210;210;210m▄[48;2;208;208;209m[38;2;209;209;209m▄[48;2;208;208;208m[38;2;208;208;208m▄[48;2;208;208;208m[38;2;208;208;208m▄[48;2;208;208;208m[38;2;208;208;208m▄[48;2;208;208;208m[38;2;208;208;208m▄[48;2;208;208;208m[38;2;207;207;207m▄[48;2;207;207;207m[38;2;207;207;207m▄[0m
[48;2;218;218;218m[38;2;217;217;217m▄[48;2;218;218;218m[38;2;218;218;218m▄[48;2;220;220;220m[38;2;219;219;219m▄[48;2;221;221;221m[38;2;220;220;220m▄[48;2;222;222;222m[38;2;221;221;221m▄[48;2;222;222;222m[38;2;222;222;222m▄[48;2;222;222;222m[38;2;222;222;222m▄[48;2;223;223;223m[38;2;223;223;223m▄[48;2;223;223;223m[38;2;222;222;222m▄[48;2;223;223;223m[38;2;223;223;223m▄[48;2;224;223;224m[38;2;223;223;223m▄[48;2;224;224;224m[38;2;223;223;223m▄[48;2;224;224;224m[38;2;224;224;224m▄[48;2;223;223;223m[38;2;223;223;223m▄[48;2;223;223;223m[38;2;223;223;223m▄[48;2;223;223;223m[38;2;224;224;224m▄[48;2;224;224;224m[38;2;223;223;223m▄[48;2;224;224;224m[38;2;224;224;224m▄[48;2;224;224;224m[38;2;224;224;224m▄[48;2;224;224;224m[38;2;224;224;224m▄[48;2;224;224;224m[38;2;223;223;223m▄[48;2;227;227;227m[38;2;224;224;224m▄[48;2;225;225;225m[38;2;224;224;224m▄[48;2;224;224;224m[38;2;224;224;224m▄[48;2;224;224;224m[38;2;224;224;224m▄[48;2;222;223;222m[38;2;223;224;224m▄[48;2;232;229;232m[38;2;225;225;225m▄[48;2;185;202;186m[38;2;220;219;221m▄[48;2;145;188;102m[38;2;130;173;113m▄[48;2;150;193;86m[38;2;138;190;77m▄[48;2;134;185;77m[38;2;128;178;81m▄[48;2;120;173;88m[38;2;118;172;67m▄[48;2;217;218;220m[38;2;139;176;125m▄[48;2;163;190;156m[38;2;114;165;96m▄[48;2;102;161;69m[38;2;152;180;148m▄[48;2;154;184;143m[38;2;190;195;195m▄[48;2;204;207;204m[38;2;187;195;189m▄[48;2;216;215;215m[38;2;213;214;215m▄[48;2;218;219;218m[38;2;226;223;226m▄[48;2;220;220;220m[38;2;217;218;217m▄[48;2;217;217;217m[38;2;217;217;217m▄[48;2;217;217;217m[38;2;217;217;217m▄[48;2;216;216;216m[38;2;216;216;216m▄[48;2;216;216;216m[38;2;216;216;216m▄[48;2;216;216;216m[38;2;216;216;216m▄[48;2;215;215;215m[38;2;215;215;215m▄[48;2;215;215;215m[38;2;215;215;215m▄[48;2;215;215;215m[38;2;215;215;215m▄[48;2;214;214;214m[38;2;215;215;215m▄[48;2;214;214;214m[38;2;214;214;214m▄[48;2;214;214;214m[38;2;213;213;213m▄[48;2;212;212;212m[38;2;213;213;213m▄[48;2;212;212;212m[38;2;212;212;212m▄[48;2;211;211;211m[38;2;210;210;210m▄[48;2;209;209;209m[38;2;210;210;210m▄[48;2;210;209;211m[38;2;210;210;210m▄[48;2;210;210;210m[38;2;210;210;210m▄[48;2;209;209;209m[38;2;209;209;209m▄[48;2;208;208;208m[38;2;208;208;208m▄[48;2;208;208;208m[38;2;208;208;208m▄[48;2;208;208;208m[38;2;208;208;208m▄[48;2;208;208;208m[38;2;208;208;208m▄[48;2;207;207;207m[38;2;207;207;207m▄[48;2;206;206;206m[38;2;206;206;206m▄[0m
[48;2;217;217;217m[38;2;217;217;217m▄[48;2;217;217;217m[38;2;217;217;217m▄[48;2;218;218;218m[38;2;217;217;217m▄[48;2;219;219;219m[38;2;219;219;219m▄[48;2;221;221;221m[38;2;220;219;219m▄[48;2;221;221;221m[38;2;220;220;221m▄[48;2;222;222;222m[38;2;221;221;221m▄[48;2;222;222;222m[38;2;222;222;222m▄[48;2;222;222;222m[38;2;222;222;222m▄[48;2;223;223;223m[38;2;222;222;222m▄[48;2;223;223;223m[38;2;223;223;223m▄[48;2;223;223;223m[38;2;223;223;223m▄[48;2;223;223;223m[38;2;223;222;223m▄[48;2;224;224;223m[38;2;223;223;223m▄[48;2;224;224;223m[38;2;223;223;223m▄[48;2;224;224;224m[38;2;223;223;223m▄[48;2;224;224;224m[38;2;227;227;227m▄[48;2;224;224;224m[38;2;225;225;225m▄[48;2;224;224;224m[38;2;224;224;224m▄[48;2;224;224;224m[38;2;223;223;224m▄[48;2;224;224;224m[38;2;223;223;223m▄[48;2;224;224;224m[38;2;224;224;224m▄[48;2;224;224;224m[38;2;223;223;223m▄[48;2;224;224;224m[38;2;223;223;222m▄[48;2;224;224;224m[38;2;223;222;222m▄[48;2;224;223;223m[38;2;224;225;225m▄[48;2;223;224;223m[38;2;224;225;225m▄[48;2;231;237;237m[38;2;211;164;175m▄[48;2;200;207;201m[38;2;220;147;165m▄[48;2;119;161;94m[38;2;209;135;150m▄[48;2;105;171;71m[38;2;164;126;115m▄[48;2;86;162;71m[38;2;134;138;103m▄[48;2;70;148;55m[38;2;104;122;79m▄[48;2;86;144;77m[38;2;71;147;62m▄[48;2;127;171;109m[38;2;98;164;68m▄[48;2;127;177;93m[38;2;117;170;75m▄[48;2;136;182;106m[38;2;134;182;81m▄[48;2;135;176;125m[38;2;157;198;94m▄[48;2;188;202;191m[38;2;111;166;78m▄[48;2;226;223;226m[38;2;174;193;174m▄[48;2;216;216;215m[38;2;225;221;225m▄[48;2;217;217;217m[38;2;215;216;215m▄[48;2;216;216;216m[38;2;216;216;216m▄[48;2;216;216;216m[38;2;216;216;216m▄[48;2;216;216;216m[38;2;215;215;215m▄[48;2;215;215;215m[38;2;215;215;215m▄[48;2;215;215;215m[38;2;214;214;214m▄[48;2;214;214;214m[38;2;214;214;214m▄[48;2;214;214;214m[38;2;214;214;214m▄[48;2;214;214;214m[38;2;213;213;213m▄[48;2;213;213;213m[38;2;213;213;213m▄[48;2;212;212;212m[38;2;212;212;212m▄[48;2;211;211;211m[38;2;211;211;211m▄[48;2;210;210;210m[38;2;210;210;210m▄[48;2;210;210;210m[38;2;210;210;210m▄[48;2;210;210;210m[38;2;210;210;210m▄[48;2;210;210;210m[38;2;210;210;210m▄[48;2;209;209;209m[38;2;209;209;209m▄[48;2;209;209;209m[38;2;208;208;209m▄[48;2;209;209;209m[38;2;208;208;208m▄[48;2;208;208;208m[38;2;208;208;208m▄[48;2;207;207;207m[38;2;207;207;207m▄[48;2;207;207;207m[38;2;207;207;207m▄[48;2;207;207;207m[38;2;207;207;207m▄[0m
[48;2;216;216;216m[38;2;216;216;216m▄[48;2;216;216;216m[38;2;216;216;216m▄[48;2;217;217;217m[38;2;217;217;217m▄[48;2;218;218;218m[38;2;217;217;217m▄[48;2;220;220;220m[38;2;219;219;219m▄[48;2;220;220;220m[38;2;220;220;220m▄[48;2;221;221;221m[38;2;220;220;220m▄[48;2;221;221;221m[38;2;221;221;221m▄[48;2;222;222;222m[38;2;221;221;221m▄[48;2;222;222;222m[38;2;221;221;221m▄[48;2;224;224;224m[38;2;222;222;222m▄[48;2;222;222;222m[38;2;222;222;222m▄[48;2;224;223;224m[38;2;223;223;223m▄[48;2;223;223;223m[38;2;223;223;222m▄[48;2;223;223;223m[38;2;223;223;223m▄[48;2;223;223;223m[38;2;223;222;223m▄[48;2;224;224;224m[38;2;223;223;223m▄[48;2;224;224;224m[38;2;223;223;223m▄[48;2;224;224;224m[38;2;223;223;223m▄[48;2;223;223;223m[38;2;223;223;223m▄[48;2;223;223;223m[38;2;223;223;223m▄[48;2;223;223;223m[38;2;223;223;223m▄[48;2;223;223;223m[38;2;223;223;223m▄[48;2;223;223;223m[38;2;222;221;221m▄[48;2;223;223;223m[38;2;225;232;231m▄[48;2;222;226;224m[38;2;211;168;178m▄[48;2;210;147;162m[38;2;224;143;156m▄[48;2;225;145;159m[38;2;233;156;164m▄[48;2;232;150;158m[38;2;226;129;143m▄[48;2;230;128;143m[38;2;213;94;116m▄[48;2;221;101;127m[38;2;215;129;144m▄[48;2;224;125;149m[38;2;233;161;168m▄[48;2;241;155;170m[38;2;228;134;146m▄[48;2;169;142;120m[38;2;238;134;152m▄[48;2;100;150;73m[38;2;216;133;142m▄[48;2;113;176;72m[38;2;178;130;117m▄[48;2;119;179;70m[38;2;165;145;122m▄[48;2;113;168;65m[38;2;167;186;172m▄[48;2;121;165;100m[38;2;198;195;201m▄[48;2;185;195;185m[38;2;206;204;206m▄[48;2;218;216;217m[38;2;211;211;211m▄[48;2;216;216;216m[38;2;217;217;217m▄[48;2;216;216;216m[38;2;216;216;216m▄[48;2;216;216;216m[38;2;215;215;215m▄[48;2;215;215;215m[38;2;215;215;215m▄[48;2;215;215;215m[38;2;215;215;215m▄[48;2;215;215;215m[38;2;214;214;214m▄[48;2;214;214;214m[38;2;214;214;214m▄[48;2;214;214;214m[38;2;214;214;214m▄[48;2;213;213;213m[38;2;213;213;213m▄[48;2;213;213;213m[38;2;212;212;212m▄[48;2;212;212;212m[38;2;211;211;211m▄[48;2;211;211;211m[38;2;210;210;210m▄[48;2;210;210;210m[38;2;210;210;210m▄[48;2;210;210;210m[38;2;210;210;210m▄[48;2;209;210;210m[38;2;209;210;210m▄[48;2;210;210;210m[38;2;208;208;208m▄[48;2;209;209;209m[38;2;209;209;209m▄[48;2;209;209;209m[38;2;209;209;209m▄[48;2;209;209;209m[38;2;208;208;208m▄[48;2;208;208;208m[38;2;208;208;208m▄[48;2;208;208;208m[38;2;207;207;207m▄[48;2;207;207;208m[38;2;207;207;207m▄[48;2;207;206;207m[38;2;206;206;206m▄[0m
[48;2;216;216;216m[38;2;216;216;216m▄[48;2;216;216;216m[38;2;216;216;216m▄[48;2;216;216;216m[38;2;216;216;216m▄[48;2;217;217;217m[38;2;217;217;217m▄[48;2;217;217;217m[38;2;217;217;217m▄[48;2;219;219;219m[38;2;217;217;217m▄[48;2;219;219;220m[38;2;218;218;218m▄[48;2;220;220;220m[38;2;219;220;220m▄[48;2;221;221;221m[38;2;219;219;219m▄[48;2;227;226;224m[38;2;222;222;221m▄[48;2;224;224;222m[38;2;224;223;222m▄[48;2;222;222;222m[38;2;223;223;223m▄[48;2;221;221;221m[38;2;221;221;221m▄[48;2;222;222;222m[38;2;221;221;221m▄[48;2;222;222;222m[38;2;221;221;221m▄[48;2;222;222;223m[38;2;222;222;222m▄[48;2;223;222;222m[38;2;222;222;222m▄[48;2;223;223;223m[38;2;222;222;222m▄[48;2;222;222;222m[38;2;222;222;223m▄[48;2;223;223;223m[38;2;222;222;222m▄[48;2;223;223;223m[38;2;222;222;222m▄[48;2;223;223;222m[38;2;222;222;222m▄[48;2;222;222;222m[38;2;222;222;222m▄[48;2;223;223;223m[38;2;224;228;227m▄[48;2;220;216;218m[38;2;215;194;200m▄[48;2;213;137;153m[38;2;219;142;155m▄[48;2;234;163;169m[38;2;231;150;159m▄[48;2;226;130;143m[38;2;227;134;145m▄[48;2;227;130;144m[38;2;228;132;145m▄[48;2;214;115;135m[38;2;228;140;153m▄[48;2;234;162;171m[38;2;230;141;151m▄[48;2;228;128;143m[38;2;228;134;146m▄[48;2;229;135;149m[38;2;228;136;147m▄[48;2;227;136;148m[38;2;228;135;147m▄[48;2;231;136;149m[38;2;227;135;146m▄[48;2;238;135;152m[38;2;227;136;146m▄[48;2;232;118;140m[38;2;221;109;125m▄[48;2;207;168;179m[38;2;206;110;131m▄[48;2;205;212;209m[38;2;210;209;211m▄[48;2;211;210;209m[38;2;217;217;217m▄[48;2;216;216;216m[38;2;216;216;216m▄[48;2;216;216;216m[38;2;216;216;216m▄[48;2;216;216;216m[38;2;216;216;216m▄[48;2;216;216;216m[38;2;215;215;215m▄[48;2;215;215;215m[38;2;215;215;215m▄[48;2;214;214;214m[38;2;214;214;214m▄[48;2;214;214;214m[38;2;214;214;214m▄[48;2;214;214;214m[38;2;213;213;214m▄[48;2;214;214;214m[38;2;213;213;214m▄[48;2;213;212;213m[38;2;212;212;212m▄[48;2;212;212;212m[38;2;212;212;212m▄[48;2;211;211;211m[38;2;211;211;211m▄[48;2;210;210;210m[38;2;210;210;210m▄[48;2;210;210;210m[38;2;210;210;210m▄[48;2;210;210;210m[38;2;210;210;210m▄[48;2;210;209;209m[38;2;209;209;209m▄[48;2;208;208;208m[38;2;209;209;209m▄[48;2;208;208;208m[38;2;208;208;208m▄[48;2;208;208;208m[38;2;209;209;209m▄[48;2;208;208;208m[38;2;207;207;207m▄[48;2;208;208;208m[38;2;207;207;207m▄[48;2;207;207;207m[38;2;207;207;207m▄[48;2;207;207;207m[38;2;207;207;207m▄[48;2;206;206;206m[38;2;206;205;206m▄[0m
[48;2;216;216;216m[38;2;216;216;216m▄[48;2;216;216;216m[38;2;216;216;216m▄[48;2;216;216;216m[38;2;216;216;216m▄[48;2;216;216;216m[38;2;216;216;216m▄[48;2;217;216;218m[38;2;216;216;217m▄[48;2;217;217;217m[38;2;217;217;217m▄[48;2;217;217;217m[38;2;217;217;217m▄[48;2;218;218;218m[38;2;217;217;217m▄[48;2;218;218;218m[38;2;218;218;218m▄[48;2;219;219;219m[38;2;218;218;218m▄[48;2;220;220;220m[38;2;219;219;219m▄[48;2;221;221;221m[38;2;220;220;220m▄[48;2;221;221;221m[38;2;220;220;221m▄[48;2;221;221;221m[38;2;221;221;220m▄[48;2;221;221;221m[38;2;221;221;221m▄[48;2;221;221;221m[38;2;221;221;221m▄[48;2;222;222;222m[38;2;221;221;221m▄[48;2;222;222;222m[38;2;221;221;221m▄[48;2;222;222;222m[38;2;222;222;222m▄[48;2;222;222;222m[38;2;222;222;222m▄[48;2;222;222;222m[38;2;222;222;222m▄[48;2;222;222;222m[38;2;221;221;222m▄[48;2;221;220;220m[38;2;221;220;220m▄[48;2;223;229;227m[38;2;223;228;226m▄[48;2;214;187;194m[38;2;213;192;198m▄[48;2;222;144;158m[38;2;219;140;154m▄[48;2;231;145;155m[38;2;232;148;157m▄[48;2;227;133;144m[38;2;228;133;144m▄[48;2;228;137;148m[38;2;228;135;147m▄[48;2;233;154;161m[38;2;227;134;145m▄[48;2;228;134;146m[38;2;229;134;147m▄[48;2;229;135;147m[38;2;230;134;147m▄[48;2;228;135;147m[38;2;229;136;147m▄[48;2;229;135;148m[38;2;229;136;147m▄[48;2;228;135;146m[38;2;228;135;147m▄[48;2;229;135;146m[38;2;228;134;146m▄[48;2;224;117;131m[38;2;222;114;129m▄[48;2;212;103;124m[38;2;211;107;125m▄[48;2;203;186;192m[38;2;197;183;187m▄[48;2;216;219;219m[38;2;213;216;216m▄[48;2;216;215;215m[38;2;216;215;215m▄[48;2;215;215;215m[38;2;215;215;215m▄[48;2;215;215;215m[38;2;215;215;215m▄[48;2;215;215;215m[38;2;215;215;215m▄[48;2;215;215;215m[38;2;215;215;215m▄[48;2;214;214;214m[38;2;214;214;214m▄[48;2;214;214;214m[38;2;214;214;214m▄[48;2;213;213;214m[38;2;213;213;213m▄[48;2;212;212;213m[38;2;212;212;212m▄[48;2;212;211;212m[38;2;212;211;212m▄[48;2;211;211;211m[38;2;211;210;211m▄[48;2;210;210;210m[38;2;210;210;210m▄[48;2;210;210;210m[38;2;210;210;210m▄[48;2;210;210;210m[38;2;210;210;210m▄[48;2;210;210;210m[38;2;209;209;209m▄[48;2;209;209;209m[38;2;209;209;209m▄[48;2;208;208;208m[38;2;208;208;208m▄[48;2;208;208;209m[38;2;208;208;209m▄[48;2;208;208;208m[38;2;208;208;208m▄[48;2;207;207;207m[38;2;207;207;207m▄[48;2;207;207;207m[38;2;207;207;207m▄[48;2;207;207;207m[38;2;206;206;206m▄[48;2;206;206;206m[38;2;206;206;206m▄[48;2;204;204;204m[38;2;204;204;204m▄[0m
[48;2;215;215;215m[38;2;215;215;215m▄[48;2;216;216;216m[38;2;215;215;215m▄[48;2;216;216;216m[38;2;216;216;216m▄[48;2;216;216;216m[38;2;216;216;216m▄[48;2;216;216;216m[38;2;216;216;216m▄[48;2;216;216;216m[38;2;216;216;216m▄[48;2;216;216;216m[38;2;216;216;216m▄[48;2;216;216;216m[38;2;216;216;216m▄[48;2;217;217;217m[38;2;216;216;216m▄[48;2;217;217;217m[38;2;217;217;217m▄[48;2;217;217;217m[38;2;217;217;217m▄[48;2;219;219;218m[38;2;218;218;218m▄[48;2;221;221;220m[38;2;220;219;219m▄[48;2;220;220;220m[38;2;220;220;220m▄[48;2;220;220;220m[38;2;221;221;218m▄[48;2;221;221;220m[38;2;221;221;216m▄[48;2;221;221;221m[38;2;221;222;218m▄[48;2;222;222;222m[38;2;221;220;217m▄[48;2;222;222;222m[38;2;221;221;218m▄[48;2;222;222;222m[38;2;221;221;219m▄[48;2;222;222;222m[38;2;221;221;220m▄[48;2;222;222;222m[38;2;222;221;221m▄[48;2;221;221;221m[38;2;221;221;221m▄[48;2;221;222;222m[38;2;221;219;220m▄[48;2;217;213;215m[38;2;219;223;222m▄[48;2;215;139;154m[38;2;218;193;198m▄[48;2;233;149;158m[38;2;235;164;172m▄[48;2;227;132;144m[38;2;228;133;144m▄[48;2;228;136;148m[38;2;228;135;146m▄[48;2;228;135;146m[38;2;228;135;146m▄[48;2;228;135;146m[38;2;228;135;146m▄[48;2;230;134;146m[38;2;228;134;146m▄[48;2;228;135;146m[38;2;228;135;146m▄[48;2;227;133;144m[38;2;229;137;148m▄[48;2;229;137;149m[38;2;228;134;146m▄[48;2;225;126;140m[38;2;219;109;125m▄[48;2;221;106;125m[38;2;223;117;132m▄[48;2;205;113;132m[38;2;198;159;167m▄[48;2;196;196;196m[38;2;198;204;203m▄[48;2;212;212;211m[38;2;212;211;211m▄[48;2;216;215;215m[38;2;216;216;216m▄[48;2;215;215;215m[38;2;215;215;215m▄[48;2;215;215;215m[38;2;214;214;214m▄[48;2;214;214;214m[38;2;214;214;214m▄[48;2;214;214;214m[38;2;214;214;214m▄[48;2;213;213;213m[38;2;214;214;214m▄[48;2;213;213;213m[38;2;212;212;213m▄[48;2;212;212;213m[38;2;212;212;212m▄[48;2;212;212;212m[38;2;211;211;211m▄[48;2;211;211;211m[38;2;210;210;210m▄[48;2;210;210;210m[38;2;210;210;210m▄[48;2;211;211;211m[38;2;210;210;210m▄[48;2;210;210;210m[38;2;210;210;210m▄[48;2;210;210;210m[38;2;210;210;210m▄[48;2;210;210;210m[38;2;209;209;209m▄[48;2;209;209;209m[38;2;208;208;208m▄[48;2;208;208;208m[38;2;208;208;208m▄[48;2;208;208;208m[38;2;208;208;208m▄[48;2;208;208;208m[38;2;207;207;207m▄[48;2;207;207;207m[38;2;207;207;207m▄[48;2;206;206;207m[38;2;206;206;206m▄[48;2;207;206;206m[38;2;206;206;206m▄[48;2;205;205;205m[38;2;204;204;204m▄[48;2;204;204;204m[38;2;204;204;204m▄[0m
[48;2;215;215;215m[38;2;215;215;215m▄[48;2;215;215;215m[38;2;215;215;215m▄[48;2;215;215;215m[38;2;215;215;215m▄[48;2;216;216;216m[38;2;215;215;215m▄[48;2;217;217;217m[38;2;216;216;216m▄[48;2;216;216;216m[38;2;216;216;216m▄[48;2;216;216;216m[38;2;216;216;216m▄[48;2;216;216;216m[38;2;216;216;216m▄[48;2;216;216;216m[38;2;217;217;217m▄[48;2;216;216;216m[38;2;216;216;216m▄[48;2;216;216;216m[38;2;216;216;216m▄[48;2;217;217;217m[38;2;216;216;217m▄[48;2;219;219;217m[38;2;219;218;216m▄[48;2;221;221;216m[38;2;221;219;215m▄[48;2;221;221;216m[38;2;222;221;215m▄[48;2;222;221;215m[38;2;230;226;220m▄[48;2;224;223;217m[38;2;243;243;238m▄[48;2;235;234;230m[38;2;244;243;240m▄[48;2;235;233;230m[38;2;240;241;237m▄[48;2;231;230;227m[38;2;232;238;234m▄[48;2;226;226;224m[38;2;235;231;229m▄[48;2;221;224;223m[38;2;231;218;219m▄[48;2;220;224;222m[38;2;224;209;212m▄[48;2;220;220;220m[38;2;220;216;217m▄[48;2;219;219;219m[38;2;217;216;216m▄[48;2;215;215;216m[38;2;218;223;222m▄[48;2;213;136;151m[38;2;206;171;180m▄[48;2;232;146;155m[38;2;212;112;131m▄[48;2;227;138;147m[38;2;227;126;139m▄[48;2;227;135;147m[38;2;227;128;141m▄[48;2;227;136;147m[38;2;211;97;118m▄[48;2;230;142;151m[38;2;218;108;126m▄[48;2;228;135;146m[38;2;221;109;126m▄[48;2;225;126;139m[38;2;218;100;120m▄[48;2;218;111;127m[38;2;219;101;121m▄[48;2;221;104;122m[38;2;202;99;121m▄[48;2;205;124;139m[38;2;190;172;177m▄[48;2;193;200;198m[38;2;197;201;200m▄[48;2;203;202;203m[38;2;210;209;209m▄[48;2;214;214;214m[38;2;215;215;215m▄[48;2;214;214;214m[38;2;215;215;215m▄[48;2;214;214;214m[38;2;214;214;214m▄[48;2;214;214;214m[38;2;214;214;214m▄[48;2;214;214;214m[38;2;213;213;213m▄[48;2;213;213;213m[38;2;213;213;213m▄[48;2;213;213;214m[38;2;212;211;212m▄[48;2;212;213;213m[38;2;211;211;211m▄[48;2;212;213;213m[38;2;211;211;211m▄[48;2;210;210;210m[38;2;210;210;210m▄[48;2;210;210;210m[38;2;210;210;210m▄[48;2;210;210;210m[38;2;210;210;211m▄[48;2;210;210;210m[38;2;210;210;211m▄[48;2;210;210;210m[38;2;209;209;210m▄[48;2;209;209;209m[38;2;209;208;209m▄[48;2;209;209;209m[38;2;208;208;208m▄[48;2;208;208;208m[38;2;209;209;209m▄[48;2;208;208;208m[38;2;208;208;208m▄[48;2;207;207;208m[38;2;207;207;207m▄[48;2;207;207;207m[38;2;207;207;207m▄[48;2;207;207;207m[38;2;207;207;207m▄[48;2;206;206;206m[38;2;206;206;206m▄[48;2;205;205;205m[38;2;205;204;205m▄[48;2;204;204;204m[38;2;204;203;204m▄[48;2;204;204;204m[38;2;203;203;203m▄[0m
[48;2;215;215;215m[38;2;214;214;214m▄[48;2;215;215;215m[38;2;214;214;214m▄[48;2;215;215;215m[38;2;214;214;214m▄[48;2;215;215;215m[38;2;215;215;215m▄[48;2;216;216;216m[38;2;215;215;215m▄[48;2;216;216;216m[38;2;215;215;215m▄[48;2;216;216;216m[38;2;215;215;215m▄[48;2;216;216;216m[38;2;216;216;216m▄[48;2;216;216;216m[38;2;215;215;216m▄[48;2;216;216;216m[38;2;216;216;216m▄[48;2;216;216;216m[38;2;216;216;216m▄[48;2;217;217;217m[38;2;217;217;215m▄[48;2;220;219;216m[38;2;220;220;215m▄[48;2;222;221;215m[38;2;222;221;214m▄[48;2;227;224;215m[38;2;235;229;221m▄[48;2;248;245;239m[38;2;255;254;251m▄[48;2;249;248;245m[38;2;240;237;231m▄[48;2;224;226;219m[38;2;220;219;212m▄[48;2;221;218;213m[38;2;234;160;170m▄[48;2;232;181;187m[38;2;231;166;174m▄[48;2;237;173;180m[38;2;224;188;190m▄[48;2;234;183;190m[38;2;222;193;196m▄[48;2;239;173;186m[38;2;200;201;201m▄[48;2;244;221;224m[38;2;233;172;177m▄[48;2;220;220;218m[38;2;228;192;192m▄[48;2;216;215;216m[38;2;213;216;216m▄[48;2;217;223;221m[38;2;217;215;215m▄[48;2;204;177;184m[38;2;216;221;219m▄[48;2;199;124;141m[38;2;206;213;212m▄[48;2;199;120;138m[38;2;198;202;202m▄[48;2;195;132;148m[38;2;198;206;204m▄[48;2;192;145;157m[38;2;202;210;208m▄[48;2;197;123;139m[38;2;200;206;205m▄[48;2;200;113;131m[38;2;195;198;198m▄[48;2;195;123;141m[38;2;195;203;201m▄[48;2;190;176;180m[38;2;199;202;201m▄[48;2;195;201;199m[38;2;205;204;204m▄[48;2;205;204;204m[38;2;212;213;213m▄[48;2;214;214;214m[38;2;214;214;214m▄[48;2;214;214;214m[38;2;214;214;214m▄[48;2;214;214;214m[38;2;214;214;214m▄[48;2;214;214;214m[38;2;213;213;213m▄[48;2;213;213;213m[38;2;213;213;213m▄[48;2;213;212;213m[38;2;212;212;212m▄[48;2;212;212;212m[38;2;211;211;212m▄[48;2;211;211;211m[38;2;212;212;212m▄[48;2;210;210;210m[38;2;212;212;212m▄[48;2;210;210;210m[38;2;210;210;210m▄[48;2;210;210;210m[38;2;210;210;210m▄[48;2;210;210;210m[38;2;210;210;210m▄[48;2;210;210;210m[38;2;210;211;211m▄[48;2;210;210;210m[38;2;210;210;210m▄[48;2;209;209;209m[38;2;209;209;209m▄[48;2;208;208;208m[38;2;208;208;209m▄[48;2;208;208;208m[38;2;209;209;209m▄[48;2;208;208;208m[38;2;208;208;208m▄[48;2;208;208;208m[38;2;207;207;207m▄[48;2;207;207;207m[38;2;207;207;207m▄[48;2;207;207;207m[38;2;207;207;207m▄[48;2;206;206;206m[38;2;206;206;207m▄[48;2;206;206;206m[38;2;205;204;205m▄[48;2;205;204;205m[38;2;204;203;204m▄[48;2;203;203;203m[38;2;203;203;204m▄[48;2;203;203;203m[38;2;203;203;203m▄[0m
[48;2;214;214;214m[38;2;213;213;213m▄[48;2;214;214;214m[38;2;214;214;214m▄[48;2;214;214;214m[38;2;214;214;214m▄[48;2;214;214;214m[38;2;214;214;214m▄[48;2;215;215;215m[38;2;214;214;214m▄[48;2;215;215;215m[38;2;214;214;214m▄[48;2;215;215;215m[38;2;215;215;215m▄[48;2;215;215;215m[38;2;215;215;215m▄[48;2;215;215;215m[38;2;216;216;216m▄[48;2;216;216;216m[38;2;216;216;216m▄[48;2;216;216;217m[38;2;216;216;216m▄[48;2;217;217;214m[38;2;216;216;214m▄[48;2;218;218;214m[38;2;217;216;213m▄[48;2;222;220;214m[38;2;220;218;212m▄[48;2;231;225;217m[38;2;224;221;214m▄[48;2;240;234;225m[38;2;225;219;214m▄[48;2;230;232;222m[38;2;223;227;220m▄[48;2;229;190;192m[38;2;229;184;187m▄[48;2;235;147;158m[38;2;230;158;166m▄[48;2;208;216;211m[38;2;202;202;200m▄[48;2;225;156;168m[38;2;214;106;130m▄[48;2;221;155;167m[38;2;206;193;193m▄[48;2;195;213;209m[38;2;199;192;191m▄[48;2;224;154;165m[38;2;229;113;145m▄[48;2;226;160;170m[38;2;215;175;186m▄[48;2;203;211;209m[38;2;198;205;203m▄[48;2;215;214;214m[38;2;213;212;212m▄[48;2;215;214;214m[38;2;215;215;215m▄[48;2;214;213;213m[38;2;214;214;214m▄[48;2;213;212;212m[38;2;215;215;215m▄[48;2;211;210;210m[38;2;215;215;215m▄[48;2;213;211;211m[38;2;214;214;214m▄[48;2;213;212;212m[38;2;214;214;214m▄[48;2;211;211;211m[38;2;214;214;214m▄[48;2;209;207;208m[38;2;215;214;215m▄[48;2;211;210;210m[38;2;214;214;214m▄[48;2;214;214;214m[38;2;214;214;214m▄[48;2;214;214;214m[38;2;214;214;214m▄[48;2;214;214;214m[38;2;213;213;213m▄[48;2;213;213;214m[38;2;213;213;215m▄[48;2;213;213;213m[38;2;213;213;213m▄[48;2;213;213;213m[38;2;212;212;212m▄[48;2;212;212;213m[38;2;212;212;212m▄[48;2;211;211;211m[38;2;211;211;211m▄[48;2;211;211;211m[38;2;210;210;210m▄[48;2;210;210;210m[38;2;210;210;210m▄[48;2;212;212;212m[38;2;210;210;210m▄[48;2;209;209;209m[38;2;210;210;210m▄[48;2;209;209;209m[38;2;209;209;209m▄[48;2;210;210;210m[38;2;209;209;209m▄[48;2;210;210;210m[38;2;210;210;210m▄[48;2;210;210;210m[38;2;209;209;209m▄[48;2;209;209;210m[38;2;208;207;211m▄[48;2;208;208;210m[38;2;208;207;211m▄[48;2;208;207;209m[38;2;208;208;209m▄[48;2;208;208;208m[38;2;208;208;208m▄[48;2;208;208;208m[38;2;208;208;208m▄[48;2;207;207;207m[38;2;207;207;207m▄[48;2;207;207;207m[38;2;207;207;207m▄[48;2;205;205;205m[38;2;204;204;205m▄[48;2;204;203;204m[38;2;203;203;204m▄[48;2;203;203;204m[38;2;203;204;204m▄[48;2;203;203;203m[38;2;203;203;203m▄[48;2;203;203;203m[38;2;203;203;203m▄[0m
[48;2;211;211;211m[38;2;211;211;211m▄[48;2;212;212;213m[38;2;212;211;212m▄[48;2;214;214;214m[38;2;212;212;212m▄[48;2;214;214;214m[38;2;213;213;213m▄[48;2;214;214;214m[38;2;214;214;214m▄[48;2;214;214;214m[38;2;214;214;214m▄[48;2;214;214;214m[38;2;214;214;214m▄[48;2;215;215;215m[38;2;215;215;215m▄[48;2;215;215;215m[38;2;215;215;215m▄[48;2;215;215;215m[38;2;215;215;215m▄[48;2;215;215;215m[38;2;215;215;215m▄[48;2;215;215;213m[38;2;215;215;215m▄[48;2;216;216;213m[38;2;215;215;215m▄[48;2;217;215;212m[38;2;215;215;212m▄[48;2;219;216;213m[38;2;216;215;213m▄[48;2;220;217;213m[38;2;216;215;212m▄[48;2;220;219;215m[38;2;217;216;213m▄[48;2;218;211;210m[38;2;216;214;214m▄[48;2;214;199;198m[38;2;212;227;221m▄[48;2;198;161;168m[38;2;189;109;129m▄[48;2;196;65;101m[38;2;185;68;100m▄[48;2;194;130;149m[38;2;178;47;86m▄[48;2;198;84;116m[38;2;190;121;141m▄[48;2;215;153;170m[38;2;203;219;215m▄[48;2;200;205;204m[38;2;199;197;198m▄[48;2;200;199;199m[38;2;205;205;205m▄[48;2;213;213;213m[38;2;214;214;214m▄[48;2;215;214;214m[38;2;214;216;216m▄[48;2;213;213;213m[38;2;213;214;215m▄[48;2;214;214;214m[38;2;214;214;214m▄[48;2;214;214;214m[38;2;214;214;214m▄[48;2;214;214;214m[38;2;214;214;214m▄[48;2;213;213;215m[38;2;214;214;214m▄[48;2;214;214;214m[38;2;214;214;214m▄[48;2;214;214;214m[38;2;213;213;213m▄[48;2;213;213;213m[38;2;212;212;212m▄[48;2;213;213;213m[38;2;212;212;212m▄[48;2;212;212;212m[38;2;212;212;212m▄[48;2;212;212;212m[38;2;211;211;211m▄[48;2;212;212;212m[38;2;211;211;211m▄[48;2;212;212;212m[38;2;211;211;211m▄[48;2;211;211;211m[38;2;210;211;211m▄[48;2;210;210;210m[38;2;210;210;210m▄[48;2;210;210;210m[38;2;210;210;210m▄[48;2;210;210;210m[38;2;210;210;210m▄[48;2;210;210;210m[38;2;210;210;210m▄[48;2;210;210;210m[38;2;209;209;209m▄[48;2;209;209;210m[38;2;209;209;209m▄[48;2;209;209;209m[38;2;209;208;209m▄[48;2;209;209;210m[38;2;208;208;209m▄[48;2;209;208;209m[38;2;208;208;209m▄[48;2;209;208;209m[38;2;208;208;208m▄[48;2;208;208;209m[38;2;208;208;208m▄[48;2;208;208;209m[38;2;207;207;208m▄[48;2;208;207;209m[38;2;207;207;207m▄[48;2;207;207;209m[38;2;207;207;207m▄[48;2;208;208;208m[38;2;207;207;207m▄[48;2;208;208;208m[38;2;206;207;205m▄[48;2;207;206;206m[38;2;204;205;206m▄[48;2;205;204;205m[38;2;203;204;204m▄[48;2;203;203;204m[38;2;203;203;204m▄[48;2;203;203;203m[38;2;203;203;203m▄[48;2;203;203;203m[38;2;203;203;203m▄[48;2;203;203;203m[38;2;203;203;203m▄[0m
[48;2;210;210;210m[38;2;210;210;210m▄[48;2;211;211;211m[38;2;210;210;210m▄[48;2;211;211;211m[38;2;211;211;211m▄[48;2;212;212;212m[38;2;211;211;211m▄[48;2;213;213;213m[38;2;211;211;211m▄[48;2;213;213;213m[38;2;212;212;212m▄[48;2;214;214;214m[38;2;213;213;213m▄[48;2;214;214;214m[38;2;213;213;214m▄[48;2;215;215;215m[38;2;214;214;214m▄[48;2;214;214;214m[38;2;214;214;214m▄[48;2;214;214;214m[38;2;214;214;214m▄[48;2;214;214;215m[38;2;214;214;214m▄[48;2;215;215;215m[38;2;214;214;214m▄[48;2;215;215;214m[38;2;214;214;215m▄[48;2;215;215;213m[38;2;214;214;214m▄[48;2;215;215;213m[38;2;215;215;214m▄[48;2;215;215;214m[38;2;214;213;214m▄[48;2;215;214;215m[38;2;215;216;216m▄[48;2;213;219;216m[38;2;211;209;209m▄[48;2;180;60;95m[38;2;174;30;72m▄[48;2;192;126;145m[38;2;190;135;151m▄[48;2;188;135;150m[38;2;197;201;199m▄[48;2;202;107;132m[38;2;238;144;164m▄[48;2;199;204;202m[38;2;214;186;191m▄[48;2;204;203;203m[38;2;206;211;210m▄[48;2;212;214;213m[38;2;214;214;213m▄[48;2;214;216;215m[38;2;204;148;164m▄[48;2;213;205;209m[38;2;195;95;125m▄[48;2;214;211;213m[38;2;206;167;178m▄[48;2;213;214;214m[38;2;212;219;217m▄[48;2;214;214;214m[38;2;212;211;212m▄[48;2;214;214;214m[38;2;212;212;213m▄[48;2;212;212;213m[38;2;211;211;212m▄[48;2;212;212;212m[38;2;211;211;211m▄[48;2;212;211;214m[38;2;211;211;211m▄[48;2;212;211;212m[38;2;211;210;211m▄[48;2;211;211;211m[38;2;210;210;210m▄[48;2;211;211;212m[38;2;210;210;210m▄[48;2;211;210;211m[38;2;210;210;210m▄[48;2;211;211;210m[38;2;210;210;210m▄[48;2;211;211;211m[38;2;210;210;211m▄[48;2;209;210;211m[38;2;210;209;211m▄[48;2;210;210;212m[38;2;210;210;210m▄[48;2;210;210;210m[38;2;210;210;210m▄[48;2;210;210;210m[38;2;209;209;209m▄[48;2;210;209;210m[38;2;209;208;209m▄[48;2;209;208;209m[38;2;209;208;209m▄[48;2;208;208;209m[38;2;208;208;208m▄[48;2;208;208;208m[38;2;208;208;208m▄[48;2;208;208;208m[38;2;207;207;207m▄[48;2;208;208;209m[38;2;207;207;207m▄[48;2;207;207;208m[38;2;207;207;207m▄[48;2;207;207;207m[38;2;207;207;207m▄[48;2;207;207;207m[38;2;207;207;207m▄[48;2;206;206;206m[38;2;206;206;206m▄[48;2;206;206;208m[38;2;205;205;206m▄[48;2;206;206;206m[38;2;204;204;205m▄[48;2;205;205;204m[38;2;203;203;204m▄[48;2;203;204;204m[38;2;202;202;203m▄[48;2;203;203;204m[38;2;203;202;203m▄[48;2;203;202;204m[38;2;202;202;203m▄[48;2;202;202;204m[38;2;202;202;203m▄[48;2;202;201;202m[38;2;201;201;202m▄[48;2;202;201;203m[38;2;201;201;202m▄[0m
[48;2;210;210;210m[38;2;210;210;210m▄[48;2;210;210;210m[38;2;210;210;210m▄[48;2;211;211;210m[38;2;210;210;210m▄[48;2;211;211;211m[38;2;210;210;210m▄[48;2;211;211;211m[38;2;210;210;210m▄[48;2;211;211;211m[38;2;211;211;211m▄[48;2;211;211;211m[38;2;211;211;212m▄[48;2;212;211;212m[38;2;212;211;212m▄[48;2;213;213;213m[38;2;212;212;212m▄[48;2;213;213;213m[38;2;212;212;212m▄[48;2;213;213;213m[38;2;213;213;213m▄[48;2;214;213;214m[38;2;213;213;213m▄[48;2;213;213;214m[38;2;213;213;214m▄[48;2;213;214;213m[38;2;213;213;214m▄[48;2;214;214;215m[38;2;213;213;215m▄[48;2;214;213;214m[38;2;213;212;215m▄[48;2;213;213;213m[38;2;213;213;214m▄[48;2;213;212;212m[38;2;213;212;214m▄[48;2;213;216;215m[38;2;213;213;214m▄[48;2;195;133;152m[38;2;213;222;220m▄[48;2;195;165;173m[38;2;202;205;204m▄[48;2;194;207;204m[38;2;201;201;201m▄[48;2;221;163;175m[38;2;208;209;207m▄[48;2;236;148;165m[38;2;232;142;161m▄[48;2;209;213;211m[38;2;237;152;171m▄[48;2;207;195;200m[38;2;209;199;200m▄[48;2;196;80;112m[38;2;195;153;163m▄[48;2;189;71;102m[38;2;189;137;153m▄[48;2;195;122;144m[38;2;192;167;177m▄[48;2;209;209;210m[38;2;201;206;205m▄[48;2;213;213;213m[38;2;204;204;205m▄[48;2;213;213;213m[38;2;205;206;206m▄[48;2;212;212;212m[38;2;205;206;206m▄[48;2;212;211;212m[38;2;205;206;206m▄[48;2;212;211;212m[38;2;204;205;205m▄[48;2;211;211;211m[38;2;204;205;205m▄[48;2;211;211;211m[38;2;205;205;206m▄[48;2;211;210;210m[38;2;206;206;207m▄[48;2;210;210;210m[38;2;207;208;208m▄[48;2;210;209;209m[38;2;209;209;210m▄[48;2;209;209;210m[38;2;209;209;209m▄[48;2;209;209;209m[38;2;209;209;208m▄[48;2;209;209;209m[38;2;208;208;209m▄[48;2;208;208;209m[38;2;208;208;208m▄[48;2;208;208;208m[38;2;208;208;208m▄[48;2;208;208;208m[38;2;208;208;208m▄[48;2;208;208;208m[38;2;207;207;208m▄[48;2;208;208;208m[38;2;207;207;207m▄[48;2;207;207;207m[38;2;207;207;207m▄[48;2;207;207;207m[38;2;207;207;207m▄[48;2;207;207;207m[38;2;207;207;207m▄[48;2;206;206;206m[38;2;206;206;206m▄[48;2;206;206;206m[38;2;205;205;205m▄[48;2;206;206;206m[38;2;204;204;204m▄[48;2;205;205;205m[38;2;204;204;204m▄[48;2;204;204;204m[38;2;203;203;203m▄[48;2;203;203;204m[38;2;203;202;203m▄[48;2;203;203;203m[38;2;202;202;203m▄[48;2;203;203;203m[38;2;202;202;202m▄[48;2;202;203;203m[38;2;202;202;202m▄[48;2;202;203;202m[38;2;202;202;202m▄[48;2;202;202;203m[38;2;202;201;203m▄[48;2;201;201;201m[38;2;201;201;202m▄[48;2;202;202;201m[38;2;201;201;201m▄[0m
[48;2;211;211;212m[38;2;215;215;215m▄[48;2;212;211;213m[38;2;215;215;215m▄[48;2;212;212;212m[38;2;215;215;215m▄[48;2;213;213;213m[38;2;216;216;215m▄[48;2;213;213;213m[38;2;216;216;216m▄[48;2;214;214;214m[38;2;215;215;215m▄[48;2;214;214;214m[38;2;215;215;215m▄[48;2;214;214;214m[38;2;216;216;216m▄[48;2;214;214;214m[38;2;216;216;216m▄[48;2;214;214;214m[38;2;216;216;216m▄[48;2;215;215;215m[38;2;216;216;216m▄[48;2;215;215;215m[38;2;216;216;216m▄[48;2;215;215;215m[38;2;216;216;216m▄[48;2;215;214;215m[38;2;216;216;216m▄[48;2;215;215;215m[38;2;217;217;217m▄[48;2;215;214;215m[38;2;216;215;217m▄[48;2;215;214;216m[38;2;216;215;216m▄[48;2;215;214;217m[38;2;217;217;217m▄[48;2;215;215;215m[38;2;218;218;217m▄[48;2;213;211;212m[38;2;217;217;217m▄[48;2;210;209;209m[38;2;217;217;217m▄[48;2;210;209;210m[38;2;216;216;217m▄[48;2;210;213;213m[38;2;215;214;215m▄[48;2;207;198;198m[38;2;209;212;212m▄[48;2;226;137;153m[38;2;199;200;198m▄[48;2;235;126;148m[38;2;198;171;174m▄[48;2;226;151;165m[38;2;206;154;164m▄[48;2;207;172;179m[38;2;197;165;170m▄[48;2;184;183;181m[38;2;189;177;177m▄[48;2;187;175;176m[38;2;192;177;178m▄[48;2;189;178;179m[38;2;193;176;177m▄[48;2;189;178;180m[38;2;193;176;177m▄[48;2;189;177;179m[38;2;193;176;177m▄[48;2;188;177;178m[38;2;192;176;177m▄[48;2;188;178;178m[38;2;193;176;177m▄[48;2;187;178;178m[38;2;193;178;179m▄[48;2;188;180;181m[38;2;196;182;183m▄[48;2;191;185;186m[38;2;198;187;188m▄[48;2;194;190;190m[38;2;202;194;195m▄[48;2;199;196;197m[38;2;206;201;201m▄[48;2;203;201;203m[38;2;208;207;208m▄[48;2;206;206;206m[38;2;209;210;211m▄[48;2;208;208;209m[38;2;211;210;211m▄[48;2;209;209;209m[38;2;210;210;210m▄[48;2;209;209;209m[38;2;210;210;210m▄[48;2;209;209;210m[38;2;210;210;210m▄[48;2;208;208;209m[38;2;209;210;209m▄[48;2;208;208;208m[38;2;209;209;209m▄[48;2;208;208;208m[38;2;209;209;209m▄[48;2;208;208;208m[38;2;209;209;209m▄[48;2;207;207;207m[38;2;209;209;210m▄[48;2;207;207;207m[38;2;209;209;209m▄[48;2;207;207;207m[38;2;208;208;209m▄[48;2;207;206;208m[38;2;208;208;209m▄[48;2;207;206;207m[38;2;208;208;208m▄[48;2;206;206;207m[38;2;208;208;208m▄[48;2;205;205;205m[38;2;207;207;207m▄[48;2;203;203;203m[38;2;206;206;206m▄[48;2;207;207;207m[38;2;214;214;214m▄[48;2;211;211;211m[38;2;219;219;219m▄[48;2;202;202;204m[38;2;206;206;207m▄[48;2;202;202;203m[38;2;204;204;204m▄[48;2;202;202;202m[38;2;204;204;204m▄[48;2;202;202;202m[38;2;204;204;204m▄[0m
[48;2;215;215;215m[38;2;217;217;217m▄[48;2;216;216;216m[38;2;218;218;218m▄[48;2;216;216;216m[38;2;218;218;218m▄[48;2;216;216;216m[38;2;218;218;218m▄[48;2;216;216;216m[38;2;219;219;219m▄[48;2;216;216;216m[38;2;219;219;219m▄[48;2;216;216;216m[38;2;219;219;219m▄[48;2;217;217;217m[38;2;220;220;220m▄[48;2;217;217;217m[38;2;221;221;221m▄[48;2;217;217;217m[38;2;221;221;221m▄[48;2;217;217;217m[38;2;221;221;221m▄[48;2;217;217;217m[38;2;221;221;221m▄[48;2;217;217;217m[38;2;221;221;221m▄[48;2;217;217;217m[38;2;221;221;221m▄[48;2;217;217;217m[38;2;220;220;220m▄[48;2;217;217;217m[38;2;219;219;219m▄[48;2;216;216;217m[38;2;216;216;216m▄[48;2;216;216;216m[38;2;210;210;211m▄[48;2;214;214;214m[38;2;205;205;205m▄[48;2;213;213;213m[38;2;200;200;200m▄[48;2;212;212;213m[38;2;197;197;198m▄[48;2;212;212;212m[38;2;198;198;198m▄[48;2;211;211;211m[38;2;201;201;201m▄[48;2;210;209;209m[38;2;204;205;205m▄[48;2;208;208;209m[38;2;211;210;211m▄[48;2;203;207;207m[38;2;215;214;215m▄[48;2;199;207;206m[38;2;214;213;214m▄[48;2;202;205;205m[38;2;214;214;214m▄[48;2;209;206;207m[38;2;215;216;216m▄[48;2;212;210;211m[38;2;217;217;217m▄[48;2;212;210;211m[38;2;217;218;217m▄[48;2;212;210;210m[38;2;217;217;217m▄[48;2;211;209;209m[38;2;217;218;217m▄[48;2;211;209;209m[38;2;217;217;217m▄[48;2;211;210;210m[38;2;217;217;217m▄[48;2;212;211;211m[38;2;217;217;217m▄[48;2;213;212;212m[38;2;216;217;217m▄[48;2;214;213;213m[38;2;216;216;216m▄[48;2;214;214;215m[38;2;216;216;216m▄[48;2;215;215;215m[38;2;216;216;216m▄[48;2;215;215;215m[38;2;216;216;216m▄[48;2;214;214;215m[38;2;215;215;215m▄[48;2;214;214;214m[38;2;215;215;215m▄[48;2;213;213;214m[38;2;215;215;215m▄[48;2;213;213;214m[38;2;215;215;215m▄[48;2;212;212;212m[38;2;215;215;215m▄[48;2;211;211;211m[38;2;215;215;215m▄[48;2;211;211;211m[38;2;214;214;214m▄[48;2;211;211;211m[38;2;213;213;213m▄[48;2;210;210;210m[38;2;213;213;213m▄[48;2;210;210;210m[38;2;213;213;213m▄[48;2;210;209;210m[38;2;212;211;212m▄[48;2;210;210;210m[38;2;211;211;211m▄[48;2;210;209;209m[38;2;210;210;210m▄[48;2;209;209;209m[38;2;209;209;209m▄[48;2;209;209;208m[38;2;210;210;210m▄[48;2;208;208;209m[38;2;209;209;210m▄[48;2;208;208;208m[38;2;209;208;210m▄[48;2;208;208;208m[38;2;209;209;209m▄[48;2;208;208;208m[38;2;209;209;209m▄[48;2;207;207;207m[38;2;209;209;209m▄[48;2;207;207;207m[38;2;208;208;208m▄[48;2;207;207;207m[38;2;208;208;208m▄[48;2;207;207;207m[38;2;208;208;208m▄[0m
[48;2;222;222;222m[38;2;223;223;223m▄[48;2;222;222;222m[38;2;223;223;223m▄[48;2;222;222;222m[38;2;224;224;224m▄[48;2;222;222;222m[38;2;224;224;224m▄[48;2;223;223;223m[38;2;224;224;224m▄[48;2;223;223;223m[38;2;224;224;224m▄[48;2;223;223;223m[38;2;224;224;224m▄[48;2;223;223;223m[38;2;224;224;224m▄[48;2;223;223;223m[38;2;224;224;224m▄[48;2;223;223;223m[38;2;224;224;224m▄[48;2;223;223;223m[38;2;224;224;224m▄[48;2;223;223;223m[38;2;224;224;224m▄[48;2;223;223;223m[38;2;224;224;224m▄[48;2;223;223;223m[38;2;223;223;223m▄[48;2;223;223;223m[38;2;223;223;223m▄[48;2;223;223;223m[38;2;224;224;224m▄[48;2;222;222;222m[38;2;223;223;223m▄[48;2;220;220;220m[38;2;223;223;224m▄[48;2;216;216;217m[38;2;224;224;224m▄[48;2;213;213;212m[38;2;224;224;224m▄[48;2;211;211;211m[38;2;225;225;225m▄[48;2;212;212;212m[38;2;225;225;225m▄[48;2;211;211;211m[38;2;224;223;223m▄[48;2;211;212;212m[38;2;222;222;222m▄[48;2;212;212;213m[38;2;220;220;220m▄[48;2;212;212;212m[38;2;221;221;221m▄[48;2;211;212;212m[38;2;221;221;221m▄[48;2;213;213;213m[38;2;222;222;222m▄[48;2;214;215;216m[38;2;222;222;223m▄[48;2;218;218;218m[38;2;222;222;222m▄[48;2;219;219;219m[38;2;222;222;222m▄[48;2;219;219;219m[38;2;221;221;221m▄[48;2;218;218;218m[38;2;221;221;221m▄[48;2;218;218;218m[38;2;221;221;221m▄[48;2;217;217;217m[38;2;221;221;221m▄[48;2;217;217;217m[38;2;221;221;221m▄[48;2;217;217;217m[38;2;220;220;220m▄[48;2;216;216;216m[38;2;219;219;219m▄[48;2;216;216;216m[38;2;218;218;218m▄[48;2;216;216;216m[38;2;218;218;218m▄[48;2;216;216;216m[38;2;217;217;217m▄[48;2;216;216;216m[38;2;217;217;217m▄[48;2;216;216;216m[38;2;217;217;217m▄[48;2;216;216;216m[38;2;216;216;216m▄[48;2;216;216;216m[38;2;216;216;216m▄[48;2;216;216;216m[38;2;216;216;216m▄[48;2;216;216;216m[38;2;216;216;216m▄[48;2;216;216;216m[38;2;216;216;216m▄[48;2;215;215;215m[38;2;216;216;216m▄[48;2;215;215;215m[38;2;216;216;216m▄[48;2;214;214;214m[38;2;216;216;216m▄[48;2;214;214;214m[38;2;215;215;215m▄[48;2;214;214;214m[38;2;215;215;215m▄[48;2;213;213;213m[38;2;215;215;215m▄[48;2;213;213;213m[38;2;214;214;214m▄[48;2;211;211;211m[38;2;214;214;214m▄[48;2;211;211;211m[38;2;214;214;214m▄[48;2;210;210;210m[38;2;212;212;212m▄[48;2;210;210;210m[38;2;211;210;212m▄[48;2;210;210;210m[38;2;210;210;211m▄[48;2;209;209;209m[38;2;210;210;210m▄[48;2;210;210;210m[38;2;210;210;210m▄[48;2;210;210;210m[38;2;210;210;210m▄[48;2;210;210;210m[38;2;210;210;210m▄[0m
