[48;2;222;222;222m[38;2;222;222;222m▄[48;2;222;222;222m[38;2;222;222;222m▄[48;2;223;223;223m[38;2;222;222;222m▄[48;2;223;223;223m[38;2;223;223;223m▄[48;2;223;223;223m[38;2;224;224;224m▄[48;2;224;224;224m[38;2;224;224;224m▄[48;2;224;224;224m[38;2;226;226;224m▄[48;2;225;225;225m[38;2;225;225;223m▄[48;2;225;225;225m[38;2;223;223;220m▄[48;2;225;224;223m[38;2;224;223;219m▄[48;2;225;225;222m[38;2;225;225;219m▄[48;2;234;233;227m[38;2;231;231;223m▄[48;2;229;229;226m[38;2;228;227;222m▄[48;2;227;227;225m[38;2;226;225;222m▄[48;2;227;227;226m[38;2;227;226;222m▄[48;2;227;227;226m[38;2;227;227;223m▄[48;2;227;227;225m[38;2;227;227;224m▄[48;2;227;227;227m[38;2;226;226;224m▄[48;2;228;228;228m[38;2;226;226;226m▄[48;2;227;227;227m[38;2;226;226;226m▄[48;2;227;227;227m[38;2;226;226;226m▄[48;2;227;227;227m[38;2;227;227;227m▄[48;2;227;227;227m[38;2;226;226;226m▄[48;2;228;228;228m[38;2;226;226;226m▄[48;2;227;227;227m[38;2;226;226;226m▄[48;2;227;227;227m[38;2;227;227;227m▄[48;2;227;227;227m[38;2;226;226;226m▄[48;2;226;226;226m[38;2;225;225;225m▄[48;2;226;226;226m[38;2;225;225;225m▄[48;2;224;224;224m[38;2;224;224;224m▄[48;2;224;224;224m[38;2;224;224;224m▄[48;2;224;224;224m[38;2;224;224;224m▄[48;2;225;225;225m[38;2;224;224;224m▄[48;2;223;223;223m[38;2;223;223;223m▄[48;2;223;223;223m[38;2;223;223;223m▄[48;2;223;223;223m[38;2;223;223;223m▄[48;2;223;223;223m[38;2;223;223;223m▄[48;2;222;222;222m[38;2;223;223;223m▄[48;2;222;222;222m[38;2;221;221;221m▄[48;2;221;221;221m[38;2;221;221;221m▄[48;2;221;221;221m[38;2;220;220;220m▄[48;2;219;219;219m[38;2;219;219;219m▄[48;2;217;217;217m[38;2;217;217;217m▄[48;2;217;217;217m[38;2;217;217;217m▄[48;2;216;216;216m[38;2;216;216;216m▄[48;2;217;217;217m[38;2;216;216;216m▄[48;2;217;217;217m[38;2;216;216;216m▄[48;2;215;215;215m[38;2;215;215;215m▄[48;2;215;215;215m[38;2;215;215;215m▄[48;2;215;215;215m[38;2;215;215;215m▄[48;2;215;215;215m[38;2;215;214;215m▄[48;2;215;215;215m[38;2;214;214;214m▄[48;2;214;214;214m[38;2;214;214;214m▄[48;2;213;213;213m[38;2;213;213;213m▄[48;2;212;212;212m[38;2;211;211;211m▄[48;2;211;211;211m[38;2;210;210;210m▄[48;2;210;210;210m[38;2;210;210;210m▄[48;2;210;210;210m[38;2;210;210;210m▄[48;2;210;210;210m[38;2;211;211;211m▄[48;2;209;209;209m[38;2;209;209;209m▄[48;2;208;208;208m[38;2;208;208;208m▄[48;2;208;208;208m[38;2;208;208;208m▄[48;2;208;208;208m[38;2;208;208;208m▄[48;2;208;208;208m[38;2;207;207;207m▄[0m
[48;2;221;221;221m[38;2;221;221;221m▄[48;2;222;222;222m[38;2;222;222;222m▄[48;2;222;222;222m[38;2;222;222;222m▄[48;2;223;223;223m[38;2;223;223;223m▄[48;2;224;224;224m[38;2;223;223;223m▄[48;2;223;223;224m[38;2;223;223;223m▄[48;2;226;226;222m[38;2;223;222;220m▄[48;2;225;225;220m[38;2;224;222;218m▄[48;2;223;223;218m[38;2;223;224;217m▄[48;2;225;224;218m[38;2;228;225;219m▄[48;2;227;227;220m[38;2;231;228;223m▄[48;2;226;226;219m[38;2;228;226;221m▄[48;2;226;225;218m[38;2;227;226;219m▄[48;2;227;225;220m[38;2;228;227;220m▄[48;2;227;226;221m[38;2;228;226;222m▄[48;2;227;225;221m[38;2;228;226;222m▄[48;2;226;225;221m[38;2;227;225;221m▄[48;2;225;225;221m[38;2;226;225;220m▄[48;2;225;226;221m[38;2;227;226;223m▄[48;2;226;226;225m[38;2;226;225;224m▄[48;2;226;226;226m[38;2;225;225;225m▄[48;2;227;227;227m[38;2;226;226;226m▄[48;2;226;226;226m[38;2;226;226;226m▄[48;2;227;227;227m[38;2;226;226;226m▄[48;2;226;226;226m[38;2;227;227;227m▄[48;2;227;227;227m[38;2;226;226;226m▄[48;2;228;228;228m[38;2;227;227;227m▄[48;2;226;226;226m[38;2;226;226;226m▄[48;2;223;223;223m[38;2;224;224;224m▄[48;2;224;224;224m[38;2;224;224;224m▄[48;2;224;224;224m[38;2;224;224;224m▄[48;2;225;225;225m[38;2;224;224;224m▄[48;2;224;224;224m[38;2;223;223;223m▄[48;2;223;223;223m[38;2;223;223;223m▄[48;2;223;223;223m[38;2;223;223;223m▄[48;2;223;223;223m[38;2;223;223;223m▄[48;2;222;222;222m[38;2;222;222;222m▄[48;2;222;222;222m[38;2;222;222;222m▄[48;2;222;222;222m[38;2;221;221;221m▄[48;2;221;221;221m[38;2;221;221;221m▄[48;2;220;220;220m[38;2;220;220;220m▄[48;2;218;218;218m[38;2;218;218;218m▄[48;2;217;217;217m[38;2;217;217;217m▄[48;2;216;216;216m[38;2;216;216;216m▄[48;2;216;216;216m[38;2;216;216;216m▄[48;2;216;216;216m[38;2;216;216;216m▄[48;2;216;216;216m[38;2;216;216;216m▄[48;2;215;215;215m[38;2;215;215;215m▄[48;2;216;216;216m[38;2;215;215;215m▄[48;2;215;215;215m[38;2;215;215;215m▄[48;2;215;215;215m[38;2;215;215;215m▄[48;2;214;214;214m[38;2;213;213;213m▄[48;2;213;213;213m[38;2;213;213;213m▄[48;2;213;213;213m[38;2;212;212;212m▄[48;2;211;211;211m[38;2;211;211;211m▄[48;2;210;210;210m[38;2;211;210;211m▄[48;2;210;210;210m[38;2;210;210;210m▄[48;2;210;210;210m[38;2;210;210;210m▄[48;2;211;211;211m[38;2;210;210;210m▄[48;2;209;209;209m[38;2;209;209;209m▄[48;2;208;208;208m[38;2;208;208;208m▄[48;2;208;208;208m[38;2;208;208;208m▄[48;2;208;208;208m[38;2;208;208;208m▄[48;2;208;208;208m[38;2;208;208;208m▄[0m
[48;2;221;221;221m[38;2;220;220;220m▄[48;2;221;221;221m[38;2;221;221;221m▄[48;2;222;222;222m[38;2;222;222;222m▄[48;2;222;222;222m[38;2;222;222;222m▄[48;2;223;223;223m[38;2;224;224;222m▄[48;2;223;223;220m[38;2;224;224;219m▄[48;2;223;222;218m[38;2;224;222;218m▄[48;2;224;222;218m[38;2;224;222;218m▄[48;2;224;223;218m[38;2;225;223;218m▄[48;2;229;226;220m[38;2;228;226;219m▄[48;2;232;227;221m[38;2;230;226;220m▄[48;2;230;226;220m[38;2;231;227;221m▄[48;2;230;226;220m[38;2;232;227;222m▄[48;2;230;226;221m[38;2;231;227;221m▄[48;2;230;226;222m[38;2;231;228;221m▄[48;2;229;226;222m[38;2;231;226;221m▄[48;2;227;226;219m[38;2;227;225;218m▄[48;2;226;224;220m[38;2;225;224;218m▄[48;2;226;225;222m[38;2;225;224;220m▄[48;2;225;225;223m[38;2;225;225;221m▄[48;2;225;225;225m[38;2;225;225;225m▄[48;2;225;225;225m[38;2;224;224;224m▄[48;2;225;225;225m[38;2;225;225;225m▄[48;2;225;225;225m[38;2;224;224;224m▄[48;2;225;225;225m[38;2;224;224;224m▄[48;2;225;225;225m[38;2;224;224;224m▄[48;2;224;224;224m[38;2;224;224;224m▄[48;2;225;225;225m[38;2;223;223;223m▄[48;2;224;224;224m[38;2;223;224;223m▄[48;2;224;224;224m[38;2;224;224;224m▄[48;2;224;224;224m[38;2;224;224;224m▄[48;2;224;224;224m[38;2;224;224;224m▄[48;2;223;223;223m[38;2;223;223;223m▄[48;2;224;224;224m[38;2;223;223;223m▄[48;2;223;223;223m[38;2;223;223;223m▄[48;2;223;223;223m[38;2;221;222;221m▄[48;2;222;222;222m[38;2;222;222;222m▄[48;2;222;222;222m[38;2;222;222;222m▄[48;2;221;221;221m[38;2;221;220;221m▄[48;2;220;220;220m[38;2;221;221;221m▄[48;2;219;219;219m[38;2;219;219;219m▄[48;2;217;217;217m[38;2;217;217;217m▄[48;2;217;217;217m[38;2;217;217;217m▄[48;2;216;216;216m[38;2;216;216;216m▄[48;2;216;216;216m[38;2;216;216;216m▄[48;2;216;216;216m[38;2;216;216;216m▄[48;2;215;215;215m[38;2;214;214;214m▄[48;2;215;215;215m[38;2;215;215;215m▄[48;2;215;215;215m[38;2;215;214;214m▄[48;2;214;214;214m[38;2;214;214;214m▄[48;2;215;215;215m[38;2;215;215;215m▄[48;2;214;214;214m[38;2;214;214;214m▄[48;2;213;213;213m[38;2;213;213;213m▄[48;2;213;213;213m[38;2;212;212;212m▄[48;2;211;211;211m[38;2;211;211;211m▄[48;2;210;210;210m[38;2;210;211;210m▄[48;2;210;210;210m[38;2;211;211;211m▄[48;2;210;210;210m[38;2;211;211;211m▄[48;2;210;210;210m[38;2;210;210;210m▄[48;2;208;208;208m[38;2;209;209;209m▄[48;2;208;208;208m[38;2;209;209;209m▄[48;2;208;208;208m[38;2;208;208;208m▄[48;2;208;208;208m[38;2;208;208;208m▄[48;2;208;208;208m[38;2;207;207;207m▄[0m
[48;2;220;220;220m[38;2;219;219;219m▄[48;2;221;221;221m[38;2;220;220;220m▄[48;2;222;222;222m[38;2;221;221;221m▄[48;2;222;222;222m[38;2;222;222;222m▄[48;2;222;222;221m[38;2;223;223;220m▄[48;2;222;221;218m[38;2;223;222;219m▄[48;2;224;222;217m[38;2;225;223;217m▄[48;2;224;223;216m[38;2;226;223;216m▄[48;2;226;224;217m[38;2;229;225;219m▄[48;2;230;226;219m[38;2;233;227;221m▄[48;2;231;226;220m[38;2;234;227;221m▄[48;2;235;229;222m[38;2;242;233;222m▄[48;2;239;231;222m[38;2;249;242;227m▄[48;2;238;229;220m[38;2;250;246;234m▄[48;2;236;228;220m[38;2;252;247;236m▄[48;2;234;227;220m[38;2;251;246;234m▄[48;2;232;227;219m[38;2;249;243;231m▄[48;2;229;225;219m[38;2;245;238;226m▄[48;2;226;223;219m[38;2;241;234;221m▄[48;2;225;224;220m[38;2;237;230;219m▄[48;2;224;224;222m[38;2;231;225;219m▄[48;2;224;224;225m[38;2;227;224;221m▄[48;2;224;224;224m[38;2;225;224;223m▄[48;2;224;224;224m[38;2;223;224;224m▄[48;2;224;224;224m[38;2;224;224;225m▄[48;2;224;224;224m[38;2;224;224;224m▄[48;2;224;224;224m[38;2;227;226;227m▄[48;2;229;227;229m[38;2;203;213;200m▄[48;2;231;228;231m[38;2;195;207;195m▄[48;2;225;225;225m[38;2;219;221;220m▄[48;2;222;222;221m[38;2;232;228;232m▄[48;2;223;223;223m[38;2;223;223;223m▄[48;2;223;223;223m[38;2;222;223;222m▄[48;2;222;223;222m[38;2;226;225;226m▄[48;2;223;223;223m[38;2;221;222;222m▄[48;2;229;226;229m[38;2;192;205;192m▄[48;2;222;222;222m[38;2;222;222;221m▄[48;2;221;221;221m[38;2;222;222;222m▄[48;2;221;221;221m[38;2;221;221;221m▄[48;2;220;220;220m[38;2;220;220;220m▄[48;2;218;218;218m[38;2;218;218;218m▄[48;2;217;217;217m[38;2;217;217;217m▄[48;2;217;217;217m[38;2;217;217;217m▄[48;2;216;216;216m[38;2;217;217;217m▄[48;2;216;216;216m[38;2;216;216;216m▄[48;2;216;216;216m[38;2;216;216;216m▄[48;2;215;215;215m[38;2;215;215;215m▄[48;2;215;215;215m[38;2;215;215;215m▄[48;2;215;215;215m[38;2;215;215;215m▄[48;2;214;214;214m[38;2;215;215;215m▄[48;2;214;214;215m[38;2;215;215;214m▄[48;2;214;214;214m[38;2;214;214;214m▄[48;2;212;212;212m[38;2;213;213;213m▄[48;2;212;212;212m[38;2;213;213;213m▄[48;2;211;211;211m[38;2;211;211;211m▄[48;2;211;210;211m[38;2;211;211;211m▄[48;2;211;211;211m[38;2;211;211;211m▄[48;2;211;211;210m[38;2;211;211;211m▄[48;2;209;209;209m[38;2;209;209;209m▄[48;2;208;208;209m[38;2;208;208;209m▄[48;2;208;208;208m[38;2;209;209;209m▄[48;2;208;208;208m[38;2;208;208;208m▄[48;2;208;208;208m[38;2;208;208;208m▄[48;2;208;208;208m[38;2;207;207;207m▄[0m
[48;2;218;218;218m[38;2;217;217;217m▄[48;2;220;220;220m[38;2;220;220;220m▄[48;2;221;221;221m[38;2;220;220;220m▄[48;2;221;221;221m[38;2;224;223;219m▄[48;2;229;227;222m[38;2;223;222;219m▄[48;2;225;223;219m[38;2;227;224;220m▄[48;2;225;222;218m[38;2;227;223;218m▄[48;2;225;222;216m[38;2;226;222;217m▄[48;2;236;231;222m[38;2;232;226;219m▄[48;2;235;230;222m[38;2;232;227;220m▄[48;2;236;227;220m[38;2;235;227;220m▄[48;2;248;240;227m[38;2;244;235;222m▄[48;2;255;255;253m[38;2;251;246;235m▄[48;2;255;255;255m[38;2;252;247;234m▄[48;2;255;255;255m[38;2;250;243;228m▄[48;2;255;255;255m[38;2;247;242;228m▄[48;2;255;255;255m[38;2;248;243;230m▄[48;2;255;255;254m[38;2;250;246;234m▄[48;2;255;254;250m[38;2;250;246;237m▄[48;2;252;249;244m[38;2;252;249;242m▄[48;2;248;243;236m[38;2;254;253;248m▄[48;2;243;237;227m[38;2;255;254;251m▄[48;2;236;229;220m[38;2;253;251;247m▄[48;2;231;226;219m[38;2;248;244;237m▄[48;2;226;224;222m[38;2;241;235;226m▄[48;2;223;224;223m[38;2;233;227;218m▄[48;2;225;224;227m[38;2;230;224;223m▄[48;2;135;177;123m[38;2;155;188;142m▄[48;2;139;184;111m[38;2;159;200;102m▄[48;2;136;178;118m[38;2;151;195;90m▄[48;2;163;189;161m[38;2;132;180;86m▄[48;2;227;226;228m[38;2;145;179;136m▄[48;2;225;224;224m[38;2;236;230;239m▄[48;2;224;223;226m[38;2;156;185;152m▄[48;2;149;182;137m[38;2;111;167;66m▄[48;2;92;157;61m[38;2;121;166;100m▄[48;2;173;195;169m[38;2;191;200;192m▄[48;2;229;225;230m[38;2;217;216;216m▄[48;2;219;220;218m[38;2;217;218;217m▄[48;2;219;219;219m[38;2;218;218;218m▄[48;2;218;218;218m[38;2;217;217;217m▄[48;2;217;217;217m[38;2;217;217;217m▄[48;2;216;216;216m[38;2;216;216;216m▄[48;2;216;216;216m[38;2;216;216;216m▄[48;2;216;216;216m[38;2;216;216;216m▄[48;2;216;216;216m[38;2;216;216;216m▄[48;2;215;215;215m[38;2;215;215;215m▄[48;2;215;215;215m[38;2;215;215;215m▄[48;2;215;215;215m[38;2;215;214;215m▄[48;2;215;215;216m[38;2;214;214;215m▄[48;2;214;214;215m[38;2;214;213;215m▄[48;2;213;213;213m[38;2;213;213;213m▄[48;2;213;213;213m[38;2;212;213;212m▄[48;2;213;213;213m[38;2;212;212;212m▄[48;2;211;211;211m[38;2;210;210;210m▄[48;2;210;210;210m[38;2;210;210;210m▄[48;2;210;210;210m[38;2;210;210;210m▄[48;2;209;209;209m[38;2;209;209;209m▄[48;2;209;209;209m[38;2;209;209;209m▄[48;2;209;209;209m[38;2;209;209;209m▄[48;2;209;209;209m[38;2;209;209;209m▄[48;2;208;208;208m[38;2;208;208;208m▄[48;2;208;208;208m[38;2;208;208;208m▄[48;2;208;208;208m[38;2;207;207;207m▄[0m
[48;2;217;217;217m[38;2;217;217;217m▄[48;2;218;218;218m[38;2;217;217;217m▄[48;2;221;220;218m[38;2;219;219;219m▄[48;2;233;231;222m[38;2;221;220;219m▄[48;2;223;222;218m[38;2;222;220;218m▄[48;2;223;222;217m[38;2;221;219;216m▄[48;2;224;222;216m[38;2;223;220;216m▄[48;2;226;221;217m[38;2;226;223;217m▄[48;2;227;222;217m[38;2;228;223;218m▄[48;2;228;224;218m[38;2;227;221;216m▄[48;2;232;227;220m[38;2;229;223;218m▄[48;2;235;228;220m[38;2;230;224;220m▄[48;2;238;229;219m[38;2;231;226;221m▄[48;2;237;230;219m[38;2;231;225;220m▄[48;2;235;228;219m[38;2;230;224;220m▄[48;2;232;226;218m[38;2;229;223;220m▄[48;2;230;225;219m[38;2;227;223;219m▄[48;2;230;225;219m[38;2;226;223;218m▄[48;2;231;225;218m[38;2;224;222;219m▄[48;2;232;226;218m[38;2;223;221;219m▄[48;2;236;231;219m[38;2;223;222;219m▄[48;2;240;234;223m[38;2;223;222;219m▄[48;2;246;241;231m[38;2;225;222;219m▄[48;2;252;248;241m[38;2;230;224;219m▄[48;2;254;252;246m[38;2;238;232;221m▄[48;2;251;249;243m[38;2;247;242;231m▄[48;2;253;246;242m[38;2;250;246;237m▄[48;2;178;199;163m[38;2;248;250;242m▄[48;2;136;184;88m[38;2;138;183;120m▄[48;2;139;185;81m[38;2;131;185;72m▄[48;2;131;180;78m[38;2;117;172;77m▄[48;2;121;172;73m[38;2;120;171;77m▄[48;2;168;191;170m[38;2;91;150;72m▄[48;2;112;165;83m[38;2;104;155;91m▄[48;2;141;175;125m[38;2;165;187;163m▄[48;2;213;208;218m[38;2;141;176;132m▄[48;2;213;209;213m[38;2;141;176;132m▄[48;2;220;217;221m[38;2;159;185;156m▄[48;2;223;221;223m[38;2;196;206;199m▄[48;2;216;217;216m[38;2;226;222;228m▄[48;2;217;217;217m[38;2;217;217;216m▄[48;2;217;217;217m[38;2;216;216;216m▄[48;2;216;216;216m[38;2;216;216;216m▄[48;2;216;216;216m[38;2;216;216;216m▄[48;2;216;216;216m[38;2;216;216;216m▄[48;2;216;216;216m[38;2;216;216;216m▄[48;2;215;215;215m[38;2;215;215;215m▄[48;2;215;215;215m[38;2;214;214;214m▄[48;2;214;214;214m[38;2;214;214;214m▄[48;2;214;214;213m[38;2;214;214;214m▄[48;2;213;213;213m[38;2;213;213;213m▄[48;2;213;213;213m[38;2;212;212;213m▄[48;2;212;212;212m[38;2;212;211;212m▄[48;2;211;211;211m[38;2;210;210;210m▄[48;2;210;210;210m[38;2;210;210;210m▄[48;2;210;210;210m[38;2;210;210;210m▄[48;2;210;210;210m[38;2;210;210;210m▄[48;2;209;209;209m[38;2;209;209;209m▄[48;2;208;208;208m[38;2;209;209;210m▄[48;2;209;209;209m[38;2;209;209;209m▄[48;2;209;209;209m[38;2;209;209;209m▄[48;2;208;208;208m[38;2;208;208;209m▄[48;2;208;208;208m[38;2;208;208;208m▄[48;2;207;207;207m[38;2;207;207;207m▄[0m
[48;2;217;217;217m[38;2;216;216;216m▄[48;2;217;217;217m[38;2;216;216;216m▄[48;2;217;217;218m[38;2;217;217;217m▄[48;2;220;220;219m[38;2;219;218;217m▄[48;2;220;219;216m[38;2;219;218;217m▄[48;2;228;226;220m[38;2;229;226;220m▄[48;2;232;229;221m[38;2;234;230;221m▄[48;2;225;221;217m[38;2;226;223;218m▄[48;2;226;221;217m[38;2;230;226;220m▄[48;2;226;220;216m[38;2;229;226;220m▄[48;2;227;221;217m[38;2;224;220;216m▄[48;2;227;223;217m[38;2;227;223;218m▄[48;2;227;222;217m[38;2;227;223;218m▄[48;2;227;223;217m[38;2;226;222;216m▄[48;2;227;223;217m[38;2;226;222;217m▄[48;2;226;222;219m[38;2;225;221;217m▄[48;2;228;223;219m[38;2;226;221;217m▄[48;2;227;223;218m[38;2;224;222;218m▄[48;2;226;224;218m[38;2;224;223;218m▄[48;2;230;228;222m[38;2;225;224;219m▄[48;2;223;223;219m[38;2;223;222;219m▄[48;2;223;223;221m[38;2;222;222;222m▄[48;2;222;222;223m[38;2;223;223;223m▄[48;2;222;222;223m[38;2;223;223;223m▄[48;2;222;221;221m[38;2;222;221;221m▄[48;2;225;220;218m[38;2;223;230;229m▄[48;2;229;232;224m[38;2;214;176;185m▄[48;2;240;232;223m[38;2;214;136;149m▄[48;2;229;213;204m[38;2;227;143;156m▄[48;2;142;170;113m[38;2;229;136;154m▄[48;2;102;168;77m[38;2;196;148;146m▄[48;2;79;157;66m[38;2;171;149;125m▄[48;2;64;140;51m[38;2;122;127;87m▄[48;2;89;146;75m[38;2;73;150;63m▄[48;2;102;161;81m[38;2;99;165;70m▄[48;2;114;171;83m[38;2;120;174;75m▄[48;2;122;176;87m[38;2;128;180;75m▄[48;2;136;184;97m[38;2;148;195;80m▄[48;2;131;177;105m[38;2;120;176;68m▄[48;2;162;188;156m[38;2;124;167;114m▄[48;2;220;218;221m[38;2;217;215;218m▄[48;2;216;216;216m[38;2;216;216;215m▄[48;2;217;217;217m[38;2;216;216;216m▄[48;2;217;216;217m[38;2;217;216;217m▄[48;2;216;216;216m[38;2;216;216;216m▄[48;2;216;216;216m[38;2;215;215;215m▄[48;2;215;215;215m[38;2;215;215;215m▄[48;2;215;215;215m[38;2;214;214;214m▄[48;2;214;214;214m[38;2;214;214;214m▄[48;2;214;214;214m[38;2;213;213;214m▄[48;2;212;212;213m[38;2;213;213;214m▄[48;2;212;212;212m[38;2;212;212;212m▄[48;2;211;211;211m[38;2;211;211;211m▄[48;2;210;210;210m[38;2;210;210;210m▄[48;2;210;210;210m[38;2;210;210;210m▄[48;2;210;210;210m[38;2;211;211;211m▄[48;2;211;211;211m[38;2;210;210;211m▄[48;2;209;209;209m[38;2;209;208;210m▄[48;2;209;209;210m[38;2;209;209;209m▄[48;2;208;208;209m[38;2;209;209;209m▄[48;2;208;208;208m[38;2;208;208;208m▄[48;2;208;208;208m[38;2;208;208;208m▄[48;2;208;207;208m[38;2;208;208;208m▄[48;2;207;207;207m[38;2;207;207;207m▄[0m
[48;2;216;216;216m[38;2;216;216;216m▄[48;2;216;216;216m[38;2;216;216;216m▄[48;2;216;216;216m[38;2;217;217;217m▄[48;2;217;217;217m[38;2;217;217;217m▄[48;2;219;218;218m[38;2;217;217;217m▄[48;2;219;217;215m[38;2;218;218;216m▄[48;2;219;217;215m[38;2;219;218;216m▄[48;2;221;220;216m[38;2;221;220;216m▄[48;2;226;223;218m[38;2;228;226;219m▄[48;2;226;223;218m[38;2;222;220;216m▄[48;2;223;219;216m[38;2;222;220;214m▄[48;2;224;221;217m[38;2;222;220;216m▄[48;2;225;221;217m[38;2;222;220;215m▄[48;2;225;220;217m[38;2;222;221;215m▄[48;2;224;220;216m[38;2;223;221;216m▄[48;2;224;220;217m[38;2;223;221;216m▄[48;2;224;222;216m[38;2;223;222;217m▄[48;2;223;222;216m[38;2;223;222;217m▄[48;2;223;221;218m[38;2;222;222;218m▄[48;2;223;221;217m[38;2;223;222;217m▄[48;2;223;222;220m[38;2;225;222;219m▄[48;2;222;222;222m[38;2;222;221;221m▄[48;2;222;222;222m[38;2;221;220;220m▄[48;2;221;220;220m[38;2;223;228;227m▄[48;2;224;231;229m[38;2;216;192;196m▄[48;2;212;164;175m[38;2;218;132;147m▄[48;2;221;134;148m[38;2;238;171;176m▄[48;2;237;164;172m[38;2;229;135;145m▄[48;2;230;142;152m[38;2;223;121;133m▄[48;2;223;117;130m[38;2;210;95;116m▄[48;2;217;101;126m[38;2;228;157;167m▄[48;2;235;142;163m[38;2;232;153;159m▄[48;2;245;157;174m[38;2;227;134;144m▄[48;2;179;142;124m[38;2;238;135;152m▄[48;2;114;148;82m[38;2;228;134;149m▄[48;2;114;168;77m[38;2;203;128;133m▄[48;2;119;175;78m[38;2;201;146;143m▄[48;2;110;162;84m[38;2;208;206;199m▄[48;2;150;178;141m[38;2;230;220;219m▄[48;2;207;204;205m[38;2;208;206;202m▄[48;2;206;205;206m[38;2;209;209;207m▄[48;2;215;215;214m[38;2;216;216;216m▄[48;2;216;216;216m[38;2;216;216;216m▄[48;2;215;215;215m[38;2;215;215;215m▄[48;2;215;215;215m[38;2;215;215;215m▄[48;2;215;215;215m[38;2;215;215;215m▄[48;2;214;214;214m[38;2;215;215;215m▄[48;2;214;214;214m[38;2;214;214;214m▄[48;2;214;214;214m[38;2;213;213;213m▄[48;2;213;212;213m[38;2;211;211;211m▄[48;2;211;211;211m[38;2;211;211;211m▄[48;2;211;211;211m[38;2;210;210;210m▄[48;2;211;211;211m[38;2;211;211;211m▄[48;2;210;210;210m[38;2;211;211;211m▄[48;2;210;210;211m[38;2;210;210;211m▄[48;2;211;211;211m[38;2;210;210;210m▄[48;2;210;210;210m[38;2;210;210;210m▄[48;2;209;209;209m[38;2;209;209;209m▄[48;2;209;209;208m[38;2;208;208;208m▄[48;2;208;208;208m[38;2;207;207;207m▄[48;2;208;208;208m[38;2;208;208;208m▄[48;2;207;207;207m[38;2;207;207;207m▄[48;2;207;207;207m[38;2;207;207;207m▄[48;2;206;206;206m[38;2;205;205;205m▄[0m
[48;2;216;216;216m[38;2;216;216;216m▄[48;2;216;216;216m[38;2;216;216;216m▄[48;2;216;216;216m[38;2;216;216;216m▄[48;2;217;217;217m[38;2;216;216;216m▄[48;2;217;217;217m[38;2;217;217;217m▄[48;2;217;217;217m[38;2;216;216;217m▄[48;2;221;221;219m[38;2;222;221;219m▄[48;2;224;223;217m[38;2;221;220;218m▄[48;2;223;222;216m[38;2;218;217;217m▄[48;2;221;219;216m[38;2;220;219;218m▄[48;2;222;220;216m[38;2;223;221;220m▄[48;2;222;220;216m[38;2;223;222;219m▄[48;2;222;221;216m[38;2;220;220;218m▄[48;2;222;220;216m[38;2;221;221;219m▄[48;2;222;220;216m[38;2;221;221;218m▄[48;2;222;220;216m[38;2;221;221;220m▄[48;2;223;220;217m[38;2;221;220;218m▄[48;2;222;221;218m[38;2;222;220;219m▄[48;2;221;221;218m[38;2;221;220;220m▄[48;2;222;221;219m[38;2;221;221;221m▄[48;2;221;221;220m[38;2;222;222;222m▄[48;2;222;222;221m[38;2;221;221;221m▄[48;2;221;220;220m[38;2;221;223;223m▄[48;2;224;230;228m[38;2;220;212;214m▄[48;2;212;147;159m[38;2;214;140;151m▄[48;2;233;161;169m[38;2;240;180;181m▄[48;2;229;138;147m[38;2;230;138;147m▄[48;2;231;141;151m[38;2;230;138;149m▄[48;2;220;113;128m[38;2;223;125;138m▄[48;2;218;135;149m[38;2;228;151;160m▄[48;2;235;157;165m[38;2;229;138;148m▄[48;2;227;130;142m[38;2;229;137;149m▄[48;2;230;138;149m[38;2;230;137;149m▄[48;2;228;136;146m[38;2;230;137;149m▄[48;2;230;135;146m[38;2;229;136;147m▄[48;2;235;138;151m[38;2;229;139;149m▄[48;2;232;118;137m[38;2;223;117;132m▄[48;2;226;173;175m[38;2;212;103;122m▄[48;2;232;233;220m[38;2;242;224;215m▄[48;2;220;213;208m[38;2;251;248;233m▄[48;2;227;224;219m[38;2;229;222;215m▄[48;2;220;218;218m[38;2;219;216;214m▄[48;2;216;216;217m[38;2;220;220;217m▄[48;2;215;215;215m[38;2;215;215;214m▄[48;2;215;215;215m[38;2;215;215;215m▄[48;2;215;215;215m[38;2;214;214;214m▄[48;2;214;214;214m[38;2;214;214;214m▄[48;2;214;213;215m[38;2;213;213;213m▄[48;2;212;212;213m[38;2;212;212;212m▄[48;2;211;211;211m[38;2;211;211;211m▄[48;2;211;211;211m[38;2;211;211;211m▄[48;2;210;210;210m[38;2;211;211;211m▄[48;2;211;211;211m[38;2;210;210;210m▄[48;2;211;211;211m[38;2;210;210;211m▄[48;2;211;211;210m[38;2;210;210;211m▄[48;2;210;210;210m[38;2;210;210;210m▄[48;2;209;209;209m[38;2;209;209;209m▄[48;2;209;209;209m[38;2;209;209;209m▄[48;2;208;208;208m[38;2;208;208;208m▄[48;2;208;207;208m[38;2;207;207;208m▄[48;2;207;207;207m[38;2;207;207;207m▄[48;2;207;206;207m[38;2;207;207;207m▄[48;2;207;207;207m[38;2;206;206;206m▄[48;2;206;206;206m[38;2;205;205;205m▄[0m
[48;2;215;215;215m[38;2;215;215;215m▄[48;2;216;216;216m[38;2;216;216;216m▄[48;2;216;216;216m[38;2;215;215;215m▄[48;2;216;216;216m[38;2;216;216;216m▄[48;2;216;216;216m[38;2;217;217;217m▄[48;2;217;217;217m[38;2;216;216;217m▄[48;2;216;216;216m[38;2;216;216;216m▄[48;2;216;216;217m[38;2;217;217;216m▄[48;2;218;218;218m[38;2;217;217;217m▄[48;2;217;217;217m[38;2;216;216;216m▄[48;2;219;219;219m[38;2;216;216;216m▄[48;2;221;221;218m[38;2;216;216;216m▄[48;2;220;220;217m[38;2;219;219;218m▄[48;2;219;219;218m[38;2;217;217;217m▄[48;2;219;219;219m[38;2;217;217;217m▄[48;2;220;220;220m[38;2;222;222;219m▄[48;2;219;219;219m[38;2;222;221;220m▄[48;2;220;220;219m[38;2;217;216;218m▄[48;2;220;220;220m[38;2;217;217;217m▄[48;2;220;220;220m[38;2;218;218;218m▄[48;2;221;221;221m[38;2;218;218;218m▄[48;2;221;220;220m[38;2;218;218;218m▄[48;2;221;224;223m[38;2;218;221;220m▄[48;2;215;203;206m[38;2;214;202;206m▄[48;2;217;139;152m[38;2;218;138;152m▄[48;2;238;165;169m[38;2;234;155;163m▄[48;2;231;140;149m[38;2;228;130;141m▄[48;2;233;158;158m[38;2;234;156;157m▄[48;2;232;155;160m[38;2;232;147;153m▄[48;2;232;149;157m[38;2;229;136;148m▄[48;2;228;133;145m[38;2;229;137;147m▄[48;2;230;137;148m[38;2;230;138;149m▄[48;2;229;137;148m[38;2;231;135;148m▄[48;2;231;136;149m[38;2;232;136;148m▄[48;2;230;136;148m[38;2;231;135;147m▄[48;2;231;139;150m[38;2;230;138;149m▄[48;2;226;124;137m[38;2;223;118;132m▄[48;2;217;100;119m[38;2;219;101;121m▄[48;2;212;165;168m[38;2;202;154;165m▄[48;2;241;241;227m[38;2;220;224;219m▄[48;2;247;240;225m[38;2;227;219;212m▄[48;2;234;228;217m[38;2;248;241;225m▄[48;2;218;215;211m[38;2;243;235;222m▄[48;2;214;214;215m[38;2;220;215;211m▄[48;2;214;214;214m[38;2;216;217;217m▄[48;2;214;214;213m[38;2;223;223;221m▄[48;2;214;214;215m[38;2;212;212;212m▄[48;2;213;213;213m[38;2;212;212;212m▄[48;2;212;212;212m[38;2;211;212;212m▄[48;2;211;211;211m[38;2;210;210;210m▄[48;2;210;210;210m[38;2;210;210;210m▄[48;2;210;210;210m[38;2;210;210;210m▄[48;2;210;210;210m[38;2;210;210;210m▄[48;2;210;209;210m[38;2;209;209;210m▄[48;2;209;209;210m[38;2;208;208;209m▄[48;2;208;209;208m[38;2;208;208;208m▄[48;2;208;208;208m[38;2;208;208;208m▄[48;2;208;208;208m[38;2;208;208;208m▄[48;2;208;208;208m[38;2;208;208;208m▄[48;2;207;207;207m[38;2;207;207;207m▄[48;2;207;207;207m[38;2;207;207;207m▄[48;2;206;206;206m[38;2;207;207;207m▄[48;2;206;206;206m[38;2;205;205;205m▄[48;2;205;205;205m[38;2;204;204;204m▄[0m
[48;2;216;216;216m[38;2;215;215;215m▄[48;2;216;216;216m[38;2;216;216;216m▄[48;2;215;215;215m[38;2;216;216;216m▄[48;2;215;215;215m[38;2;216;216;216m▄[48;2;216;216;216m[38;2;216;216;215m▄[48;2;217;217;217m[38;2;216;216;216m▄[48;2;216;216;216m[38;2;216;216;216m▄[48;2;217;217;217m[38;2;216;216;216m▄[48;2;216;216;216m[38;2;217;217;217m▄[48;2;216;216;216m[38;2;217;217;217m▄[48;2;217;217;217m[38;2;216;216;216m▄[48;2;217;217;217m[38;2;217;217;217m▄[48;2;216;216;217m[38;2;216;217;216m▄[48;2;217;217;217m[38;2;216;216;216m▄[48;2;217;217;217m[38;2;217;217;217m▄[48;2;221;221;219m[38;2;216;216;216m▄[48;2;221;221;219m[38;2;216;216;216m▄[48;2;216;216;216m[38;2;218;218;218m▄[48;2;217;217;217m[38;2;217;217;218m▄[48;2;218;218;218m[38;2;215;215;216m▄[48;2;217;217;217m[38;2;216;216;216m▄[48;2;217;217;217m[38;2;216;216;216m▄[48;2;217;217;217m[38;2;216;215;215m▄[48;2;216;216;216m[38;2;218;223;222m▄[48;2;212;139;153m[38;2;214;176;183m▄[48;2;234;153;162m[38;2;234;163;171m▄[48;2;231;142;148m[38;2;231;139;149m▄[48;2;232;150;155m[38;2;230;140;149m▄[48;2;229;133;144m[38;2;230;136;147m▄[48;2;230;136;146m[38;2;229;136;147m▄[48;2;232;147;153m[38;2;229;137;148m▄[48;2;231;146;153m[38;2;229;135;146m▄[48;2;229;134;146m[38;2;231;140;149m▄[48;2;230;136;147m[38;2;230;142;151m▄[48;2;230;137;148m[38;2;230;139;150m▄[48;2;228;134;147m[38;2;223;120;135m▄[48;2;221;112;128m[38;2;223;112;128m▄[48;2;216;102;121m[38;2;209;115;132m▄[48;2;195;162;171m[38;2;194;190;192m▄[48;2;206;213;211m[38;2;206;207;207m▄[48;2;212;210;211m[38;2;214;214;214m▄[48;2;219;214;211m[38;2;214;214;214m▄[48;2;241;234;220m[38;2;222;220;216m▄[48;2;245;238;223m[38;2;233;227;217m▄[48;2;225;219;214m[38;2;244;237;221m▄[48;2;215;214;214m[38;2;224;218;212m▄[48;2;216;216;213m[38;2;212;211;210m▄[48;2;231;229;222m[38;2;214;214;211m▄[48;2;216;216;214m[38;2;211;211;211m▄[48;2;209;209;209m[38;2;210;210;210m▄[48;2;210;210;210m[38;2;210;209;210m▄[48;2;210;210;210m[38;2;210;210;210m▄[48;2;209;209;210m[38;2;209;209;209m▄[48;2;209;209;209m[38;2;208;208;208m▄[48;2;209;209;209m[38;2;209;208;209m▄[48;2;209;209;208m[38;2;209;208;210m▄[48;2;208;208;208m[38;2;208;208;208m▄[48;2;208;208;208m[38;2;208;208;208m▄[48;2;208;208;208m[38;2;208;207;208m▄[48;2;207;207;207m[38;2;207;207;207m▄[48;2;206;206;206m[38;2;206;206;206m▄[48;2;206;206;206m[38;2;205;205;206m▄[48;2;205;205;205m[38;2;204;204;205m▄[48;2;204;204;204m[38;2;204;204;204m▄[0m
[48;2;215;215;215m[38;2;214;214;214m▄[48;2;215;215;215m[38;2;214;214;214m▄[48;2;215;215;215m[38;2;215;215;215m▄[48;2;215;215;216m[38;2;215;215;215m▄[48;2;215;215;216m[38;2;215;215;216m▄[48;2;215;215;215m[38;2;215;215;216m▄[48;2;215;215;216m[38;2;215;215;215m▄[48;2;215;215;215m[38;2;215;215;215m▄[48;2;216;216;216m[38;2;216;216;216m▄[48;2;216;216;216m[38;2;216;216;216m▄[48;2;217;217;217m[38;2;216;216;216m▄[48;2;217;217;217m[38;2;216;216;216m▄[48;2;216;216;216m[38;2;217;216;216m▄[48;2;216;216;216m[38;2;217;216;216m▄[48;2;216;216;216m[38;2;216;216;216m▄[48;2;216;216;216m[38;2;217;217;217m▄[48;2;217;217;217m[38;2;217;217;217m▄[48;2;217;217;217m[38;2;216;216;217m▄[48;2;224;223;220m[38;2;223;222;218m▄[48;2;224;223;218m[38;2;234;231;221m▄[48;2;217;217;216m[38;2;222;221;218m▄[48;2;217;217;216m[38;2;222;222;219m▄[48;2;216;216;216m[38;2;217;217;217m▄[48;2;217;216;216m[38;2;216;214;215m▄[48;2;215;218;218m[38;2;217;224;223m▄[48;2;223;167;174m[38;2;207;158;169m▄[48;2;234;147;156m[38;2;222;130;142m▄[48;2;228;131;141m[38;2;233;146;151m▄[48;2;229;136;146m[38;2;231;141;149m▄[48;2;229;136;148m[38;2;226;135;147m▄[48;2;230;137;148m[38;2;226;130;144m▄[48;2;228;135;145m[38;2;232;141;151m▄[48;2;230;140;150m[38;2;227;128;140m▄[48;2;231;143;152m[38;2;223;115;130m▄[48;2;226;125;138m[38;2;221;113;127m▄[48;2;220;109;126m[38;2;224;110;125m▄[48;2;223;114;130m[38;2;200;115;133m▄[48;2;201;164;170m[38;2;195;200;198m▄[48;2;196;203;201m[38;2;201;200;200m▄[48;2;210;208;208m[38;2;211;211;211m▄[48;2;214;214;214m[38;2;214;214;214m▄[48;2;214;214;214m[38;2;213;213;213m▄[48;2;215;215;215m[38;2;211;212;212m▄[48;2;210;209;210m[38;2;210;211;211m▄[48;2;225;219;212m[38;2;208;208;209m▄[48;2;243;234;220m[38;2;223;216;211m▄[48;2;225;220;212m[38;2;244;235;218m▄[48;2;209;209;209m[38;2;225;218;211m▄[48;2;210;210;209m[38;2;207;207;207m▄[48;2;211;211;211m[38;2;218;217;213m▄[48;2;211;211;211m[38;2;217;217;214m▄[48;2;209;209;210m[38;2;208;208;209m▄[48;2;209;209;210m[38;2;210;209;212m▄[48;2;209;208;210m[38;2;209;208;211m▄[48;2;208;207;210m[38;2;208;208;210m▄[48;2;208;208;209m[38;2;208;208;208m▄[48;2;208;208;208m[38;2;208;208;208m▄[48;2;208;208;208m[38;2;207;207;207m▄[48;2;207;207;208m[38;2;207;207;206m▄[48;2;207;207;207m[38;2;207;207;206m▄[48;2;206;206;207m[38;2;207;207;205m▄[48;2;205;204;205m[38;2;204;204;205m▄[48;2;204;203;204m[38;2;204;204;204m▄[48;2;203;203;203m[38;2;204;204;204m▄[0m
[48;2;213;213;213m[38;2;212;212;212m▄[48;2;214;214;214m[38;2;213;213;213m▄[48;2;214;214;214m[38;2;215;215;215m▄[48;2;215;215;215m[38;2;215;215;215m▄[48;2;215;215;215m[38;2;214;214;214m▄[48;2;215;215;215m[38;2;215;215;215m▄[48;2;215;215;215m[38;2;215;215;215m▄[48;2;215;215;215m[38;2;215;215;215m▄[48;2;216;216;216m[38;2;215;215;215m▄[48;2;216;216;216m[38;2;215;215;215m▄[48;2;215;215;215m[38;2;215;215;215m▄[48;2;215;215;215m[38;2;215;215;215m▄[48;2;216;216;215m[38;2;215;215;216m▄[48;2;215;215;215m[38;2;215;215;215m▄[48;2;215;215;215m[38;2;215;215;215m▄[48;2;217;217;217m[38;2;216;216;216m▄[48;2;217;217;217m[38;2;216;216;216m▄[48;2;216;216;217m[38;2;216;216;216m▄[48;2;216;216;216m[38;2;216;216;216m▄[48;2;219;218;216m[38;2;216;216;216m▄[48;2;216;216;216m[38;2;216;216;216m▄[48;2;216;216;216m[38;2;216;216;216m▄[48;2;217;216;217m[38;2;216;216;216m▄[48;2;217;216;217m[38;2;216;216;217m▄[48;2;216;216;216m[38;2;216;215;216m▄[48;2;217;220;219m[38;2;216;216;216m▄[48;2;202;139;153m[38;2;214;218;218m▄[48;2;214;108;126m[38;2;201;170;178m▄[48;2;226;123;136m[38;2;196;134;149m▄[48;2;221;115;131m[38;2;197;141;153m▄[48;2;204;84;109m[38;2;198;171;176m▄[48;2;214;104;125m[38;2;194;168;173m▄[48;2;219;100;120m[38;2;198;136;149m▄[48;2;219;102;120m[38;2;196;127;141m▄[48;2;217;103;121m[38;2;193;148;158m▄[48;2;199;105;125m[38;2;192;190;190m▄[48;2;194;184;187m[38;2;200;202;200m▄[48;2;201;203;201m[38;2;204;204;203m▄[48;2;216;213;208m[38;2;216;216;213m▄[48;2;224;223;217m[38;2;219;218;214m▄[48;2;212;212;212m[38;2;211;211;212m▄[48;2;211;211;211m[38;2;214;214;212m▄[48;2;211;211;211m[38;2;216;217;213m▄[48;2;210;210;210m[38;2;207;207;208m▄[48;2;210;209;210m[38;2;209;209;209m▄[48;2;208;207;208m[38;2;208;209;209m▄[48;2;224;216;210m[38;2;209;207;207m▄[48;2;242;233;218m[38;2;229;221;211m▄[48;2;221;215;210m[38;2;237;229;217m▄[48;2;219;216;212m[38;2;213;209;207m▄[48;2;212;211;209m[38;2;217;216;214m▄[48;2;209;209;210m[38;2;209;209;209m▄[48;2;210;209;212m[38;2;213;212;214m▄[48;2;210;209;212m[38;2;212;211;213m▄[48;2;208;207;210m[38;2;207;207;208m▄[48;2;208;207;209m[38;2;208;208;208m▄[48;2;208;208;208m[38;2;208;208;208m▄[48;2;208;208;205m[38;2;207;207;204m▄[48;2;207;207;202m[38;2;207;207;202m▄[48;2;207;207;202m[38;2;207;207;202m▄[48;2;207;207;203m[38;2;206;207;203m▄[48;2;205;204;204m[38;2;204;205;205m▄[48;2;203;203;203m[38;2;203;203;203m▄[48;2;203;203;203m[38;2;203;203;203m▄[0m
[48;2;212;212;212m[38;2;211;211;211m▄[48;2;213;213;213m[38;2;212;212;212m▄[48;2;213;213;213m[38;2;212;212;212m▄[48;2;213;213;214m[38;2;212;212;212m▄[48;2;214;214;214m[38;2;212;212;212m▄[48;2;214;214;214m[38;2;213;213;214m▄[48;2;214;214;214m[38;2;214;214;214m▄[48;2;214;214;214m[38;2;214;214;214m▄[48;2;215;215;215m[38;2;215;215;215m▄[48;2;215;215;215m[38;2;214;214;214m▄[48;2;215;215;215m[38;2;214;214;215m▄[48;2;215;215;215m[38;2;215;214;215m▄[48;2;215;215;215m[38;2;215;215;215m▄[48;2;215;215;215m[38;2;215;215;215m▄[48;2;215;215;215m[38;2;215;215;215m▄[48;2;216;216;216m[38;2;215;215;215m▄[48;2;216;216;216m[38;2;215;215;215m▄[48;2;215;215;215m[38;2;215;215;215m▄[48;2;215;215;215m[38;2;214;214;214m▄[48;2;216;216;216m[38;2;214;214;214m▄[48;2;215;215;215m[38;2;215;215;215m▄[48;2;216;216;216m[38;2;215;215;215m▄[48;2;216;216;216m[38;2;215;214;215m▄[48;2;215;215;215m[38;2;215;215;215m▄[48;2;215;215;215m[38;2;214;214;214m▄[48;2;215;215;215m[38;2;214;215;215m▄[48;2;215;214;214m[38;2;216;215;215m▄[48;2;211;217;216m[38;2;220;217;215m▄[48;2;205;213;211m[38;2;212;211;212m▄[48;2;202;211;207m[38;2;214;213;212m▄[48;2;205;209;205m[38;2;218;216;214m▄[48;2;204;210;208m[38;2;211;210;211m▄[48;2;205;213;210m[38;2;212;209;211m▄[48;2;202;209;204m[38;2;212;209;209m▄[48;2;200;206;203m[38;2;211;208;208m▄[48;2;207;205;203m[38;2;213;210;209m▄[48;2;220;216;208m[38;2;216;211;208m▄[48;2;212;211;209m[38;2;214;211;209m▄[48;2;209;209;210m[38;2;215;213;212m▄[48;2;210;210;211m[38;2;211;210;209m▄[48;2;211;211;211m[38;2;209;209;209m▄[48;2;210;210;210m[38;2;208;208;209m▄[48;2;213;212;210m[38;2;215;213;211m▄[48;2;213;213;211m[38;2;218;216;212m▄[48;2;210;209;209m[38;2;209;209;209m▄[48;2;214;214;211m[38;2;214;213;209m▄[48;2;208;207;207m[38;2;216;213;211m▄[48;2;224;217;211m[38;2;220;215;211m▄[48;2;239;231;218m[38;2;235;229;216m▄[48;2;218;214;211m[38;2;228;221;213m▄[48;2;211;210;208m[38;2;220;217;213m▄[48;2;212;211;208m[38;2;210;208;207m▄[48;2;213;212;211m[38;2;208;207;207m▄[48;2;207;207;208m[38;2;208;207;208m▄[48;2;208;208;208m[38;2;207;207;207m▄[48;2;207;207;207m[38;2;207;207;207m▄[48;2;207;207;207m[38;2;207;207;207m▄[48;2;207;207;204m[38;2;207;207;206m▄[48;2;207;207;202m[38;2;207;207;202m▄[48;2;207;208;201m[38;2;206;206;202m▄[48;2;204;206;203m[38;2;203;206;204m▄[48;2;203;205;205m[38;2;201;204;205m▄[48;2;202;202;205m[38;2;201;202;205m▄[48;2;202;202;204m[38;2;202;202;205m▄[0m
[48;2;210;210;210m[38;2;210;210;210m▄[48;2;210;210;210m[38;2;210;210;210m▄[48;2;211;211;211m[38;2;210;210;210m▄[48;2;211;211;211m[38;2;210;210;210m▄[48;2;211;211;211m[38;2;211;211;211m▄[48;2;212;212;212m[38;2;211;211;211m▄[48;2;213;213;213m[38;2;211;211;211m▄[48;2;214;214;214m[38;2;212;212;212m▄[48;2;214;214;214m[38;2;213;213;213m▄[48;2;214;214;214m[38;2;213;212;214m▄[48;2;214;214;214m[38;2;213;213;213m▄[48;2;215;215;215m[38;2;213;213;213m▄[48;2;214;214;215m[38;2;213;214;213m▄[48;2;215;214;215m[38;2;214;213;214m▄[48;2;215;215;215m[38;2;213;213;214m▄[48;2;215;215;215m[38;2;214;214;214m▄[48;2;215;215;215m[38;2;214;214;214m▄[48;2;215;215;215m[38;2;214;214;214m▄[48;2;214;214;214m[38;2;213;213;214m▄[48;2;215;215;214m[38;2;214;214;214m▄[48;2;214;214;214m[38;2;214;214;214m▄[48;2;214;214;214m[38;2;214;214;214m▄[48;2;214;214;214m[38;2;213;213;213m▄[48;2;214;214;214m[38;2;213;213;213m▄[48;2;214;214;214m[38;2;214;214;214m▄[48;2;213;213;214m[38;2;214;213;213m▄[48;2;218;217;215m[38;2;213;213;214m▄[48;2;226;224;216m[38;2;215;215;213m▄[48;2;213;213;212m[38;2;237;233;220m▄[48;2;213;213;213m[38;2;215;214;212m▄[48;2;212;212;212m[38;2;211;211;212m▄[48;2;213;213;213m[38;2;211;211;212m▄[48;2;211;211;211m[38;2;216;215;213m▄[48;2;211;211;211m[38;2;216;215;211m▄[48;2;210;210;210m[38;2;210;210;210m▄[48;2;210;210;210m[38;2;210;210;210m▄[48;2;211;210;210m[38;2;210;209;210m▄[48;2;214;212;210m[38;2;208;208;210m▄[48;2;221;217;212m[38;2;207;207;208m▄[48;2;219;214;210m[38;2;213;211;212m▄[48;2;215;210;207m[38;2;217;211;207m▄[48;2;227;222;214m[38;2;220;215;209m▄[48;2;216;213;209m[38;2;220;215;209m▄[48;2;209;207;206m[38;2;221;215;207m▄[48;2;208;207;206m[38;2;222;215;208m▄[48;2;209;207;205m[38;2;227;219;210m▄[48;2;224;220;212m[38;2;228;220;209m▄[48;2;226;219;206m[38;2;232;225;213m▄[48;2;240;232;215m[38;2;219;213;206m▄[48;2;219;213;207m[38;2;219;217;212m▄[48;2;210;209;206m[38;2;211;211;210m▄[48;2;212;212;210m[38;2;206;206;206m▄[48;2;206;206;207m[38;2;207;207;207m▄[48;2;207;207;207m[38;2;206;206;206m▄[48;2;207;207;207m[38;2;205;205;206m▄[48;2;207;207;207m[38;2;205;205;205m▄[48;2;205;205;205m[38;2;205;205;205m▄[48;2;205;205;204m[38;2;203;203;204m▄[48;2;206;206;204m[38;2;203;203;203m▄[48;2;204;205;203m[38;2;203;203;203m▄[48;2;202;204;204m[38;2;203;203;203m▄[48;2;202;203;205m[38;2;203;203;203m▄[48;2;201;202;204m[38;2;203;203;203m▄[48;2;202;201;204m[38;2;202;202;203m▄[0m
[48;2;210;210;210m[38;2;211;211;211m▄[48;2;211;211;211m[38;2;211;211;211m▄[48;2;210;210;210m[38;2;210;210;211m▄[48;2;210;210;210m[38;2;211;211;211m▄[48;2;210;210;210m[38;2;211;211;211m▄[48;2;210;210;210m[38;2;212;211;212m▄[48;2;210;210;210m[38;2;212;212;212m▄[48;2;210;210;210m[38;2;211;211;211m▄[48;2;211;211;211m[38;2;212;212;212m▄[48;2;211;211;212m[38;2;213;213;213m▄[48;2;212;212;212m[38;2;213;213;214m▄[48;2;212;212;212m[38;2;213;213;214m▄[48;2;212;212;212m[38;2;214;214;214m▄[48;2;212;212;212m[38;2;214;214;214m▄[48;2;212;212;212m[38;2;213;213;213m▄[48;2;212;212;212m[38;2;213;213;213m▄[48;2;213;213;213m[38;2;214;214;214m▄[48;2;212;212;212m[38;2;214;214;214m▄[48;2;212;212;213m[38;2;214;214;213m▄[48;2;212;212;213m[38;2;214;214;214m▄[48;2;213;213;213m[38;2;214;214;214m▄[48;2;213;213;213m[38;2;214;214;214m▄[48;2;213;212;213m[38;2;213;213;214m▄[48;2;213;214;214m[38;2;212;211;212m▄[48;2;213;214;214m[38;2;210;208;209m▄[48;2;213;213;213m[38;2;207;204;205m▄[48;2;212;213;213m[38;2;203;199;198m▄[48;2;210;212;211m[38;2;199;193;194m▄[48;2;215;215;211m[38;2;195;188;189m▄[48;2;210;210;209m[38;2;193;184;186m▄[48;2;208;208;209m[38;2;190;183;183m▄[48;2;207;208;208m[38;2;191;183;184m▄[48;2;210;211;209m[38;2;192;183;184m▄[48;2;218;217;213m[38;2;195;187;185m▄[48;2;207;208;207m[38;2;190;183;182m▄[48;2;207;208;207m[38;2;193;186;185m▄[48;2;208;208;209m[38;2;193;187;186m▄[48;2;210;210;209m[38;2;196;189;187m▄[48;2;215;214;211m[38;2;226;219;210m▄[48;2;212;212;210m[38;2;207;204;199m▄[48;2;208;207;207m[38;2;202;200;198m▄[48;2;205;206;206m[38;2;213;212;208m▄[48;2;209;209;209m[38;2;210;210;210m▄[48;2;213;211;208m[38;2;211;211;209m▄[48;2;213;210;206m[38;2;210;210;210m▄[48;2;214;210;206m[38;2;208;208;207m▄[48;2;212;209;204m[38;2;211;211;208m▄[48;2;210;207;204m[38;2;214;213;209m▄[48;2;218;215;210m[38;2;226;224;216m▄[48;2;210;210;209m[38;2;207;208;208m▄[48;2;210;209;209m[38;2;206;206;207m▄[48;2;206;206;206m[38;2;207;207;207m▄[48;2;205;205;205m[38;2;206;206;206m▄[48;2;204;204;204m[38;2;205;205;205m▄[48;2;204;203;204m[38;2;205;204;205m▄[48;2;203;203;203m[38;2;204;203;204m▄[48;2;203;203;203m[38;2;203;203;203m▄[48;2;203;203;203m[38;2;202;202;202m▄[48;2;207;207;207m[38;2;211;211;211m▄[48;2;211;211;211m[38;2;216;216;216m▄[48;2;203;203;203m[38;2;203;203;203m▄[48;2;202;202;202m[38;2;202;202;202m▄[48;2;202;201;201m[38;2;202;202;202m▄[48;2;202;202;203m[38;2;202;201;203m▄[0m
[48;2;213;213;213m[38;2;215;215;215m▄[48;2;213;213;213m[38;2;215;215;215m▄[48;2;213;213;213m[38;2;215;215;215m▄[48;2;214;214;214m[38;2;216;216;216m▄[48;2;214;214;214m[38;2;216;216;216m▄[48;2;214;214;214m[38;2;216;216;216m▄[48;2;214;214;214m[38;2;216;216;216m▄[48;2;215;215;215m[38;2;216;216;216m▄[48;2;215;215;215m[38;2;216;216;216m▄[48;2;215;214;216m[38;2;216;216;216m▄[48;2;215;215;215m[38;2;216;216;216m▄[48;2;215;215;215m[38;2;216;216;216m▄[48;2;215;215;215m[38;2;216;216;216m▄[48;2;215;215;215m[38;2;216;216;216m▄[48;2;215;215;215m[38;2;215;215;215m▄[48;2;215;215;215m[38;2;216;216;216m▄[48;2;215;215;215m[38;2;216;216;216m▄[48;2;215;215;215m[38;2;216;216;216m▄[48;2;215;215;215m[38;2;216;216;216m▄[48;2;215;215;215m[38;2;216;216;216m▄[48;2;215;215;215m[38;2;215;215;215m▄[48;2;213;213;214m[38;2;215;216;216m▄[48;2;210;209;210m[38;2;216;215;216m▄[48;2;207;202;205m[38;2;215;213;215m▄[48;2;203;194;195m[38;2;213;211;211m▄[48;2;197;184;185m[38;2;211;207;208m▄[48;2;195;178;178m[38;2;209;204;205m▄[48;2;194;173;176m[38;2;208;201;202m▄[48;2;194;172;174m[38;2;206;198;199m▄[48;2;193;172;172m[38;2;205;196;197m▄[48;2;193;171;172m[38;2;205;196;196m▄[48;2;193;171;172m[38;2;205;196;196m▄[48;2;193;171;172m[38;2;204;196;196m▄[48;2;191;170;171m[38;2;204;195;195m▄[48;2;192;171;172m[38;2;203;195;196m▄[48;2;192;172;172m[38;2;205;197;197m▄[48;2;192;173;172m[38;2;206;200;200m▄[48;2;198;184;180m[38;2;211;207;205m▄[48;2;201;191;188m[38;2;212;210;208m▄[48;2;198;190;191m[38;2;211;210;211m▄[48;2;209;205;201m[38;2;212;211;212m▄[48;2;228;226;216m[38;2;216;215;213m▄[48;2;212;211;210m[38;2;214;214;213m▄[48;2;212;211;211m[38;2;211;211;212m▄[48;2;209;209;210m[38;2;211;211;211m▄[48;2;211;211;211m[38;2;211;211;211m▄[48;2;211;210;209m[38;2;211;211;211m▄[48;2;209;209;209m[38;2;210;210;210m▄[48;2;209;209;209m[38;2;210;210;210m▄[48;2;208;208;208m[38;2;210;210;210m▄[48;2;208;208;208m[38;2;209;209;209m▄[48;2;208;208;208m[38;2;209;209;209m▄[48;2;207;207;207m[38;2;209;209;209m▄[48;2;207;207;208m[38;2;209;208;209m▄[48;2;207;207;207m[38;2;208;208;208m▄[48;2;207;207;207m[38;2;208;208;208m▄[48;2;207;207;207m[38;2;207;207;207m▄[48;2;205;205;205m[38;2;207;207;207m▄[48;2;204;204;204m[38;2;207;207;207m▄[48;2;205;205;205m[38;2;207;207;207m▄[48;2;203;203;203m[38;2;207;207;207m▄[48;2;203;203;203m[38;2;206;206;206m▄[48;2;203;203;203m[38;2;205;205;205m▄[48;2;203;203;203m[38;2;205;205;205m▄[0m
[48;2;216;216;216m[38;2;217;217;217m▄[48;2;216;216;216m[38;2;217;217;217m▄[48;2;216;216;216m[38;2;218;218;218m▄[48;2;217;217;217m[38;2;218;218;218m▄[48;2;217;217;217m[38;2;218;218;218m▄[48;2;217;217;217m[38;2;219;219;219m▄[48;2;217;217;217m[38;2;218;218;218m▄[48;2;216;216;216m[38;2;219;219;219m▄[48;2;217;217;217m[38;2;219;219;219m▄[48;2;217;217;217m[38;2;219;219;219m▄[48;2;217;217;217m[38;2;220;220;220m▄[48;2;217;217;217m[38;2;220;220;220m▄[48;2;217;217;217m[38;2;220;220;220m▄[48;2;217;217;217m[38;2;220;220;220m▄[48;2;217;217;217m[38;2;220;220;220m▄[48;2;217;217;217m[38;2;220;220;220m▄[48;2;217;217;217m[38;2;219;219;219m▄[48;2;217;217;217m[38;2;219;219;219m▄[48;2;217;217;217m[38;2;219;219;219m▄[48;2;217;217;217m[38;2;220;220;220m▄[48;2;217;217;217m[38;2;219;219;219m▄[48;2;217;217;218m[38;2;220;220;220m▄[48;2;217;217;217m[38;2;219;219;219m▄[48;2;217;217;217m[38;2;219;219;219m▄[48;2;217;217;217m[38;2;219;219;219m▄[48;2;217;218;218m[38;2;218;218;218m▄[48;2;218;219;218m[38;2;218;218;218m▄[48;2;217;218;218m[38;2;217;217;217m▄[48;2;217;218;218m[38;2;217;216;216m▄[48;2;217;218;219m[38;2;217;216;216m▄[48;2;217;218;218m[38;2;216;216;216m▄[48;2;217;218;218m[38;2;216;216;216m▄[48;2;217;218;218m[38;2;216;216;216m▄[48;2;217;218;218m[38;2;216;216;216m▄[48;2;216;217;218m[38;2;216;216;216m▄[48;2;216;217;218m[38;2;216;216;216m▄[48;2;216;217;217m[38;2;216;216;216m▄[48;2;216;216;216m[38;2;216;216;216m▄[48;2;215;216;216m[38;2;216;216;215m▄[48;2;216;216;216m[38;2;216;216;216m▄[48;2;216;216;216m[38;2;216;216;216m▄[48;2;216;216;216m[38;2;215;215;216m▄[48;2;219;219;216m[38;2;217;216;216m▄[48;2;221;221;219m[38;2;217;217;217m▄[48;2;213;213;214m[38;2;215;215;215m▄[48;2;214;214;214m[38;2;215;215;215m▄[48;2;213;213;213m[38;2;215;215;215m▄[48;2;212;212;212m[38;2;214;214;214m▄[48;2;211;211;211m[38;2;213;213;213m▄[48;2;210;210;210m[38;2;213;213;213m▄[48;2;210;210;210m[38;2;212;212;212m▄[48;2;210;210;210m[38;2;211;211;211m▄[48;2;210;210;210m[38;2;210;210;210m▄[48;2;210;210;210m[38;2;210;210;210m▄[48;2;209;209;209m[38;2;210;210;210m▄[48;2;209;209;209m[38;2;209;209;209m▄[48;2;208;208;209m[38;2;209;209;210m▄[48;2;207;208;208m[38;2;209;209;209m▄[48;2;207;207;208m[38;2;209;209;209m▄[48;2;208;208;208m[38;2;209;209;209m▄[48;2;208;208;208m[38;2;208;208;208m▄[48;2;208;208;208m[38;2;208;208;208m▄[48;2;207;207;207m[38;2;208;208;208m▄[48;2;206;206;206m[38;2;208;208;208m▄[0m
