[48;2;218;218;218m[38;2;218;218;218m▄[48;2;220;220;220m[38;2;219;219;219m▄[48;2;221;221;221m[38;2;221;221;221m▄[48;2;222;222;222m[38;2;222;222;222m▄[48;2;223;223;223m[38;2;222;222;222m▄[48;2;223;223;223m[38;2;223;223;223m▄[48;2;224;224;224m[38;2;223;223;223m▄[48;2;224;224;224m[38;2;224;224;224m▄[48;2;224;224;224m[38;2;225;225;225m▄[48;2;225;225;225m[38;2;224;224;224m▄[48;2;224;224;224m[38;2;224;224;224m▄[48;2;225;225;225m[38;2;224;224;224m▄[48;2;226;226;226m[38;2;225;225;225m▄[48;2;228;228;228m[38;2;225;225;225m▄[48;2;228;228;228m[38;2;225;225;225m▄[48;2;227;227;227m[38;2;227;227;227m▄[48;2;227;227;227m[38;2;227;227;227m▄[48;2;228;228;228m[38;2;227;227;227m▄[48;2;228;228;228m[38;2;227;227;227m▄[48;2;227;227;227m[38;2;227;227;227m▄[48;2;228;228;228m[38;2;227;227;227m▄[48;2;227;227;227m[38;2;227;227;227m▄[48;2;227;227;227m[38;2;227;227;227m▄[48;2;228;228;228m[38;2;227;227;227m▄[48;2;227;227;227m[38;2;227;227;227m▄[48;2;227;227;227m[38;2;226;226;226m▄[48;2;228;228;228m[38;2;227;227;227m▄[48;2;226;226;226m[38;2;225;225;225m▄[48;2;224;224;224m[38;2;224;224;224m▄[48;2;225;225;225m[38;2;224;224;224m▄[48;2;224;224;224m[38;2;224;224;224m▄[48;2;225;225;225m[38;2;224;224;224m▄[48;2;225;225;225m[38;2;224;224;224m▄[48;2;224;224;224m[38;2;224;224;224m▄[48;2;224;224;224m[38;2;224;224;224m▄[48;2;223;223;223m[38;2;223;223;223m▄[48;2;223;223;223m[38;2;223;223;223m▄[48;2;222;222;222m[38;2;222;222;222m▄[48;2;221;221;221m[38;2;221;221;221m▄[48;2;221;221;221m[38;2;220;220;220m▄[48;2;220;220;220m[38;2;220;220;220m▄[48;2;218;218;218m[38;2;218;218;218m▄[48;2;217;217;217m[38;2;217;217;217m▄[48;2;217;217;217m[38;2;216;216;216m▄[48;2;216;216;216m[38;2;216;216;216m▄[48;2;216;216;216m[38;2;216;216;216m▄[48;2;216;216;216m[38;2;216;216;216m▄[48;2;215;215;215m[38;2;215;215;215m▄[48;2;215;215;215m[38;2;215;215;215m▄[48;2;215;215;215m[38;2;215;215;215m▄[48;2;214;214;214m[38;2;214;214;214m▄[48;2;213;213;213m[38;2;213;213;213m▄[48;2;213;213;213m[38;2;212;212;212m▄[48;2;211;212;211m[38;2;211;211;211m▄[48;2;211;211;211m[38;2;210;210;210m▄[48;2;210;210;210m[38;2;210;210;210m▄[48;2;210;210;210m[38;2;210;210;210m▄[48;2;210;210;210m[38;2;210;210;210m▄[48;2;209;209;209m[38;2;208;208;208m▄[48;2;209;209;209m[38;2;208;208;208m▄[48;2;208;208;208m[38;2;208;208;208m▄[48;2;207;207;207m[38;2;208;208;208m▄[48;2;207;207;207m[38;2;207;207;207m▄[48;2;206;206;206m[38;2;205;205;205m▄[0m
[48;2;218;218;218m[38;2;218;218;218m▄[48;2;219;219;219m[38;2;218;218;218m▄[48;2;220;220;220m[38;2;220;220;220m▄[48;2;221;221;221m[38;2;221;221;221m▄[48;2;222;222;222m[38;2;222;222;222m▄[48;2;223;223;223m[38;2;222;222;222m▄[48;2;223;223;223m[38;2;223;223;223m▄[48;2;223;223;223m[38;2;223;223;223m▄[48;2;225;225;225m[38;2;224;224;224m▄[48;2;225;225;225m[38;2;224;224;224m▄[48;2;224;224;224m[38;2;224;224;224m▄[48;2;224;224;224m[38;2;224;224;224m▄[48;2;224;224;224m[38;2;224;224;224m▄[48;2;224;224;224m[38;2;224;224;224m▄[48;2;224;224;224m[38;2;224;224;224m▄[48;2;227;227;227m[38;2;224;224;224m▄[48;2;227;227;227m[38;2;225;225;225m▄[48;2;227;227;227m[38;2;225;225;225m▄[48;2;227;227;227m[38;2;225;225;225m▄[48;2;227;227;227m[38;2;227;227;227m▄[48;2;227;227;227m[38;2;227;227;227m▄[48;2;227;227;227m[38;2;225;225;225m▄[48;2;227;227;227m[38;2;225;225;225m▄[48;2;227;227;227m[38;2;225;225;225m▄[48;2;226;226;226m[38;2;224;224;224m▄[48;2;225;225;225m[38;2;224;224;224m▄[48;2;225;225;225m[38;2;224;224;224m▄[48;2;225;225;225m[38;2;225;225;225m▄[48;2;223;224;222m[38;2;231;228;232m▄[48;2;223;223;222m[38;2;231;227;232m▄[48;2;223;224;223m[38;2;232;228;232m▄[48;2;225;225;225m[38;2;223;223;223m▄[48;2;223;223;223m[38;2;223;223;223m▄[48;2;223;223;223m[38;2;222;223;222m▄[48;2;222;223;222m[38;2;228;226;228m▄[48;2;221;222;220m[38;2;231;226;233m▄[48;2;222;222;222m[38;2;224;223;224m▄[48;2;222;222;222m[38;2;222;222;221m▄[48;2;221;221;221m[38;2;221;221;221m▄[48;2;222;222;222m[38;2;220;220;220m▄[48;2;220;220;220m[38;2;219;219;219m▄[48;2;218;218;218m[38;2;218;218;218m▄[48;2;217;217;217m[38;2;216;216;216m▄[48;2;216;216;216m[38;2;216;216;216m▄[48;2;216;216;216m[38;2;216;216;216m▄[48;2;216;216;216m[38;2;216;216;216m▄[48;2;216;216;216m[38;2;215;215;215m▄[48;2;215;215;215m[38;2;215;215;215m▄[48;2;215;215;215m[38;2;215;215;215m▄[48;2;215;215;215m[38;2;214;214;214m▄[48;2;213;213;213m[38;2;213;213;213m▄[48;2;213;212;213m[38;2;212;212;212m▄[48;2;212;212;212m[38;2;212;212;212m▄[48;2;210;210;210m[38;2;211;211;211m▄[48;2;210;210;210m[38;2;210;210;210m▄[48;2;210;210;210m[38;2;210;210;210m▄[48;2;210;210;210m[38;2;210;210;211m▄[48;2;210;210;210m[38;2;209;209;210m▄[48;2;208;208;208m[38;2;208;208;208m▄[48;2;208;208;208m[38;2;208;208;208m▄[48;2;208;208;208m[38;2;208;208;208m▄[48;2;207;207;207m[38;2;208;208;208m▄[48;2;207;207;207m[38;2;207;207;207m▄[48;2;206;206;206m[38;2;207;207;207m▄[0m
[48;2;218;218;218m[38;2;217;217;217m▄[48;2;218;218;218m[38;2;218;218;218m▄[48;2;220;220;220m[38;2;220;220;220m▄[48;2;221;221;221m[38;2;221;221;221m▄[48;2;221;221;221m[38;2;221;221;221m▄[48;2;222;222;222m[38;2;222;222;222m▄[48;2;222;222;222m[38;2;223;223;223m▄[48;2;223;223;223m[38;2;223;223;223m▄[48;2;223;223;223m[38;2;223;223;223m▄[48;2;224;224;224m[38;2;224;224;224m▄[48;2;224;224;224m[38;2;224;224;224m▄[48;2;225;225;225m[38;2;224;224;224m▄[48;2;225;225;225m[38;2;224;224;224m▄[48;2;224;224;224m[38;2;224;224;224m▄[48;2;224;224;224m[38;2;224;224;224m▄[48;2;224;224;224m[38;2;224;224;224m▄[48;2;224;224;224m[38;2;224;224;224m▄[48;2;224;224;224m[38;2;225;225;225m▄[48;2;225;225;225m[38;2;225;225;225m▄[48;2;225;225;225m[38;2;224;224;224m▄[48;2;225;225;225m[38;2;224;224;224m▄[48;2;224;224;224m[38;2;224;224;224m▄[48;2;224;224;224m[38;2;224;224;224m▄[48;2;224;224;224m[38;2;225;225;225m▄[48;2;224;224;224m[38;2;224;224;224m▄[48;2;224;224;224m[38;2;224;224;224m▄[48;2;225;225;225m[38;2;226;225;225m▄[48;2;224;224;224m[38;2;218;220;221m▄[48;2;158;188;151m[38;2;139;182;118m▄[48;2;158;189;151m[38;2;152;195;98m▄[48;2;186;203;186m[38;2;132;179;90m▄[48;2;227;226;228m[38;2;146;180;136m▄[48;2;223;224;223m[38;2;231;227;232m▄[48;2;230;227;231m[38;2;196;208;197m▄[48;2;188;203;185m[38;2;116;169;83m▄[48;2;145;182;133m[38;2;107;163;80m▄[48;2;214;218;214m[38;2;198;207;201m▄[48;2;224;223;224m[38;2;221;221;222m▄[48;2;220;220;220m[38;2;220;220;220m▄[48;2;220;220;220m[38;2;220;220;220m▄[48;2;218;218;218m[38;2;217;217;217m▄[48;2;217;217;217m[38;2;217;217;217m▄[48;2;216;216;216m[38;2;217;217;217m▄[48;2;216;216;216m[38;2;216;216;216m▄[48;2;216;216;216m[38;2;216;216;216m▄[48;2;215;215;215m[38;2;216;216;216m▄[48;2;215;215;215m[38;2;215;215;215m▄[48;2;215;215;215m[38;2;215;215;215m▄[48;2;214;214;214m[38;2;214;214;214m▄[48;2;214;214;214m[38;2;214;214;214m▄[48;2;213;213;213m[38;2;214;214;214m▄[48;2;213;212;213m[38;2;213;213;213m▄[48;2;212;212;212m[38;2;212;212;212m▄[48;2;211;211;211m[38;2;210;210;210m▄[48;2;210;210;210m[38;2;210;210;210m▄[48;2;210;210;210m[38;2;210;210;210m▄[48;2;210;210;210m[38;2;210;210;210m▄[48;2;209;209;209m[38;2;210;210;210m▄[48;2;208;208;208m[38;2;209;209;209m▄[48;2;208;208;208m[38;2;208;208;208m▄[48;2;208;208;208m[38;2;208;208;208m▄[48;2;208;208;208m[38;2;208;208;208m▄[48;2;207;207;207m[38;2;207;207;207m▄[48;2;207;207;207m[38;2;207;207;207m▄[0m
[48;2;217;217;217m[38;2;217;217;217m▄[48;2;218;218;218m[38;2;217;217;217m▄[48;2;218;218;218m[38;2;218;218;218m▄[48;2;220;220;220m[38;2;219;219;219m▄[48;2;221;221;221m[38;2;220;220;220m▄[48;2;221;221;221m[38;2;221;221;221m▄[48;2;222;222;222m[38;2;222;222;222m▄[48;2;222;222;222m[38;2;222;222;222m▄[48;2;223;223;223m[38;2;222;222;222m▄[48;2;223;223;223m[38;2;222;222;222m▄[48;2;224;224;224m[38;2;224;224;224m▄[48;2;224;224;224m[38;2;224;224;224m▄[48;2;224;224;224m[38;2;223;223;223m▄[48;2;224;224;224m[38;2;224;224;224m▄[48;2;224;224;224m[38;2;224;224;224m▄[48;2;224;224;224m[38;2;225;225;224m▄[48;2;224;224;224m[38;2;224;224;224m▄[48;2;224;224;224m[38;2;224;224;224m▄[48;2;224;224;224m[38;2;224;224;224m▄[48;2;224;224;224m[38;2;224;224;224m▄[48;2;224;224;224m[38;2;224;224;224m▄[48;2;224;224;224m[38;2;224;224;224m▄[48;2;224;224;224m[38;2;224;224;224m▄[48;2;224;224;224m[38;2;224;224;224m▄[48;2;225;225;225m[38;2;225;225;225m▄[48;2;224;224;224m[38;2;224;224;224m▄[48;2;223;223;222m[38;2;223;223;222m▄[48;2;230;227;231m[38;2;229;226;228m▄[48;2;151;184;141m[38;2;202;215;206m▄[48;2;141;186;82m[38;2;124;178;97m▄[48;2;141;185;84m[38;2;124;179;72m▄[48;2;122;175;68m[38;2;111;165;70m▄[48;2;165;187;160m[38;2;105;160;78m▄[48;2;134;174;117m[38;2;99;152;88m▄[48;2;126;168;105m[38;2;160;183;156m▄[48;2;202;203;208m[38;2;157;184;144m▄[48;2;217;213;219m[38;2;153;182;144m▄[48;2;225;221;224m[38;2;177;195;177m▄[48;2;221;220;220m[38;2;221;220;224m▄[48;2;219;219;219m[38;2;222;221;222m▄[48;2;218;218;218m[38;2;216;217;216m▄[48;2;216;216;216m[38;2;217;217;217m▄[48;2;216;216;216m[38;2;216;216;216m▄[48;2;216;216;216m[38;2;216;216;216m▄[48;2;216;216;216m[38;2;216;216;216m▄[48;2;216;216;216m[38;2;215;215;215m▄[48;2;215;215;215m[38;2;215;215;215m▄[48;2;215;215;215m[38;2;215;215;215m▄[48;2;214;214;214m[38;2;214;214;214m▄[48;2;214;214;214m[38;2;213;213;213m▄[48;2;213;213;213m[38;2;213;213;213m▄[48;2;212;212;212m[38;2;212;212;212m▄[48;2;212;212;212m[38;2;211;211;211m▄[48;2;210;210;210m[38;2;211;211;211m▄[48;2;210;210;210m[38;2;210;210;210m▄[48;2;210;210;210m[38;2;210;210;210m▄[48;2;209;209;210m[38;2;210;210;210m▄[48;2;210;210;210m[38;2;209;209;209m▄[48;2;209;209;209m[38;2;208;208;208m▄[48;2;208;208;208m[38;2;208;208;208m▄[48;2;207;207;207m[38;2;208;208;208m▄[48;2;207;207;207m[38;2;207;207;207m▄[48;2;207;207;207m[38;2;206;206;206m▄[48;2;206;206;206m[38;2;205;205;205m▄[0m
[48;2;216;216;216m[38;2;216;216;216m▄[48;2;217;217;217m[38;2;216;216;216m▄[48;2;218;218;218m[38;2;217;217;217m▄[48;2;218;218;218m[38;2;218;218;218m▄[48;2;220;220;220m[38;2;218;218;218m▄[48;2;221;221;221m[38;2;219;220;220m▄[48;2;221;221;221m[38;2;221;221;221m▄[48;2;222;222;222m[38;2;221;221;221m▄[48;2;223;223;223m[38;2;222;222;222m▄[48;2;223;223;223m[38;2;222;222;222m▄[48;2;223;223;223m[38;2;222;222;222m▄[48;2;224;224;224m[38;2;223;223;223m▄[48;2;224;224;224m[38;2;223;223;223m▄[48;2;224;224;224m[38;2;223;223;223m▄[48;2;224;224;224m[38;2;224;224;224m▄[48;2;224;224;224m[38;2;224;224;224m▄[48;2;224;224;224m[38;2;223;223;223m▄[48;2;224;224;224m[38;2;223;223;223m▄[48;2;224;224;224m[38;2;224;224;224m▄[48;2;224;224;224m[38;2;224;224;224m▄[48;2;224;224;224m[38;2;224;224;224m▄[48;2;224;224;224m[38;2;224;223;224m▄[48;2;224;224;224m[38;2;224;223;224m▄[48;2;224;224;224m[38;2;223;223;223m▄[48;2;224;224;224m[38;2;223;222;223m▄[48;2;223;223;223m[38;2;224;225;225m▄[48;2;225;226;225m[38;2;221;221;221m▄[48;2;223;229;228m[38;2;209;147;160m▄[48;2;223;201;209m[38;2;215;129;143m▄[48;2;185;167;161m[38;2;226;134;147m▄[48;2;123;159;99m[38;2;226;132;148m▄[48;2;94;163;81m[38;2;190;125;132m▄[48;2;65;137;54m[38;2;170;132;123m▄[48;2;77;143;69m[38;2;104;152;83m▄[48;2;112;168;83m[38;2;89;162;62m▄[48;2;125;179;77m[38;2;114;177;70m▄[48;2;141;187;90m[38;2;129;185;73m▄[48;2;143;187;99m[38;2;129;179;70m▄[48;2;136;174;120m[38;2;120;164;98m▄[48;2;207;212;208m[38;2;199;203;200m▄[48;2;220;219;220m[38;2;219;217;219m▄[48;2;216;216;216m[38;2;216;216;215m▄[48;2;216;216;216m[38;2;216;216;216m▄[48;2;216;216;216m[38;2;216;216;216m▄[48;2;216;216;216m[38;2;216;216;216m▄[48;2;216;216;216m[38;2;216;216;216m▄[48;2;215;215;215m[38;2;214;214;214m▄[48;2;215;215;215m[38;2;214;214;214m▄[48;2;214;214;214m[38;2;214;214;214m▄[48;2;213;213;213m[38;2;213;213;213m▄[48;2;212;212;212m[38;2;212;212;212m▄[48;2;212;212;212m[38;2;211;211;211m▄[48;2;210;210;210m[38;2;211;211;211m▄[48;2;210;210;210m[38;2;211;211;211m▄[48;2;210;210;210m[38;2;210;210;210m▄[48;2;210;210;210m[38;2;211;211;211m▄[48;2;209;209;209m[38;2;209;209;209m▄[48;2;209;209;209m[38;2;208;208;208m▄[48;2;208;208;208m[38;2;208;208;208m▄[48;2;208;208;208m[38;2;208;208;208m▄[48;2;207;207;207m[38;2;207;207;207m▄[48;2;207;207;207m[38;2;207;207;207m▄[48;2;206;206;206m[38;2;207;207;207m▄[48;2;205;205;205m[38;2;205;205;205m▄[0m
[48;2;216;216;216m[38;2;216;216;216m▄[48;2;216;216;216m[38;2;216;216;216m▄[48;2;216;216;216m[38;2;216;216;216m▄[48;2;217;217;217m[38;2;216;216;216m▄[48;2;218;218;218m[38;2;218;218;218m▄[48;2;218;218;218m[38;2;217;217;217m▄[48;2;219;219;220m[38;2;218;218;218m▄[48;2;221;221;221m[38;2;220;220;220m▄[48;2;221;221;221m[38;2;221;221;221m▄[48;2;222;222;222m[38;2;221;221;221m▄[48;2;222;222;222m[38;2;221;221;221m▄[48;2;223;223;223m[38;2;222;222;222m▄[48;2;222;222;222m[38;2;222;222;222m▄[48;2;223;223;223m[38;2;222;222;222m▄[48;2;223;223;223m[38;2;222;222;222m▄[48;2;224;224;224m[38;2;223;223;223m▄[48;2;223;223;223m[38;2;223;223;223m▄[48;2;223;223;223m[38;2;223;223;223m▄[48;2;224;224;224m[38;2;223;223;223m▄[48;2;223;223;223m[38;2;223;223;223m▄[48;2;223;223;223m[38;2;223;223;223m▄[48;2;223;223;224m[38;2;223;223;223m▄[48;2;223;223;224m[38;2;223;223;223m▄[48;2;223;223;223m[38;2;222;222;222m▄[48;2;223;222;222m[38;2;225;229;228m▄[48;2;224;229;228m[38;2;215;196;201m▄[48;2;204;143;156m[38;2;213;118;136m▄[48;2;222;139;149m[38;2;231;146;155m▄[48;2;233;150;159m[38;2;225;128;140m▄[48;2;226;125;136m[38;2;213;98;119m▄[48;2;212;97;114m[38;2;219;139;152m▄[48;2;228;137;152m[38;2;231;147;155m▄[48;2;248;163;177m[38;2;231;139;149m▄[48;2;232;157;162m[38;2;239;157;166m▄[48;2;171;151;124m[38;2;247;155;170m▄[48;2;146;155;102m[38;2;245;152;167m▄[48;2;136;154;103m[38;2;217;141;157m▄[48;2;149;175;147m[38;2;205;204;210m▄[48;2;196;195;198m[38;2;206;205;205m▄[48;2;207;205;207m[38;2;211;211;211m▄[48;2;213;214;213m[38;2;216;216;216m▄[48;2;216;216;216m[38;2;216;216;216m▄[48;2;216;216;216m[38;2;216;216;217m▄[48;2;216;216;216m[38;2;216;216;216m▄[48;2;216;216;216m[38;2;216;215;215m▄[48;2;216;216;216m[38;2;215;215;215m▄[48;2;215;215;215m[38;2;214;214;214m▄[48;2;214;214;215m[38;2;214;214;214m▄[48;2;215;215;215m[38;2;214;214;214m▄[48;2;213;213;213m[38;2;212;212;213m▄[48;2;213;213;213m[38;2;212;212;212m▄[48;2;212;212;212m[38;2;211;211;211m▄[48;2;210;210;210m[38;2;210;210;210m▄[48;2;210;210;210m[38;2;210;210;210m▄[48;2;210;210;210m[38;2;210;210;210m▄[48;2;210;210;210m[38;2;209;209;209m▄[48;2;210;210;210m[38;2;210;210;210m▄[48;2;208;208;208m[38;2;209;209;209m▄[48;2;208;208;208m[38;2;208;208;208m▄[48;2;208;208;208m[38;2;208;208;208m▄[48;2;207;207;207m[38;2;207;207;207m▄[48;2;207;207;207m[38;2;207;207;207m▄[48;2;207;207;207m[38;2;206;206;206m▄[48;2;205;205;205m[38;2;205;205;205m▄[0m
[48;2;216;216;216m[38;2;215;215;215m▄[48;2;216;216;216m[38;2;216;216;216m▄[48;2;216;216;216m[38;2;216;216;216m▄[48;2;216;216;216m[38;2;216;216;216m▄[48;2;217;217;217m[38;2;216;216;216m▄[48;2;217;217;217m[38;2;217;217;217m▄[48;2;217;217;217m[38;2;217;217;217m▄[48;2;218;218;218m[38;2;217;217;217m▄[48;2;219;219;219m[38;2;218;218;218m▄[48;2;220;220;220m[38;2;219;219;219m▄[48;2;221;221;221m[38;2;219;219;219m▄[48;2;221;221;221m[38;2;219;219;219m▄[48;2;221;221;221m[38;2;220;220;220m▄[48;2;222;222;222m[38;2;221;221;221m▄[48;2;221;221;221m[38;2;221;221;221m▄[48;2;222;222;222m[38;2;221;221;221m▄[48;2;223;223;223m[38;2;221;221;221m▄[48;2;222;222;222m[38;2;221;221;221m▄[48;2;223;223;223m[38;2;222;222;222m▄[48;2;223;223;223m[38;2;222;222;222m▄[48;2;223;223;223m[38;2;221;221;221m▄[48;2;223;223;223m[38;2;222;222;222m▄[48;2;222;222;222m[38;2;222;221;222m▄[48;2;222;221;221m[38;2;222;222;222m▄[48;2;223;227;227m[38;2;219;221;221m▄[48;2;220;196;200m[38;2;210;140;152m▄[48;2;229;140;150m[38;2;230;128;140m▄[48;2;227;127;140m[38;2;225;121;134m▄[48;2;229;132;143m[38;2;219;117;131m▄[48;2;218;124;137m[38;2;229;135;145m▄[48;2;228;146;157m[38;2;227;129;142m▄[48;2;225;123;137m[38;2;225;127;139m▄[48;2;233;143;153m[38;2;230;138;148m▄[48;2;236;157;165m[38;2;237;156;165m▄[48;2;233;153;159m[38;2;237;161;168m▄[48;2;236;164;169m[38;2;216;132;142m▄[48;2;208;105;117m[38;2;221;105;121m▄[48;2;201;149;157m[38;2;213;112;128m▄[48;2;215;222;221m[38;2;208;205;206m▄[48;2;217;215;216m[38;2;217;217;215m▄[48;2;216;217;218m[38;2;214;211;206m▄[48;2;216;217;218m[38;2;213;206;195m▄[48;2;216;215;213m[38;2;213;204;191m▄[48;2;216;216;215m[38;2;212;200;183m▄[48;2;216;217;220m[38;2;212;203;190m▄[48;2;215;215;214m[38;2;215;216;217m▄[48;2;215;215;215m[38;2;215;214;214m▄[48;2;214;214;214m[38;2;214;214;214m▄[48;2;213;213;213m[38;2;213;213;214m▄[48;2;212;211;213m[38;2;212;212;213m▄[48;2;211;211;211m[38;2;211;211;211m▄[48;2;211;211;211m[38;2;211;211;211m▄[48;2;211;211;211m[38;2;210;210;210m▄[48;2;210;210;210m[38;2;211;211;211m▄[48;2;210;210;210m[38;2;211;211;211m▄[48;2;210;210;210m[38;2;210;210;210m▄[48;2;209;209;209m[38;2;208;208;208m▄[48;2;209;209;209m[38;2;208;208;208m▄[48;2;208;208;208m[38;2;208;208;208m▄[48;2;208;208;208m[38;2;208;208;208m▄[48;2;207;207;207m[38;2;207;207;207m▄[48;2;206;206;206m[38;2;207;207;207m▄[48;2;206;206;206m[38;2;206;206;206m▄[48;2;205;204;205m[38;2;205;205;205m▄[0m
[48;2;215;215;215m[38;2;215;215;215m▄[48;2;216;216;216m[38;2;215;215;215m▄[48;2;216;216;216m[38;2;216;216;216m▄[48;2;216;216;216m[38;2;216;216;216m▄[48;2;216;216;216m[38;2;216;216;216m▄[48;2;216;216;216m[38;2;216;216;216m▄[48;2;216;216;216m[38;2;216;216;216m▄[48;2;217;217;217m[38;2;216;216;216m▄[48;2;218;218;218m[38;2;216;216;216m▄[48;2;218;218;218m[38;2;217;217;217m▄[48;2;217;217;217m[38;2;217;217;217m▄[48;2;218;218;218m[38;2;217;217;217m▄[48;2;219;219;219m[38;2;218;218;218m▄[48;2;220;220;220m[38;2;219;219;219m▄[48;2;220;220;220m[38;2;219;219;219m▄[48;2;221;221;221m[38;2;219;219;219m▄[48;2;221;221;221m[38;2;219;219;219m▄[48;2;221;221;221m[38;2;219;219;219m▄[48;2;221;221;221m[38;2;220;220;220m▄[48;2;221;221;221m[38;2;221;221;221m▄[48;2;221;221;221m[38;2;221;221;221m▄[48;2;221;221;221m[38;2;221;221;220m▄[48;2;221;221;221m[38;2;220;220;220m▄[48;2;222;222;222m[38;2;220;218;218m▄[48;2;218;219;219m[38;2;222;229;228m▄[48;2;204;120;135m[38;2;202;143;154m▄[48;2;229;119;134m[38;2;204;84;105m▄[48;2;208;99;117m[38;2;219;112;129m▄[48;2;217;112;128m[38;2;217;101;118m▄[48;2;227;128;140m[38;2;217;115;129m▄[48;2;228;126;139m[38;2;230;129;142m▄[48;2;227;127;140m[38;2;227;127;140m▄[48;2;228;131;142m[38;2;224;130;141m▄[48;2;233;142;153m[38;2;228;131;141m▄[48;2;226;138;148m[38;2;231;125;139m▄[48;2;215;105;121m[38;2;233;124;138m▄[48;2;232;121;136m[38;2;226;109;125m▄[48;2;210;103;122m[38;2;195;115;130m▄[48;2;200;191;194m[38;2;200;204;203m▄[48;2;215;214;210m[38;2;214;213;213m▄[48;2;214;209;204m[38;2;215;216;217m▄[48;2;214;213;212m[38;2;214;215;215m▄[48;2;215;215;216m[38;2;213;212;211m▄[48;2;214;215;217m[38;2;214;215;216m▄[48;2;207;195;176m[38;2;212;212;210m▄[48;2;211;203;191m[38;2;206;193;173m▄[48;2;215;216;218m[38;2;214;216;218m▄[48;2;213;213;212m[38;2;213;213;212m▄[48;2;212;212;213m[38;2;212;212;211m▄[48;2;212;212;212m[38;2;211;211;211m▄[48;2;211;211;211m[38;2;210;210;210m▄[48;2;210;210;210m[38;2;210;210;210m▄[48;2;210;210;210m[38;2;210;210;210m▄[48;2;211;211;211m[38;2;211;211;211m▄[48;2;210;210;210m[38;2;210;210;210m▄[48;2;210;210;210m[38;2;209;209;209m▄[48;2;209;209;209m[38;2;209;209;209m▄[48;2;208;208;208m[38;2;209;208;209m▄[48;2;208;208;208m[38;2;208;208;207m▄[48;2;207;207;207m[38;2;207;207;207m▄[48;2;206;206;206m[38;2;207;207;207m▄[48;2;206;206;206m[38;2;205;205;206m▄[48;2;205;205;205m[38;2;204;204;204m▄[48;2;204;204;204m[38;2;204;204;204m▄[0m
[48;2;215;215;215m[38;2;215;215;215m▄[48;2;215;215;215m[38;2;215;215;215m▄[48;2;216;216;216m[38;2;216;216;216m▄[48;2;216;216;216m[38;2;215;215;215m▄[48;2;216;216;216m[38;2;215;215;215m▄[48;2;216;216;216m[38;2;216;216;216m▄[48;2;216;216;216m[38;2;216;216;216m▄[48;2;216;216;216m[38;2;216;216;216m▄[48;2;216;216;216m[38;2;216;216;216m▄[48;2;216;216;216m[38;2;216;216;216m▄[48;2;216;216;216m[38;2;216;216;216m▄[48;2;217;217;217m[38;2;217;217;217m▄[48;2;217;217;217m[38;2;217;217;217m▄[48;2;217;217;217m[38;2;217;217;217m▄[48;2;217;217;217m[38;2;217;217;217m▄[48;2;218;218;218m[38;2;217;217;217m▄[48;2;218;218;218m[38;2;217;217;217m▄[48;2;218;218;218m[38;2;217;216;217m▄[48;2;219;218;218m[38;2;218;218;218m▄[48;2;219;218;218m[38;2;217;222;221m▄[48;2;220;219;220m[38;2;215;218;217m▄[48;2;219;220;220m[38;2;217;216;216m▄[48;2;219;219;219m[38;2;217;215;215m▄[48;2;218;218;219m[38;2;216;215;215m▄[48;2;220;220;220m[38;2;215;217;217m▄[48;2;215;212;212m[38;2;220;233;231m▄[48;2;195;108;126m[38;2;201;152;163m▄[48;2;227;112;128m[38;2;218;96;115m▄[48;2;213;93;112m[38;2;221;105;124m▄[48;2;214;107;124m[38;2;207;98;115m▄[48;2;230;128;140m[38;2;231;131;141m▄[48;2;228;128;140m[38;2;229;124;136m▄[48;2;214;111;126m[38;2;227;117;131m▄[48;2;208;99;115m[38;2;213;94;113m▄[48;2;215;103;121m[38;2;209;91;113m▄[48;2;213;97;116m[38;2;209;78;103m▄[48;2;194;92;111m[38;2;188;114;131m▄[48;2;188;177;180m[38;2;196;210;207m▄[48;2;203;208;207m[38;2;209;199;199m▄[48;2;214;219;219m[38;2;216;186;188m▄[48;2;215;216;215m[38;2;214;211;211m▄[48;2;214;213;213m[38;2;216;219;221m▄[48;2;216;217;219m[38;2;206;198;187m▄[48;2;217;218;221m[38;2;197;180;156m▄[48;2;204;191;172m[38;2;206;193;178m▄[48;2;205;195;181m[38;2;211;211;211m▄[48;2;213;215;218m[38;2;208;204;200m▄[48;2;212;211;211m[38;2;212;212;213m▄[48;2;211;211;211m[38;2;210;210;210m▄[48;2;210;210;210m[38;2;210;210;210m▄[48;2;210;210;210m[38;2;210;210;210m▄[48;2;210;210;210m[38;2;210;210;210m▄[48;2;210;210;210m[38;2;211;211;211m▄[48;2;210;210;210m[38;2;209;209;209m▄[48;2;209;209;209m[38;2;208;208;208m▄[48;2;208;208;208m[38;2;208;208;208m▄[48;2;208;208;208m[38;2;208;208;208m▄[48;2;208;208;209m[38;2;208;208;209m▄[48;2;207;207;208m[38;2;207;207;208m▄[48;2;207;207;207m[38;2;207;206;207m▄[48;2;207;207;207m[38;2;206;206;206m▄[48;2;205;205;205m[38;2;204;204;204m▄[48;2;203;203;203m[38;2;203;203;203m▄[48;2;204;204;204m[38;2;203;203;203m▄[0m
[48;2;215;215;215m[38;2;215;215;215m▄[48;2;214;214;214m[38;2;215;215;215m▄[48;2;214;214;214m[38;2;214;214;214m▄[48;2;215;215;215m[38;2;215;215;215m▄[48;2;215;215;215m[38;2;215;215;215m▄[48;2;216;216;216m[38;2;215;215;215m▄[48;2;215;215;215m[38;2;215;215;215m▄[48;2;216;216;216m[38;2;215;215;215m▄[48;2;216;216;216m[38;2;216;216;216m▄[48;2;217;217;217m[38;2;216;216;216m▄[48;2;216;216;216m[38;2;216;216;216m▄[48;2;216;216;216m[38;2;216;216;216m▄[48;2;217;217;217m[38;2;216;216;216m▄[48;2;216;216;216m[38;2;216;216;216m▄[48;2;217;217;217m[38;2;216;216;216m▄[48;2;217;217;217m[38;2;216;215;215m▄[48;2;216;215;216m[38;2;217;221;220m▄[48;2;217;221;220m[38;2;216;205;207m▄[48;2;216;216;216m[38;2;216;135;146m▄[48;2;223;198;199m[38;2;245;211;212m▄[48;2;237;216;217m[38;2;251;223;226m▄[48;2;243;218;218m[38;2;249;215;215m▄[48;2;244;222;221m[38;2;248;206;207m▄[48;2;244;225;224m[38;2;251;219;220m▄[48;2;234;203;205m[38;2;247;197;201m▄[48;2;218;204;205m[38;2;220;131;141m▄[48;2;211;207;209m[38;2;217;211;211m▄[48;2;196;97;117m[38;2;206;200;203m▄[48;2;219;92;113m[38;2;193;129;142m▄[48;2;205;84;104m[38;2;193;108;125m▄[48;2;216;105;121m[38;2;188;123;136m▄[48;2;199;102;119m[38;2;213;141;149m▄[48;2;207;105;122m[38;2;217;146;152m▄[48;2;218;93;114m[38;2;194;118;133m▄[48;2;218;89;110m[38;2;188;112;129m▄[48;2;197;81;104m[38;2;187;168;174m▄[48;2;188;173;178m[38;2;197;209;207m▄[48;2;203;194;194m[38;2;212;145;151m▄[48;2;224;145;151m[38;2;237;166;175m▄[48;2;235;156;160m[38;2;224;156;166m▄[48;2;220;160;166m[38;2;218;140;146m▄[48;2;202;199;188m[38;2;198;194;184m▄[48;2;199;191;172m[38;2;215;174;179m▄[48;2;209;210;209m[38;2;223;144;150m▄[48;2;212;218;222m[38;2;212;182;184m▄[48;2;205;201;194m[38;2;205;204;195m▄[48;2;205;200;191m[38;2;209;207;206m▄[48;2;211;212;214m[38;2;211;211;211m▄[48;2;210;210;210m[38;2;210;210;210m▄[48;2;210;210;210m[38;2;210;210;210m▄[48;2;210;210;210m[38;2;210;210;210m▄[48;2;211;211;211m[38;2;210;210;210m▄[48;2;210;210;210m[38;2;209;209;209m▄[48;2;209;209;209m[38;2;209;209;209m▄[48;2;208;208;208m[38;2;208;208;208m▄[48;2;208;208;208m[38;2;208;208;208m▄[48;2;208;208;208m[38;2;207;207;207m▄[48;2;207;207;207m[38;2;207;207;207m▄[48;2;207;207;206m[38;2;206;206;206m▄[48;2;206;206;206m[38;2;206;206;206m▄[48;2;205;205;205m[38;2;205;205;205m▄[48;2;204;204;204m[38;2;204;204;204m▄[48;2;203;203;203m[38;2;203;203;203m▄[48;2;203;203;203m[38;2;203;203;203m▄[0m
[48;2;214;214;214m[38;2;213;213;213m▄[48;2;214;214;214m[38;2;214;214;214m▄[48;2;214;214;214m[38;2;214;214;214m▄[48;2;214;214;214m[38;2;214;214;214m▄[48;2;215;215;215m[38;2;215;215;215m▄[48;2;215;215;215m[38;2;215;215;215m▄[48;2;215;215;215m[38;2;215;215;215m▄[48;2;215;215;215m[38;2;215;215;215m▄[48;2;215;215;215m[38;2;215;215;215m▄[48;2;216;216;216m[38;2;215;215;215m▄[48;2;216;216;216m[38;2;216;216;216m▄[48;2;216;216;216m[38;2;216;216;216m▄[48;2;216;216;216m[38;2;216;216;216m▄[48;2;216;216;216m[38;2;217;217;217m▄[48;2;217;216;216m[38;2;216;216;216m▄[48;2;217;217;217m[38;2;218;222;221m▄[48;2;216;218;218m[38;2;211;193;196m▄[48;2;211;133;143m[38;2;218;152;160m▄[48;2;244;211;214m[38;2;252;252;250m▄[48;2;246;218;219m[38;2;228;170;175m▄[48;2;246;180;186m[38;2;245;215;216m▄[48;2;252;243;242m[38;2;251;244;244m▄[48;2;249;215;215m[38;2;224;169;175m▄[48;2;220;153;160m[38;2;197;116;129m▄[48;2;230;163;172m[38;2;242;185;192m▄[48;2;230;154;163m[38;2;206;114;128m▄[48;2;205;170;174m[38;2;200;111;123m▄[48;2;212;215;215m[38;2;216;142;153m▄[48;2;209;212;211m[38;2;210;124;137m▄[48;2;202;219;217m[38;2;207;140;150m▄[48;2;204;171;174m[38;2;202;131;141m▄[48;2;231;147;157m[38;2;207;104;118m▄[48;2;227;142;151m[38;2;202;110;123m▄[48;2;201;175;177m[38;2;197;141;148m▄[48;2;195;208;204m[38;2;212;130;142m▄[48;2;199;200;199m[38;2;214;137;148m▄[48;2;205;192;194m[38;2;199;117;128m▄[48;2;224;144;154m[38;2;230;159;168m▄[48;2;231;175;180m[38;2;226;167;173m▄[48;2;211;115;128m[38;2;207;117;130m▄[48;2;205;136;145m[38;2;207;121;133m▄[48;2;203;212;210m[38;2;200;157;159m▄[48;2;214;128;137m[38;2;207;117;129m▄[48;2;234;160;167m[38;2;204;100;116m▄[48;2;211;130;139m[38;2;200;155;160m▄[48;2;210;215;215m[38;2;204;210;210m▄[48;2;211;210;211m[38;2;211;210;210m▄[48;2;210;210;210m[38;2;210;210;210m▄[48;2;210;210;210m[38;2;210;210;210m▄[48;2;210;210;210m[38;2;210;210;210m▄[48;2;210;210;210m[38;2;210;210;210m▄[48;2;210;210;210m[38;2;210;209;211m▄[48;2;208;208;208m[38;2;208;208;210m▄[48;2;208;208;208m[38;2;208;208;208m▄[48;2;208;208;208m[38;2;208;208;208m▄[48;2;208;208;208m[38;2;208;208;208m▄[48;2;207;207;207m[38;2;207;207;207m▄[48;2;207;207;207m[38;2;207;207;207m▄[48;2;206;206;206m[38;2;207;206;206m▄[48;2;205;205;205m[38;2;205;205;205m▄[48;2;203;203;204m[38;2;203;203;204m▄[48;2;204;204;204m[38;2;203;203;203m▄[48;2;203;203;203m[38;2;203;203;203m▄[48;2;202;202;202m[38;2;203;203;203m▄[0m
[48;2;212;212;212m[38;2;211;211;211m▄[48;2;212;212;212m[38;2;211;211;211m▄[48;2;213;213;213m[38;2;212;212;213m▄[48;2;213;213;213m[38;2;212;212;212m▄[48;2;214;214;214m[38;2;213;213;213m▄[48;2;214;214;214m[38;2;214;214;214m▄[48;2;214;214;214m[38;2;214;214;214m▄[48;2;215;215;215m[38;2;214;214;214m▄[48;2;215;215;215m[38;2;215;215;215m▄[48;2;215;215;215m[38;2;215;215;215m▄[48;2;215;215;215m[38;2;215;215;215m▄[48;2;215;215;215m[38;2;215;215;215m▄[48;2;215;215;215m[38;2;215;215;215m▄[48;2;216;216;216m[38;2;216;216;216m▄[48;2;215;215;215m[38;2;215;215;215m▄[48;2;216;216;216m[38;2;215;215;215m▄[48;2;214;212;212m[38;2;215;217;216m▄[48;2;229;187;192m[38;2;216;212;211m▄[48;2;238;195;197m[38;2;216;190;192m▄[48;2;231;171;175m[38;2;229;186;190m▄[48;2;249;240;239m[38;2;251;241;238m▄[48;2;245;229;227m[38;2;220;165;174m▄[48;2;213;128;140m[38;2;232;154;165m▄[48;2;225;154;165m[38;2;180;84;103m▄[48;2;202;111;127m[38;2;177;79;99m▄[48;2;187;76;97m[38;2;219;135;149m▄[48;2;232;166;176m[38;2;202;114;131m▄[48;2;198;109;124m[38;2;168;54;77m▄[48;2;240;181;189m[38;2;239;170;179m▄[48;2;208;116;131m[38;2;169;58;83m▄[48;2;195;86;105m[38;2;212;126;142m▄[48;2;240;185;193m[38;2;215;141;153m▄[48;2;185;81;100m[38;2;171;59;83m▄[48;2;217;139;151m[38;2;236;168;180m▄[48;2;215;138;149m[38;2;178;82;101m▄[48;2;216;144;156m[38;2;174;71;92m▄[48;2;200;104;119m[38;2;184;85;105m▄[48;2;233;172;181m[38;2;240;171;180m▄[48;2;209;137;147m[38;2;191;104;121m▄[48;2;218;148;158m[38;2;204;112;127m▄[48;2;237;173;183m[38;2;214;132;146m▄[48;2;179;65;83m[38;2;165;56;79m▄[48;2;231;165;173m[38;2;235;162;170m▄[48;2;216;132;145m[38;2;177;75;94m▄[48;2;186;156;161m[38;2;178;74;94m▄[48;2;205;211;210m[38;2;198;161;167m▄[48;2;210;209;210m[38;2;212;218;217m▄[48;2;210;210;210m[38;2;209;208;209m▄[48;2;209;209;209m[38;2;209;209;209m▄[48;2;210;210;210m[38;2;209;209;209m▄[48;2;210;209;211m[38;2;208;209;210m▄[48;2;208;210;214m[38;2;207;209;212m▄[48;2;208;209;215m[38;2;208;208;214m▄[48;2;208;207;210m[38;2;208;208;210m▄[48;2;208;208;209m[38;2;208;208;209m▄[48;2;208;208;208m[38;2;208;208;206m▄[48;2;207;207;204m[38;2;207;208;202m▄[48;2;207;207;204m[38;2;207;207;203m▄[48;2;205;205;206m[38;2;205;205;206m▄[48;2;204;204;204m[38;2;203;203;203m▄[48;2;203;203;203m[38;2;203;203;203m▄[48;2;203;203;203m[38;2;203;203;203m▄[48;2;203;203;204m[38;2;202;202;202m▄[48;2;203;203;203m[38;2;203;203;203m▄[0m
[48;2;210;210;210m[38;2;210;210;210m▄[48;2;210;210;210m[38;2;210;210;210m▄[48;2;211;211;211m[38;2;210;210;210m▄[48;2;211;211;212m[38;2;210;210;210m▄[48;2;212;212;212m[38;2;211;211;211m▄[48;2;212;212;212m[38;2;212;212;212m▄[48;2;213;213;213m[38;2;212;212;212m▄[48;2;214;214;214m[38;2;213;213;213m▄[48;2;214;214;214m[38;2;213;213;213m▄[48;2;214;214;214m[38;2;214;214;214m▄[48;2;214;214;214m[38;2;214;214;215m▄[48;2;214;214;214m[38;2;214;214;214m▄[48;2;214;214;214m[38;2;214;214;214m▄[48;2;214;214;214m[38;2;214;214;214m▄[48;2;215;215;215m[38;2;214;214;214m▄[48;2;215;215;215m[38;2;215;215;215m▄[48;2;216;215;216m[38;2;217;215;216m▄[48;2;214;217;216m[38;2;218;219;214m▄[48;2;204;193;197m[38;2;211;188;192m▄[48;2;239;201;206m[38;2;245;198;202m▄[48;2;232;193;197m[38;2;197;105;124m▄[48;2;150;39;64m[38;2;163;108;120m▄[48;2;220;125;142m[38;2;175;80;102m▄[48;2;206;116;132m[38;2;235;136;151m▄[48;2;158;66;88m[38;2;164;62;84m▄[48;2;233;138;154m[38;2;184;80;101m▄[48;2;195;96;114m[38;2;212;109;128m▄[48;2;209;117;134m[38;2;175;73;98m▄[48;2;232;135;153m[38;2;213;113;132m▄[48;2;179;81;104m[38;2;182;80;104m▄[48;2;242;155;166m[38;2;190;87;108m▄[48;2;194;92;111m[38;2;205;106;124m▄[48;2;199;112;130m[38;2;168;70;93m▄[48;2;235;139;153m[38;2;198;101;119m▄[48;2;171;79;98m[38;2;209;110;128m▄[48;2;178;92;110m[38;2;182;84;105m▄[48;2;220;130;145m[38;2;181;82;103m▄[48;2;237;143;159m[38;2;196;94;115m▄[48;2;156;45;72m[38;2;151;52;76m▄[48;2;227;130;146m[38;2;193;88;109m▄[48;2;197;101;120m[38;2;199;94;114m▄[48;2;207;120;136m[38;2;171;64;88m▄[48;2;231;134;150m[38;2;206;103;122m▄[48;2;176;79;101m[38;2;180;75;99m▄[48;2;182;82;106m[38;2;172;98;117m▄[48;2;189;152;162m[38;2;193;197;197m▄[48;2;209;216;214m[38;2;203;203;203m▄[48;2;209;207;208m[38;2;209;209;209m▄[48;2;209;209;209m[38;2;208;208;208m▄[48;2;209;209;209m[38;2;208;208;208m▄[48;2;208;208;209m[38;2;208;208;208m▄[48;2;208;207;209m[38;2;208;208;208m▄[48;2;208;207;209m[38;2;207;207;207m▄[48;2;208;208;208m[38;2;207;207;207m▄[48;2;208;208;208m[38;2;207;207;206m▄[48;2;208;208;206m[38;2;207;207;204m▄[48;2;206;208;202m[38;2;206;207;203m▄[48;2;204;208;202m[38;2;204;206;203m▄[48;2;204;206;205m[38;2;202;205;204m▄[48;2;203;203;204m[38;2;201;202;206m▄[48;2;203;202;204m[38;2;203;202;204m▄[48;2;203;203;203m[38;2;202;202;202m▄[48;2;202;202;202m[38;2;202;202;202m▄[48;2;202;202;203m[38;2;202;202;201m▄[0m
[48;2;210;210;210m[38;2;209;209;209m▄[48;2;210;210;210m[38;2;210;210;210m▄[48;2;210;210;210m[38;2;210;210;210m▄[48;2;210;210;210m[38;2;210;210;210m▄[48;2;210;210;210m[38;2;210;210;210m▄[48;2;211;211;211m[38;2;210;210;210m▄[48;2;211;211;211m[38;2;210;210;210m▄[48;2;211;211;211m[38;2;210;210;210m▄[48;2;212;212;213m[38;2;210;210;210m▄[48;2;213;213;213m[38;2;211;211;211m▄[48;2;213;212;214m[38;2;211;211;211m▄[48;2;213;213;214m[38;2;211;211;211m▄[48;2;214;214;214m[38;2;211;211;212m▄[48;2;214;214;214m[38;2;212;212;213m▄[48;2;214;214;214m[38;2;214;214;214m▄[48;2;216;216;217m[38;2;217;216;217m▄[48;2;226;225;224m[38;2;231;231;231m▄[48;2;232;233;231m[38;2;240;237;234m▄[48;2;224;217;219m[38;2;217;215;208m▄[48;2;193;111;128m[38;2;201;182;183m▄[48;2;163;54;82m[38;2;189;163;160m▄[48;2;192;184;188m[38;2;188;178;161m▄[48;2;171;112;121m[38;2;203;192;181m▄[48;2;193;83;105m[38;2;162;81;102m▄[48;2;232;132;148m[38;2;191;78;101m▄[48;2;151;45;71m[38;2;234;137;152m▄[48;2;159;66;89m[38;2;194;101;120m▄[48;2;165;75;97m[38;2;162;68;90m▄[48;2;150;42;69m[38;2;179;84;106m▄[48;2;180;114;131m[38;2;180;113;128m▄[48;2;179;118;134m[38;2;178;119;133m▄[48;2;170;82;105m[38;2;177;98;117m▄[48;2;179;109;125m[38;2;177;92;113m▄[48;2;161;65;88m[38;2;182;97;116m▄[48;2;162;66;89m[38;2;178;91;111m▄[48;2;166;70;93m[38;2;178;93;113m▄[48;2;164;62;86m[38;2;187;104;122m▄[48;2;161;67;91m[38;2;181;92;112m▄[48;2;193;174;177m[38;2;185;171;176m▄[48;2;175;111;129m[38;2;200;203;194m▄[48;2;174;101;121m[38;2;191;183;166m▄[48;2;182;130;145m[38;2;191;186;169m▄[48;2;171;93;115m[38;2;195;193;184m▄[48;2;178;117;134m[38;2;194;196;189m▄[48;2;188;186;186m[38;2;193;189;180m▄[48;2;193;195;194m[38;2;203;202;204m▄[48;2;206;206;206m[38;2;207;208;208m▄[48;2;208;208;208m[38;2;207;207;207m▄[48;2;207;207;207m[38;2;207;207;207m▄[48;2;207;207;207m[38;2;206;206;206m▄[48;2;207;207;207m[38;2;206;206;206m▄[48;2;206;206;206m[38;2;206;206;206m▄[48;2;206;206;206m[38;2;205;205;205m▄[48;2;207;207;207m[38;2;205;205;205m▄[48;2;207;207;206m[38;2;204;204;204m▄[48;2;206;206;204m[38;2;204;204;204m▄[48;2;206;205;206m[38;2;203;203;204m▄[48;2;204;204;205m[38;2;203;203;203m▄[48;2;203;203;204m[38;2;203;203;203m▄[48;2;203;203;204m[38;2;203;202;202m▄[48;2;202;202;204m[38;2;202;201;202m▄[48;2;202;201;202m[38;2;202;202;202m▄[48;2;202;202;202m[38;2;202;202;202m▄[48;2;202;202;201m[38;2;201;201;201m▄[0m
[48;2;209;209;209m[38;2;211;211;211m▄[48;2;209;209;209m[38;2;212;212;212m▄[48;2;210;210;209m[38;2;212;212;212m▄[48;2;210;210;210m[38;2;213;213;213m▄[48;2;210;210;210m[38;2;213;213;213m▄[48;2;210;210;210m[38;2;213;213;214m▄[48;2;210;210;210m[38;2;214;214;214m▄[48;2;210;210;210m[38;2;214;214;214m▄[48;2;211;211;211m[38;2;214;214;214m▄[48;2;211;211;212m[38;2;215;215;215m▄[48;2;211;211;211m[38;2;214;214;215m▄[48;2;212;212;212m[38;2;215;215;215m▄[48;2;212;212;212m[38;2;215;215;215m▄[48;2;212;212;212m[38;2;215;215;215m▄[48;2;213;213;213m[38;2;215;215;215m▄[48;2;214;214;214m[38;2;215;215;216m▄[48;2;217;217;218m[38;2;216;216;216m▄[48;2;221;219;217m[38;2;217;217;217m▄[48;2;197;184;168m[38;2;214;215;217m▄[48;2;195;185;167m[38;2;212;213;215m▄[48;2;195;190;177m[38;2;213;213;216m▄[48;2;202;197;194m[38;2;211;212;214m▄[48;2;210;213;214m[38;2;212;210;210m▄[48;2;208;203;204m[38;2;212;214;214m▄[48;2;169;98;116m[38;2;211;213;212m▄[48;2;164;56;81m[38;2;189;155;164m▄[48;2;198;85;107m[38;2;168;103;120m▄[48;2;204;101;122m[38;2;164;85;107m▄[48;2;198;96;116m[38;2;166;87;106m▄[48;2;188;82;104m[38;2;169;100;118m▄[48;2;199;100;120m[38;2;166;79;100m▄[48;2;180;93;111m[38;2;171;71;94m▄[48;2;152;48;72m[38;2;183;79;104m▄[48;2;162;80;100m[38;2;186;89;110m▄[48;2;171;122;134m[38;2;185;86;109m▄[48;2;166;103;119m[38;2;195;94;116m▄[48;2;180;85;105m[38;2;199;97;119m▄[48;2;192;89;111m[38;2;157;57;82m▄[48;2;175;135;146m[38;2;187;175;178m▄[48;2;205;206;198m[38;2;204;208;209m▄[48;2;201;194;190m[38;2;209;209;211m▄[48;2;200;191;182m[38;2;207;209;212m▄[48;2;198;187;171m[38;2;207;208;212m▄[48;2;201;190;175m[38;2;206;208;210m▄[48;2;203;200;197m[38;2;206;207;208m▄[48;2;206;206;207m[38;2;207;208;208m▄[48;2;207;207;207m[38;2;208;208;208m▄[48;2;206;206;206m[38;2;207;207;208m▄[48;2;207;207;207m[38;2;208;208;208m▄[48;2;206;206;206m[38;2;208;208;208m▄[48;2;206;206;206m[38;2;207;207;207m▄[48;2;205;205;205m[38;2;207;207;207m▄[48;2;205;205;205m[38;2;207;207;207m▄[48;2;203;203;203m[38;2;206;206;207m▄[48;2;204;204;204m[38;2;206;206;207m▄[48;2;203;203;203m[38;2;206;206;206m▄[48;2;202;202;202m[38;2;205;205;205m▄[48;2;203;203;203m[38;2;204;204;204m▄[48;2;202;202;203m[38;2;204;204;204m▄[48;2;201;201;202m[38;2;203;203;203m▄[48;2;202;202;202m[38;2;203;203;203m▄[48;2;202;202;202m[38;2;203;202;203m▄[48;2;201;201;201m[38;2;202;202;202m▄[48;2;202;202;202m[38;2;203;203;202m▄[0m
[48;2;214;214;214m[38;2;216;216;216m▄[48;2;215;215;215m[38;2;217;217;217m▄[48;2;216;216;216m[38;2;217;217;217m▄[48;2;215;215;216m[38;2;217;217;217m▄[48;2;216;216;216m[38;2;217;217;217m▄[48;2;216;216;216m[38;2;217;217;217m▄[48;2;216;216;216m[38;2;217;217;217m▄[48;2;216;216;216m[38;2;217;217;217m▄[48;2;216;216;216m[38;2;217;217;217m▄[48;2;216;216;216m[38;2;218;218;218m▄[48;2;216;216;216m[38;2;217;217;217m▄[48;2;216;216;216m[38;2;218;218;218m▄[48;2;216;216;216m[38;2;218;218;218m▄[48;2;216;216;216m[38;2;218;218;218m▄[48;2;216;216;216m[38;2;218;218;218m▄[48;2;217;217;217m[38;2;218;218;218m▄[48;2;217;217;217m[38;2;217;217;217m▄[48;2;217;217;217m[38;2;216;216;216m▄[48;2;217;216;216m[38;2;215;215;215m▄[48;2;216;216;216m[38;2;214;214;214m▄[48;2;217;216;216m[38;2;213;213;213m▄[48;2;217;217;217m[38;2;212;212;213m▄[48;2;217;217;217m[38;2;212;212;212m▄[48;2;216;215;216m[38;2;211;211;211m▄[48;2;210;210;210m[38;2;209;209;209m▄[48;2;203;209;207m[38;2;208;206;207m▄[48;2;197;198;198m[38;2;204;201;203m▄[48;2;190;186;187m[38;2;199;197;197m▄[48;2;185;180;180m[38;2;196;192;193m▄[48;2;185;185;184m[38;2;195;189;190m▄[48;2;185;172;174m[38;2;194;190;191m▄[48;2;171;125;136m[38;2;195;196;194m▄[48;2;160;88;106m[38;2;193;193;193m▄[48;2;163;75;97m[38;2;189;179;181m▄[48;2;165;70;94m[38;2;187;172;175m▄[48;2;161;67;90m[38;2;190;179;181m▄[48;2;158;79;99m[38;2;193;194;192m▄[48;2;180;155;161m[38;2;190;194;192m▄[48;2;188;192;192m[38;2;198;197;198m▄[48;2;203;201;201m[38;2;205;205;205m▄[48;2;210;209;209m[38;2;207;207;207m▄[48;2;210;210;210m[38;2;209;209;209m▄[48;2;211;210;210m[38;2;210;210;210m▄[48;2;210;210;209m[38;2;210;210;210m▄[48;2;210;210;210m[38;2;210;210;210m▄[48;2;210;210;210m[38;2;210;210;210m▄[48;2;209;209;209m[38;2;209;210;210m▄[48;2;209;209;209m[38;2;209;209;209m▄[48;2;209;209;209m[38;2;210;210;210m▄[48;2;209;209;209m[38;2;210;210;210m▄[48;2;209;209;209m[38;2;211;211;211m▄[48;2;211;211;211m[38;2;211;211;211m▄[48;2;208;208;209m[38;2;210;210;210m▄[48;2;208;208;209m[38;2;210;210;210m▄[48;2;208;208;209m[38;2;209;209;210m▄[48;2;208;208;208m[38;2;209;209;209m▄[48;2;208;208;208m[38;2;209;209;209m▄[48;2;207;207;207m[38;2;209;209;209m▄[48;2;211;211;211m[38;2;216;216;216m▄[48;2;213;213;213m[38;2;220;220;220m▄[48;2;206;206;206m[38;2;209;208;209m▄[48;2;206;206;206m[38;2;208;208;208m▄[48;2;205;205;205m[38;2;208;208;208m▄[48;2;205;205;205m[38;2;207;207;207m▄[0m
[48;2;219;219;219m[38;2;223;223;223m▄[48;2;219;219;219m[38;2;224;224;224m▄[48;2;220;220;220m[38;2;224;224;224m▄[48;2;220;220;220m[38;2;224;224;224m▄[48;2;221;221;221m[38;2;224;224;224m▄[48;2;221;221;221m[38;2;224;224;224m▄[48;2;221;221;221m[38;2;224;224;224m▄[48;2;221;221;221m[38;2;224;224;224m▄[48;2;222;222;222m[38;2;224;224;224m▄[48;2;222;222;222m[38;2;224;224;224m▄[48;2;222;222;222m[38;2;224;224;224m▄[48;2;223;223;223m[38;2;224;224;224m▄[48;2;223;223;223m[38;2;224;224;224m▄[48;2;222;222;222m[38;2;224;224;224m▄[48;2;221;221;221m[38;2;224;224;224m▄[48;2;219;219;219m[38;2;223;223;223m▄[48;2;215;215;214m[38;2;221;221;221m▄[48;2;208;208;208m[38;2;216;216;216m▄[48;2;201;201;201m[38;2;211;211;211m▄[48;2;195;195;196m[38;2;205;205;205m▄[48;2;191;191;191m[38;2;203;203;203m▄[48;2;190;190;190m[38;2;203;203;203m▄[48;2;189;189;189m[38;2;200;200;200m▄[48;2;188;188;188m[38;2;196;196;196m▄[48;2;190;190;190m[38;2;190;190;190m▄[48;2;192;192;192m[38;2;187;187;187m▄[48;2;196;196;196m[38;2;185;185;185m▄[48;2;198;198;198m[38;2;184;184;184m▄[48;2;199;199;199m[38;2;185;185;186m▄[48;2;198;198;198m[38;2;186;186;187m▄[48;2;197;197;197m[38;2;187;187;187m▄[48;2;195;194;195m[38;2;186;186;186m▄[48;2;194;193;194m[38;2;185;185;185m▄[48;2;194;195;195m[38;2;185;185;185m▄[48;2;192;195;195m[38;2;185;184;185m▄[48;2;191;193;193m[38;2;185;184;185m▄[48;2;190;190;191m[38;2;184;185;185m▄[48;2;190;189;190m[38;2;186;186;186m▄[48;2;188;188;188m[38;2;190;190;190m▄[48;2;186;186;186m[38;2;193;193;193m▄[48;2;187;187;187m[38;2;194;194;194m▄[48;2;189;189;190m[38;2;194;194;194m▄[48;2;190;190;190m[38;2;193;194;194m▄[48;2;191;191;191m[38;2;194;194;194m▄[48;2;194;194;194m[38;2;198;198;198m▄[48;2;201;201;201m[38;2;204;204;204m▄[48;2;207;207;208m[38;2;210;210;210m▄[48;2;211;211;211m[38;2;214;214;214m▄[48;2;213;213;214m[38;2;216;216;216m▄[48;2;214;214;214m[38;2;215;215;215m▄[48;2;214;214;214m[38;2;215;215;215m▄[48;2;212;212;212m[38;2;215;215;215m▄[48;2;212;212;212m[38;2;215;215;215m▄[48;2;212;212;212m[38;2;214;214;214m▄[48;2;211;211;211m[38;2;214;214;214m▄[48;2;211;210;211m[38;2;214;214;214m▄[48;2;210;210;210m[38;2;212;212;212m▄[48;2;210;210;210m[38;2;212;212;212m▄[48;2;210;210;210m[38;2;211;211;211m▄[48;2;210;210;210m[38;2;211;210;211m▄[48;2;209;209;210m[38;2;211;211;210m▄[48;2;209;209;209m[38;2;210;210;210m▄[48;2;209;209;209m[38;2;210;210;210m▄[48;2;209;209;209m[38;2;210;210;210m▄[0m
[48;2;225;225;225m[38;2;228;228;228m▄[48;2;225;225;225m[38;2;228;228;228m▄[48;2;225;225;225m[38;2;228;228;228m▄[48;2;226;226;226m[38;2;228;228;228m▄[48;2;225;225;225m[38;2;227;227;227m▄[48;2;225;225;225m[38;2;228;228;228m▄[48;2;227;227;227m[38;2;229;229;229m▄[48;2;226;226;226m[38;2;228;228;228m▄[48;2;226;226;226m[38;2;228;228;228m▄[48;2;226;226;226m[38;2;227;227;227m▄[48;2;226;226;226m[38;2;228;228;228m▄[48;2;227;227;227m[38;2;229;229;229m▄[48;2;226;226;226m[38;2;228;228;228m▄[48;2;226;226;226m[38;2;227;227;227m▄[48;2;226;226;226m[38;2;227;227;227m▄[48;2;225;225;225m[38;2;227;227;227m▄[48;2;225;225;225m[38;2;227;227;227m▄[48;2;225;225;225m[38;2;227;227;227m▄[48;2;225;225;225m[38;2;226;226;226m▄[48;2;224;224;224m[38;2;226;226;226m▄[48;2;225;225;225m[38;2;226;226;226m▄[48;2;226;226;226m[38;2;227;227;227m▄[48;2;225;225;225m[38;2;227;227;227m▄[48;2;222;222;222m[38;2;227;227;227m▄[48;2;219;219;219m[38;2;227;227;227m▄[48;2;216;216;216m[38;2;227;227;227m▄[48;2;213;213;213m[38;2;228;228;228m▄[48;2;212;212;212m[38;2;226;226;226m▄[48;2;211;212;212m[38;2;227;227;226m▄[48;2;211;211;211m[38;2;226;226;226m▄[48;2;209;209;209m[38;2;226;226;226m▄[48;2;207;207;207m[38;2;226;226;226m▄[48;2;204;204;204m[38;2;225;225;225m▄[48;2;202;202;202m[38;2;225;225;225m▄[48;2;201;201;201m[38;2;224;224;224m▄[48;2;201;201;201m[38;2;223;223;223m▄[48;2;202;202;202m[38;2;223;223;223m▄[48;2;206;207;207m[38;2;224;224;224m▄[48;2;212;212;212m[38;2;223;223;223m▄[48;2;216;216;216m[38;2;222;222;222m▄[48;2;219;219;219m[38;2;222;222;222m▄[48;2;219;219;219m[38;2;221;221;221m▄[48;2;218;218;218m[38;2;220;220;220m▄[48;2;217;217;217m[38;2;219;219;219m▄[48;2;217;217;217m[38;2;218;218;218m▄[48;2;217;217;217m[38;2;216;216;216m▄[48;2;217;217;217m[38;2;216;216;216m▄[48;2;217;217;217m[38;2;216;216;216m▄[48;2;216;216;216m[38;2;217;217;217m▄[48;2;216;216;216m[38;2;216;216;216m▄[48;2;216;216;216m[38;2;216;216;216m▄[48;2;216;216;216m[38;2;216;216;216m▄[48;2;216;216;216m[38;2;216;216;216m▄[48;2;216;216;216m[38;2;217;217;217m▄[48;2;216;216;216m[38;2;216;216;216m▄[48;2;215;215;215m[38;2;216;216;216m▄[48;2;215;215;215m[38;2;216;216;216m▄[48;2;215;215;215m[38;2;216;216;216m▄[48;2;214;213;214m[38;2;215;215;215m▄[48;2;213;213;213m[38;2;215;215;215m▄[48;2;213;213;213m[38;2;214;214;214m▄[48;2;212;212;212m[38;2;214;214;214m▄[48;2;211;211;211m[38;2;214;214;214m▄[48;2;210;210;210m[38;2;213;213;213m▄[0m
