[48;2;221;221;221m[38;2;219;219;219m▄[48;2;222;222;222m[38;2;221;221;221m▄[48;2;223;223;223m[38;2;222;222;222m▄[48;2;223;223;223m[38;2;223;223;223m▄[48;2;224;224;224m[38;2;223;223;223m▄[48;2;224;224;224m[38;2;223;223;223m▄[48;2;224;224;224m[38;2;223;223;223m▄[48;2;224;224;225m[38;2;223;223;223m▄[48;2;224;224;224m[38;2;224;224;224m▄[48;2;224;224;224m[38;2;224;224;224m▄[48;2;224;224;224m[38;2;224;224;224m▄[48;2;225;225;225m[38;2;224;224;224m▄[48;2;227;227;227m[38;2;225;225;225m▄[48;2;228;228;228m[38;2;227;227;227m▄[48;2;228;228;228m[38;2;227;227;227m▄[48;2;228;228;228m[38;2;228;228;228m▄[48;2;227;227;227m[38;2;227;227;227m▄[48;2;228;228;228m[38;2;227;227;227m▄[48;2;227;227;227m[38;2;227;227;227m▄[48;2;227;227;227m[38;2;227;227;227m▄[48;2;227;227;227m[38;2;227;227;227m▄[48;2;228;228;228m[38;2;227;227;227m▄[48;2;227;227;227m[38;2;226;226;226m▄[48;2;227;227;227m[38;2;227;227;227m▄[48;2;227;227;227m[38;2;227;227;227m▄[48;2;228;228;228m[38;2;226;226;226m▄[48;2;226;226;226m[38;2;226;226;226m▄[48;2;225;225;225m[38;2;225;225;225m▄[48;2;226;226;226m[38;2;223;224;223m▄[48;2;225;225;225m[38;2;223;224;223m▄[48;2;225;225;225m[38;2;224;224;224m▄[48;2;225;225;225m[38;2;224;224;224m▄[48;2;226;226;226m[38;2;224;224;224m▄[48;2;224;224;224m[38;2;224;224;224m▄[48;2;223;223;223m[38;2;222;223;222m▄[48;2;223;223;223m[38;2;222;222;222m▄[48;2;223;223;223m[38;2;223;223;223m▄[48;2;222;222;222m[38;2;222;222;222m▄[48;2;222;222;222m[38;2;221;221;221m▄[48;2;221;221;221m[38;2;220;220;220m▄[48;2;220;220;220m[38;2;220;220;220m▄[48;2;218;218;218m[38;2;218;218;218m▄[48;2;217;217;217m[38;2;217;217;217m▄[48;2;217;217;217m[38;2;216;216;216m▄[48;2;216;216;216m[38;2;216;216;216m▄[48;2;217;217;217m[38;2;216;216;216m▄[48;2;217;217;217m[38;2;217;217;217m▄[48;2;216;216;216m[38;2;216;216;216m▄[48;2;215;215;215m[38;2;215;215;215m▄[48;2;215;215;215m[38;2;215;215;215m▄[48;2;215;215;215m[38;2;215;214;215m▄[48;2;213;213;213m[38;2;214;214;214m▄[48;2;213;213;213m[38;2;213;213;213m▄[48;2;212;212;212m[38;2;213;213;213m▄[48;2;211;211;211m[38;2;211;211;211m▄[48;2;211;211;211m[38;2;210;210;210m▄[48;2;210;210;210m[38;2;211;211;211m▄[48;2;210;210;210m[38;2;211;211;211m▄[48;2;209;209;209m[38;2;209;209;209m▄[48;2;209;209;209m[38;2;209;209;209m▄[48;2;208;208;208m[38;2;209;209;209m▄[48;2;208;208;208m[38;2;208;208;208m▄[48;2;207;207;207m[38;2;208;208;208m▄[48;2;207;207;207m[38;2;207;207;207m▄[0m
[48;2;218;218;218m[38;2;218;218;218m▄[48;2;220;220;220m[38;2;219;219;219m▄[48;2;221;221;221m[38;2;221;221;221m▄[48;2;222;222;222m[38;2;222;222;222m▄[48;2;223;223;223m[38;2;223;223;223m▄[48;2;224;224;224m[38;2;223;223;223m▄[48;2;223;223;223m[38;2;223;223;223m▄[48;2;223;223;223m[38;2;223;223;223m▄[48;2;224;224;224m[38;2;224;224;224m▄[48;2;224;224;224m[38;2;224;224;224m▄[48;2;224;224;224m[38;2;224;224;224m▄[48;2;224;224;224m[38;2;224;224;224m▄[48;2;224;224;224m[38;2;224;224;224m▄[48;2;226;226;226m[38;2;225;225;225m▄[48;2;225;225;225m[38;2;224;224;224m▄[48;2;227;227;227m[38;2;224;224;224m▄[48;2;226;226;226m[38;2;224;224;224m▄[48;2;227;227;227m[38;2;225;225;225m▄[48;2;227;227;227m[38;2;227;227;227m▄[48;2;227;227;227m[38;2;226;226;226m▄[48;2;227;227;227m[38;2;227;227;227m▄[48;2;227;227;227m[38;2;227;227;227m▄[48;2;226;226;226m[38;2;225;225;225m▄[48;2;227;227;227m[38;2;225;225;225m▄[48;2;224;224;224m[38;2;224;224;224m▄[48;2;224;224;224m[38;2;224;224;224m▄[48;2;224;224;224m[38;2;224;224;224m▄[48;2;225;225;225m[38;2;225;224;224m▄[48;2;231;228;231m[38;2;196;207;196m▄[48;2;230;228;230m[38;2;201;211;203m▄[48;2;224;224;223m[38;2;227;226;228m▄[48;2;223;223;223m[38;2;230;227;230m▄[48;2;224;224;224m[38;2;221;222;221m▄[48;2;222;223;222m[38;2;227;225;227m▄[48;2;225;224;224m[38;2;215;218;217m▄[48;2;228;226;229m[38;2;199;210;199m▄[48;2;222;223;222m[38;2;225;224;225m▄[48;2;222;222;222m[38;2;222;222;222m▄[48;2;221;221;221m[38;2;221;221;221m▄[48;2;221;221;221m[38;2;221;221;221m▄[48;2;220;220;220m[38;2;219;219;219m▄[48;2;218;218;218m[38;2;217;217;217m▄[48;2;217;217;217m[38;2;217;217;217m▄[48;2;216;216;216m[38;2;216;216;216m▄[48;2;216;216;216m[38;2;216;216;216m▄[48;2;216;216;216m[38;2;216;216;216m▄[48;2;215;215;215m[38;2;216;216;216m▄[48;2;216;216;216m[38;2;216;216;216m▄[48;2;215;215;215m[38;2;215;215;215m▄[48;2;215;215;215m[38;2;215;215;215m▄[48;2;214;214;214m[38;2;214;214;214m▄[48;2;214;214;214m[38;2;213;213;213m▄[48;2;213;213;213m[38;2;213;213;213m▄[48;2;212;212;212m[38;2;212;212;212m▄[48;2;210;211;210m[38;2;211;211;211m▄[48;2;210;210;210m[38;2;210;210;210m▄[48;2;212;212;212m[38;2;211;211;211m▄[48;2;210;210;210m[38;2;210;210;210m▄[48;2;208;208;208m[38;2;209;209;209m▄[48;2;209;209;209m[38;2;209;209;209m▄[48;2;209;209;209m[38;2;209;209;209m▄[48;2;208;208;208m[38;2;208;208;208m▄[48;2;207;207;207m[38;2;207;207;207m▄[48;2;207;207;207m[38;2;207;207;207m▄[0m
[48;2;217;217;217m[38;2;218;218;218m▄[48;2;219;219;219m[38;2;220;220;220m▄[48;2;221;221;221m[38;2;220;220;220m▄[48;2;221;221;221m[38;2;221;221;221m▄[48;2;223;223;223m[38;2;221;221;221m▄[48;2;222;222;222m[38;2;223;223;223m▄[48;2;223;223;223m[38;2;223;223;223m▄[48;2;223;223;223m[38;2;223;223;223m▄[48;2;223;223;223m[38;2;224;224;224m▄[48;2;224;224;224m[38;2;224;224;224m▄[48;2;225;225;225m[38;2;224;224;224m▄[48;2;224;224;224m[38;2;224;224;224m▄[48;2;224;224;224m[38;2;224;224;224m▄[48;2;224;224;224m[38;2;224;224;224m▄[48;2;225;225;225m[38;2;224;224;224m▄[48;2;224;224;224m[38;2;224;224;224m▄[48;2;224;224;224m[38;2;225;225;225m▄[48;2;224;224;224m[38;2;224;224;224m▄[48;2;226;226;226m[38;2;225;225;225m▄[48;2;226;226;226m[38;2;224;224;224m▄[48;2;225;225;225m[38;2;224;224;224m▄[48;2;225;225;225m[38;2;224;224;224m▄[48;2;224;224;224m[38;2;224;224;224m▄[48;2;224;224;224m[38;2;224;224;224m▄[48;2;225;225;225m[38;2;224;224;224m▄[48;2;224;224;224m[38;2;224;224;224m▄[48;2;227;226;227m[38;2;226;225;225m▄[48;2;214;217;215m[38;2;218;221;221m▄[48;2;129;174;112m[38;2;146;186;126m▄[48;2;145;187;112m[38;2;153;195;91m▄[48;2;139;179;125m[38;2;139;187;84m▄[48;2;196;208;199m[38;2;123;173;94m▄[48;2;232;228;231m[38;2;210;215;214m▄[48;2;220;222;223m[38;2;163;191;154m▄[48;2;143;182;128m[38;2;108;164;72m▄[48;2;94;156;72m[38;2;155;185;145m▄[48;2;202;210;203m[38;2;215;215;215m▄[48;2;226;224;226m[38;2;219;219;219m▄[48;2;220;221;220m[38;2;219;220;219m▄[48;2;220;220;220m[38;2;220;220;220m▄[48;2;218;218;218m[38;2;218;218;218m▄[48;2;218;218;218m[38;2;217;217;217m▄[48;2;217;217;217m[38;2;216;216;216m▄[48;2;216;216;216m[38;2;216;216;216m▄[48;2;216;216;216m[38;2;217;217;217m▄[48;2;217;217;217m[38;2;216;216;216m▄[48;2;216;216;216m[38;2;216;216;216m▄[48;2;216;216;216m[38;2;216;216;216m▄[48;2;215;215;215m[38;2;215;215;215m▄[48;2;215;215;215m[38;2;215;215;215m▄[48;2;214;214;214m[38;2;214;214;214m▄[48;2;213;213;214m[38;2;213;213;213m▄[48;2;213;213;214m[38;2;213;213;213m▄[48;2;212;212;212m[38;2;212;212;212m▄[48;2;210;210;211m[38;2;211;211;211m▄[48;2;210;210;210m[38;2;210;210;210m▄[48;2;210;210;210m[38;2;211;211;211m▄[48;2;210;210;210m[38;2;210;210;210m▄[48;2;209;209;209m[38;2;209;209;209m▄[48;2;209;209;209m[38;2;209;209;209m▄[48;2;209;209;209m[38;2;209;209;209m▄[48;2;208;208;208m[38;2;208;208;208m▄[48;2;207;207;207m[38;2;207;207;207m▄[48;2;207;207;207m[38;2;207;207;207m▄[0m
[48;2;217;217;217m[38;2;217;217;217m▄[48;2;218;218;218m[38;2;217;217;217m▄[48;2;219;219;219m[38;2;218;218;218m▄[48;2;221;221;221m[38;2;220;220;220m▄[48;2;221;221;221m[38;2;221;221;221m▄[48;2;222;222;222m[38;2;222;222;221m▄[48;2;223;223;223m[38;2;223;223;223m▄[48;2;223;223;223m[38;2;223;223;223m▄[48;2;223;223;223m[38;2;223;223;223m▄[48;2;223;223;224m[38;2;223;223;223m▄[48;2;223;223;223m[38;2;224;224;224m▄[48;2;223;223;223m[38;2;224;224;224m▄[48;2;224;224;224m[38;2;223;223;223m▄[48;2;223;223;223m[38;2;223;223;223m▄[48;2;224;224;224m[38;2;224;224;224m▄[48;2;224;224;224m[38;2;224;224;224m▄[48;2;224;224;224m[38;2;224;224;224m▄[48;2;224;224;224m[38;2;224;224;224m▄[48;2;224;224;224m[38;2;224;224;224m▄[48;2;224;224;224m[38;2;224;224;224m▄[48;2;224;224;224m[38;2;224;224;224m▄[48;2;224;224;224m[38;2;224;224;224m▄[48;2;224;224;224m[38;2;224;224;224m▄[48;2;224;224;224m[38;2;224;224;224m▄[48;2;224;224;224m[38;2;224;224;224m▄[48;2;224;224;224m[38;2;224;224;224m▄[48;2;222;223;222m[38;2;223;222;222m▄[48;2;232;228;233m[38;2;228;229;229m▄[48;2;154;182;148m[38;2;219;229;227m▄[48;2;133;180;79m[38;2;130;179;117m▄[48;2;132;179;83m[38;2;108;173;69m▄[48;2;124;176;70m[38;2;96;161;68m▄[48;2;134;172;119m[38;2;86;153;62m▄[48;2;116;167;96m[38;2;96;149;88m▄[48;2;160;184;154m[38;2;144;178;130m▄[48;2;204;203;210m[38;2;133;177;103m▄[48;2;194;200;196m[38;2;138;180;112m▄[48;2;218;218;220m[38;2;140;179;127m▄[48;2;227;224;228m[38;2;183;200;182m▄[48;2;218;218;218m[38;2;222;220;221m▄[48;2;217;217;217m[38;2;216;217;216m▄[48;2;217;217;217m[38;2;217;217;217m▄[48;2;217;217;217m[38;2;217;217;217m▄[48;2;217;217;217m[38;2;217;217;217m▄[48;2;217;217;217m[38;2;216;216;216m▄[48;2;215;215;215m[38;2;215;215;215m▄[48;2;215;215;215m[38;2;216;216;216m▄[48;2;215;215;215m[38;2;215;215;215m▄[48;2;215;215;215m[38;2;214;214;214m▄[48;2;215;215;215m[38;2;214;214;214m▄[48;2;214;214;214m[38;2;213;213;213m▄[48;2;212;212;212m[38;2;213;213;213m▄[48;2;212;212;212m[38;2;212;212;212m▄[48;2;211;211;212m[38;2;210;210;210m▄[48;2;211;210;211m[38;2;210;210;210m▄[48;2;210;210;210m[38;2;210;210;210m▄[48;2;211;211;211m[38;2;211;210;211m▄[48;2;211;211;211m[38;2;210;210;210m▄[48;2;209;209;209m[38;2;209;209;209m▄[48;2;209;209;209m[38;2;209;209;209m▄[48;2;208;208;208m[38;2;208;208;208m▄[48;2;208;208;208m[38;2;208;208;208m▄[48;2;207;207;207m[38;2;207;207;207m▄[48;2;207;207;207m[38;2;206;206;206m▄[0m
[48;2;216;216;216m[38;2;216;216;216m▄[48;2;217;217;217m[38;2;216;216;216m▄[48;2;218;218;218m[38;2;217;217;217m▄[48;2;219;219;219m[38;2;217;217;217m▄[48;2;220;220;220m[38;2;219;219;219m▄[48;2;221;221;221m[38;2;220;220;220m▄[48;2;222;222;222m[38;2;221;221;221m▄[48;2;222;222;222m[38;2;222;222;222m▄[48;2;223;223;223m[38;2;222;222;222m▄[48;2;223;223;223m[38;2;222;222;222m▄[48;2;223;223;223m[38;2;223;223;223m▄[48;2;223;223;223m[38;2;223;223;223m▄[48;2;223;223;223m[38;2;223;223;223m▄[48;2;224;224;224m[38;2;223;223;223m▄[48;2;224;224;224m[38;2;224;224;224m▄[48;2;224;224;224m[38;2;224;224;224m▄[48;2;225;225;225m[38;2;224;224;224m▄[48;2;225;225;225m[38;2;224;224;224m▄[48;2;224;224;224m[38;2;224;224;224m▄[48;2;224;225;225m[38;2;224;224;224m▄[48;2;224;224;224m[38;2;224;224;224m▄[48;2;224;224;224m[38;2;224;224;224m▄[48;2;224;224;224m[38;2;224;223;223m▄[48;2;224;224;224m[38;2;224;224;223m▄[48;2;224;224;224m[38;2;223;221;222m▄[48;2;224;222;222m[38;2;225;231;229m▄[48;2;225;231;229m[38;2;216;191;198m▄[48;2;220;211;214m[38;2;214;130;147m▄[48;2;219;172;185m[38;2;229;149;159m▄[48;2;209;154;167m[38;2;230;136;149m▄[48;2;150;147;121m[38;2;225;105;132m▄[48;2;112;160;98m[38;2;211;111;138m▄[48;2;73;125;58m[38;2;217;146;156m▄[48;2;70;145;62m[38;2;135;148;103m▄[48;2;106;167;73m[38;2;93;155;68m▄[48;2;123;175;75m[38;2;114;176;74m▄[48;2;140;187;83m[38;2;121;178;72m▄[48;2;154;198;91m[38;2;113;165;73m▄[48;2;105;164;72m[38;2;144;174;133m▄[48;2;178;196;178m[38;2;205;206;205m▄[48;2;225;221;224m[38;2;215;215;215m▄[48;2;215;216;215m[38;2;216;216;216m▄[48;2;216;216;216m[38;2;217;217;217m▄[48;2;217;217;217m[38;2;216;216;216m▄[48;2;216;216;216m[38;2;216;216;216m▄[48;2;216;216;216m[38;2;216;216;216m▄[48;2;216;216;216m[38;2;215;215;215m▄[48;2;215;215;215m[38;2;215;215;215m▄[48;2;214;214;214m[38;2;214;214;214m▄[48;2;213;213;213m[38;2;213;213;213m▄[48;2;213;213;213m[38;2;212;212;213m▄[48;2;213;213;213m[38;2;212;212;212m▄[48;2;211;211;211m[38;2;211;211;211m▄[48;2;211;211;211m[38;2;210;210;210m▄[48;2;211;211;211m[38;2;210;210;210m▄[48;2;211;211;211m[38;2;211;211;211m▄[48;2;211;211;211m[38;2;210;210;210m▄[48;2;209;209;209m[38;2;209;209;210m▄[48;2;209;208;209m[38;2;209;208;209m▄[48;2;209;209;209m[38;2;208;208;209m▄[48;2;208;208;208m[38;2;208;208;208m▄[48;2;207;207;208m[38;2;207;207;207m▄[48;2;207;207;207m[38;2;207;207;207m▄[48;2;207;207;207m[38;2;206;206;206m▄[0m
[48;2;216;216;216m[38;2;216;216;216m▄[48;2;216;216;216m[38;2;216;216;216m▄[48;2;217;217;217m[38;2;216;216;216m▄[48;2;217;217;217m[38;2;217;217;217m▄[48;2;218;218;218m[38;2;217;217;217m▄[48;2;219;219;220m[38;2;218;218;218m▄[48;2;220;220;221m[38;2;219;219;219m▄[48;2;221;221;221m[38;2;221;221;221m▄[48;2;221;221;221m[38;2;221;221;221m▄[48;2;222;222;222m[38;2;221;221;222m▄[48;2;222;222;222m[38;2;222;222;222m▄[48;2;222;222;222m[38;2;222;222;222m▄[48;2;223;223;223m[38;2;223;223;223m▄[48;2;223;223;223m[38;2;223;223;223m▄[48;2;223;223;223m[38;2;223;223;223m▄[48;2;223;223;223m[38;2;223;223;223m▄[48;2;223;223;223m[38;2;223;223;223m▄[48;2;223;223;223m[38;2;223;223;223m▄[48;2;223;223;223m[38;2;223;223;223m▄[48;2;223;223;223m[38;2;223;223;223m▄[48;2;223;223;223m[38;2;223;223;223m▄[48;2;223;223;223m[38;2;224;224;224m▄[48;2;224;223;224m[38;2;223;223;223m▄[48;2;223;222;222m[38;2;223;221;221m▄[48;2;225;228;227m[38;2;225;231;230m▄[48;2;220;208;211m[38;2;210;155;168m▄[48;2;214;133;151m[38;2;231;155;166m▄[48;2;236;163;170m[38;2;229;139;151m▄[48;2;231;139;150m[38;2;230;134;146m▄[48;2;220;109;127m[38;2;214;105;125m▄[48;2;210;110;129m[38;2;227;153;165m▄[48;2;232;156;165m[38;2;232;141;153m▄[48;2;237;144;157m[38;2;227;132;145m▄[48;2;237;135;153m[38;2;228;137;147m▄[48;2;201;135;135m[38;2;235;137;151m▄[48;2;172;134;116m[38;2;240;134;152m▄[48;2;162;158;135m[38;2;232;132;151m▄[48;2;179;193;186m[38;2;205;191;196m▄[48;2;205;200;208m[38;2;206;210;209m▄[48;2;204;204;205m[38;2;213;213;213m▄[48;2;213;213;213m[38;2;216;216;216m▄[48;2;217;217;217m[38;2;216;216;216m▄[48;2;216;216;216m[38;2;216;216;216m▄[48;2;215;215;216m[38;2;216;216;216m▄[48;2;216;216;216m[38;2;216;216;216m▄[48;2;216;216;216m[38;2;216;216;216m▄[48;2;215;215;215m[38;2;215;215;215m▄[48;2;215;215;215m[38;2;214;214;215m▄[48;2;214;214;214m[38;2;214;214;214m▄[48;2;213;213;213m[38;2;213;213;213m▄[48;2;213;213;213m[38;2;213;213;213m▄[48;2;211;211;211m[38;2;211;211;211m▄[48;2;211;211;211m[38;2;211;211;211m▄[48;2;210;210;210m[38;2;211;211;211m▄[48;2;210;210;210m[38;2;210;210;210m▄[48;2;210;211;211m[38;2;210;210;210m▄[48;2;210;210;210m[38;2;209;209;209m▄[48;2;210;210;209m[38;2;209;209;209m▄[48;2;209;209;209m[38;2;209;209;209m▄[48;2;208;208;209m[38;2;208;208;208m▄[48;2;208;208;208m[38;2;208;208;208m▄[48;2;208;208;208m[38;2;207;207;207m▄[48;2;207;207;207m[38;2;207;207;207m▄[48;2;207;207;207m[38;2;206;206;206m▄[0m
[48;2;216;216;216m[38;2;216;216;216m▄[48;2;216;216;216m[38;2;216;216;216m▄[48;2;216;216;216m[38;2;216;216;216m▄[48;2;216;216;216m[38;2;216;216;216m▄[48;2;217;217;217m[38;2;217;217;217m▄[48;2;217;217;217m[38;2;217;217;217m▄[48;2;219;219;219m[38;2;217;217;217m▄[48;2;219;219;219m[38;2;218;218;218m▄[48;2;218;219;219m[38;2;218;218;218m▄[48;2;220;220;220m[38;2;219;219;219m▄[48;2;221;222;221m[38;2;220;220;220m▄[48;2;221;221;221m[38;2;220;220;220m▄[48;2;222;221;223m[38;2;221;221;221m▄[48;2;222;222;222m[38;2;221;221;221m▄[48;2;222;222;222m[38;2;221;221;221m▄[48;2;222;222;223m[38;2;221;221;221m▄[48;2;223;223;223m[38;2;221;221;221m▄[48;2;222;222;222m[38;2;221;221;221m▄[48;2;223;223;223m[38;2;222;222;222m▄[48;2;223;223;223m[38;2;223;223;223m▄[48;2;223;223;223m[38;2;222;222;222m▄[48;2;223;223;223m[38;2;222;222;222m▄[48;2;223;223;223m[38;2;222;222;222m▄[48;2;223;224;224m[38;2;224;226;225m▄[48;2;220;218;219m[38;2;218;208;212m▄[48;2;212;141;156m[38;2;216;142;157m▄[48;2;234;156;165m[38;2;232;149;159m▄[48;2;227;132;143m[38;2;227;132;143m▄[48;2;228;133;145m[38;2;228;135;146m▄[48;2;224;133;148m[38;2;233;152;161m▄[48;2;232;150;161m[38;2;229;136;148m▄[48;2;228;132;145m[38;2;229;136;147m▄[48;2;230;137;149m[38;2;229;136;147m▄[48;2;229;136;147m[38;2;229;137;147m▄[48;2;227;136;146m[38;2;229;136;146m▄[48;2;227;138;147m[38;2;229;137;147m▄[48;2;220;105;122m[38;2;224;117;132m▄[48;2;206;127;143m[38;2;212;106;126m▄[48;2;213;219;218m[38;2;206;197;200m▄[48;2;217;216;216m[38;2;217;219;218m▄[48;2;216;216;216m[38;2;216;216;216m▄[48;2;216;216;216m[38;2;216;216;216m▄[48;2;216;216;216m[38;2;216;216;216m▄[48;2;216;216;216m[38;2;216;216;216m▄[48;2;215;215;215m[38;2;215;215;215m▄[48;2;215;215;215m[38;2;215;215;215m▄[48;2;215;215;215m[38;2;215;215;215m▄[48;2;215;215;215m[38;2;214;214;215m▄[48;2;214;214;214m[38;2;214;213;214m▄[48;2;213;213;213m[38;2;213;213;213m▄[48;2;213;213;213m[38;2;212;212;213m▄[48;2;211;211;211m[38;2;211;210;211m▄[48;2;211;211;211m[38;2;211;211;211m▄[48;2;211;211;211m[38;2;211;211;211m▄[48;2;210;210;210m[38;2;211;211;211m▄[48;2;210;210;210m[38;2;210;210;210m▄[48;2;209;209;209m[38;2;208;208;208m▄[48;2;209;209;209m[38;2;209;209;209m▄[48;2;209;209;209m[38;2;209;209;209m▄[48;2;208;208;208m[38;2;208;208;208m▄[48;2;208;208;208m[38;2;207;207;207m▄[48;2;208;208;208m[38;2;207;207;207m▄[48;2;207;207;208m[38;2;207;207;207m▄[48;2;206;206;206m[38;2;205;205;205m▄[0m
[48;2;215;215;215m[38;2;215;215;215m▄[48;2;216;216;216m[38;2;215;215;215m▄[48;2;216;216;216m[38;2;216;216;216m▄[48;2;216;216;216m[38;2;216;216;216m▄[48;2;216;216;216m[38;2;216;216;216m▄[48;2;216;216;216m[38;2;216;216;216m▄[48;2;217;217;217m[38;2;216;216;216m▄[48;2;217;217;217m[38;2;216;216;216m▄[48;2;218;218;218m[38;2;217;217;217m▄[48;2;218;218;218m[38;2;217;217;217m▄[48;2;218;218;218m[38;2;218;218;218m▄[48;2;219;219;219m[38;2;218;218;218m▄[48;2;220;220;220m[38;2;218;218;218m▄[48;2;220;220;220m[38;2;218;218;218m▄[48;2;221;221;221m[38;2;220;220;220m▄[48;2;221;221;221m[38;2;220;220;220m▄[48;2;221;221;221m[38;2;221;221;221m▄[48;2;221;221;221m[38;2;220;220;220m▄[48;2;221;221;221m[38;2;220;220;220m▄[48;2;221;221;221m[38;2;222;222;222m▄[48;2;222;222;222m[38;2;222;222;222m▄[48;2;222;222;222m[38;2;221;221;221m▄[48;2;222;222;222m[38;2;222;222;222m▄[48;2;223;224;224m[38;2;221;220;220m▄[48;2;217;211;213m[38;2;221;224;224m▄[48;2;216;142;157m[38;2;210;145;159m▄[48;2;233;151;161m[38;2;231;147;157m▄[48;2;227;131;143m[38;2;228;134;145m▄[48;2;229;136;147m[38;2;229;137;147m▄[48;2;229;138;148m[38;2;229;136;147m▄[48;2;229;136;147m[38;2;230;137;147m▄[48;2;229;136;147m[38;2;229;136;147m▄[48;2;230;136;147m[38;2;229;136;147m▄[48;2;230;136;147m[38;2;229;135;145m▄[48;2;229;136;146m[38;2;229;137;147m▄[48;2;228;135;146m[38;2;226;130;141m▄[48;2;223;115;131m[38;2;223;108;125m▄[48;2;211;108;126m[38;2;207;115;132m▄[48;2;199;189;191m[38;2;197;198;199m▄[48;2;215;217;217m[38;2;214;213;213m▄[48;2;216;216;216m[38;2;216;216;216m▄[48;2;216;216;216m[38;2;215;215;215m▄[48;2;216;216;216m[38;2;216;216;216m▄[48;2;216;216;216m[38;2;215;215;215m▄[48;2;215;215;215m[38;2;215;215;215m▄[48;2;215;215;215m[38;2;215;215;215m▄[48;2;215;215;215m[38;2;215;215;215m▄[48;2;214;213;214m[38;2;213;213;213m▄[48;2;213;213;213m[38;2;212;212;213m▄[48;2;213;212;213m[38;2;212;212;212m▄[48;2;211;211;212m[38;2;211;211;211m▄[48;2;210;210;210m[38;2;211;211;210m▄[48;2;211;211;211m[38;2;211;211;211m▄[48;2;210;210;210m[38;2;211;211;211m▄[48;2;211;211;211m[38;2;211;211;211m▄[48;2;210;210;210m[38;2;210;210;210m▄[48;2;209;209;209m[38;2;209;209;209m▄[48;2;208;208;209m[38;2;209;209;209m▄[48;2;208;208;208m[38;2;208;208;208m▄[48;2;208;208;208m[38;2;208;208;208m▄[48;2;208;208;208m[38;2;208;208;208m▄[48;2;207;207;207m[38;2;207;207;207m▄[48;2;206;206;206m[38;2;205;205;205m▄[48;2;205;205;205m[38;2;204;204;204m▄[0m
[48;2;215;215;215m[38;2;215;215;215m▄[48;2;215;215;215m[38;2;215;215;215m▄[48;2;216;216;216m[38;2;215;215;215m▄[48;2;216;216;216m[38;2;215;215;215m▄[48;2;216;216;216m[38;2;216;216;216m▄[48;2;216;216;216m[38;2;216;216;216m▄[48;2;216;216;216m[38;2;216;216;216m▄[48;2;216;216;216m[38;2;216;216;216m▄[48;2;216;216;216m[38;2;216;216;216m▄[48;2;216;216;216m[38;2;216;216;216m▄[48;2;217;217;217m[38;2;216;216;216m▄[48;2;217;217;217m[38;2;217;217;217m▄[48;2;217;217;217m[38;2;217;217;217m▄[48;2;219;219;219m[38;2;217;217;217m▄[48;2;221;221;221m[38;2;217;217;218m▄[48;2;220;219;220m[38;2;218;218;218m▄[48;2;219;219;219m[38;2;220;220;220m▄[48;2;223;223;223m[38;2;221;221;221m▄[48;2;226;226;226m[38;2;224;224;224m▄[48;2;221;220;220m[38;2;220;221;221m▄[48;2;224;224;224m[38;2;221;222;222m▄[48;2;224;224;224m[38;2;226;229;228m▄[48;2;221;220;220m[38;2;220;224;223m▄[48;2;220;219;219m[38;2;219;221;221m▄[48;2;221;225;224m[38;2;220;218;219m▄[48;2;216;195;200m[38;2;219;224;223m▄[48;2;232;168;175m[38;2;214;152;164m▄[48;2;230;136;148m[38;2;234;144;154m▄[48;2;231;134;147m[38;2;230;137;148m▄[48;2;230;136;147m[38;2;228;135;147m▄[48;2;229;137;147m[38;2;229;138;147m▄[48;2;230;135;146m[38;2;231;141;151m▄[48;2;230;136;147m[38;2;230;137;148m▄[48;2;229;137;148m[38;2;228;133;144m▄[48;2;230;138;149m[38;2;222;117;132m▄[48;2;222;115;131m[38;2;224;108;125m▄[48;2;224;117;131m[38;2;210;131;144m▄[48;2;199;156;165m[38;2;194;201;200m▄[48;2;200;206;205m[38;2;205;204;205m▄[48;2;214;213;213m[38;2;216;215;216m▄[48;2;216;216;216m[38;2;216;216;216m▄[48;2;215;215;215m[38;2;215;215;216m▄[48;2;215;215;215m[38;2;215;215;215m▄[48;2;215;215;215m[38;2;215;215;215m▄[48;2;215;215;215m[38;2;215;215;215m▄[48;2;214;215;214m[38;2;214;214;215m▄[48;2;214;214;214m[38;2;213;213;213m▄[48;2;213;213;213m[38;2;213;213;213m▄[48;2;212;212;212m[38;2;211;211;211m▄[48;2;211;211;211m[38;2;211;211;211m▄[48;2;211;211;211m[38;2;211;211;211m▄[48;2;210;210;210m[38;2;210;210;210m▄[48;2;211;211;211m[38;2;210;210;210m▄[48;2;211;211;211m[38;2;210;210;210m▄[48;2;209;209;209m[38;2;209;209;209m▄[48;2;209;209;209m[38;2;209;209;209m▄[48;2;209;209;209m[38;2;208;208;208m▄[48;2;208;208;208m[38;2;208;208;208m▄[48;2;208;208;208m[38;2;207;208;207m▄[48;2;208;207;208m[38;2;207;207;207m▄[48;2;207;207;208m[38;2;207;207;207m▄[48;2;207;206;207m[38;2;206;206;206m▄[48;2;205;205;205m[38;2;205;205;205m▄[48;2;205;205;205m[38;2;204;204;204m▄[0m
[48;2;215;215;215m[38;2;214;214;214m▄[48;2;215;215;215m[38;2;215;215;215m▄[48;2;215;215;215m[38;2;215;215;215m▄[48;2;215;215;215m[38;2;215;215;215m▄[48;2;216;216;216m[38;2;216;216;216m▄[48;2;216;216;216m[38;2;215;215;215m▄[48;2;216;216;216m[38;2;216;216;216m▄[48;2;216;216;216m[38;2;216;216;216m▄[48;2;216;216;216m[38;2;216;216;216m▄[48;2;216;216;216m[38;2;216;216;216m▄[48;2;216;216;216m[38;2;216;216;216m▄[48;2;216;216;216m[38;2;216;216;216m▄[48;2;216;216;216m[38;2;216;216;216m▄[48;2;216;216;216m[38;2;216;216;216m▄[48;2;218;218;218m[38;2;221;221;221m▄[48;2;219;219;219m[38;2;223;221;222m▄[48;2;224;224;224m[38;2;221;221;221m▄[48;2;222;222;222m[38;2;223;223;222m▄[48;2;216;217;217m[38;2;227;217;219m▄[48;2;218;222;221m[38;2;233;191;196m▄[48;2;226;221;222m[38;2;223;166;174m▄[48;2;227;212;215m[38;2;222;172;180m▄[48;2;228;209;212m[38;2;219;163;174m▄[48;2;226;217;217m[38;2;230;161;174m▄[48;2;219;220;220m[38;2;236;189;196m▄[48;2;219;225;223m[38;2;218;214;215m▄[48;2;209;181;189m[38;2;217;224;222m▄[48;2;213;115;132m[38;2;205;179;186m▄[48;2;230;130;142m[38;2;202;122;138m▄[48;2;232;134;146m[38;2;208;117;135m▄[48;2;218;108;125m[38;2;200;123;139m▄[48;2;220;113;129m[38;2;207;135;149m▄[48;2;223;118;132m[38;2;215;117;135m▄[48;2;221;107;124m[38;2;208;110;128m▄[48;2;224;108;125m[38;2;204;120;138m▄[48;2;211;101;121m[38;2;193;170;175m▄[48;2;192;168;174m[38;2;196;203;201m▄[48;2;199;203;202m[38;2;207;205;206m▄[48;2;212;211;211m[38;2;215;215;213m▄[48;2;215;215;216m[38;2;215;215;213m▄[48;2;215;216;215m[38;2;215;215;212m▄[48;2;215;215;215m[38;2;215;215;212m▄[48;2;215;215;215m[38;2;215;215;214m▄[48;2;214;214;214m[38;2;214;214;214m▄[48;2;214;214;214m[38;2;214;214;214m▄[48;2;214;214;214m[38;2;212;212;213m▄[48;2;212;212;212m[38;2;211;211;211m▄[48;2;212;212;212m[38;2;211;211;211m▄[48;2;211;211;211m[38;2;211;211;211m▄[48;2;210;210;210m[38;2;210;210;210m▄[48;2;211;211;211m[38;2;210;210;210m▄[48;2;210;210;210m[38;2;210;210;210m▄[48;2;210;210;210m[38;2;209;209;209m▄[48;2;209;209;209m[38;2;209;209;209m▄[48;2;209;209;209m[38;2;208;208;208m▄[48;2;209;209;209m[38;2;208;208;208m▄[48;2;208;208;208m[38;2;208;208;208m▄[48;2;208;208;208m[38;2;207;207;208m▄[48;2;207;207;207m[38;2;207;207;207m▄[48;2;207;207;207m[38;2;207;207;207m▄[48;2;207;207;207m[38;2;206;206;206m▄[48;2;205;205;205m[38;2;205;205;205m▄[48;2;204;204;204m[38;2;204;204;204m▄[48;2;203;203;203m[38;2;203;203;203m▄[0m
[48;2;214;214;214m[38;2;214;214;214m▄[48;2;214;214;214m[38;2;214;214;214m▄[48;2;215;215;215m[38;2;214;214;214m▄[48;2;215;215;215m[38;2;215;215;215m▄[48;2;215;215;215m[38;2;214;214;214m▄[48;2;215;215;215m[38;2;215;215;215m▄[48;2;215;215;215m[38;2;215;215;215m▄[48;2;215;215;215m[38;2;216;216;216m▄[48;2;215;215;215m[38;2;215;215;215m▄[48;2;216;216;216m[38;2;216;216;216m▄[48;2;216;216;216m[38;2;216;216;216m▄[48;2;216;216;216m[38;2;216;216;216m▄[48;2;216;216;216m[38;2;216;216;216m▄[48;2;221;221;221m[38;2;216;216;216m▄[48;2;218;218;218m[38;2;218;218;218m▄[48;2;221;221;221m[38;2;219;220;220m▄[48;2;218;219;219m[38;2;219;217;217m▄[48;2;230;217;216m[38;2;246;203;209m▄[48;2;237;193;198m[38;2;215;166;176m▄[48;2;208;169;175m[38;2;199;209;207m▄[48;2;216;192;194m[38;2;236;185;194m▄[48;2;234;173;183m[38;2;219;148;161m▄[48;2;202;199;200m[38;2;196;201;199m▄[48;2;205;195;197m[38;2;218;209;209m▄[48;2;240;166;174m[38;2;239;163;172m▄[48;2;218;183;189m[38;2;203;166;171m▄[48;2;210;218;217m[38;2;225;185;192m▄[48;2;218;225;224m[38;2;224;162;173m▄[48;2;207;216;214m[38;2;235;181;189m▄[48;2;200;203;202m[38;2;218;189;194m▄[48;2;196;205;202m[38;2;212;213;211m▄[48;2;225;176;181m[38;2;214;179;180m▄[48;2;213;158;165m[38;2;203;191;188m▄[48;2;194;195;193m[38;2;204;206;203m▄[48;2;196;201;199m[38;2;209;207;204m▄[48;2;199;204;201m[38;2;212;211;206m▄[48;2;206;205;202m[38;2;215;215;210m▄[48;2;214;214;211m[38;2;216;216;210m▄[48;2;215;215;209m[38;2;216;216;209m▄[48;2;215;215;208m[38;2;215;216;208m▄[48;2;215;215;209m[38;2;215;216;208m▄[48;2;215;215;211m[38;2;215;215;210m▄[48;2;215;215;212m[38;2;214;214;210m▄[48;2;214;214;213m[38;2;214;214;211m▄[48;2;213;213;213m[38;2;212;212;212m▄[48;2;211;211;211m[38;2;211;211;211m▄[48;2;211;211;211m[38;2;210;210;211m▄[48;2;211;211;211m[38;2;210;210;210m▄[48;2;210;210;210m[38;2;210;210;210m▄[48;2;210;210;210m[38;2;210;210;210m▄[48;2;210;210;210m[38;2;210;210;210m▄[48;2;209;210;209m[38;2;209;209;210m▄[48;2;209;209;209m[38;2;208;208;209m▄[48;2;208;208;208m[38;2;208;208;208m▄[48;2;208;208;208m[38;2;209;209;209m▄[48;2;208;208;208m[38;2;208;208;208m▄[48;2;208;208;208m[38;2;207;207;207m▄[48;2;207;207;207m[38;2;207;207;207m▄[48;2;206;206;206m[38;2;207;207;207m▄[48;2;206;207;206m[38;2;206;206;207m▄[48;2;205;205;206m[38;2;204;203;205m▄[48;2;204;204;204m[38;2;204;204;204m▄[48;2;203;203;203m[38;2;204;204;204m▄[48;2;203;203;203m[38;2;203;203;203m▄[0m
[48;2;212;212;212m[38;2;211;211;211m▄[48;2;214;214;214m[38;2;213;213;213m▄[48;2;214;214;214m[38;2;213;213;213m▄[48;2;214;214;214m[38;2;214;214;214m▄[48;2;214;214;214m[38;2;214;214;214m▄[48;2;215;215;215m[38;2;214;214;214m▄[48;2;215;215;215m[38;2;215;214;215m▄[48;2;215;215;215m[38;2;215;215;215m▄[48;2;215;215;215m[38;2;215;215;215m▄[48;2;215;215;215m[38;2;215;215;215m▄[48;2;215;215;215m[38;2;215;215;215m▄[48;2;216;216;216m[38;2;215;215;215m▄[48;2;215;215;215m[38;2;221;221;220m▄[48;2;215;215;215m[38;2;220;220;220m▄[48;2;218;217;218m[38;2;224;224;224m▄[48;2;222;222;222m[38;2;228;227;227m▄[48;2;217;220;219m[38;2;221;222;221m▄[48;2;219;166;175m[38;2;223;225;222m▄[48;2;202;162;171m[38;2;208;214;212m▄[48;2;204;199;199m[38;2;222;171;179m▄[48;2;233;142;157m[38;2;219;116;133m▄[48;2;202;167;172m[38;2;219;135;150m▄[48;2;210;192;195m[38;2;224;125;145m▄[48;2;234;155;168m[38;2;199;163;170m▄[48;2;206;148;158m[38;2;205;195;197m▄[48;2;221;163;171m[38;2;227;117;138m▄[48;2;217;140;154m[38;2;199;176;180m▄[48;2;207;181;187m[38;2;219;182;187m▄[48;2;239;151;165m[38;2;218;116;135m▄[48;2;204;170;175m[38;2;199;196;195m▄[48;2;218;205;207m[38;2;232;149;165m▄[48;2;236;154;168m[38;2;216;133;148m▄[48;2;204;196;196m[38;2;205;200;199m▄[48;2;207;211;206m[38;2;215;200;200m▄[48;2;214;213;209m[38;2;217;222;217m▄[48;2;215;215;209m[38;2;220;219;214m▄[48;2;216;215;208m[38;2;220;219;212m▄[48;2;218;215;209m[38;2;222;217;211m▄[48;2;218;217;210m[38;2;223;217;211m▄[48;2;217;215;209m[38;2;221;217;211m▄[48;2;216;215;209m[38;2;217;215;210m▄[48;2;215;215;209m[38;2;215;214;209m▄[48;2;215;214;209m[38;2;215;213;209m▄[48;2;213;213;210m[38;2;213;212;209m▄[48;2;212;212;210m[38;2;211;211;210m▄[48;2;210;210;210m[38;2;210;210;210m▄[48;2;210;210;210m[38;2;210;210;210m▄[48;2;211;211;211m[38;2;210;211;210m▄[48;2;210;210;211m[38;2;209;209;210m▄[48;2;210;210;210m[38;2;209;209;210m▄[48;2;210;210;210m[38;2;209;209;209m▄[48;2;209;209;211m[38;2;208;208;210m▄[48;2;209;208;213m[38;2;209;208;213m▄[48;2;208;208;209m[38;2;209;208;211m▄[48;2;208;208;208m[38;2;208;208;209m▄[48;2;208;208;208m[38;2;208;208;208m▄[48;2;207;207;207m[38;2;207;207;207m▄[48;2;207;207;208m[38;2;207;207;207m▄[48;2;207;207;207m[38;2;206;206;206m▄[48;2;205;204;205m[38;2;204;204;204m▄[48;2;203;203;204m[38;2;204;204;204m▄[48;2;203;203;203m[38;2;203;203;203m▄[48;2;203;203;203m[38;2;203;203;203m▄[48;2;203;203;203m[38;2;203;203;203m▄[0m
[48;2;210;210;210m[38;2;210;210;210m▄[48;2;211;211;211m[38;2;211;211;211m▄[48;2;211;211;212m[38;2;211;210;211m▄[48;2;213;213;213m[38;2;211;211;211m▄[48;2;213;214;213m[38;2;212;212;212m▄[48;2;214;213;214m[38;2;212;212;212m▄[48;2;214;214;215m[38;2;213;213;213m▄[48;2;214;214;214m[38;2;214;214;214m▄[48;2;214;214;214m[38;2;214;214;215m▄[48;2;215;215;215m[38;2;214;214;214m▄[48;2;215;215;215m[38;2;215;215;215m▄[48;2;214;214;214m[38;2;214;214;214m▄[48;2;221;221;220m[38;2;214;214;214m▄[48;2;220;220;220m[38;2;214;214;214m▄[48;2;219;218;218m[38;2;215;214;215m▄[48;2;222;222;222m[38;2;212;212;212m▄[48;2;221;221;221m[38;2;228;227;226m▄[48;2;229;228;228m[38;2;222;226;224m▄[48;2;219;222;221m[38;2;223;207;211m▄[48;2;228;125;144m[38;2;234;109;136m▄[48;2;200;125;138m[38;2;209;163;170m▄[48;2;203;166;173m[38;2;207;215;214m▄[48;2;230;113;137m[38;2;229;149;163m▄[48;2;208;198;199m[38;2;228;149;163m▄[48;2;204;189;193m[38;2;210;211;210m▄[48;2;224;93;118m[38;2;207;134;148m▄[48;2;213;143;155m[38;2;199;106;125m▄[48;2;217;108;129m[38;2;196;162;168m▄[48;2;216;108;128m[38;2;203;111;131m▄[48;2;206;136;148m[38;2;194;139;149m▄[48;2;226;94;121m[38;2;209;112;131m▄[48;2;213;158;168m[38;2;210;87;111m▄[48;2;211;149;162m[38;2;197;143;152m▄[48;2;212;165;172m[38;2;222;167;177m▄[48;2;226;157;169m[38;2;218;158;169m▄[48;2;223;141;156m[38;2;228;196;199m▄[48;2;219;208;204m[38;2;237;227;222m▄[48;2;233;228;219m[38;2;251;250;242m▄[48;2;242;232;220m[38;2;255;253;242m▄[48;2;232;223;214m[38;2;238;229;217m▄[48;2;220;217;210m[38;2;221;216;210m▄[48;2;216;214;209m[38;2;216;214;209m▄[48;2;214;212;209m[38;2;214;213;209m▄[48;2;212;212;209m[38;2;211;211;209m▄[48;2;210;211;210m[38;2;210;210;210m▄[48;2;210;210;210m[38;2;210;210;210m▄[48;2;210;210;210m[38;2;210;210;210m▄[48;2;210;210;210m[38;2;210;209;210m▄[48;2;210;210;210m[38;2;209;209;209m▄[48;2;210;210;210m[38;2;209;209;210m▄[48;2;210;210;210m[38;2;209;208;209m▄[48;2;209;208;210m[38;2;208;208;208m▄[48;2;208;207;210m[38;2;208;208;209m▄[48;2;208;208;210m[38;2;208;207;208m▄[48;2;208;208;209m[38;2;207;207;208m▄[48;2;208;207;207m[38;2;207;207;207m▄[48;2;206;207;203m[38;2;207;207;205m▄[48;2;203;205;201m[38;2;204;205;202m▄[48;2;204;205;204m[38;2;203;204;204m▄[48;2;204;204;204m[38;2;204;203;204m▄[48;2;204;204;204m[38;2;203;203;204m▄[48;2;203;203;203m[38;2;203;203;203m▄[48;2;203;203;203m[38;2;203;203;203m▄[48;2;203;203;203m[38;2;203;203;203m▄[0m
[48;2;210;210;210m[38;2;210;210;210m▄[48;2;210;210;210m[38;2;210;210;210m▄[48;2;210;210;210m[38;2;210;210;210m▄[48;2;211;211;211m[38;2;211;211;211m▄[48;2;211;211;211m[38;2;210;210;210m▄[48;2;211;211;211m[38;2;211;211;211m▄[48;2;212;212;212m[38;2;210;210;210m▄[48;2;213;213;213m[38;2;211;211;211m▄[48;2;214;214;214m[38;2;213;213;213m▄[48;2;214;214;214m[38;2;212;212;212m▄[48;2;214;214;214m[38;2;212;212;212m▄[48;2;214;214;214m[38;2;213;213;214m▄[48;2;215;215;215m[38;2;213;213;213m▄[48;2;214;214;214m[38;2;213;213;213m▄[48;2;221;221;221m[38;2;215;214;215m▄[48;2;224;224;224m[38;2;217;217;217m▄[48;2;214;214;214m[38;2;212;213;213m▄[48;2;214;216;216m[38;2;216;216;216m▄[48;2;222;213;216m[38;2;220;221;220m▄[48;2;219;141;159m[38;2;224;227;226m▄[48;2;210;181;187m[38;2;211;211;211m▄[48;2;212;223;220m[38;2;216;215;215m▄[48;2;213;186;191m[38;2;223;228;226m▄[48;2;228;110;136m[38;2;230;191;198m▄[48;2;230;169;180m[38;2;230;139;159m▄[48;2;223;233;229m[38;2;227;149;168m▄[48;2;216;228;223m[38;2;221;203;206m▄[48;2;215;220;216m[38;2;232;241;236m▄[48;2;220;223;220m[38;2;235;244;238m▄[48;2;204;212;208m[38;2;233;238;234m▄[48;2;205;187;189m[38;2;240;244;242m▄[48;2;199;161;167m[38;2;242;248;246m▄[48;2;217;223;218m[38;2;235;241;237m▄[48;2;237;179;191m[38;2;222;188;192m▄[48;2;245;208;213m[38;2;214;121;137m▄[48;2;248;241;237m[38;2;210;160;166m▄[48;2;235;215;214m[38;2;211;204;201m▄[48;2;237;239;230m[38;2;216;216;208m▄[48;2;234;202;198m[38;2;215;196;194m▄[48;2;224;167;173m[38;2;214;172;178m▄[48;2;220;221;213m[38;2;215;215;210m▄[48;2;216;211;207m[38;2;212;210;206m▄[48;2;212;211;207m[38;2;210;209;206m▄[48;2;210;209;207m[38;2;209;209;206m▄[48;2;209;209;208m[38;2;209;209;207m▄[48;2;210;210;210m[38;2;209;209;209m▄[48;2;210;209;210m[38;2;208;208;209m▄[48;2;209;208;209m[38;2;208;208;208m▄[48;2;208;208;208m[38;2;208;208;208m▄[48;2;209;209;209m[38;2;208;208;208m▄[48;2;208;208;208m[38;2;208;208;208m▄[48;2;208;208;208m[38;2;207;207;207m▄[48;2;208;208;208m[38;2;207;207;207m▄[48;2;207;207;207m[38;2;207;207;207m▄[48;2;207;207;207m[38;2;206;206;206m▄[48;2;207;207;207m[38;2;205;205;205m▄[48;2;206;206;207m[38;2;205;205;205m▄[48;2;205;205;205m[38;2;204;204;204m▄[48;2;203;204;204m[38;2;203;203;203m▄[48;2;203;203;204m[38;2;203;203;203m▄[48;2;203;202;204m[38;2;203;202;204m▄[48;2;203;203;203m[38;2;202;202;202m▄[48;2;203;203;202m[38;2;203;202;203m▄[48;2;203;203;203m[38;2;203;203;203m▄[0m
[48;2;210;210;210m[38;2;210;210;210m▄[48;2;210;210;210m[38;2;211;211;211m▄[48;2;211;211;211m[38;2;212;211;212m▄[48;2;211;211;211m[38;2;212;212;213m▄[48;2;210;210;210m[38;2;212;211;212m▄[48;2;210;210;210m[38;2;212;212;213m▄[48;2;210;210;210m[38;2;213;213;213m▄[48;2;211;211;211m[38;2;213;213;213m▄[48;2;211;211;212m[38;2;214;214;214m▄[48;2;211;211;211m[38;2;213;213;213m▄[48;2;211;211;211m[38;2;214;214;214m▄[48;2;211;211;211m[38;2;214;214;214m▄[48;2;212;212;212m[38;2;214;214;214m▄[48;2;213;213;213m[38;2;214;214;215m▄[48;2;212;212;213m[38;2;214;214;214m▄[48;2;212;212;213m[38;2;214;214;214m▄[48;2;213;213;213m[38;2;215;215;215m▄[48;2;213;213;213m[38;2;214;214;214m▄[48;2;217;217;217m[38;2;213;213;213m▄[48;2;213;213;214m[38;2;213;213;213m▄[48;2;209;209;209m[38;2;212;212;213m▄[48;2;210;210;208m[38;2;212;212;211m▄[48;2;219;217;214m[38;2;225;225;224m▄[48;2;218;225;221m[38;2;215;214;213m▄[48;2;215;181;188m[38;2;225;231;227m▄[48;2;221;134;155m[38;2;205;202;200m▄[48;2;229;125;149m[38;2;198;171;175m▄[48;2;220;128;151m[38;2;188;128;144m▄[48;2;226;162;177m[38;2;197;138;152m▄[48;2;227;180;192m[38;2;206;180;182m▄[48;2;232;229;231m[38;2;197;195;194m▄[48;2;225;224;224m[38;2;198;199;197m▄[48;2;215;214;211m[38;2;201;198;197m▄[48;2;212;216;212m[38;2;201;197;196m▄[48;2;205;209;204m[38;2;200;198;195m▄[48;2;205;207;203m[38;2;199;197;195m▄[48;2;208;209;205m[38;2;202;200;198m▄[48;2;212;210;204m[38;2;207;204;201m▄[48;2;216;218;211m[38;2;209;207;202m▄[48;2;214;219;213m[38;2;209;206;202m▄[48;2;210;209;205m[38;2;208;208;205m▄[48;2;209;209;205m[38;2;209;208;206m▄[48;2;209;209;206m[38;2;209;209;206m▄[48;2;209;209;207m[38;2;209;209;208m▄[48;2;209;209;209m[38;2;209;209;209m▄[48;2;208;208;209m[38;2;209;209;209m▄[48;2;207;207;207m[38;2;208;208;208m▄[48;2;208;208;208m[38;2;208;208;208m▄[48;2;208;207;208m[38;2;208;208;208m▄[48;2;208;208;208m[38;2;208;208;208m▄[48;2;207;207;207m[38;2;207;207;207m▄[48;2;207;207;207m[38;2;207;207;207m▄[48;2;206;206;206m[38;2;206;206;207m▄[48;2;205;205;205m[38;2;206;206;206m▄[48;2;204;204;204m[38;2;206;206;206m▄[48;2;203;203;203m[38;2;206;205;206m▄[48;2;204;204;204m[38;2;204;204;204m▄[48;2;203;203;203m[38;2;203;203;203m▄[48;2;203;202;203m[38;2;202;202;202m▄[48;2;203;203;203m[38;2;202;202;202m▄[48;2;202;202;202m[38;2;202;202;202m▄[48;2;202;202;202m[38;2;203;202;203m▄[48;2;202;203;203m[38;2;203;202;203m▄[48;2;202;202;202m[38;2;202;202;203m▄[0m
[48;2;213;213;213m[38;2;216;216;216m▄[48;2;214;214;214m[38;2;217;217;217m▄[48;2;215;215;215m[38;2;216;216;216m▄[48;2;215;215;214m[38;2;216;216;216m▄[48;2;215;215;215m[38;2;216;216;216m▄[48;2;216;216;216m[38;2;217;217;217m▄[48;2;216;216;216m[38;2;217;217;217m▄[48;2;216;216;216m[38;2;217;217;217m▄[48;2;216;216;216m[38;2;217;217;217m▄[48;2;215;215;215m[38;2;217;217;217m▄[48;2;216;216;216m[38;2;217;217;217m▄[48;2;216;216;216m[38;2;217;217;217m▄[48;2;216;216;216m[38;2;217;217;217m▄[48;2;216;216;216m[38;2;217;217;217m▄[48;2;216;216;216m[38;2;217;217;217m▄[48;2;216;216;216m[38;2;217;217;217m▄[48;2;216;216;216m[38;2;217;217;217m▄[48;2;216;216;216m[38;2;218;218;218m▄[48;2;216;216;216m[38;2;218;218;218m▄[48;2;216;216;216m[38;2;218;218;218m▄[48;2;217;217;216m[38;2;218;218;218m▄[48;2;216;216;216m[38;2;218;218;218m▄[48;2;220;220;219m[38;2;216;216;215m▄[48;2;215;214;213m[38;2;216;216;214m▄[48;2;207;204;202m[38;2;214;213;211m▄[48;2;200;196;193m[38;2;211;208;205m▄[48;2;189;187;183m[38;2;208;200;198m▄[48;2;184;185;180m[38;2;203;193;191m▄[48;2;181;181;176m[38;2;199;189;188m▄[48;2;181;176;173m[38;2;198;188;186m▄[48;2;186;173;172m[38;2;200;189;187m▄[48;2;187;174;173m[38;2;201;189;188m▄[48;2;189;175;173m[38;2;202;190;188m▄[48;2;192;177;174m[38;2;202;190;189m▄[48;2;193;178;177m[38;2;202;191;189m▄[48;2;193;180;178m[38;2;204;193;191m▄[48;2;194;182;180m[38;2;206;196;195m▄[48;2;197;188;185m[38;2;208;202;200m▄[48;2;200;193;190m[38;2;210;207;204m▄[48;2;205;200;196m[38;2;213;210;209m▄[48;2;208;206;204m[38;2;214;213;212m▄[48;2;209;209;209m[38;2;215;215;215m▄[48;2;211;211;210m[38;2;215;215;215m▄[48;2;211;211;209m[38;2;214;214;214m▄[48;2;211;211;211m[38;2;214;214;214m▄[48;2;210;210;210m[38;2;213;213;213m▄[48;2;210;210;210m[38;2;212;212;213m▄[48;2;210;210;210m[38;2;212;211;213m▄[48;2;209;209;209m[38;2;210;210;211m▄[48;2;209;209;209m[38;2;210;210;210m▄[48;2;209;209;209m[38;2;211;211;211m▄[48;2;209;209;209m[38;2;210;210;211m▄[48;2;208;208;208m[38;2;209;209;209m▄[48;2;208;208;208m[38;2;209;209;209m▄[48;2;208;207;208m[38;2;210;210;210m▄[48;2;208;207;208m[38;2;209;209;209m▄[48;2;207;207;207m[38;2;209;208;209m▄[48;2;206;206;206m[38;2;208;208;208m▄[48;2;210;210;210m[38;2;216;216;216m▄[48;2;213;213;213m[38;2;220;220;220m▄[48;2;205;205;205m[38;2;208;208;209m▄[48;2;204;204;205m[38;2;207;207;207m▄[48;2;204;204;205m[38;2;207;208;207m▄[48;2;204;204;204m[38;2;207;207;207m▄[0m
[48;2;218;218;218m[38;2;221;221;221m▄[48;2;217;217;217m[38;2;221;221;221m▄[48;2;219;219;219m[38;2;222;222;222m▄[48;2;218;218;218m[38;2;222;222;222m▄[48;2;218;218;218m[38;2;223;223;223m▄[48;2;219;219;219m[38;2;223;223;223m▄[48;2;219;219;219m[38;2;223;223;223m▄[48;2;219;219;219m[38;2;223;223;223m▄[48;2;220;220;220m[38;2;223;223;223m▄[48;2;220;220;220m[38;2;223;223;223m▄[48;2;220;220;220m[38;2;223;223;223m▄[48;2;220;220;220m[38;2;223;223;223m▄[48;2;220;220;220m[38;2;223;223;223m▄[48;2;220;220;220m[38;2;223;223;223m▄[48;2;220;220;220m[38;2;223;223;223m▄[48;2;218;218;218m[38;2;221;221;221m▄[48;2;215;215;216m[38;2;217;217;218m▄[48;2;213;213;214m[38;2;213;213;213m▄[48;2;211;211;211m[38;2;208;208;208m▄[48;2;209;209;209m[38;2;205;205;205m▄[48;2;208;208;208m[38;2;203;203;203m▄[48;2;208;208;208m[38;2;202;202;202m▄[48;2;208;208;208m[38;2;201;201;201m▄[48;2;208;208;207m[38;2;200;200;200m▄[48;2;208;208;208m[38;2;199;199;199m▄[48;2;209;210;210m[38;2;199;199;199m▄[48;2;211;211;212m[38;2;200;200;200m▄[48;2;213;212;213m[38;2;201;201;201m▄[48;2;212;212;212m[38;2;202;201;202m▄[48;2;212;212;212m[38;2;202;202;202m▄[48;2;211;211;211m[38;2;202;202;203m▄[48;2;210;209;209m[38;2;203;203;203m▄[48;2;210;210;210m[38;2;205;205;204m▄[48;2;214;213;213m[38;2;206;206;206m▄[48;2;216;217;216m[38;2;207;207;208m▄[48;2;217;218;218m[38;2;209;209;209m▄[48;2;217;217;217m[38;2;213;213;213m▄[48;2;217;217;218m[38;2;216;216;216m▄[48;2;218;218;218m[38;2;217;217;216m▄[48;2;217;217;218m[38;2;216;216;216m▄[48;2;217;217;217m[38;2;216;216;216m▄[48;2;216;216;216m[38;2;216;216;216m▄[48;2;216;216;216m[38;2;217;217;217m▄[48;2;215;215;216m[38;2;216;216;216m▄[48;2;215;215;215m[38;2;216;216;216m▄[48;2;215;215;215m[38;2;216;216;216m▄[48;2;214;214;215m[38;2;216;216;216m▄[48;2;214;214;215m[38;2;215;215;215m▄[48;2;214;213;214m[38;2;216;216;215m▄[48;2;213;213;213m[38;2;215;215;215m▄[48;2;213;212;214m[38;2;215;215;215m▄[48;2;212;211;212m[38;2;215;215;215m▄[48;2;211;211;211m[38;2;214;214;214m▄[48;2;211;211;211m[38;2;214;214;214m▄[48;2;210;210;211m[38;2;213;213;213m▄[48;2;210;210;210m[38;2;212;212;212m▄[48;2;210;210;210m[38;2;210;210;210m▄[48;2;210;210;210m[38;2;211;211;211m▄[48;2;210;210;210m[38;2;210;210;210m▄[48;2;210;210;210m[38;2;210;210;210m▄[48;2;209;209;209m[38;2;211;211;211m▄[48;2;209;209;209m[38;2;210;210;210m▄[48;2;208;208;208m[38;2;210;210;210m▄[48;2;208;208;208m[38;2;210;210;210m▄[0m
[48;2;224;224;224m[38;2;226;226;226m▄[48;2;224;224;224m[38;2;226;226;226m▄[48;2;224;224;224m[38;2;225;225;225m▄[48;2;224;224;224m[38;2;225;225;225m▄[48;2;224;224;224m[38;2;226;226;226m▄[48;2;224;224;224m[38;2;226;226;226m▄[48;2;224;224;224m[38;2;226;226;226m▄[48;2;224;224;224m[38;2;226;226;226m▄[48;2;224;224;224m[38;2;227;227;227m▄[48;2;224;224;224m[38;2;227;227;227m▄[48;2;224;224;224m[38;2;226;226;226m▄[48;2;224;224;224m[38;2;226;226;226m▄[48;2;225;225;225m[38;2;227;227;227m▄[48;2;224;224;224m[38;2;227;227;227m▄[48;2;225;225;225m[38;2;227;227;227m▄[48;2;225;225;225m[38;2;227;227;227m▄[48;2;224;224;224m[38;2;226;226;226m▄[48;2;222;222;222m[38;2;226;226;226m▄[48;2;221;221;221m[38;2;227;227;227m▄[48;2;221;221;221m[38;2;226;226;226m▄[48;2;221;221;221m[38;2;226;226;226m▄[48;2;221;221;221m[38;2;226;226;226m▄[48;2;219;219;219m[38;2;226;226;226m▄[48;2;214;214;214m[38;2;226;226;226m▄[48;2;211;211;211m[38;2;226;226;226m▄[48;2;210;210;210m[38;2;226;226;226m▄[48;2;211;211;211m[38;2;224;224;224m▄[48;2;212;212;212m[38;2;224;224;224m▄[48;2;214;214;214m[38;2;224;224;224m▄[48;2;217;217;217m[38;2;224;224;224m▄[48;2;220;220;220m[38;2;224;224;224m▄[48;2;222;222;221m[38;2;224;224;224m▄[48;2;221;221;221m[38;2;224;224;224m▄[48;2;221;221;221m[38;2;224;224;224m▄[48;2;220;220;220m[38;2;224;224;224m▄[48;2;220;220;220m[38;2;224;224;224m▄[48;2;221;221;221m[38;2;223;223;223m▄[48;2;221;221;221m[38;2;222;222;222m▄[48;2;220;220;220m[38;2;222;222;222m▄[48;2;220;220;220m[38;2;222;222;222m▄[48;2;220;220;220m[38;2;221;221;221m▄[48;2;219;219;219m[38;2;221;221;221m▄[48;2;218;218;218m[38;2;221;221;221m▄[48;2;217;217;217m[38;2;219;219;219m▄[48;2;217;217;217m[38;2;218;218;218m▄[48;2;217;217;217m[38;2;217;217;217m▄[48;2;216;216;216m[38;2;217;217;217m▄[48;2;216;216;216m[38;2;216;216;216m▄[48;2;216;216;216m[38;2;216;216;216m▄[48;2;217;217;217m[38;2;217;217;217m▄[48;2;217;217;217m[38;2;216;216;216m▄[48;2;216;216;216m[38;2;216;216;216m▄[48;2;215;215;215m[38;2;215;215;215m▄[48;2;215;215;215m[38;2;216;216;216m▄[48;2;216;216;216m[38;2;216;216;216m▄[48;2;215;215;215m[38;2;215;215;215m▄[48;2;214;214;214m[38;2;215;215;215m▄[48;2;213;213;213m[38;2;215;215;215m▄[48;2;212;212;213m[38;2;215;215;215m▄[48;2;212;212;212m[38;2;214;214;214m▄[48;2;211;211;211m[38;2;214;214;214m▄[48;2;210;210;210m[38;2;212;212;212m▄[48;2;211;211;211m[38;2;212;212;212m▄[48;2;210;210;210m[38;2;212;212;212m▄[0m
