[48;2;220;220;217m[38;2;218;218;218m▄[48;2;221;221;220m[38;2;219;219;219m▄[48;2;222;222;222m[38;2;220;220;220m▄[48;2;223;223;222m[38;2;222;222;222m▄[48;2;223;223;223m[38;2;223;223;223m▄[48;2;223;223;223m[38;2;223;223;223m▄[48;2;224;224;224m[38;2;224;224;224m▄[48;2;224;224;224m[38;2;224;224;224m▄[48;2;224;224;224m[38;2;224;224;224m▄[48;2;225;225;225m[38;2;225;225;225m▄[48;2;226;226;226m[38;2;225;225;225m▄[48;2;226;226;226m[38;2;225;225;225m▄[48;2;227;227;227m[38;2;225;225;225m▄[48;2;228;228;228m[38;2;226;226;226m▄[48;2;228;228;228m[38;2;227;227;227m▄[48;2;228;228;228m[38;2;227;227;227m▄[48;2;227;227;227m[38;2;227;227;227m▄[48;2;227;227;227m[38;2;227;227;227m▄[48;2;228;228;228m[38;2;227;227;227m▄[48;2;228;228;228m[38;2;227;227;227m▄[48;2;227;227;227m[38;2;227;227;227m▄[48;2;227;227;227m[38;2;227;227;227m▄[48;2;227;227;227m[38;2;227;227;227m▄[48;2;227;227;227m[38;2;227;227;227m▄[48;2;227;227;227m[38;2;227;227;227m▄[48;2;227;227;227m[38;2;227;227;227m▄[48;2;228;228;228m[38;2;227;227;227m▄[48;2;228;228;228m[38;2;226;226;226m▄[48;2;226;226;226m[38;2;224;224;224m▄[48;2;225;225;225m[38;2;225;225;225m▄[48;2;225;225;225m[38;2;224;224;224m▄[48;2;225;225;225m[38;2;224;224;224m▄[48;2;226;226;226m[38;2;224;224;224m▄[48;2;224;224;224m[38;2;224;224;224m▄[48;2;223;223;223m[38;2;223;223;223m▄[48;2;223;223;223m[38;2;223;223;223m▄[48;2;223;223;223m[38;2;223;223;223m▄[48;2;223;223;223m[38;2;223;223;223m▄[48;2;221;221;221m[38;2;221;221;221m▄[48;2;221;221;221m[38;2;221;221;221m▄[48;2;220;220;220m[38;2;220;220;220m▄[48;2;218;218;218m[38;2;218;218;218m▄[48;2;218;218;218m[38;2;217;217;217m▄[48;2;216;216;216m[38;2;217;217;217m▄[48;2;216;216;216m[38;2;216;216;216m▄[48;2;217;217;217m[38;2;217;217;218m▄[48;2;216;216;216m[38;2;215;215;216m▄[48;2;216;216;216m[38;2;215;215;215m▄[48;2;216;216;216m[38;2;215;215;215m▄[48;2;215;215;215m[38;2;214;214;214m▄[48;2;214;214;214m[38;2;214;214;214m▄[48;2;213;213;213m[38;2;213;213;213m▄[48;2;213;213;213m[38;2;213;213;213m▄[48;2;211;211;211m[38;2;211;211;211m▄[48;2;211;211;211m[38;2;210;210;210m▄[48;2;211;211;211m[38;2;211;211;211m▄[48;2;210;210;210m[38;2;210;210;210m▄[48;2;209;209;209m[38;2;209;209;209m▄[48;2;209;209;209m[38;2;209;209;209m▄[48;2;208;208;208m[38;2;208;208;208m▄[48;2;208;208;208m[38;2;207;207;207m▄[48;2;207;207;207m[38;2;207;207;207m▄[48;2;206;206;206m[38;2;206;206;206m▄[48;2;204;204;204m[38;2;205;205;205m▄[0m
[48;2;217;217;217m[38;2;217;217;217m▄[48;2;218;218;218m[38;2;218;218;218m▄[48;2;219;219;219m[38;2;218;218;218m▄[48;2;222;222;222m[38;2;221;221;221m▄[48;2;222;222;222m[38;2;222;222;222m▄[48;2;223;223;223m[38;2;223;223;223m▄[48;2;224;224;224m[38;2;224;224;224m▄[48;2;224;224;224m[38;2;224;224;224m▄[48;2;224;224;224m[38;2;224;224;224m▄[48;2;225;225;225m[38;2;225;225;225m▄[48;2;225;225;225m[38;2;224;224;224m▄[48;2;224;224;224m[38;2;224;224;224m▄[48;2;224;224;224m[38;2;224;224;224m▄[48;2;224;224;224m[38;2;224;224;224m▄[48;2;225;225;225m[38;2;224;224;224m▄[48;2;227;227;227m[38;2;226;226;226m▄[48;2;227;227;227m[38;2;226;226;226m▄[48;2;227;227;227m[38;2;227;227;227m▄[48;2;227;227;227m[38;2;227;227;227m▄[48;2;227;227;227m[38;2;227;227;227m▄[48;2;227;227;227m[38;2;227;227;227m▄[48;2;227;227;227m[38;2;227;227;227m▄[48;2;227;227;227m[38;2;227;227;227m▄[48;2;227;227;227m[38;2;227;227;227m▄[48;2;227;227;227m[38;2;226;226;226m▄[48;2;228;228;228m[38;2;225;225;225m▄[48;2;227;227;227m[38;2;224;224;224m▄[48;2;226;226;226m[38;2;224;224;224m▄[48;2;224;224;224m[38;2;223;224;223m▄[48;2;225;225;225m[38;2;222;223;222m▄[48;2;225;225;225m[38;2;223;224;223m▄[48;2;225;225;225m[38;2;224;224;224m▄[48;2;224;224;224m[38;2;224;224;224m▄[48;2;224;224;224m[38;2;224;224;224m▄[48;2;224;224;224m[38;2;221;222;221m▄[48;2;223;223;223m[38;2;222;222;222m▄[48;2;222;222;222m[38;2;223;223;223m▄[48;2;222;222;222m[38;2;222;222;222m▄[48;2;222;222;222m[38;2;221;221;221m▄[48;2;221;221;221m[38;2;221;221;221m▄[48;2;219;219;219m[38;2;218;218;218m▄[48;2;217;217;217m[38;2;217;217;217m▄[48;2;217;217;217m[38;2;217;217;217m▄[48;2;216;216;216m[38;2;216;216;216m▄[48;2;216;216;216m[38;2;216;216;216m▄[48;2;217;217;217m[38;2;217;217;217m▄[48;2;215;215;216m[38;2;216;216;216m▄[48;2;215;215;215m[38;2;215;215;215m▄[48;2;215;215;215m[38;2;215;215;215m▄[48;2;214;214;214m[38;2;214;214;214m▄[48;2;214;214;214m[38;2;214;214;214m▄[48;2;213;213;213m[38;2;213;213;213m▄[48;2;212;212;212m[38;2;212;212;212m▄[48;2;211;211;211m[38;2;211;211;211m▄[48;2;210;210;210m[38;2;211;211;211m▄[48;2;210;210;210m[38;2;210;210;210m▄[48;2;210;210;210m[38;2;209;209;210m▄[48;2;208;208;208m[38;2;208;208;208m▄[48;2;209;209;209m[38;2;208;208;208m▄[48;2;208;208;208m[38;2;209;209;209m▄[48;2;207;207;207m[38;2;207;207;207m▄[48;2;206;206;206m[38;2;206;206;206m▄[48;2;205;205;205m[38;2;205;205;205m▄[48;2;205;205;205m[38;2;205;205;205m▄[0m
[48;2;217;217;217m[38;2;217;217;217m▄[48;2;218;218;218m[38;2;217;217;217m▄[48;2;218;218;218m[38;2;219;219;219m▄[48;2;220;220;220m[38;2;221;221;221m▄[48;2;222;222;222m[38;2;221;221;221m▄[48;2;223;223;223m[38;2;222;222;222m▄[48;2;223;223;223m[38;2;223;223;223m▄[48;2;224;224;224m[38;2;223;223;223m▄[48;2;224;224;224m[38;2;224;224;224m▄[48;2;224;224;224m[38;2;224;224;224m▄[48;2;225;225;225m[38;2;224;224;224m▄[48;2;225;225;225m[38;2;224;224;224m▄[48;2;225;225;225m[38;2;225;225;225m▄[48;2;224;224;224m[38;2;225;225;225m▄[48;2;225;225;225m[38;2;225;225;225m▄[48;2;225;225;225m[38;2;225;225;225m▄[48;2;225;225;225m[38;2;225;225;225m▄[48;2;225;225;225m[38;2;225;225;225m▄[48;2;225;225;225m[38;2;225;225;225m▄[48;2;225;225;225m[38;2;224;224;224m▄[48;2;226;226;226m[38;2;224;224;224m▄[48;2;224;224;224m[38;2;224;224;224m▄[48;2;225;225;225m[38;2;224;224;224m▄[48;2;225;225;225m[38;2;224;224;224m▄[48;2;224;224;224m[38;2;225;225;225m▄[48;2;224;224;224m[38;2;224;224;224m▄[48;2;225;225;225m[38;2;223;224;223m▄[48;2;224;224;224m[38;2;229;228;231m▄[48;2;230;227;231m[38;2;181;202;177m▄[48;2;232;229;234m[38;2;162;191;151m▄[48;2;231;228;231m[38;2;190;205;190m▄[48;2;224;224;223m[38;2;227;225;228m▄[48;2;223;223;223m[38;2;227;226;226m▄[48;2;225;224;224m[38;2;224;224;226m▄[48;2;231;228;233m[38;2;161;189;151m▄[48;2;227;225;228m[38;2;187;204;182m▄[48;2;221;221;221m[38;2;227;225;229m▄[48;2;222;222;222m[38;2;220;221;220m▄[48;2;221;221;221m[38;2;221;221;221m▄[48;2;220;220;220m[38;2;220;220;220m▄[48;2;218;218;218m[38;2;218;218;218m▄[48;2;217;217;217m[38;2;217;217;217m▄[48;2;216;216;216m[38;2;217;217;217m▄[48;2;217;217;217m[38;2;216;216;216m▄[48;2;217;217;217m[38;2;217;217;217m▄[48;2;216;216;216m[38;2;216;216;216m▄[48;2;216;216;216m[38;2;216;216;216m▄[48;2;216;216;216m[38;2;215;215;215m▄[48;2;215;215;215m[38;2;215;215;215m▄[48;2;214;214;214m[38;2;214;214;214m▄[48;2;213;213;213m[38;2;214;214;214m▄[48;2;213;213;213m[38;2;213;213;213m▄[48;2;212;212;212m[38;2;212;212;212m▄[48;2;211;211;211m[38;2;211;211;211m▄[48;2;210;210;210m[38;2;210;210;210m▄[48;2;210;210;210m[38;2;211;211;211m▄[48;2;209;209;210m[38;2;210;210;210m▄[48;2;208;208;209m[38;2;209;209;209m▄[48;2;208;208;208m[38;2;209;209;209m▄[48;2;208;208;208m[38;2;208;208;208m▄[48;2;207;207;207m[38;2;207;207;207m▄[48;2;207;207;207m[38;2;207;207;207m▄[48;2;205;205;205m[38;2;205;205;205m▄[48;2;204;204;204m[38;2;204;204;204m▄[0m
[48;2;217;217;217m[38;2;217;217;217m▄[48;2;218;218;218m[38;2;217;217;217m▄[48;2;218;218;218m[38;2;217;217;217m▄[48;2;219;219;219m[38;2;217;217;217m▄[48;2;220;220;220m[38;2;219;219;219m▄[48;2;221;221;221m[38;2;221;221;221m▄[48;2;222;222;222m[38;2;222;222;222m▄[48;2;223;223;223m[38;2;223;223;223m▄[48;2;224;224;224m[38;2;223;223;223m▄[48;2;224;224;224m[38;2;223;223;223m▄[48;2;224;224;224m[38;2;224;224;224m▄[48;2;224;224;224m[38;2;224;224;224m▄[48;2;225;225;225m[38;2;224;224;224m▄[48;2;225;225;225m[38;2;224;224;224m▄[48;2;225;225;225m[38;2;224;224;224m▄[48;2;225;225;225m[38;2;225;225;225m▄[48;2;225;225;225m[38;2;225;225;225m▄[48;2;225;225;225m[38;2;225;225;225m▄[48;2;224;224;224m[38;2;225;224;225m▄[48;2;224;224;224m[38;2;225;225;225m▄[48;2;224;224;225m[38;2;225;225;225m▄[48;2;224;224;224m[38;2;224;224;224m▄[48;2;224;224;224m[38;2;224;224;224m▄[48;2;224;224;224m[38;2;224;224;224m▄[48;2;225;225;225m[38;2;224;224;224m▄[48;2;224;224;224m[38;2;224;224;224m▄[48;2;223;224;223m[38;2;223;224;223m▄[48;2;231;228;233m[38;2;232;229;232m▄[48;2;157;190;148m[38;2;186;201;184m▄[48;2;147;192;93m[38;2;131;178;82m▄[48;2;135;182;90m[38;2;137;182;79m▄[48;2;150;183;137m[38;2;127;176;78m▄[48;2;231;226;235m[38;2;152;183;145m▄[48;2;158;188;146m[38;2;117;164;96m▄[48;2;104;162;68m[38;2;177;190;175m▄[48;2;169;191;162m[38;2;206;204;211m▄[48;2;225;222;226m[38;2;216;215;218m▄[48;2;218;219;217m[38;2;227;224;227m▄[48;2;221;220;221m[38;2;220;220;220m▄[48;2;220;220;220m[38;2;219;219;219m▄[48;2;218;218;218m[38;2;217;217;217m▄[48;2;217;217;217m[38;2;217;217;217m▄[48;2;217;217;217m[38;2;217;217;217m▄[48;2;217;217;217m[38;2;217;217;217m▄[48;2;217;217;217m[38;2;216;216;216m▄[48;2;216;216;216m[38;2;216;216;216m▄[48;2;215;215;215m[38;2;215;215;215m▄[48;2;215;215;215m[38;2;215;215;215m▄[48;2;215;215;215m[38;2;214;214;214m▄[48;2;214;214;214m[38;2;213;213;213m▄[48;2;213;213;213m[38;2;213;213;213m▄[48;2;213;213;213m[38;2;213;213;213m▄[48;2;212;212;212m[38;2;212;212;212m▄[48;2;211;210;211m[38;2;210;210;210m▄[48;2;210;210;210m[38;2;210;210;210m▄[48;2;210;210;210m[38;2;211;211;211m▄[48;2;210;210;210m[38;2;209;209;209m▄[48;2;209;209;209m[38;2;208;208;208m▄[48;2;208;208;208m[38;2;208;208;208m▄[48;2;207;207;207m[38;2;208;208;208m▄[48;2;207;207;207m[38;2;207;207;207m▄[48;2;206;206;206m[38;2;206;206;206m▄[48;2;204;204;205m[38;2;204;204;204m▄[48;2;204;204;205m[38;2;205;205;205m▄[0m
[48;2;216;216;216m[38;2;216;216;216m▄[48;2;216;216;216m[38;2;216;216;216m▄[48;2;218;218;218m[38;2;217;217;217m▄[48;2;218;218;218m[38;2;218;218;218m▄[48;2;219;219;219m[38;2;219;219;219m▄[48;2;220;220;220m[38;2;219;219;219m▄[48;2;222;222;222m[38;2;221;221;221m▄[48;2;222;222;222m[38;2;221;221;221m▄[48;2;223;223;223m[38;2;222;222;222m▄[48;2;223;223;223m[38;2;223;223;223m▄[48;2;223;223;223m[38;2;223;223;223m▄[48;2;224;224;224m[38;2;223;223;223m▄[48;2;224;224;224m[38;2;223;223;223m▄[48;2;225;225;225m[38;2;224;224;224m▄[48;2;225;225;225m[38;2;224;224;224m▄[48;2;225;225;225m[38;2;224;224;224m▄[48;2;225;225;225m[38;2;224;224;224m▄[48;2;225;225;225m[38;2;224;224;224m▄[48;2;225;225;225m[38;2;224;224;224m▄[48;2;225;225;225m[38;2;224;224;224m▄[48;2;226;226;226m[38;2;225;225;225m▄[48;2;226;226;226m[38;2;225;225;225m▄[48;2;225;225;225m[38;2;224;224;224m▄[48;2;225;225;225m[38;2;224;224;224m▄[48;2;224;224;224m[38;2;224;224;224m▄[48;2;224;224;224m[38;2;224;223;223m▄[48;2;224;223;223m[38;2;224;225;225m▄[48;2;224;225;225m[38;2;222;220;220m▄[48;2;225;230;233m[38;2;223;177;183m▄[48;2;149;183;137m[38;2;227;163;174m▄[48;2;115;177;75m[38;2;176;149;132m▄[48;2;100;166;70m[38;2;131;146;105m▄[48;2;77;145;57m[38;2;101;141;79m▄[48;2;115;160;105m[38;2;82;157;66m▄[48;2;147;181;130m[38;2;106;169;70m▄[48;2;143;182;116m[38;2;135;187;78m▄[48;2;152;185;138m[38;2;148;196;81m▄[48;2;193;204;193m[38;2;113;166;83m▄[48;2;222;221;222m[38;2;193;202;194m▄[48;2;217;217;217m[38;2;222;220;222m▄[48;2;217;217;217m[38;2;216;216;215m▄[48;2;217;217;217m[38;2;216;216;216m▄[48;2;216;216;216m[38;2;217;217;217m▄[48;2;217;217;217m[38;2;216;216;216m▄[48;2;216;216;216m[38;2;216;216;216m▄[48;2;216;216;216m[38;2;215;215;215m▄[48;2;215;215;215m[38;2;215;215;215m▄[48;2;214;214;214m[38;2;214;214;214m▄[48;2;214;214;214m[38;2;214;214;214m▄[48;2;214;213;214m[38;2;213;213;213m▄[48;2;214;214;213m[38;2;213;213;213m▄[48;2;213;213;213m[38;2;212;212;212m▄[48;2;211;211;211m[38;2;211;211;211m▄[48;2;211;211;211m[38;2;211;211;211m▄[48;2;211;211;211m[38;2;211;211;211m▄[48;2;210;210;210m[38;2;210;210;210m▄[48;2;209;209;209m[38;2;208;208;208m▄[48;2;208;208;208m[38;2;209;209;209m▄[48;2;208;208;208m[38;2;208;208;208m▄[48;2;208;208;208m[38;2;207;207;207m▄[48;2;207;207;207m[38;2;206;206;206m▄[48;2;206;206;206m[38;2;205;205;206m▄[48;2;204;204;204m[38;2;204;204;205m▄[48;2;205;205;205m[38;2;204;204;204m▄[0m
[48;2;216;216;216m[38;2;216;216;216m▄[48;2;216;216;216m[38;2;216;216;216m▄[48;2;216;216;216m[38;2;216;216;216m▄[48;2;217;217;217m[38;2;217;217;217m▄[48;2;218;218;218m[38;2;218;218;218m▄[48;2;219;219;219m[38;2;218;218;218m▄[48;2;220;220;220m[38;2;218;218;218m▄[48;2;221;221;221m[38;2;220;219;220m▄[48;2;221;221;221m[38;2;221;221;221m▄[48;2;222;222;222m[38;2;221;221;221m▄[48;2;223;223;223m[38;2;222;222;222m▄[48;2;223;223;223m[38;2;222;222;222m▄[48;2;223;223;223m[38;2;223;223;223m▄[48;2;224;224;224m[38;2;223;223;223m▄[48;2;223;223;223m[38;2;223;223;223m▄[48;2;224;224;224m[38;2;223;223;223m▄[48;2;224;224;224m[38;2;223;223;223m▄[48;2;224;224;224m[38;2;223;223;223m▄[48;2;224;224;224m[38;2;223;223;223m▄[48;2;224;224;224m[38;2;224;224;224m▄[48;2;224;224;224m[38;2;224;224;224m▄[48;2;224;224;224m[38;2;223;223;223m▄[48;2;224;224;224m[38;2;223;223;223m▄[48;2;224;224;224m[38;2;223;223;223m▄[48;2;224;224;224m[38;2;223;222;222m▄[48;2;224;223;223m[38;2;225;228;227m▄[48;2;223;225;225m[38;2;219;207;209m▄[48;2;221;163;169m[38;2;217;121;135m▄[48;2;235;136;145m[38;2;229;131;143m▄[48;2;240;139;150m[38;2;224;123;135m▄[48;2;237;130;146m[38;2;222;132;140m▄[48;2;236;147;164m[38;2;240;166;171m▄[48;2;234;154;163m[38;2;239;152;163m▄[48;2;146;131;98m[38;2;235;131;148m▄[48;2;118;161;86m[38;2;233;150;158m▄[48;2;124;169;78m[38;2;206;138;143m▄[48;2;124;169;92m[38;2;194;188;194m▄[48;2;161;182;153m[38;2;210;209;214m▄[48;2;208;207;209m[38;2;212;212;211m▄[48;2;215;216;215m[38;2;216;216;216m▄[48;2;216;216;216m[38;2;216;216;216m▄[48;2;216;216;216m[38;2;216;216;216m▄[48;2;217;217;217m[38;2;216;216;216m▄[48;2;216;216;216m[38;2;215;215;215m▄[48;2;216;216;216m[38;2;215;215;215m▄[48;2;216;216;216m[38;2;215;215;215m▄[48;2;215;215;215m[38;2;215;215;215m▄[48;2;215;215;215m[38;2;214;214;214m▄[48;2;213;213;213m[38;2;213;213;213m▄[48;2;213;213;213m[38;2;213;213;213m▄[48;2;213;213;213m[38;2;212;212;212m▄[48;2;212;212;212m[38;2;211;211;211m▄[48;2;211;211;211m[38;2;211;211;211m▄[48;2;211;211;211m[38;2;210;210;210m▄[48;2;211;211;211m[38;2;210;210;210m▄[48;2;210;210;210m[38;2;210;210;210m▄[48;2;209;209;209m[38;2;209;209;209m▄[48;2;208;208;208m[38;2;208;208;208m▄[48;2;208;208;208m[38;2;208;208;208m▄[48;2;207;207;207m[38;2;207;207;207m▄[48;2;207;207;207m[38;2;207;206;207m▄[48;2;206;205;206m[38;2;205;205;206m▄[48;2;204;204;204m[38;2;204;204;204m▄[48;2;204;204;204m[38;2;203;203;203m▄[0m
[48;2;216;216;216m[38;2;216;216;215m▄[48;2;216;216;216m[38;2;216;216;216m▄[48;2;216;216;216m[38;2;216;216;216m▄[48;2;216;216;216m[38;2;216;216;216m▄[48;2;216;216;216m[38;2;216;216;216m▄[48;2;217;217;217m[38;2;217;217;217m▄[48;2;218;218;218m[38;2;217;217;217m▄[48;2;218;218;218m[38;2;217;217;217m▄[48;2;219;219;219m[38;2;218;218;218m▄[48;2;220;220;220m[38;2;219;219;219m▄[48;2;221;221;221m[38;2;219;219;219m▄[48;2;222;222;222m[38;2;220;220;220m▄[48;2;222;222;222m[38;2;220;220;220m▄[48;2;221;221;221m[38;2;221;221;221m▄[48;2;222;222;222m[38;2;222;222;222m▄[48;2;222;222;222m[38;2;222;222;222m▄[48;2;223;223;223m[38;2;222;222;222m▄[48;2;223;223;223m[38;2;222;222;222m▄[48;2;223;223;223m[38;2;223;223;223m▄[48;2;223;223;223m[38;2;223;223;223m▄[48;2;223;223;223m[38;2;222;222;222m▄[48;2;223;223;223m[38;2;222;222;222m▄[48;2;223;223;223m[38;2;222;222;222m▄[48;2;223;223;223m[38;2;222;221;222m▄[48;2;223;223;223m[38;2;225;229;228m▄[48;2;223;226;226m[38;2;214;194;199m▄[48;2;213;151;161m[38;2;222;121;136m▄[48;2;226;126;141m[38;2;235;125;139m▄[48;2;234;136;148m[38;2;219;97;118m▄[48;2;220;130;142m[38;2;214;138;153m▄[48;2;218;148;158m[38;2;254;255;255m▄[48;2;231;139;150m[38;2;224;168;177m▄[48;2;241;163;171m[38;2;224;131;144m▄[48;2;223;133;143m[38;2;225;134;145m▄[48;2;240;154;163m[38;2;226;144;155m▄[48;2;233;141;154m[38;2;220;118;133m▄[48;2;206;147;157m[38;2;228;122;137m▄[48;2;213;219;218m[38;2;226;211;214m▄[48;2;222;221;221m[38;2;237;240;239m▄[48;2;217;218;219m[38;2;226;224;219m▄[48;2;217;218;218m[38;2;217;211;201m▄[48;2;216;216;215m[38;2;214;205;193m▄[48;2;216;218;220m[38;2;213;202;187m▄[48;2;215;216;217m[38;2;215;213;210m▄[48;2;215;215;215m[38;2;215;216;217m▄[48;2;215;215;215m[38;2;215;215;214m▄[48;2;215;215;215m[38;2;215;215;215m▄[48;2;214;214;214m[38;2;214;214;214m▄[48;2;213;213;213m[38;2;213;213;213m▄[48;2;212;212;212m[38;2;212;212;212m▄[48;2;212;212;212m[38;2;212;212;212m▄[48;2;211;211;211m[38;2;211;211;211m▄[48;2;211;211;211m[38;2;211;211;211m▄[48;2;211;211;211m[38;2;211;211;211m▄[48;2;210;210;210m[38;2;210;210;210m▄[48;2;209;209;209m[38;2;209;209;209m▄[48;2;209;209;209m[38;2;209;209;209m▄[48;2;209;208;209m[38;2;209;209;209m▄[48;2;208;208;208m[38;2;207;207;207m▄[48;2;208;207;208m[38;2;207;207;207m▄[48;2;207;206;208m[38;2;206;206;206m▄[48;2;205;204;205m[38;2;205;205;205m▄[48;2;204;204;204m[38;2;204;204;204m▄[48;2;204;204;204m[38;2;204;204;204m▄[0m
[48;2;215;215;215m[38;2;215;215;215m▄[48;2;216;216;216m[38;2;216;216;216m▄[48;2;217;217;217m[38;2;216;216;216m▄[48;2;216;216;216m[38;2;216;216;216m▄[48;2;216;216;216m[38;2;217;217;217m▄[48;2;216;216;216m[38;2;217;217;217m▄[48;2;216;216;216m[38;2;217;217;217m▄[48;2;217;217;217m[38;2;217;217;217m▄[48;2;217;217;217m[38;2;216;216;216m▄[48;2;218;218;218m[38;2;217;217;217m▄[48;2;218;218;218m[38;2;218;218;218m▄[48;2;218;218;218m[38;2;218;218;218m▄[48;2;219;219;219m[38;2;218;218;218m▄[48;2;219;219;219m[38;2;218;218;218m▄[48;2;220;220;220m[38;2;219;219;219m▄[48;2;221;221;221m[38;2;221;221;221m▄[48;2;221;221;221m[38;2;220;220;220m▄[48;2;221;221;221m[38;2;221;221;221m▄[48;2;221;221;221m[38;2;221;221;221m▄[48;2;222;222;222m[38;2;222;222;222m▄[48;2;221;221;221m[38;2;221;221;221m▄[48;2;222;222;222m[38;2;221;220;220m▄[48;2;222;222;222m[38;2;221;220;220m▄[48;2;222;220;221m[38;2;221;219;220m▄[48;2;224;229;228m[38;2;222;221;221m▄[48;2;210;184;190m[38;2;218;215;216m▄[48;2;220;108;127m[38;2;198;108;126m▄[48;2;220;110;128m[38;2;213;101;120m▄[48;2;211;98;120m[38;2;221;104;123m▄[48;2;203;92;113m[38;2;218;105;122m▄[48;2;226;182;190m[38;2;218;105;122m▄[48;2;255;255;255m[38;2;216;150;164m▄[48;2;239;216;220m[38;2;241;229;233m▄[48;2;205;112;129m[38;2;215;120;137m▄[48;2;214;103;121m[38;2;231;119;134m▄[48;2;231;121;136m[38;2;229;115;131m▄[48;2;224;114;130m[38;2;211;127;144m▄[48;2;230;209;212m[38;2;213;214;215m▄[48;2;253;255;255m[38;2;232;231;231m▄[48;2;228;225;224m[38;2;225;224;226m▄[48;2;216;215;214m[38;2;216;216;215m▄[48;2;215;216;218m[38;2;216;216;216m▄[48;2;213;207;200m[38;2;217;220;225m▄[48;2;210;197;178m[38;2;206;192;173m▄[48;2;215;216;217m[38;2;213;211;209m▄[48;2;215;214;214m[38;2;214;215;215m▄[48;2;214;214;214m[38;2;213;213;213m▄[48;2;213;213;213m[38;2;213;213;213m▄[48;2;213;213;213m[38;2;212;211;212m▄[48;2;212;212;212m[38;2;211;211;211m▄[48;2;211;211;211m[38;2;211;211;211m▄[48;2;211;211;211m[38;2;211;211;211m▄[48;2;211;211;211m[38;2;211;211;211m▄[48;2;211;211;211m[38;2;210;210;210m▄[48;2;210;210;210m[38;2;209;209;209m▄[48;2;209;209;209m[38;2;209;209;209m▄[48;2;208;208;208m[38;2;209;209;209m▄[48;2;208;208;208m[38;2;208;208;208m▄[48;2;207;207;207m[38;2;207;207;207m▄[48;2;206;206;206m[38;2;206;206;206m▄[48;2;205;205;205m[38;2;205;205;205m▄[48;2;204;204;204m[38;2;204;204;204m▄[48;2;204;204;204m[38;2;203;203;203m▄[48;2;203;203;203m[38;2;203;203;203m▄[0m
[48;2;214;214;214m[38;2;215;215;215m▄[48;2;215;215;215m[38;2;215;215;215m▄[48;2;215;215;215m[38;2;215;215;215m▄[48;2;216;216;216m[38;2;215;215;215m▄[48;2;217;217;217m[38;2;216;216;216m▄[48;2;217;217;217m[38;2;216;216;216m▄[48;2;217;217;217m[38;2;216;216;216m▄[48;2;217;217;217m[38;2;217;217;217m▄[48;2;216;216;216m[38;2;217;217;217m▄[48;2;216;216;216m[38;2;217;217;217m▄[48;2;217;217;217m[38;2;217;217;217m▄[48;2;217;217;217m[38;2;217;217;217m▄[48;2;217;217;217m[38;2;217;217;217m▄[48;2;218;218;218m[38;2;217;217;217m▄[48;2;217;217;217m[38;2;217;217;217m▄[48;2;218;218;218m[38;2;218;218;218m▄[48;2;219;219;219m[38;2;218;218;218m▄[48;2;220;220;220m[38;2;219;219;219m▄[48;2;221;221;221m[38;2;221;220;220m▄[48;2;222;221;221m[38;2;226;227;227m▄[48;2;221;222;222m[38;2;221;218;218m▄[48;2;221;225;225m[38;2;219;200;201m▄[48;2;220;225;225m[38;2;223;194;196m▄[48;2;219;225;224m[38;2;221;189;191m▄[48;2;219;224;224m[38;2;219;187;189m▄[48;2;222;230;228m[38;2;219;210;210m▄[48;2;203;179;185m[38;2;217;222;222m▄[48;2;213;101;119m[38;2;203;110;128m▄[48;2;222;103;121m[38;2;227;99;116m▄[48;2;211;98;118m[38;2;210;92;113m▄[48;2;233;130;142m[38;2;229;121;135m▄[48;2;225;115;129m[38;2;210;101;120m▄[48;2;195;84;105m[38;2;204;82;104m▄[48;2;204;85;108m[38;2;218;95;115m▄[48;2;212;95;116m[38;2;214;81;104m▄[48;2;200;82;106m[38;2;191;100;119m▄[48;2;192;173;179m[38;2;196;205;205m▄[48;2;207;216;215m[38;2;215;181;183m▄[48;2;217;221;221m[38;2;225;165;168m▄[48;2;220;223;222m[38;2;218;200;203m▄[48;2;217;218;220m[38;2;209;206;198m▄[48;2;214;212;211m[38;2;200;190;168m▄[48;2;205;192;175m[38;2;206;204;192m▄[48;2;206;194;177m[38;2;214;213;215m▄[48;2;214;215;216m[38;2;207;202;194m▄[48;2;213;213;213m[38;2;212;212;213m▄[48;2;213;213;213m[38;2;212;212;211m▄[48;2;212;212;213m[38;2;211;211;211m▄[48;2;211;211;211m[38;2;211;211;211m▄[48;2;211;211;211m[38;2;211;211;211m▄[48;2;211;211;211m[38;2;211;211;211m▄[48;2;211;211;211m[38;2;210;210;210m▄[48;2;210;210;210m[38;2;209;209;210m▄[48;2;208;209;209m[38;2;208;208;209m▄[48;2;208;208;209m[38;2;209;208;209m▄[48;2;209;209;209m[38;2;208;208;208m▄[48;2;208;208;208m[38;2;208;208;208m▄[48;2;208;208;208m[38;2;207;207;207m▄[48;2;207;207;207m[38;2;207;207;207m▄[48;2;206;206;206m[38;2;205;205;205m▄[48;2;204;204;205m[38;2;204;204;204m▄[48;2;204;204;204m[38;2;204;204;204m▄[48;2;203;203;203m[38;2;203;203;203m▄[48;2;204;204;204m[38;2;203;203;203m▄[0m
[48;2;215;215;215m[38;2;214;213;214m▄[48;2;215;215;215m[38;2;214;214;215m▄[48;2;215;215;215m[38;2;215;215;214m▄[48;2;215;215;215m[38;2;215;215;215m▄[48;2;216;216;216m[38;2;215;215;215m▄[48;2;216;216;216m[38;2;215;215;215m▄[48;2;216;216;216m[38;2;216;216;216m▄[48;2;217;217;217m[38;2;216;216;216m▄[48;2;216;216;216m[38;2;216;216;217m▄[48;2;217;217;217m[38;2;216;216;217m▄[48;2;217;217;217m[38;2;217;217;217m▄[48;2;216;216;216m[38;2;217;217;217m▄[48;2;216;216;216m[38;2;217;217;217m▄[48;2;217;217;217m[38;2;217;217;217m▄[48;2;216;216;216m[38;2;217;217;217m▄[48;2;216;216;216m[38;2;217;217;217m▄[48;2;217;217;217m[38;2;217;216;216m▄[48;2;221;220;219m[38;2;219;223;223m▄[48;2;226;228;225m[38;2;221;201;204m▄[48;2;241;240;240m[38;2;240;202;208m▄[48;2;237;203;205m[38;2;239;204;207m▄[48;2;230;162;167m[38;2;216;121;132m▄[48;2;226;144;152m[38;2;232;161;170m▄[48;2;226;144;152m[38;2;218;122;134m▄[48;2;232;158;165m[38;2;213;132;141m▄[48;2;226;147;155m[38;2;242;184;190m▄[48;2;219;196;198m[38;2;217;151;159m▄[48;2;208;192;196m[38;2;215;226;224m▄[48;2;199;103;122m[38;2;208;209;211m▄[48;2;201;82;106m[38;2;196;195;198m▄[48;2;195;102;122m[38;2;202;166;171m▄[48;2;202;125;137m[38;2;239;162;170m▄[48;2;210;127;139m[38;2;222;148;156m▄[48;2;202;87;109m[38;2;193;181;185m▄[48;2;193;96;117m[38;2;194;197;198m▄[48;2;190;178;184m[38;2;203;215;212m▄[48;2;204;182;183m[38;2;216;150;156m▄[48;2;230;154;161m[38;2;234;174;181m▄[48;2;235;167;174m[38;2;214;128;140m▄[48;2;219;157;160m[38;2;210;162;166m▄[48;2;202;197;183m[38;2;209;196;198m▄[48;2;217;183;187m[38;2;231;146;157m▄[48;2;217;189;195m[38;2;226;141;149m▄[48;2;209;207;201m[38;2;208;188;189m▄[48;2;207;201;193m[38;2;212;217;216m▄[48;2;212;213;214m[38;2;210;210;210m▄[48;2;211;211;211m[38;2;211;211;211m▄[48;2;211;211;211m[38;2;211;211;211m▄[48;2;210;210;210m[38;2;211;211;211m▄[48;2;211;211;211m[38;2;211;211;211m▄[48;2;211;211;211m[38;2;211;210;211m▄[48;2;210;210;210m[38;2;209;209;210m▄[48;2;209;209;209m[38;2;208;208;208m▄[48;2;209;209;209m[38;2;208;208;208m▄[48;2;209;209;209m[38;2;208;208;208m▄[48;2;208;208;208m[38;2;208;208;208m▄[48;2;208;208;207m[38;2;207;207;208m▄[48;2;207;207;207m[38;2;207;207;207m▄[48;2;207;207;207m[38;2;207;207;206m▄[48;2;205;205;205m[38;2;205;205;205m▄[48;2;204;204;204m[38;2;203;203;203m▄[48;2;203;203;203m[38;2;203;203;203m▄[48;2;203;203;203m[38;2;203;203;203m▄[48;2;203;203;203m[38;2;203;203;203m▄[0m
[48;2;213;213;213m[38;2;212;212;211m▄[48;2;214;214;214m[38;2;212;212;212m▄[48;2;214;214;214m[38;2;214;214;214m▄[48;2;215;215;215m[38;2;214;214;214m▄[48;2;215;215;215m[38;2;214;214;214m▄[48;2;215;215;215m[38;2;215;215;215m▄[48;2;215;215;215m[38;2;214;214;214m▄[48;2;216;216;216m[38;2;215;215;215m▄[48;2;216;216;216m[38;2;216;216;216m▄[48;2;216;216;216m[38;2;216;216;216m▄[48;2;216;216;216m[38;2;216;216;216m▄[48;2;217;217;217m[38;2;216;216;216m▄[48;2;217;217;217m[38;2;216;216;216m▄[48;2;217;217;217m[38;2;216;216;216m▄[48;2;217;217;217m[38;2;217;217;217m▄[48;2;217;217;217m[38;2;217;217;218m▄[48;2;217;215;215m[38;2;217;215;216m▄[48;2;219;227;226m[38;2;218;224;223m▄[48;2;209;151;159m[38;2;211;175;180m▄[48;2;241;199;203m[38;2;206;113;128m▄[48;2;214;135;145m[38;2;190;85;104m▄[48;2;215;124;135m[38;2;224;150;161m▄[48;2;237;177;186m[38;2;223;148;158m▄[48;2;197;112;125m[38;2;203;109;125m▄[48;2;215;147;155m[38;2;227;162;172m▄[48;2;240;181;188m[38;2;191;91;109m▄[48;2;199;107;120m[38;2;214;129;142m▄[48;2;213;152;161m[38;2;214;136;149m▄[48;2;214;143;154m[38;2;226;158;169m▄[48;2;208;159;167m[38;2;217;130;144m▄[48;2;206;144;152m[38;2;198;99;115m▄[48;2;207;106;120m[38;2;232;171;178m▄[48;2;205;127;138m[38;2;188;86;104m▄[48;2;202;158;165m[38;2;225;152;163m▄[48;2;215;149;158m[38;2;215;137;150m▄[48;2;204;140;148m[38;2;207;118;132m▄[48;2;223;147;156m[38;2;225;155;165m▄[48;2;231;178;182m[38;2;218;158;167m▄[48;2;208;116;128m[38;2;218;151;161m▄[48;2;205;137;147m[38;2;225;149;160m▄[48;2;204;161;167m[38;2;190;89;105m▄[48;2;210;114;126m[38;2;236;170;178m▄[48;2;207;126;137m[38;2;192;121;132m▄[48;2;204;199;201m[38;2;200;202;202m▄[48;2;210;211;211m[38;2;210;210;210m▄[48;2;211;210;211m[38;2;211;210;210m▄[48;2;211;211;211m[38;2;211;211;211m▄[48;2;211;211;211m[38;2;211;210;212m▄[48;2;211;211;209m[38;2;211;210;210m▄[48;2;211;211;210m[38;2;210;211;211m▄[48;2;211;210;211m[38;2;210;211;214m▄[48;2;210;209;211m[38;2;210;209;214m▄[48;2;209;208;210m[38;2;209;208;212m▄[48;2;209;209;209m[38;2;209;208;210m▄[48;2;208;208;208m[38;2;208;208;208m▄[48;2;208;208;208m[38;2;208;208;207m▄[48;2;208;208;207m[38;2;208;208;203m▄[48;2;207;207;207m[38;2;207;207;203m▄[48;2;205;205;206m[38;2;205;205;204m▄[48;2;203;203;203m[38;2;204;203;204m▄[48;2;203;203;203m[38;2;203;203;203m▄[48;2;203;203;203m[38;2;203;202;204m▄[48;2;203;203;203m[38;2;203;202;204m▄[48;2;202;202;202m[38;2;203;203;203m▄[0m
[48;2;211;211;211m[38;2;210;210;210m▄[48;2;212;212;212m[38;2;211;211;211m▄[48;2;212;212;212m[38;2;211;211;211m▄[48;2;213;213;213m[38;2;211;211;212m▄[48;2;213;213;213m[38;2;213;213;213m▄[48;2;214;214;214m[38;2;213;213;213m▄[48;2;214;214;214m[38;2;213;213;213m▄[48;2;215;215;215m[38;2;215;215;215m▄[48;2;215;215;215m[38;2;215;215;215m▄[48;2;215;215;216m[38;2;215;215;215m▄[48;2;216;216;215m[38;2;215;215;215m▄[48;2;215;215;215m[38;2;215;215;215m▄[48;2;216;216;216m[38;2;216;216;216m▄[48;2;215;215;215m[38;2;215;215;215m▄[48;2;216;216;216m[38;2;216;216;216m▄[48;2;216;215;216m[38;2;216;216;216m▄[48;2;216;216;216m[38;2;216;216;216m▄[48;2;216;216;216m[38;2;216;216;217m▄[48;2;217;217;218m[38;2;217;217;216m▄[48;2;208;186;191m[38;2;204;203;202m▄[48;2;186;104;122m[38;2;194;107;126m▄[48;2;226;138;152m[38;2;225;128;145m▄[48;2;204;120;136m[38;2;154;55;80m▄[48;2;233;157;168m[38;2;223;132;146m▄[48;2;179;87;105m[38;2;196;108;124m▄[48;2;191;98;116m[38;2;178;81;103m▄[48;2;226;151;163m[38;2;234;143;155m▄[48;2;167;57;81m[38;2;196;105;123m▄[48;2;232;159;169m[38;2;240;151;163m▄[48;2;182;80;101m[38;2;187;90;112m▄[48;2;217;131;145m[38;2;234;147;159m▄[48;2;200;113;128m[38;2;196;100;118m▄[48;2;199;105;121m[38;2;210;123;139m▄[48;2;219;145;158m[38;2;218;126;141m▄[48;2;171;70;91m[38;2;180;95;114m▄[48;2;181;81;101m[38;2;205;120;136m▄[48;2;238;163;173m[38;2;242;155;167m▄[48;2;199;116;133m[38;2;162;52;78m▄[48;2;209;122;137m[38;2;224;127;143m▄[48;2;199;110;126m[38;2;199;108;125m▄[48;2;196;100;117m[38;2;224;139;152m▄[48;2;219;138;151m[38;2;210;116;133m▄[48;2;173;65;87m[38;2;178;78;101m▄[48;2;193;125;139m[38;2;188;133;145m▄[48;2;211;215;214m[38;2;207;213;211m▄[48;2;210;209;209m[38;2;210;209;209m▄[48;2;211;211;211m[38;2;211;211;211m▄[48;2;210;210;211m[38;2;210;210;210m▄[48;2;210;210;210m[38;2;210;210;210m▄[48;2;210;210;211m[38;2;210;210;210m▄[48;2;208;211;215m[38;2;208;209;211m▄[48;2;208;211;216m[38;2;206;209;213m▄[48;2;209;208;214m[38;2;208;208;213m▄[48;2;209;208;211m[38;2;208;208;210m▄[48;2;208;207;209m[38;2;208;208;208m▄[48;2;208;208;207m[38;2;208;208;206m▄[48;2;207;208;203m[38;2;206;208;202m▄[48;2;207;207;202m[38;2;205;207;202m▄[48;2;205;205;202m[38;2;204;206;203m▄[48;2;203;203;203m[38;2;203;203;204m▄[48;2;203;203;203m[38;2;203;203;203m▄[48;2;203;202;203m[38;2;203;203;203m▄[48;2;202;202;203m[38;2;201;201;201m▄[48;2;202;202;203m[38;2;202;201;203m▄[0m
[48;2;210;210;210m[38;2;210;210;210m▄[48;2;210;210;210m[38;2;210;210;210m▄[48;2;210;210;210m[38;2;210;210;210m▄[48;2;210;211;210m[38;2;210;210;210m▄[48;2;211;211;211m[38;2;210;210;210m▄[48;2;212;212;212m[38;2;211;211;211m▄[48;2;213;213;213m[38;2;212;212;212m▄[48;2;213;213;213m[38;2;212;212;212m▄[48;2;214;213;214m[38;2;213;213;213m▄[48;2;215;214;215m[38;2;213;213;213m▄[48;2;215;215;214m[38;2;214;214;214m▄[48;2;215;215;215m[38;2;214;214;214m▄[48;2;215;215;215m[38;2;214;214;214m▄[48;2;215;215;215m[38;2;214;214;214m▄[48;2;215;215;215m[38;2;215;215;215m▄[48;2;215;215;215m[38;2;215;215;215m▄[48;2;215;214;214m[38;2;214;213;213m▄[48;2;216;217;219m[38;2;217;218;220m▄[48;2;209;204;193m[38;2;201;190;176m▄[48;2;201;185;184m[38;2;211;209;201m▄[48;2;184;83;104m[38;2;194;148;164m▄[48;2;196;86;107m[38;2;173;100;119m▄[48;2;178;136;150m[38;2;197;189;183m▄[48;2;179;89;112m[38;2;183;140;142m▄[48;2;235;139;154m[38;2;182;74;98m▄[48;2;169;68;92m[38;2;232;131;148m▄[48;2;181;76;98m[38;2;178;86;107m▄[48;2;184;86;108m[38;2;162;83;102m▄[48;2;183;80;104m[38;2;154;54;79m▄[48;2;184;90;111m[38;2;180;122;136m▄[48;2;180;84;106m[38;2;182;137;150m▄[48;2;192;98;119m[38;2;176;100;118m▄[48;2;169;74;97m[38;2;187;118;133m▄[48;2;189;93;114m[38;2;169;79;101m▄[48;2;189;94;115m[38;2;170;75;98m▄[48;2;163;61;86m[38;2;184;101;121m▄[48;2;177;74;98m[38;2;171;78;102m▄[48;2;173;95;114m[38;2;195;179;184m▄[48;2;181;83;106m[38;2;192;169;174m▄[48;2;182;81;106m[38;2;187;158;159m▄[48;2;172;72;97m[38;2;191;171;173m▄[48;2;189;82;104m[38;2;185;152;163m▄[48;2;177;99;117m[38;2;191;188;187m▄[48;2;190;187;188m[38;2;195;196;194m▄[48;2;202;203;203m[38;2;206;206;206m▄[48;2;209;209;209m[38;2;209;209;209m▄[48;2;209;209;209m[38;2;209;209;209m▄[48;2;209;209;209m[38;2;209;208;209m▄[48;2;209;209;209m[38;2;208;208;208m▄[48;2;209;209;209m[38;2;208;208;208m▄[48;2;208;208;209m[38;2;208;208;208m▄[48;2;208;207;210m[38;2;208;208;208m▄[48;2;208;207;210m[38;2;208;208;208m▄[48;2;208;207;208m[38;2;207;207;207m▄[48;2;207;207;206m[38;2;207;207;205m▄[48;2;208;208;203m[38;2;207;207;202m▄[48;2;206;207;202m[38;2;207;207;203m▄[48;2;204;207;202m[38;2;203;205;202m▄[48;2;203;206;204m[38;2;202;204;203m▄[48;2;202;203;205m[38;2;203;203;206m▄[48;2;202;201;203m[38;2;202;202;204m▄[48;2;202;202;202m[38;2;201;201;202m▄[48;2;201;201;201m[38;2;201;201;201m▄[48;2;201;201;201m[38;2;201;201;201m▄[0m
[48;2;210;210;210m[38;2;209;209;209m▄[48;2;210;210;210m[38;2;209;209;209m▄[48;2;210;210;210m[38;2;210;210;210m▄[48;2;210;210;210m[38;2;210;210;210m▄[48;2;210;210;210m[38;2;210;210;210m▄[48;2;210;210;210m[38;2;210;210;210m▄[48;2;211;211;211m[38;2;211;211;211m▄[48;2;211;211;211m[38;2;211;211;211m▄[48;2;211;211;211m[38;2;211;211;211m▄[48;2;212;212;211m[38;2;212;212;212m▄[48;2;212;212;212m[38;2;212;212;212m▄[48;2;213;213;213m[38;2;213;212;213m▄[48;2;213;213;213m[38;2;212;212;212m▄[48;2;213;213;213m[38;2;212;212;212m▄[48;2;213;213;213m[38;2;212;212;212m▄[48;2;214;214;214m[38;2;213;213;213m▄[48;2;213;213;213m[38;2;213;213;213m▄[48;2;215;215;216m[38;2;213;213;214m▄[48;2;211;208;205m[38;2;214;215;216m▄[48;2;196;181;164m[38;2;212;211;213m▄[48;2;201;193;177m[38;2;206;202;198m▄[48;2;196;189;172m[38;2;208;206;205m▄[48;2;195;186;173m[38;2;210;210;213m▄[48;2;210;213;209m[38;2;209;208;210m▄[48;2;180;129;144m[38;2;213;219;217m▄[48;2;177;75;99m[38;2;189;159;168m▄[48;2;213;109;128m[38;2;169;91;113m▄[48;2;200;101;120m[38;2;176;85;108m▄[48;2;196;106;126m[38;2;176;79;103m▄[48;2;194;98;118m[38;2;172;84;106m▄[48;2;194;111;129m[38;2;176;84;107m▄[48;2;177;93;113m[38;2;178;80;104m▄[48;2;160;63;87m[38;2;180;80;104m▄[48;2;178;107;124m[38;2;183;101;121m▄[48;2;180;122;136m[38;2;184;103;122m▄[48;2;169;85;105m[38;2;199;109;127m▄[48;2;199;104;124m[38;2;174;68;93m▄[48;2;178;134;145m[38;2;183;149;157m▄[48;2;205;210;196m[38;2;209;213;213m▄[48;2;196;190;177m[38;2;209;208;212m▄[48;2;196;188;170m[38;2;207;207;209m▄[48;2;200;195;178m[38;2;205;203;202m▄[48;2;200;193;182m[38;2;207;206;207m▄[48;2;206;204;203m[38;2;207;207;208m▄[48;2;208;208;209m[38;2;208;207;207m▄[48;2;208;208;208m[38;2;208;208;207m▄[48;2;208;208;208m[38;2;207;207;207m▄[48;2;208;208;208m[38;2;207;207;207m▄[48;2;207;207;208m[38;2;207;207;207m▄[48;2;208;208;208m[38;2;207;207;207m▄[48;2;208;207;209m[38;2;207;206;207m▄[48;2;207;206;207m[38;2;206;206;206m▄[48;2;206;206;206m[38;2;205;205;205m▄[48;2;206;206;206m[38;2;204;204;205m▄[48;2;205;205;203m[38;2;203;203;201m▄[48;2;205;205;200m[38;2;203;203;200m▄[48;2;204;204;202m[38;2;203;203;202m▄[48;2;203;203;204m[38;2;203;203;203m▄[48;2;203;203;203m[38;2;203;203;203m▄[48;2;203;202;203m[38;2;202;202;202m▄[48;2;202;202;203m[38;2;202;201;202m▄[48;2;201;201;202m[38;2;201;201;201m▄[48;2;201;201;202m[38;2;201;201;201m▄[48;2;201;201;201m[38;2;202;202;202m▄[0m
[48;2;211;211;211m[38;2;215;215;215m▄[48;2;211;211;211m[38;2;215;215;215m▄[48;2;212;212;212m[38;2;216;216;216m▄[48;2;212;212;213m[38;2;216;216;216m▄[48;2;213;213;213m[38;2;216;216;216m▄[48;2;214;214;214m[38;2;216;216;216m▄[48;2;214;214;214m[38;2;216;216;216m▄[48;2;214;214;214m[38;2;216;216;216m▄[48;2;214;214;215m[38;2;216;216;216m▄[48;2;215;215;215m[38;2;216;216;216m▄[48;2;215;215;215m[38;2;216;216;216m▄[48;2;215;215;215m[38;2;216;216;216m▄[48;2;215;215;215m[38;2;216;216;216m▄[48;2;215;215;215m[38;2;216;216;217m▄[48;2;215;215;215m[38;2;216;216;216m▄[48;2;215;215;215m[38;2;216;216;216m▄[48;2;215;215;215m[38;2;216;216;216m▄[48;2;216;216;216m[38;2;217;217;217m▄[48;2;216;216;215m[38;2;217;217;217m▄[48;2;216;216;216m[38;2;218;218;218m▄[48;2;216;216;218m[38;2;218;217;217m▄[48;2;214;214;215m[38;2;219;219;219m▄[48;2;215;216;215m[38;2;213;209;210m▄[48;2;221;224;223m[38;2;183;165;170m▄[48;2;218;218;218m[38;2;197;188;191m▄[48;2;219;226;224m[38;2;185;170;174m▄[48;2;211;215;214m[38;2;189;179;182m▄[48;2;200;193;195m[38;2;177;166;168m▄[48;2;195;184;187m[38;2;177;170;171m▄[48;2;198;196;197m[38;2;165;152;156m▄[48;2;190;172;177m[38;2;164;151;154m▄[48;2;168;109;125m[38;2;193;198;197m▄[48;2;166;87;106m[38;2;188;182;184m▄[48;2;174;84;106m[38;2;167;140;147m▄[48;2;177;80;103m[38;2;160;129;136m▄[48;2;167;81;101m[38;2;172;156;158m▄[48;2;176;130;141m[38;2;170;162;163m▄[48;2;196;198;197m[38;2;184;177;180m▄[48;2;210;212;212m[38;2;181;169;172m▄[48;2;211;211;210m[38;2;206;204;205m▄[48;2;209;209;208m[38;2;215;216;217m▄[48;2;210;210;210m[38;2;212;212;212m▄[48;2;209;209;209m[38;2;212;212;212m▄[48;2;209;209;209m[38;2;211;211;211m▄[48;2;209;208;209m[38;2;210;210;211m▄[48;2;209;209;209m[38;2;210;209;210m▄[48;2;209;209;209m[38;2;210;210;210m▄[48;2;209;209;209m[38;2;210;210;210m▄[48;2;207;207;208m[38;2;209;209;209m▄[48;2;208;207;209m[38;2;210;210;210m▄[48;2;208;208;208m[38;2;209;209;209m▄[48;2;208;208;208m[38;2;209;209;209m▄[48;2;208;208;208m[38;2;209;209;209m▄[48;2;207;207;207m[38;2;209;209;209m▄[48;2;206;206;206m[38;2;208;208;208m▄[48;2;206;206;206m[38;2;208;208;208m▄[48;2;205;205;205m[38;2;208;208;208m▄[48;2;205;205;205m[38;2;208;208;208m▄[48;2;204;204;204m[38;2;207;207;207m▄[48;2;204;204;204m[38;2;206;206;206m▄[48;2;203;203;203m[38;2;206;205;206m▄[48;2;202;202;202m[38;2;205;205;205m▄[48;2;202;202;202m[38;2;204;204;204m▄[48;2;202;202;202m[38;2;205;205;205m▄[0m
[48;2;218;218;218m[38;2;222;222;222m▄[48;2;218;218;218m[38;2;223;223;223m▄[48;2;218;218;218m[38;2;222;222;222m▄[48;2;218;218;218m[38;2;223;223;223m▄[48;2;218;218;218m[38;2;223;223;223m▄[48;2;219;219;219m[38;2;223;223;223m▄[48;2;219;219;219m[38;2;223;223;223m▄[48;2;220;220;220m[38;2;224;224;224m▄[48;2;219;219;219m[38;2;223;223;223m▄[48;2;219;219;219m[38;2;224;224;224m▄[48;2;220;220;220m[38;2;224;224;224m▄[48;2;220;220;220m[38;2;223;223;223m▄[48;2;220;220;220m[38;2;224;224;224m▄[48;2;221;221;221m[38;2;224;224;224m▄[48;2;220;220;220m[38;2;224;224;224m▄[48;2;220;220;220m[38;2;224;224;224m▄[48;2;218;218;219m[38;2;224;223;224m▄[48;2;216;215;217m[38;2;222;222;223m▄[48;2;211;211;211m[38;2;218;218;218m▄[48;2;205;204;205m[38;2;214;215;214m▄[48;2;201;201;201m[38;2;201;198;199m▄[48;2;203;206;206m[38;2;197;192;193m▄[48;2;185;177;179m[38;2;192;185;185m▄[48;2;127;89;96m[38;2;175;160;162m▄[48;2;164;145;148m[38;2;177;164;167m▄[48;2;126;91;100m[38;2;171;157;161m▄[48;2;156;131;137m[38;2;175;165;167m▄[48;2;143;115;119m[38;2;169;159;161m▄[48;2;162;140;143m[38;2;168;159;161m▄[48;2;145;119;125m[38;2;176;166;168m▄[48;2;129;93;100m[38;2;176;167;167m▄[48;2;193;187;188m[38;2;172;163;163m▄[48;2;199;200;201m[38;2;182;179;180m▄[48;2;149;130;132m[38;2;170;159;161m▄[48;2;131;102;107m[38;2;168;153;156m▄[48;2;156;136;139m[38;2;174;161;164m▄[48;2;140;108;115m[38;2;163;147;150m▄[48;2;165;148;151m[38;2;183;176;177m▄[48;2;138;107;114m[38;2;182;171;174m▄[48;2;172;157;161m[38;2;175;162;165m▄[48;2;196;194;196m[38;2;180;171;173m▄[48;2;201;202;203m[38;2;188;182;184m▄[48;2;201;202;202m[38;2;189;183;185m▄[48;2;203;203;204m[38;2;204;203;204m▄[48;2;208;208;208m[38;2;211;211;211m▄[48;2;210;210;211m[38;2;214;213;214m▄[48;2;212;212;212m[38;2;215;215;216m▄[48;2;213;213;213m[38;2;215;215;216m▄[48;2;212;212;213m[38;2;215;215;216m▄[48;2;212;212;212m[38;2;215;215;215m▄[48;2;211;211;212m[38;2;215;215;215m▄[48;2;211;211;211m[38;2;215;214;215m▄[48;2;210;210;210m[38;2;214;214;214m▄[48;2;210;210;210m[38;2;213;213;213m▄[48;2;210;210;210m[38;2;213;213;213m▄[48;2;210;210;210m[38;2;211;211;211m▄[48;2;210;210;210m[38;2;211;211;211m▄[48;2;209;209;209m[38;2;210;210;210m▄[48;2;213;213;213m[38;2;217;217;217m▄[48;2;215;215;215m[38;2;221;221;221m▄[48;2;208;208;208m[38;2;210;210;210m▄[48;2;208;208;208m[38;2;209;209;210m▄[48;2;208;208;208m[38;2;209;209;209m▄[48;2;207;207;207m[38;2;209;209;209m▄[0m
[48;2;224;224;224m[38;2;227;227;227m▄[48;2;224;224;224m[38;2;227;227;227m▄[48;2;225;225;225m[38;2;228;228;228m▄[48;2;225;225;225m[38;2;228;228;228m▄[48;2;225;225;225m[38;2;228;228;228m▄[48;2;225;225;225m[38;2;229;229;229m▄[48;2;226;226;226m[38;2;228;228;228m▄[48;2;226;226;226m[38;2;229;229;229m▄[48;2;225;225;225m[38;2;229;229;229m▄[48;2;225;225;225m[38;2;229;229;229m▄[48;2;225;225;225m[38;2;228;228;228m▄[48;2;225;225;225m[38;2;228;228;228m▄[48;2;225;225;225m[38;2;228;228;228m▄[48;2;226;226;226m[38;2;228;228;228m▄[48;2;225;225;225m[38;2;228;228;228m▄[48;2;225;225;225m[38;2;227;227;227m▄[48;2;225;225;225m[38;2;227;227;227m▄[48;2;226;226;226m[38;2;227;227;227m▄[48;2;225;225;225m[38;2;227;227;227m▄[48;2;231;233;232m[38;2;228;228;228m▄[48;2;205;196;199m[38;2;225;224;224m▄[48;2;176;152;158m[38;2;222;221;221m▄[48;2;171;148;151m[38;2;224;222;221m▄[48;2;184;167;170m[38;2;222;219;220m▄[48;2;194;179;182m[38;2;223;222;223m▄[48;2;195;181;184m[38;2;226;226;226m▄[48;2;168;145;150m[38;2;223;221;221m▄[48;2;181;162;165m[38;2;222;219;219m▄[48;2;182;163;166m[38;2;221;219;219m▄[48;2;184;169;172m[38;2;219;217;217m▄[48;2;192;181;183m[38;2;224;223;224m▄[48;2;167;146;148m[38;2;225;223;224m▄[48;2;191;180;184m[38;2;224;223;223m▄[48;2;181;163;166m[38;2;220;219;218m▄[48;2;177;157;161m[38;2;221;219;219m▄[48;2;175;156;159m[38;2;221;219;220m▄[48;2;177;157;161m[38;2;223;222;222m▄[48;2;205;198;200m[38;2;223;222;223m▄[48;2;186;171;174m[38;2;218;215;215m▄[48;2;192;179;182m[38;2;222;222;222m▄[48;2;186;168;171m[38;2;219;216;217m▄[48;2;168;145;150m[38;2;219;218;218m▄[48;2;182;166;169m[38;2;219;219;219m▄[48;2;217;215;216m[38;2;219;219;219m▄[48;2;218;219;219m[38;2;217;217;217m▄[48;2;217;217;217m[38;2;217;217;217m▄[48;2;216;216;216m[38;2;217;217;217m▄[48;2;216;216;217m[38;2;217;217;217m▄[48;2;216;216;216m[38;2;216;216;216m▄[48;2;216;216;216m[38;2;216;216;216m▄[48;2;215;215;215m[38;2;216;216;216m▄[48;2;215;215;215m[38;2;216;216;216m▄[48;2;215;215;215m[38;2;216;216;216m▄[48;2;215;215;215m[38;2;215;215;215m▄[48;2;214;214;214m[38;2;215;215;215m▄[48;2;214;214;214m[38;2;215;215;215m▄[48;2;214;214;214m[38;2;215;215;215m▄[48;2;213;213;213m[38;2;214;214;214m▄[48;2;212;212;212m[38;2;214;214;214m▄[48;2;212;212;213m[38;2;214;214;215m▄[48;2;210;210;212m[38;2;214;213;214m▄[48;2;210;210;210m[38;2;213;213;213m▄[48;2;210;210;210m[38;2;212;212;212m▄[48;2;210;210;210m[38;2;212;212;212m▄[0m
[48;2;230;230;230m[38;2;231;231;231m▄[48;2;230;230;230m[38;2;231;231;231m▄[48;2;230;230;230m[38;2;231;231;231m▄[48;2;230;230;230m[38;2;231;231;231m▄[48;2;230;230;230m[38;2;231;231;231m▄[48;2;230;230;230m[38;2;231;231;231m▄[48;2;230;230;230m[38;2;231;231;231m▄[48;2;230;230;230m[38;2;231;231;231m▄[48;2;230;230;230m[38;2;231;231;231m▄[48;2;230;230;230m[38;2;231;231;231m▄[48;2;230;230;230m[38;2;231;231;231m▄[48;2;230;230;230m[38;2;231;231;231m▄[48;2;230;230;230m[38;2;230;230;230m▄[48;2;230;230;230m[38;2;231;231;231m▄[48;2;229;229;229m[38;2;231;231;231m▄[48;2;229;229;229m[38;2;230;230;230m▄[48;2;230;230;230m[38;2;230;230;230m▄[48;2;229;229;229m[38;2;230;230;230m▄[48;2;229;229;229m[38;2;230;230;230m▄[48;2;228;228;228m[38;2;229;229;229m▄[48;2;228;228;228m[38;2;229;229;229m▄[48;2;229;230;230m[38;2;229;229;229m▄[48;2;228;229;229m[38;2;228;228;228m▄[48;2;229;229;229m[38;2;229;228;229m▄[48;2;228;229;228m[38;2;228;228;228m▄[48;2;227;227;227m[38;2;227;227;227m▄[48;2;228;229;229m[38;2;227;227;227m▄[48;2;228;228;229m[38;2;227;227;227m▄[48;2;227;227;227m[38;2;227;227;227m▄[48;2;227;228;228m[38;2;227;227;227m▄[48;2;225;225;225m[38;2;226;226;226m▄[48;2;224;224;224m[38;2;226;225;225m▄[48;2;225;225;225m[38;2;224;224;224m▄[48;2;225;225;226m[38;2;225;225;225m▄[48;2;225;225;225m[38;2;224;224;224m▄[48;2;224;224;224m[38;2;224;224;224m▄[48;2;223;223;223m[38;2;224;224;224m▄[48;2;223;223;223m[38;2;223;223;223m▄[48;2;224;224;224m[38;2;223;223;223m▄[48;2;222;222;222m[38;2;223;223;223m▄[48;2;223;223;223m[38;2;222;222;222m▄[48;2;222;222;223m[38;2;221;221;221m▄[48;2;221;222;221m[38;2;221;221;221m▄[48;2;220;220;220m[38;2;221;221;221m▄[48;2;220;220;220m[38;2;221;221;221m▄[48;2;218;218;218m[38;2;220;220;220m▄[48;2;217;217;217m[38;2;218;218;218m▄[48;2;217;217;217m[38;2;217;217;217m▄[48;2;216;216;216m[38;2;217;217;217m▄[48;2;216;216;216m[38;2;216;216;216m▄[48;2;216;216;216m[38;2;216;216;216m▄[48;2;216;216;216m[38;2;216;216;216m▄[48;2;216;216;216m[38;2;216;216;216m▄[48;2;217;217;217m[38;2;217;217;217m▄[48;2;216;216;216m[38;2;217;217;217m▄[48;2;215;215;215m[38;2;216;216;216m▄[48;2;216;216;216m[38;2;217;217;217m▄[48;2;216;216;216m[38;2;216;216;216m▄[48;2;215;215;216m[38;2;216;216;216m▄[48;2;215;215;215m[38;2;216;216;216m▄[48;2;215;215;215m[38;2;216;216;216m▄[48;2;214;214;214m[38;2;216;216;216m▄[48;2;215;215;215m[38;2;215;215;215m▄[48;2;214;214;214m[38;2;215;215;215m▄[0m
