[48;2;217;217;217m[38;2;217;217;217m▄[48;2;218;218;218m[38;2;217;217;217m▄[48;2;220;220;220m[38;2;219;219;219m▄[48;2;221;221;221m[38;2;222;222;222m▄[48;2;222;222;222m[38;2;222;222;222m▄[48;2;223;223;223m[38;2;222;222;222m▄[48;2;223;223;223m[38;2;223;223;223m▄[48;2;224;224;224m[38;2;224;224;224m▄[48;2;225;225;225m[38;2;224;224;224m▄[48;2;225;225;225m[38;2;225;225;225m▄[48;2;225;225;225m[38;2;224;224;224m▄[48;2;226;226;226m[38;2;224;224;224m▄[48;2;226;226;226m[38;2;225;225;225m▄[48;2;227;227;227m[38;2;226;226;226m▄[48;2;227;227;227m[38;2;227;227;227m▄[48;2;227;227;227m[38;2;227;227;227m▄[48;2;227;227;227m[38;2;227;227;227m▄[48;2;228;228;228m[38;2;227;227;227m▄[48;2;228;228;228m[38;2;227;227;227m▄[48;2;228;228;228m[38;2;227;227;227m▄[48;2;229;229;229m[38;2;227;227;227m▄[48;2;228;228;228m[38;2;227;227;227m▄[48;2;228;228;228m[38;2;227;227;227m▄[48;2;228;228;228m[38;2;227;227;227m▄[48;2;227;227;227m[38;2;227;227;227m▄[48;2;227;227;227m[38;2;226;226;226m▄[48;2;227;227;227m[38;2;227;227;227m▄[48;2;227;227;227m[38;2;227;227;227m▄[48;2;226;226;226m[38;2;225;225;225m▄[48;2;225;225;225m[38;2;224;224;224m▄[48;2;225;225;225m[38;2;224;224;224m▄[48;2;225;225;225m[38;2;224;224;224m▄[48;2;225;225;225m[38;2;224;224;224m▄[48;2;224;224;224m[38;2;224;224;224m▄[48;2;223;223;223m[38;2;223;223;223m▄[48;2;224;224;224m[38;2;223;223;223m▄[48;2;223;223;223m[38;2;223;223;223m▄[48;2;222;222;222m[38;2;222;222;222m▄[48;2;221;221;221m[38;2;221;221;221m▄[48;2;220;220;220m[38;2;221;221;221m▄[48;2;218;218;218m[38;2;218;218;218m▄[48;2;217;217;217m[38;2;218;218;218m▄[48;2;217;217;217m[38;2;217;217;217m▄[48;2;216;216;216m[38;2;216;216;216m▄[48;2;216;216;216m[38;2;216;216;216m▄[48;2;216;216;216m[38;2;216;216;216m▄[48;2;215;215;215m[38;2;215;215;215m▄[48;2;215;215;215m[38;2;215;215;215m▄[48;2;215;215;215m[38;2;215;215;215m▄[48;2;215;215;215m[38;2;214;214;214m▄[48;2;214;214;214m[38;2;213;213;213m▄[48;2;212;212;212m[38;2;212;212;212m▄[48;2;211;211;211m[38;2;211;211;211m▄[48;2;211;211;211m[38;2;211;211;211m▄[48;2;211;211;211m[38;2;210;210;210m▄[48;2;209;209;210m[38;2;209;210;209m▄[48;2;208;208;208m[38;2;208;208;208m▄[48;2;208;208;208m[38;2;208;208;208m▄[48;2;208;208;208m[38;2;208;208;208m▄[48;2;208;208;208m[38;2;207;207;207m▄[48;2;206;206;206m[38;2;206;206;206m▄[48;2;205;205;205m[38;2;205;205;205m▄[48;2;204;204;204m[38;2;204;204;204m▄[48;2;204;204;204m[38;2;203;203;203m▄[0m
[48;2;217;217;217m[38;2;217;217;217m▄[48;2;217;217;217m[38;2;217;217;217m▄[48;2;218;218;218m[38;2;217;217;217m▄[48;2;220;220;220m[38;2;219;219;219m▄[48;2;222;222;222m[38;2;221;221;221m▄[48;2;223;223;223m[38;2;223;223;223m▄[48;2;223;223;223m[38;2;223;223;223m▄[48;2;224;224;224m[38;2;223;223;223m▄[48;2;224;224;224m[38;2;224;224;224m▄[48;2;224;224;224m[38;2;224;224;224m▄[48;2;224;224;224m[38;2;224;224;224m▄[48;2;224;224;224m[38;2;224;224;224m▄[48;2;224;224;224m[38;2;224;224;224m▄[48;2;225;225;225m[38;2;224;224;224m▄[48;2;226;226;226m[38;2;224;224;224m▄[48;2;227;227;227m[38;2;226;226;226m▄[48;2;226;226;226m[38;2;227;227;227m▄[48;2;227;227;227m[38;2;227;227;227m▄[48;2;227;227;227m[38;2;227;227;227m▄[48;2;227;227;227m[38;2;227;227;227m▄[48;2;227;227;227m[38;2;226;226;226m▄[48;2;226;226;226m[38;2;227;227;227m▄[48;2;226;226;226m[38;2;227;227;227m▄[48;2;227;227;227m[38;2;227;227;227m▄[48;2;227;227;227m[38;2;227;227;227m▄[48;2;228;228;228m[38;2;227;227;227m▄[48;2;227;227;227m[38;2;225;225;225m▄[48;2;226;226;226m[38;2;225;225;225m▄[48;2;225;225;225m[38;2;223;224;223m▄[48;2;224;224;224m[38;2;222;223;222m▄[48;2;224;224;224m[38;2;223;224;223m▄[48;2;224;224;224m[38;2;224;224;224m▄[48;2;224;224;224m[38;2;224;224;224m▄[48;2;224;224;224m[38;2;223;223;223m▄[48;2;223;223;223m[38;2;221;222;221m▄[48;2;223;223;223m[38;2;222;222;222m▄[48;2;223;223;223m[38;2;223;222;223m▄[48;2;222;222;222m[38;2;221;221;221m▄[48;2;221;221;221m[38;2;221;221;221m▄[48;2;220;220;220m[38;2;220;220;220m▄[48;2;218;218;218m[38;2;218;218;218m▄[48;2;218;218;218m[38;2;218;218;218m▄[48;2;217;217;217m[38;2;216;216;216m▄[48;2;216;216;216m[38;2;216;216;216m▄[48;2;216;216;216m[38;2;216;216;216m▄[48;2;216;216;216m[38;2;216;216;216m▄[48;2;215;215;215m[38;2;215;215;215m▄[48;2;215;215;215m[38;2;215;215;215m▄[48;2;214;214;214m[38;2;214;214;214m▄[48;2;213;213;213m[38;2;214;214;214m▄[48;2;213;213;213m[38;2;213;213;213m▄[48;2;212;212;212m[38;2;212;212;212m▄[48;2;211;211;211m[38;2;211;211;211m▄[48;2;210;210;210m[38;2;210;210;210m▄[48;2;210;210;210m[38;2;210;210;210m▄[48;2;210;210;210m[38;2;210;210;210m▄[48;2;208;208;208m[38;2;208;208;209m▄[48;2;208;207;209m[38;2;208;208;208m▄[48;2;207;207;207m[38;2;208;208;208m▄[48;2;207;207;207m[38;2;207;207;207m▄[48;2;206;206;206m[38;2;206;206;206m▄[48;2;205;205;205m[38;2;206;206;206m▄[48;2;204;204;204m[38;2;204;204;204m▄[48;2;203;203;203m[38;2;203;203;203m▄[0m
[48;2;217;217;217m[38;2;216;216;216m▄[48;2;217;217;217m[38;2;217;217;217m▄[48;2;218;218;218m[38;2;217;217;217m▄[48;2;219;219;219m[38;2;219;219;219m▄[48;2;221;221;221m[38;2;221;221;221m▄[48;2;222;222;222m[38;2;221;221;221m▄[48;2;223;223;223m[38;2;222;222;222m▄[48;2;223;223;223m[38;2;223;223;223m▄[48;2;224;224;224m[38;2;223;223;223m▄[48;2;224;224;224m[38;2;224;224;224m▄[48;2;224;224;224m[38;2;224;224;224m▄[48;2;225;225;225m[38;2;225;225;225m▄[48;2;225;225;225m[38;2;224;224;224m▄[48;2;225;225;225m[38;2;224;224;224m▄[48;2;224;224;224m[38;2;225;225;225m▄[48;2;225;225;225m[38;2;225;225;225m▄[48;2;225;225;225m[38;2;224;224;224m▄[48;2;225;225;225m[38;2;225;225;225m▄[48;2;227;227;227m[38;2;226;226;226m▄[48;2;226;226;226m[38;2;225;225;225m▄[48;2;226;226;226m[38;2;225;225;225m▄[48;2;225;225;225m[38;2;224;224;224m▄[48;2;227;227;227m[38;2;225;225;225m▄[48;2;226;226;226m[38;2;224;224;224m▄[48;2;225;225;225m[38;2;224;224;224m▄[48;2;224;224;224m[38;2;224;224;224m▄[48;2;224;224;224m[38;2;223;224;223m▄[48;2;224;224;224m[38;2;228;226;228m▄[48;2;229;227;229m[38;2;204;214;202m▄[48;2;233;230;233m[38;2;185;203;184m▄[48;2;228;226;227m[38;2;211;215;214m▄[48;2;222;223;222m[38;2;231;228;232m▄[48;2;223;223;223m[38;2;223;224;223m▄[48;2;223;223;223m[38;2;226;225;228m▄[48;2;230;227;231m[38;2;189;204;186m▄[48;2;225;223;225m[38;2;211;217;209m▄[48;2;221;221;221m[38;2;225;223;225m▄[48;2;221;221;221m[38;2;221;221;221m▄[48;2;221;221;221m[38;2;220;220;220m▄[48;2;220;220;220m[38;2;219;219;219m▄[48;2;218;218;218m[38;2;218;218;218m▄[48;2;217;217;217m[38;2;217;217;217m▄[48;2;217;217;217m[38;2;217;217;217m▄[48;2;217;217;217m[38;2;217;217;217m▄[48;2;217;217;217m[38;2;216;216;216m▄[48;2;216;216;216m[38;2;216;216;216m▄[48;2;215;215;215m[38;2;215;215;215m▄[48;2;214;214;214m[38;2;215;215;215m▄[48;2;214;214;214m[38;2;214;214;215m▄[48;2;213;213;213m[38;2;213;213;213m▄[48;2;212;212;212m[38;2;212;213;213m▄[48;2;213;212;213m[38;2;212;212;212m▄[48;2;211;211;212m[38;2;211;211;211m▄[48;2;210;210;210m[38;2;210;210;210m▄[48;2;210;210;210m[38;2;210;210;210m▄[48;2;209;209;209m[38;2;210;210;210m▄[48;2;208;208;208m[38;2;208;208;208m▄[48;2;208;208;208m[38;2;208;208;208m▄[48;2;208;208;208m[38;2;208;208;207m▄[48;2;206;206;206m[38;2;207;207;207m▄[48;2;206;206;206m[38;2;206;206;206m▄[48;2;206;206;206m[38;2;206;206;206m▄[48;2;204;204;204m[38;2;204;204;204m▄[48;2;203;203;204m[38;2;203;203;203m▄[0m
[48;2;216;216;216m[38;2;216;216;216m▄[48;2;216;216;216m[38;2;216;216;216m▄[48;2;217;217;217m[38;2;217;217;217m▄[48;2;219;219;219m[38;2;218;218;218m▄[48;2;220;220;220m[38;2;218;218;218m▄[48;2;221;221;221m[38;2;221;221;221m▄[48;2;222;222;222m[38;2;221;221;221m▄[48;2;222;222;222m[38;2;222;222;222m▄[48;2;223;223;223m[38;2;223;223;223m▄[48;2;223;223;223m[38;2;223;223;223m▄[48;2;224;224;224m[38;2;223;223;223m▄[48;2;224;224;224m[38;2;223;223;223m▄[48;2;224;224;224m[38;2;224;224;224m▄[48;2;225;225;225m[38;2;224;224;224m▄[48;2;225;225;225m[38;2;225;225;225m▄[48;2;224;224;224m[38;2;224;224;224m▄[48;2;224;224;224m[38;2;224;224;224m▄[48;2;224;224;224m[38;2;224;224;224m▄[48;2;225;225;225m[38;2;224;224;224m▄[48;2;224;224;224m[38;2;224;224;224m▄[48;2;224;224;224m[38;2;224;224;224m▄[48;2;224;224;224m[38;2;224;224;224m▄[48;2;224;224;224m[38;2;224;224;224m▄[48;2;224;224;224m[38;2;224;224;224m▄[48;2;224;224;224m[38;2;224;224;224m▄[48;2;224;224;224m[38;2;224;224;224m▄[48;2;222;223;222m[38;2;222;223;222m▄[48;2;232;228;234m[38;2;232;229;232m▄[48;2;162;190;154m[38;2;185;201;182m▄[48;2;139;186;97m[38;2;137;184;85m▄[48;2;141;183;107m[38;2;140;186;77m▄[48;2;175;195;170m[38;2;126;176;84m▄[48;2;235;229;239m[38;2;175;195;172m▄[48;2;173;196;164m[38;2;119;168;93m▄[48;2;98;159;62m[38;2;169;189;161m▄[48;2;173;195;167m[38;2;213;210;217m▄[48;2;228;225;229m[38;2;224;221;225m▄[48;2;219;220;219m[38;2;223;222;222m▄[48;2;220;220;220m[38;2;219;220;219m▄[48;2;219;219;219m[38;2;218;218;218m▄[48;2;217;217;217m[38;2;217;217;217m▄[48;2;217;217;217m[38;2;217;217;217m▄[48;2;217;217;217m[38;2;217;217;217m▄[48;2;217;217;217m[38;2;217;217;217m▄[48;2;216;216;216m[38;2;216;216;216m▄[48;2;215;215;215m[38;2;215;215;215m▄[48;2;215;215;215m[38;2;215;215;215m▄[48;2;215;215;215m[38;2;214;214;214m▄[48;2;214;214;214m[38;2;214;214;214m▄[48;2;213;213;213m[38;2;213;213;213m▄[48;2;213;213;213m[38;2;213;213;213m▄[48;2;212;212;212m[38;2;212;212;212m▄[48;2;211;211;211m[38;2;211;211;211m▄[48;2;211;211;211m[38;2;211;211;211m▄[48;2;211;211;211m[38;2;211;211;211m▄[48;2;209;210;210m[38;2;210;209;210m▄[48;2;208;208;208m[38;2;209;209;209m▄[48;2;208;208;208m[38;2;209;209;209m▄[48;2;207;207;208m[38;2;207;207;207m▄[48;2;207;207;207m[38;2;207;207;207m▄[48;2;207;207;207m[38;2;206;206;206m▄[48;2;206;205;206m[38;2;205;205;205m▄[48;2;204;204;205m[38;2;204;204;204m▄[48;2;204;204;203m[38;2;204;204;204m▄[0m
[48;2;216;216;216m[38;2;216;216;216m▄[48;2;216;216;216m[38;2;216;216;216m▄[48;2;216;216;216m[38;2;216;216;216m▄[48;2;217;217;217m[38;2;217;217;217m▄[48;2;218;218;218m[38;2;217;217;217m▄[48;2;219;219;219m[38;2;218;218;218m▄[48;2;220;220;221m[38;2;220;220;219m▄[48;2;221;221;221m[38;2;221;221;221m▄[48;2;222;222;222m[38;2;221;221;221m▄[48;2;223;223;223m[38;2;222;222;222m▄[48;2;223;223;223m[38;2;223;223;223m▄[48;2;223;223;223m[38;2;223;223;223m▄[48;2;224;224;224m[38;2;224;224;224m▄[48;2;224;224;224m[38;2;224;224;224m▄[48;2;224;224;224m[38;2;224;224;224m▄[48;2;224;224;224m[38;2;224;224;224m▄[48;2;225;225;225m[38;2;225;225;225m▄[48;2;225;225;225m[38;2;225;225;225m▄[48;2;224;224;224m[38;2;224;224;224m▄[48;2;224;224;224m[38;2;224;224;224m▄[48;2;224;224;224m[38;2;224;224;224m▄[48;2;224;224;224m[38;2;224;224;224m▄[48;2;224;224;224m[38;2;224;224;224m▄[48;2;225;225;225m[38;2;224;224;224m▄[48;2;224;224;224m[38;2;224;224;224m▄[48;2;224;224;224m[38;2;224;224;224m▄[48;2;224;224;224m[38;2;224;223;223m▄[48;2;225;225;224m[38;2;222;225;225m▄[48;2;223;227;230m[38;2;222;196;200m▄[48;2;141;183;127m[38;2;219;171;178m▄[48;2;117;181;71m[38;2;157;154;121m▄[48;2;109;172;72m[38;2;112;149;91m▄[48;2;88;148;68m[38;2;86;142;70m▄[48;2;125;163;117m[38;2;87;158;75m▄[48;2;161;188;153m[38;2;112;173;76m▄[48;2;153;186;136m[38;2;140;191;84m▄[48;2;169;192;166m[38;2;141;190;86m▄[48;2;216;217;219m[38;2;132;173;114m▄[48;2;221;220;221m[38;2;213;214;216m▄[48;2;217;217;216m[38;2;218;218;218m▄[48;2;217;217;217m[38;2;216;216;216m▄[48;2;216;216;216m[38;2;217;217;217m▄[48;2;217;217;217m[38;2;217;217;217m▄[48;2;216;216;216m[38;2;216;216;216m▄[48;2;216;216;216m[38;2;216;216;216m▄[48;2;215;215;216m[38;2;215;215;216m▄[48;2;214;214;214m[38;2;214;214;214m▄[48;2;214;214;214m[38;2;214;214;214m▄[48;2;213;213;213m[38;2;213;213;213m▄[48;2;213;213;213m[38;2;213;213;213m▄[48;2;213;213;213m[38;2;213;213;213m▄[48;2;211;211;211m[38;2;211;211;211m▄[48;2;211;211;211m[38;2;211;211;211m▄[48;2;211;211;211m[38;2;210;210;210m▄[48;2;210;210;210m[38;2;209;209;209m▄[48;2;209;209;209m[38;2;209;209;209m▄[48;2;209;209;209m[38;2;208;208;208m▄[48;2;209;209;209m[38;2;208;208;208m▄[48;2;208;208;208m[38;2;207;207;207m▄[48;2;207;207;207m[38;2;206;206;207m▄[48;2;206;206;205m[38;2;206;206;205m▄[48;2;205;205;205m[38;2;204;204;205m▄[48;2;204;204;204m[38;2;204;203;205m▄[48;2;204;204;204m[38;2;203;203;203m▄[0m
[48;2;216;216;216m[38;2;215;215;215m▄[48;2;216;216;216m[38;2;216;216;216m▄[48;2;216;216;216m[38;2;216;216;216m▄[48;2;216;216;216m[38;2;216;216;216m▄[48;2;217;217;217m[38;2;217;217;217m▄[48;2;218;218;218m[38;2;217;217;217m▄[48;2;218;218;218m[38;2;217;217;217m▄[48;2;220;220;220m[38;2;218;218;218m▄[48;2;220;220;220m[38;2;220;220;220m▄[48;2;222;222;222m[38;2;221;221;221m▄[48;2;222;222;222m[38;2;221;221;221m▄[48;2;222;222;222m[38;2;221;221;221m▄[48;2;223;223;223m[38;2;222;222;222m▄[48;2;223;223;223m[38;2;222;222;222m▄[48;2;223;223;223m[38;2;223;223;223m▄[48;2;224;224;224m[38;2;223;223;223m▄[48;2;223;223;223m[38;2;223;223;223m▄[48;2;223;223;223m[38;2;223;223;223m▄[48;2;223;223;223m[38;2;223;223;223m▄[48;2;223;223;223m[38;2;223;223;223m▄[48;2;223;223;223m[38;2;223;223;223m▄[48;2;223;223;223m[38;2;223;223;223m▄[48;2;223;223;223m[38;2;223;223;223m▄[48;2;224;224;224m[38;2;223;223;223m▄[48;2;223;223;223m[38;2;223;223;223m▄[48;2;223;222;222m[38;2;224;225;225m▄[48;2;224;227;227m[38;2;221;220;220m▄[48;2;221;181;185m[38;2;217;131;143m▄[48;2;233;140;148m[38;2;230;132;143m▄[48;2;241;142;152m[38;2;225;129;140m▄[48;2;235;131;148m[38;2;224;132;140m▄[48;2;228;146;161m[38;2;240;164;171m▄[48;2;214;153;152m[38;2;242;152;166m▄[48;2;124;137;87m[38;2;231;132;148m▄[48;2;110;166;79m[38;2;221;149;152m▄[48;2;123;176;77m[38;2;192;142;140m▄[48;2;125;172;91m[38;2;190;194;197m▄[48;2;162;183;155m[38;2;208;204;210m▄[48;2;211;209;212m[38;2;210;210;210m▄[48;2;216;217;216m[38;2;217;216;216m▄[48;2;217;217;217m[38;2;217;217;217m▄[48;2;217;217;217m[38;2;217;217;217m▄[48;2;217;217;217m[38;2;217;216;216m▄[48;2;216;216;216m[38;2;216;216;216m▄[48;2;216;216;216m[38;2;216;216;216m▄[48;2;215;215;215m[38;2;215;215;215m▄[48;2;215;214;214m[38;2;215;215;215m▄[48;2;214;214;214m[38;2;214;214;214m▄[48;2;213;213;213m[38;2;213;213;213m▄[48;2;213;213;213m[38;2;213;213;213m▄[48;2;212;212;212m[38;2;212;212;212m▄[48;2;211;211;211m[38;2;211;211;211m▄[48;2;211;211;211m[38;2;211;211;211m▄[48;2;211;211;211m[38;2;211;210;211m▄[48;2;210;210;210m[38;2;210;209;210m▄[48;2;209;209;209m[38;2;209;208;209m▄[48;2;208;208;208m[38;2;209;209;209m▄[48;2;208;208;208m[38;2;208;208;208m▄[48;2;207;207;207m[38;2;207;207;207m▄[48;2;207;207;207m[38;2;207;207;207m▄[48;2;205;205;205m[38;2;206;206;206m▄[48;2;204;204;204m[38;2;204;204;204m▄[48;2;203;204;203m[38;2;204;204;204m▄[48;2;203;203;203m[38;2;203;203;203m▄[0m
[48;2;214;214;214m[38;2;214;214;214m▄[48;2;215;215;215m[38;2;215;215;215m▄[48;2;216;216;216m[38;2;216;216;216m▄[48;2;216;216;216m[38;2;216;216;216m▄[48;2;216;216;216m[38;2;216;216;216m▄[48;2;217;217;217m[38;2;216;216;216m▄[48;2;218;218;218m[38;2;217;217;217m▄[48;2;217;217;217m[38;2;217;217;217m▄[48;2;218;218;218m[38;2;218;218;218m▄[48;2;220;220;220m[38;2;219;219;219m▄[48;2;221;221;221m[38;2;219;219;219m▄[48;2;221;221;221m[38;2;220;220;220m▄[48;2;221;221;221m[38;2;221;221;221m▄[48;2;221;221;221m[38;2;221;221;221m▄[48;2;222;222;222m[38;2;222;222;222m▄[48;2;223;223;223m[38;2;222;222;222m▄[48;2;222;222;222m[38;2;222;222;222m▄[48;2;222;222;222m[38;2;222;222;222m▄[48;2;223;223;223m[38;2;222;222;222m▄[48;2;223;223;223m[38;2;222;222;222m▄[48;2;223;223;223m[38;2;222;222;222m▄[48;2;223;223;223m[38;2;222;222;222m▄[48;2;223;223;223m[38;2;222;222;222m▄[48;2;223;223;223m[38;2;223;222;222m▄[48;2;223;221;222m[38;2;224;226;226m▄[48;2;224;229;229m[38;2;217;209;211m▄[48;2;214;170;176m[38;2;219;129;141m▄[48;2;223;127;140m[38;2;239;127;144m▄[48;2;234;137;149m[38;2;222;103;121m▄[48;2;221;128;139m[38;2;213;134;148m▄[48;2;218;144;153m[38;2;252;255;255m▄[48;2;233;145;155m[38;2;224;165;174m▄[48;2;241;163;170m[38;2;225;131;144m▄[48;2;224;131;142m[38;2;224;136;145m▄[48;2;245;159;169m[38;2;225;146;153m▄[48;2;227;131;144m[38;2;219;109;123m▄[48;2;201;162;169m[38;2;213;117;131m▄[48;2;212;219;217m[38;2;210;210;210m▄[48;2;217;216;217m[38;2;218;216;215m▄[48;2;217;218;219m[38;2;215;211;204m▄[48;2;217;217;217m[38;2;214;208;196m▄[48;2;217;217;218m[38;2;213;205;191m▄[48;2;217;218;220m[38;2;213;206;196m▄[48;2;215;215;215m[38;2;215;216;217m▄[48;2;215;215;215m[38;2;215;215;214m▄[48;2;214;214;214m[38;2;214;214;214m▄[48;2;214;214;214m[38;2;214;214;214m▄[48;2;214;214;214m[38;2;214;213;214m▄[48;2;213;213;213m[38;2;213;213;213m▄[48;2;213;213;213m[38;2;212;212;212m▄[48;2;211;211;211m[38;2;211;211;211m▄[48;2;211;211;211m[38;2;211;211;211m▄[48;2;210;210;210m[38;2;210;210;210m▄[48;2;210;209;210m[38;2;210;210;210m▄[48;2;209;209;209m[38;2;208;208;208m▄[48;2;209;209;209m[38;2;208;208;208m▄[48;2;208;208;208m[38;2;208;208;208m▄[48;2;208;208;208m[38;2;207;207;207m▄[48;2;207;207;206m[38;2;207;207;207m▄[48;2;207;206;207m[38;2;206;206;206m▄[48;2;205;205;205m[38;2;204;204;204m▄[48;2;204;205;204m[38;2;204;204;204m▄[48;2;204;204;204m[38;2;204;204;204m▄[48;2;203;203;203m[38;2;204;204;204m▄[0m
[48;2;214;214;214m[38;2;214;214;214m▄[48;2;214;214;214m[38;2;215;215;215m▄[48;2;216;216;216m[38;2;215;215;215m▄[48;2;217;217;217m[38;2;215;215;215m▄[48;2;217;217;217m[38;2;216;216;216m▄[48;2;217;217;217m[38;2;217;217;217m▄[48;2;217;217;217m[38;2;217;217;217m▄[48;2;217;217;217m[38;2;216;216;216m▄[48;2;217;217;217m[38;2;216;216;216m▄[48;2;218;218;218m[38;2;217;217;217m▄[48;2;218;218;218m[38;2;217;217;217m▄[48;2;218;218;218m[38;2;217;217;217m▄[48;2;219;219;219m[38;2;218;218;218m▄[48;2;219;219;219m[38;2;218;218;218m▄[48;2;220;220;220m[38;2;219;219;219m▄[48;2;221;221;221m[38;2;220;220;220m▄[48;2;221;221;221m[38;2;220;220;220m▄[48;2;221;221;221m[38;2;221;221;221m▄[48;2;222;222;222m[38;2;221;221;221m▄[48;2;222;222;222m[38;2;221;221;221m▄[48;2;222;222;222m[38;2;221;221;221m▄[48;2;221;221;221m[38;2;221;220;220m▄[48;2;222;222;222m[38;2;221;219;220m▄[48;2;221;221;221m[38;2;221;219;219m▄[48;2;224;227;226m[38;2;222;219;219m▄[48;2;214;201;204m[38;2;220;223;223m▄[48;2;218;115;130m[38;2;199;124;138m▄[48;2;224;113;131m[38;2;211;99;117m▄[48;2;210;101;120m[38;2;223;109;126m▄[48;2;206;94;114m[38;2;218;107;123m▄[48;2;226;183;192m[38;2;219;108;123m▄[48;2;255;255;255m[38;2;217;153;165m▄[48;2;237;212;216m[38;2;238;224;228m▄[48;2;205;110;126m[38;2;216;114;131m▄[48;2;217;107;124m[38;2;233;122;137m▄[48;2;231;119;133m[38;2;223;109;125m▄[48;2;213;110;127m[38;2;195;130;141m▄[48;2;203;197;198m[38;2;203;208;207m▄[48;2;217;215;210m[38;2;216;215;216m▄[48;2;215;212;209m[38;2;216;216;217m▄[48;2;216;216;215m[38;2;214;214;214m▄[48;2;215;215;216m[38;2;217;220;224m▄[48;2;210;199;185m[38;2;213;210;206m▄[48;2;213;206;198m[38;2;206;196;178m▄[48;2;215;216;218m[38;2;215;218;220m▄[48;2;214;213;214m[38;2;214;213;213m▄[48;2;213;213;214m[38;2;212;212;213m▄[48;2;213;213;213m[38;2;212;212;212m▄[48;2;211;211;211m[38;2;211;211;211m▄[48;2;211;211;211m[38;2;210;210;210m▄[48;2;211;211;211m[38;2;211;211;211m▄[48;2;210;210;210m[38;2;210;210;210m▄[48;2;210;210;210m[38;2;210;210;210m▄[48;2;209;209;209m[38;2;209;209;209m▄[48;2;208;208;208m[38;2;208;208;208m▄[48;2;208;208;208m[38;2;208;208;208m▄[48;2;207;207;207m[38;2;207;207;207m▄[48;2;207;207;207m[38;2;207;207;207m▄[48;2;207;207;207m[38;2;207;207;207m▄[48;2;205;205;205m[38;2;205;205;205m▄[48;2;204;204;204m[38;2;204;204;204m▄[48;2;204;204;204m[38;2;203;203;203m▄[48;2;204;204;204m[38;2;202;202;202m▄[48;2;203;203;203m[38;2;203;203;203m▄[0m
[48;2;214;214;214m[38;2;214;214;214m▄[48;2;215;215;215m[38;2;214;214;214m▄[48;2;215;215;215m[38;2;215;215;215m▄[48;2;215;215;215m[38;2;215;215;215m▄[48;2;216;216;216m[38;2;215;215;215m▄[48;2;216;216;216m[38;2;215;215;215m▄[48;2;217;217;217m[38;2;215;215;215m▄[48;2;217;217;217m[38;2;216;216;216m▄[48;2;216;216;216m[38;2;216;216;216m▄[48;2;217;217;217m[38;2;217;217;217m▄[48;2;217;217;217m[38;2;217;217;217m▄[48;2;216;216;216m[38;2;217;217;217m▄[48;2;217;217;217m[38;2;217;217;217m▄[48;2;217;217;217m[38;2;217;217;217m▄[48;2;217;217;217m[38;2;217;217;217m▄[48;2;218;218;218m[38;2;217;217;217m▄[48;2;218;218;218m[38;2;217;217;217m▄[48;2;219;219;219m[38;2;217;218;218m▄[48;2;219;219;219m[38;2;218;217;217m▄[48;2;219;218;218m[38;2;218;221;221m▄[48;2;219;218;218m[38;2;217;222;221m▄[48;2;219;224;224m[38;2;218;197;199m▄[48;2;220;226;226m[38;2;223;187;191m▄[48;2;218;224;224m[38;2;223;184;188m▄[48;2;218;224;223m[38;2;222;183;185m▄[48;2;223;230;229m[38;2;218;195;197m▄[48;2;206;196;198m[38;2;218;227;226m▄[48;2;210;105;122m[38;2;202;127;140m▄[48;2;226;108;124m[38;2;223;94;113m▄[48;2;210;99;116m[38;2;211;93;113m▄[48;2;234;133;143m[38;2;226;118;132m▄[48;2;226;117;130m[38;2;206;101;119m▄[48;2;196;83;104m[38;2;207;86;109m▄[48;2;206;90;111m[38;2;222;96;117m▄[48;2;212;95;114m[38;2;213;78;101m▄[48;2;194;88;108m[38;2;190;122;136m▄[48;2;192;190;191m[38;2;201;207;206m▄[48;2;209;214;214m[38;2;222;169;172m▄[48;2;215;217;217m[38;2;227;168;171m▄[48;2;216;218;218m[38;2;216;206;207m▄[48;2;217;217;219m[38;2;203;196;180m▄[48;2;210;203;197m[38;2;202;195;176m▄[48;2;204;187;166m[38;2;211;212;209m▄[48;2;211;206;199m[38;2;212;209;205m▄[48;2;214;214;216m[38;2;210;207;202m▄[48;2;213;213;213m[38;2;212;213;214m▄[48;2;213;213;213m[38;2;212;212;212m▄[48;2;211;211;211m[38;2;211;211;211m▄[48;2;211;211;211m[38;2;210;210;210m▄[48;2;211;211;211m[38;2;211;211;211m▄[48;2;211;211;211m[38;2;210;210;210m▄[48;2;210;210;210m[38;2;209;209;209m▄[48;2;209;209;210m[38;2;208;208;208m▄[48;2;208;208;208m[38;2;208;208;208m▄[48;2;208;208;208m[38;2;208;208;208m▄[48;2;207;207;207m[38;2;207;207;207m▄[48;2;207;207;207m[38;2;207;207;207m▄[48;2;206;206;206m[38;2;207;207;207m▄[48;2;206;206;206m[38;2;206;205;206m▄[48;2;204;204;204m[38;2;204;204;204m▄[48;2;203;203;203m[38;2;204;204;204m▄[48;2;203;203;203m[38;2;202;202;202m▄[48;2;203;203;203m[38;2;202;202;202m▄[48;2;203;202;204m[38;2;202;202;202m▄[0m
[48;2;213;213;213m[38;2;212;212;212m▄[48;2;214;214;214m[38;2;213;213;213m▄[48;2;214;214;214m[38;2;214;214;214m▄[48;2;215;215;215m[38;2;214;214;214m▄[48;2;215;215;215m[38;2;215;215;215m▄[48;2;216;216;216m[38;2;215;215;215m▄[48;2;216;216;216m[38;2;215;215;215m▄[48;2;215;215;215m[38;2;215;215;215m▄[48;2;216;216;216m[38;2;215;215;215m▄[48;2;217;217;217m[38;2;216;215;216m▄[48;2;217;217;217m[38;2;216;216;216m▄[48;2;217;217;217m[38;2;217;217;217m▄[48;2;217;217;217m[38;2;217;217;217m▄[48;2;217;217;217m[38;2;216;216;216m▄[48;2;217;217;217m[38;2;217;217;217m▄[48;2;216;216;216m[38;2;217;217;217m▄[48;2;217;217;217m[38;2;217;217;217m▄[48;2;217;216;216m[38;2;217;218;218m▄[48;2;218;222;222m[38;2;215;212;213m▄[48;2;216;202;204m[38;2;220;154;161m▄[48;2;222;161;166m[38;2;236;185;192m▄[48;2;234;166;173m[38;2;215;111;123m▄[48;2;226;140;148m[38;2;232;159;167m▄[48;2;225;136;142m[38;2;225;146;154m▄[48;2;230;154;159m[38;2;210;118;127m▄[48;2;232;157;164m[38;2;243;188;195m▄[48;2;218;177;181m[38;2;222;153;159m▄[48;2;210;208;209m[38;2;211;206;206m▄[48;2;199;122;137m[38;2;210;209;209m▄[48;2;199;94;115m[38;2;199;204;205m▄[48;2;193;109;127m[38;2;204;171;173m▄[48;2;208;135;141m[38;2;235;156;162m▄[48;2;214;134;144m[38;2;222;151;157m▄[48;2;200;95;115m[38;2;195;193;193m▄[48;2;191;118;134m[38;2;197;199;198m▄[48;2;192;197;197m[38;2;205;201;201m▄[48;2;213;167;170m[38;2;226;154;161m▄[48;2;237;170;175m[38;2;232;176;183m▄[48;2;231;161;168m[38;2;212;116;124m▄[48;2;212;170;165m[38;2;208;188;187m▄[48;2;204;196;186m[38;2;213;170;175m▄[48;2;223;177;181m[38;2;237;155;161m▄[48;2;217;197;199m[38;2;219;149;154m▄[48;2;207;203;193m[38;2;210;213;213m▄[48;2;211;209;207m[38;2;211;211;211m▄[48;2;212;212;212m[38;2;210;210;209m▄[48;2;211;211;210m[38;2;210;210;210m▄[48;2;211;211;211m[38;2;211;211;211m▄[48;2;211;211;211m[38;2;211;211;211m▄[48;2;211;211;211m[38;2;211;211;211m▄[48;2;210;210;210m[38;2;210;210;209m▄[48;2;209;209;209m[38;2;209;208;208m▄[48;2;208;208;208m[38;2;208;208;208m▄[48;2;208;208;208m[38;2;208;208;208m▄[48;2;208;208;208m[38;2;207;207;208m▄[48;2;208;208;208m[38;2;207;207;207m▄[48;2;207;207;207m[38;2;207;207;207m▄[48;2;206;206;206m[38;2;206;206;206m▄[48;2;205;205;206m[38;2;204;204;204m▄[48;2;204;204;204m[38;2;203;203;203m▄[48;2;203;203;203m[38;2;203;203;203m▄[48;2;202;202;202m[38;2;202;202;202m▄[48;2;202;202;202m[38;2;201;201;201m▄[48;2;202;202;202m[38;2;202;202;202m▄[0m
[48;2;212;212;212m[38;2;210;210;210m▄[48;2;212;212;212m[38;2;211;211;211m▄[48;2;214;214;214m[38;2;212;212;212m▄[48;2;214;214;214m[38;2;213;213;213m▄[48;2;214;214;214m[38;2;214;214;214m▄[48;2;215;215;215m[38;2;214;214;214m▄[48;2;215;215;215m[38;2;215;215;215m▄[48;2;215;215;215m[38;2;215;215;215m▄[48;2;215;215;215m[38;2;215;215;215m▄[48;2;215;215;215m[38;2;215;215;215m▄[48;2;215;215;215m[38;2;215;215;215m▄[48;2;216;216;216m[38;2;216;216;216m▄[48;2;216;216;216m[38;2;216;216;216m▄[48;2;216;216;216m[38;2;216;216;216m▄[48;2;217;217;217m[38;2;216;216;215m▄[48;2;217;217;217m[38;2;215;215;216m▄[48;2;217;216;216m[38;2;216;216;216m▄[48;2;219;225;224m[38;2;218;218;218m▄[48;2;209;182;186m[38;2;217;214;214m▄[48;2;222;153;162m[38;2;205;132;141m▄[48;2;223;159;167m[38;2;191;84;100m▄[48;2;207;101;116m[38;2;212;124;137m▄[48;2;238;183;190m[38;2;234;171;178m▄[48;2;201;111;124m[38;2;211;123;134m▄[48;2;218;150;157m[38;2;220;149;160m▄[48;2;239;183;189m[38;2;190;90;106m▄[48;2;202;103;116m[38;2;217;136;146m▄[48;2;217;145;154m[38;2;208;131;143m▄[48;2;219;143;152m[38;2;223;158;168m▄[48;2;212;147;155m[38;2;215;134;148m▄[48;2;206;134;142m[38;2;200;103;119m▄[48;2;212;114;127m[38;2;230;170;178m▄[48;2;200;123;132m[38;2;191;91;107m▄[48;2;209;149;157m[38;2;229;162;171m▄[48;2;224;152;161m[38;2;206;126;139m▄[48;2;208;126;137m[38;2;202;111;126m▄[48;2;232;166;174m[38;2;234;177;184m▄[48;2;223;167;171m[38;2;207;140;152m▄[48;2;216;128;135m[38;2;233;176;184m▄[48;2;207;146;153m[38;2;206;112;127m▄[48;2;208;141;147m[38;2;211;130;141m▄[48;2;217;122;131m[38;2;229;162;170m▄[48;2;204;162;166m[38;2;191;133;143m▄[48;2;206;214;213m[38;2;207;208;208m▄[48;2;212;210;209m[38;2;212;212;210m▄[48;2;210;210;210m[38;2;210;210;209m▄[48;2;210;210;209m[38;2;210;210;210m▄[48;2;210;210;209m[38;2;210;210;210m▄[48;2;210;210;210m[38;2;210;210;210m▄[48;2;210;210;211m[38;2;208;211;212m▄[48;2;209;209;211m[38;2;208;212;217m▄[48;2;209;208;209m[38;2;209;208;214m▄[48;2;208;208;209m[38;2;208;207;211m▄[48;2;208;207;208m[38;2;208;208;209m▄[48;2;207;207;208m[38;2;208;208;208m▄[48;2;207;207;207m[38;2;207;207;206m▄[48;2;207;207;205m[38;2;207;207;201m▄[48;2;206;206;203m[38;2;207;207;201m▄[48;2;203;203;203m[38;2;205;205;202m▄[48;2;203;203;203m[38;2;202;202;202m▄[48;2;203;203;203m[38;2;202;202;201m▄[48;2;202;201;202m[38;2;202;202;202m▄[48;2;202;202;202m[38;2;201;201;201m▄[48;2;201;201;201m[38;2;201;201;201m▄[0m
[48;2;210;210;210m[38;2;210;210;210m▄[48;2;210;210;210m[38;2;210;210;210m▄[48;2;211;211;211m[38;2;210;210;210m▄[48;2;211;211;211m[38;2;211;211;211m▄[48;2;213;213;213m[38;2;212;212;212m▄[48;2;214;214;214m[38;2;213;212;213m▄[48;2;214;214;214m[38;2;213;213;214m▄[48;2;214;214;214m[38;2;214;214;213m▄[48;2;214;214;214m[38;2;214;214;214m▄[48;2;215;215;215m[38;2;215;215;215m▄[48;2;215;215;215m[38;2;215;215;215m▄[48;2;215;215;215m[38;2;215;215;215m▄[48;2;215;215;215m[38;2;215;215;215m▄[48;2;215;215;215m[38;2;215;215;215m▄[48;2;215;215;215m[38;2;215;215;215m▄[48;2;215;215;216m[38;2;215;215;215m▄[48;2;215;215;216m[38;2;215;215;215m▄[48;2;216;215;215m[38;2;216;216;216m▄[48;2;216;217;217m[38;2;215;213;213m▄[48;2;218;223;223m[38;2;211;215;207m▄[48;2;190;138;149m[38;2;184;120;135m▄[48;2;221;132;145m[38;2;228;126;142m▄[48;2;194;103;118m[38;2;168;82;100m▄[48;2;229;151;161m[38;2;194;105;121m▄[48;2;190;100;116m[38;2;225;138;151m▄[48;2;183;92;109m[38;2;163;62;85m▄[48;2;230;154;165m[38;2;228;134;147m▄[48;2;171;67;87m[38;2;199;110;126m▄[48;2;233;158;167m[38;2;227;141;153m▄[48;2;182;81;102m[38;2;197;102;120m▄[48;2;226;147;159m[38;2;220;127;142m▄[48;2;193;98;117m[38;2;201;106;124m▄[48;2;216;130;144m[38;2;200;110;127m▄[48;2;208;126;138m[38;2;218;129;144m▄[48;2;170;68;88m[38;2;187;101;120m▄[48;2;197;100;118m[38;2;206;122;137m▄[48;2;243;171;180m[38;2;219;128;143m▄[48;2;183;90;109m[38;2;162;53;78m▄[48;2;224;144;156m[38;2;225;136;148m▄[48;2;185;90;108m[38;2;195;107;123m▄[48;2;228;152;164m[38;2;227;147;158m▄[48;2;195;103;121m[38;2;204;117;133m▄[48;2;194;92;110m[38;2;189;111;129m▄[48;2;205;171;178m[38;2;197;189;191m▄[48;2;211;218;217m[38;2;208;210;210m▄[48;2;210;209;209m[38;2;210;210;210m▄[48;2;210;210;210m[38;2;209;210;210m▄[48;2;209;210;210m[38;2;210;210;210m▄[48;2;210;210;210m[38;2;209;209;210m▄[48;2;208;209;211m[38;2;208;208;211m▄[48;2;207;211;217m[38;2;207;207;211m▄[48;2;208;208;215m[38;2;208;207;212m▄[48;2;208;207;212m[38;2;208;206;210m▄[48;2;208;207;210m[38;2;207;206;209m▄[48;2;207;207;209m[38;2;207;207;207m▄[48;2;208;207;206m[38;2;208;208;205m▄[48;2;207;207;202m[38;2;206;208;201m▄[48;2;205;206;201m[38;2;204;207;202m▄[48;2;204;205;202m[38;2;202;206;203m▄[48;2;202;202;203m[38;2;201;203;203m▄[48;2;202;202;203m[38;2;202;202;202m▄[48;2;201;201;202m[38;2;201;200;201m▄[48;2;200;200;201m[38;2;200;200;201m▄[48;2;201;201;201m[38;2;201;201;201m▄[0m
[48;2;210;210;210m[38;2;210;210;210m▄[48;2;210;210;210m[38;2;210;210;210m▄[48;2;210;210;210m[38;2;211;211;211m▄[48;2;211;211;211m[38;2;210;210;210m▄[48;2;211;211;211m[38;2;210;210;210m▄[48;2;211;211;211m[38;2;211;211;211m▄[48;2;212;212;212m[38;2;212;212;212m▄[48;2;213;213;212m[38;2;212;212;212m▄[48;2;214;214;214m[38;2;212;212;212m▄[48;2;214;214;214m[38;2;212;212;213m▄[48;2;214;214;214m[38;2;213;213;213m▄[48;2;214;214;214m[38;2;213;213;214m▄[48;2;215;215;215m[38;2;213;213;213m▄[48;2;214;214;214m[38;2;214;214;214m▄[48;2;214;214;214m[38;2;214;214;215m▄[48;2;215;215;215m[38;2;214;214;214m▄[48;2;215;215;214m[38;2;215;214;214m▄[48;2;216;217;219m[38;2;216;216;217m▄[48;2;209;203;197m[38;2;211;207;204m▄[48;2;207;207;195m[38;2;198;189;170m▄[48;2;186;126;144m[38;2;207;198;198m▄[48;2;180;63;86m[38;2;185;139;147m▄[48;2;186;142;155m[38;2;190;172;163m▄[48;2;176;119;134m[38;2;201;192;182m▄[48;2;214;115;131m[38;2;167;82;103m▄[48;2;207;112;129m[38;2;215;112;129m▄[48;2;159;51;76m[38;2;219;129;143m▄[48;2;177;86;107m[38;2;177;92;110m▄[48;2;166;58;85m[38;2;171;78;97m▄[48;2;181;97;116m[38;2;190;124;137m▄[48;2;178;101;117m[38;2;185;135;147m▄[48;2;184;95;115m[38;2;179;100;117m▄[48;2;172;82;103m[38;2;186;109;125m▄[48;2;176;78;99m[38;2;178;93;110m▄[48;2;177;80;103m[38;2;182;98;117m▄[48;2;160;57;81m[38;2;187;107;126m▄[48;2;170;77;98m[38;2;184;102;121m▄[48;2;185;137;148m[38;2;193;188;189m▄[48;2;179;92;113m[38;2;198;188;181m▄[48;2;181;104;124m[38;2;193;183;171m▄[48;2;184;102;122m[38;2;195;186;178m▄[48;2;191;111;129m[38;2;195;189;185m▄[48;2;188;167;174m[38;2;194;195;187m▄[48;2;195;200;199m[38;2;204;203;204m▄[48;2;208;207;207m[38;2;209;209;209m▄[48;2;209;209;209m[38;2;208;208;208m▄[48;2;208;208;209m[38;2;207;208;208m▄[48;2;208;208;208m[38;2;208;208;208m▄[48;2;209;209;209m[38;2;207;207;207m▄[48;2;208;208;209m[38;2;207;207;207m▄[48;2;208;207;209m[38;2;207;207;207m▄[48;2;207;206;209m[38;2;207;207;208m▄[48;2;207;206;209m[38;2;207;207;208m▄[48;2;207;206;209m[38;2;205;206;206m▄[48;2;207;207;205m[38;2;206;206;205m▄[48;2;207;207;202m[38;2;207;207;202m▄[48;2;206;208;201m[38;2;206;206;201m▄[48;2;203;207;202m[38;2;203;205;203m▄[48;2;201;206;205m[38;2;200;203;203m▄[48;2;201;202;203m[38;2;202;203;203m▄[48;2;201;201;201m[38;2;202;201;201m▄[48;2;200;200;200m[38;2;201;201;201m▄[48;2;200;200;200m[38;2;200;200;200m▄[48;2;201;201;201m[38;2;201;201;201m▄[0m
[48;2;209;209;209m[38;2;209;209;209m▄[48;2;209;209;209m[38;2;210;210;209m▄[48;2;210;210;210m[38;2;210;210;210m▄[48;2;210;210;210m[38;2;210;210;210m▄[48;2;210;210;210m[38;2;211;211;211m▄[48;2;212;212;212m[38;2;211;211;211m▄[48;2;211;211;211m[38;2;211;211;211m▄[48;2;210;210;210m[38;2;212;212;212m▄[48;2;210;210;210m[38;2;212;212;212m▄[48;2;210;210;211m[38;2;212;212;212m▄[48;2;211;211;211m[38;2;212;212;213m▄[48;2;212;212;212m[38;2;213;213;213m▄[48;2;212;212;212m[38;2;213;213;213m▄[48;2;213;212;213m[38;2;214;214;214m▄[48;2;213;212;213m[38;2;213;213;213m▄[48;2;213;213;213m[38;2;213;213;213m▄[48;2;213;213;213m[38;2;213;213;213m▄[48;2;214;213;213m[38;2;214;214;214m▄[48;2;214;215;217m[38;2;214;214;214m▄[48;2;206;200;192m[38;2;215;216;218m▄[48;2;197;187;170m[38;2;213;214;217m▄[48;2;198;196;181m[38;2;212;211;214m▄[48;2;199;194;186m[38;2;211;212;214m▄[48;2;208;210;211m[38;2;212;211;211m▄[48;2;204;197;200m[38;2;213;216;215m▄[48;2;172;98;117m[38;2;210;211;211m▄[48;2;186;78;101m[38;2;190;158;167m▄[48;2;202;98;118m[38;2;178;121;136m▄[48;2;195;101;120m[38;2;177;114;129m▄[48;2;190;83;105m[38;2;178;129;141m▄[48;2;194;97;117m[38;2;174;106;122m▄[48;2;180;90;109m[38;2;173;80;99m▄[48;2;167;66;91m[38;2;183;84;106m▄[48;2;182;114;131m[38;2;188;91;111m▄[48;2;180;122;138m[38;2;190;89;109m▄[48;2;185;99;117m[38;2;191;92;112m▄[48;2;191;93;114m[38;2;169;87;108m▄[48;2;182;154;159m[38;2;196;192;194m▄[48;2;205;208;199m[38;2;209;210;212m▄[48;2;201;195;190m[38;2;209;210;212m▄[48;2;200;193;181m[38;2;208;209;211m▄[48;2;203;195;182m[38;2;207;207;210m▄[48;2;206;203;199m[38;2;207;208;209m▄[48;2;208;208;209m[38;2;208;208;208m▄[48;2;208;208;208m[38;2;208;208;208m▄[48;2;208;208;208m[38;2;207;207;207m▄[48;2;207;207;207m[38;2;208;208;208m▄[48;2;207;207;207m[38;2;207;207;207m▄[48;2;207;207;207m[38;2;207;207;208m▄[48;2;207;207;207m[38;2;206;206;207m▄[48;2;205;206;206m[38;2;206;206;206m▄[48;2;205;206;206m[38;2;206;206;206m▄[48;2;205;204;205m[38;2;205;205;205m▄[48;2;204;204;204m[38;2;205;205;205m▄[48;2;204;204;203m[38;2;204;204;204m▄[48;2;204;204;203m[38;2;204;204;205m▄[48;2;203;203;201m[38;2;203;203;204m▄[48;2;202;202;202m[38;2;202;202;202m▄[48;2;201;202;202m[38;2;202;202;202m▄[48;2;201;201;202m[38;2;201;200;201m▄[48;2;201;200;201m[38;2;200;200;201m▄[48;2;201;201;201m[38;2;201;201;201m▄[48;2;200;200;200m[38;2;200;200;201m▄[48;2;200;200;200m[38;2;201;201;201m▄[0m
[48;2;212;212;212m[38;2;216;216;216m▄[48;2;213;213;213m[38;2;216;216;216m▄[48;2;214;214;214m[38;2;216;216;216m▄[48;2;214;214;214m[38;2;216;216;216m▄[48;2;215;215;215m[38;2;217;217;217m▄[48;2;215;215;215m[38;2;217;217;217m▄[48;2;215;215;215m[38;2;217;217;217m▄[48;2;215;215;215m[38;2;217;217;217m▄[48;2;215;215;216m[38;2;217;217;217m▄[48;2;216;216;216m[38;2;218;218;217m▄[48;2;216;216;216m[38;2;217;217;217m▄[48;2;216;216;216m[38;2;218;218;218m▄[48;2;216;216;216m[38;2;218;218;218m▄[48;2;216;216;216m[38;2;218;218;218m▄[48;2;216;216;216m[38;2;218;218;218m▄[48;2;216;216;216m[38;2;218;218;218m▄[48;2;216;216;216m[38;2;218;218;218m▄[48;2;216;216;216m[38;2;217;217;217m▄[48;2;216;217;218m[38;2;216;215;216m▄[48;2;217;217;217m[38;2;214;214;214m▄[48;2;217;217;216m[38;2;213;213;213m▄[48;2;217;217;216m[38;2;213;213;213m▄[48;2;218;218;217m[38;2;209;208;209m▄[48;2;217;217;216m[38;2;149;119;125m▄[48;2;216;214;215m[38;2;164;143;146m▄[48;2;215;215;215m[38;2;153;125;131m▄[48;2;210;216;213m[38;2;158;132;138m▄[48;2;205;212;210m[38;2;153;129;132m▄[48;2;199;205;203m[38;2;159;136;140m▄[48;2;193;199;199m[38;2;149;122;128m▄[48;2;193;194;194m[38;2;133;100;106m▄[48;2;181;160;165m[38;2;195;199;198m▄[48;2;172;125;136m[38;2;196;202;199m▄[48;2;171;109;122m[38;2;148;127;131m▄[48;2;170;106;120m[38;2;143;119;123m▄[48;2;173;124;136m[38;2;153;137;138m▄[48;2;188;180;181m[38;2;150;125;130m▄[48;2;195;198;198m[38;2;166;146;152m▄[48;2;210;209;210m[38;2;150;121;127m▄[48;2;212;213;212m[38;2;204;200;201m▄[48;2;211;211;210m[38;2;211;212;212m▄[48;2;211;211;210m[38;2;210;209;209m▄[48;2;210;210;210m[38;2;210;210;210m▄[48;2;210;210;210m[38;2;210;210;209m▄[48;2;210;210;210m[38;2;210;210;210m▄[48;2;210;210;210m[38;2;210;210;210m▄[48;2;210;210;210m[38;2;210;210;211m▄[48;2;210;210;209m[38;2;210;210;210m▄[48;2;209;209;209m[38;2;210;210;210m▄[48;2;209;209;209m[38;2;210;210;210m▄[48;2;209;209;209m[38;2;210;210;210m▄[48;2;209;209;209m[38;2;210;210;210m▄[48;2;208;208;209m[38;2;210;210;210m▄[48;2;208;208;208m[38;2;210;210;210m▄[48;2;207;207;207m[38;2;209;209;209m▄[48;2;207;207;207m[38;2;209;209;209m▄[48;2;207;206;207m[38;2;209;209;209m▄[48;2;205;205;205m[38;2;208;208;208m▄[48;2;205;205;205m[38;2;207;207;208m▄[48;2;205;205;204m[38;2;206;206;207m▄[48;2;203;203;203m[38;2;206;206;206m▄[48;2;203;203;203m[38;2;206;206;206m▄[48;2;202;202;203m[38;2;205;205;205m▄[48;2;203;203;203m[38;2;206;205;206m▄[0m
[48;2;219;219;219m[38;2;224;224;224m▄[48;2;220;220;220m[38;2;224;224;224m▄[48;2;220;220;220m[38;2;224;224;224m▄[48;2;220;220;220m[38;2;224;224;224m▄[48;2;221;221;221m[38;2;224;224;224m▄[48;2;221;221;221m[38;2;224;224;224m▄[48;2;221;221;221m[38;2;224;224;224m▄[48;2;222;222;222m[38;2;224;224;224m▄[48;2;222;222;222m[38;2;225;225;225m▄[48;2;222;222;222m[38;2;224;224;224m▄[48;2;222;222;222m[38;2;225;225;225m▄[48;2;222;222;222m[38;2;224;224;224m▄[48;2;222;222;222m[38;2;224;224;224m▄[48;2;222;222;222m[38;2;224;224;224m▄[48;2;223;223;223m[38;2;225;225;225m▄[48;2;223;223;223m[38;2;225;225;226m▄[48;2;222;222;222m[38;2;225;225;225m▄[48;2;219;218;219m[38;2;226;226;226m▄[48;2;214;214;214m[38;2;224;224;224m▄[48;2;206;206;207m[38;2;225;226;226m▄[48;2;200;200;200m[38;2;214;211;212m▄[48;2;200;202;202m[38;2;179;162;165m▄[48;2;197;198;198m[38;2;173;153;155m▄[48;2;151;123;128m[38;2;179;160;163m▄[48;2;159;141;143m[38;2;179;164;167m▄[48;2;147;124;129m[38;2;182;168;171m▄[48;2;158;138;143m[38;2;166;149;151m▄[48;2;157;137;140m[38;2;169;151;155m▄[48;2;161;142;146m[38;2;171;156;159m▄[48;2;161;144;146m[38;2;182;169;172m▄[48;2;151;128;131m[38;2;187;177;180m▄[48;2;185;178;180m[38;2;160;141;143m▄[48;2;193;192;191m[38;2;179;169;170m▄[48;2;153;133;136m[38;2;175;159;162m▄[48;2;147;124;128m[38;2;171;155;158m▄[48;2;164;145;148m[38;2;166;148;152m▄[48;2;157;133;137m[38;2;167;150;154m▄[48;2;168;156;158m[38;2;196;190;192m▄[48;2;160;140;143m[38;2;181;167;171m▄[48;2;175;163;164m[38;2;177;162;164m▄[48;2;193;191;192m[38;2;174;156;160m▄[48;2;200;202;202m[38;2;162;143;146m▄[48;2;200;200;200m[38;2;187;176;179m▄[48;2;203;203;202m[38;2;216;218;217m▄[48;2;209;209;209m[38;2;215;215;215m▄[48;2;213;212;213m[38;2;216;216;217m▄[48;2;215;214;215m[38;2;216;216;217m▄[48;2;214;214;215m[38;2;216;216;216m▄[48;2;214;214;214m[38;2;215;215;215m▄[48;2;213;213;213m[38;2;216;215;216m▄[48;2;213;213;213m[38;2;216;216;216m▄[48;2;213;213;213m[38;2;215;215;215m▄[48;2;211;211;212m[38;2;215;215;215m▄[48;2;211;211;211m[38;2;214;214;214m▄[48;2;210;210;210m[38;2;213;213;213m▄[48;2;210;210;210m[38;2;213;213;213m▄[48;2;210;210;210m[38;2;212;212;212m▄[48;2;209;209;209m[38;2;210;210;210m▄[48;2;213;212;214m[38;2;217;217;217m▄[48;2;215;215;216m[38;2;222;222;222m▄[48;2;208;208;208m[38;2;210;211;210m▄[48;2;208;208;209m[38;2;209;209;209m▄[48;2;208;208;208m[38;2;210;210;210m▄[48;2;208;208;207m[38;2;210;210;210m▄[0m
[48;2;226;226;226m[38;2;229;229;229m▄[48;2;226;226;226m[38;2;229;229;229m▄[48;2;226;226;226m[38;2;229;229;229m▄[48;2;226;226;226m[38;2;229;229;229m▄[48;2;227;227;227m[38;2;229;229;229m▄[48;2;226;226;226m[38;2;229;229;229m▄[48;2;227;227;227m[38;2;229;229;229m▄[48;2;228;228;228m[38;2;230;230;230m▄[48;2;227;227;227m[38;2;229;229;229m▄[48;2;227;227;227m[38;2;230;230;230m▄[48;2;227;227;227m[38;2;230;230;230m▄[48;2;227;227;227m[38;2;230;230;230m▄[48;2;227;227;227m[38;2;230;230;230m▄[48;2;227;227;227m[38;2;230;230;230m▄[48;2;227;227;227m[38;2;229;229;229m▄[48;2;228;228;228m[38;2;229;229;229m▄[48;2;228;228;228m[38;2;229;229;229m▄[48;2;228;228;228m[38;2;229;229;229m▄[48;2;227;227;227m[38;2;229;230;230m▄[48;2;229;229;229m[38;2;229;229;229m▄[48;2;224;222;222m[38;2;229;229;229m▄[48;2;199;186;189m[38;2;233;235;234m▄[48;2;195;181;184m[38;2;234;236;236m▄[48;2;200;187;189m[38;2;232;234;234m▄[48;2;207;196;199m[38;2;231;232;232m▄[48;2;215;208;210m[38;2;229;230;230m▄[48;2;196;183;186m[38;2;233;235;235m▄[48;2;200;187;189m[38;2;232;234;233m▄[48;2;204;192;195m[38;2;230;232;231m▄[48;2;199;187;191m[38;2;229;230;230m▄[48;2;208;202;203m[38;2;227;228;228m▄[48;2;201;189;192m[38;2;229;231;231m▄[48;2;211;203;206m[38;2;227;228;227m▄[48;2;200;190;192m[38;2;228;229;229m▄[48;2;198;187;188m[38;2;228;230;230m▄[48;2;201;189;191m[38;2;228;229;229m▄[48;2;204;195;197m[38;2;227;228;228m▄[48;2;213;209;210m[38;2;224;225;225m▄[48;2;199;188;190m[38;2;226;228;227m▄[48;2;209;201;203m[38;2;224;226;225m▄[48;2;196;185;187m[38;2;226;228;228m▄[48;2;193;182;185m[38;2;227;229;228m▄[48;2;208;204;205m[38;2;223;224;223m▄[48;2;220;221;220m[38;2;219;219;219m▄[48;2;217;216;216m[38;2;218;218;218m▄[48;2;217;217;217m[38;2;217;217;217m▄[48;2;217;217;217m[38;2;217;217;217m▄[48;2;216;216;216m[38;2;217;217;217m▄[48;2;215;215;215m[38;2;216;216;216m▄[48;2;216;216;216m[38;2;216;216;216m▄[48;2;216;215;217m[38;2;216;216;216m▄[48;2;216;216;216m[38;2;216;216;216m▄[48;2;216;216;216m[38;2;216;216;216m▄[48;2;215;215;215m[38;2;216;216;216m▄[48;2;215;215;215m[38;2;215;215;215m▄[48;2;215;215;215m[38;2;215;215;215m▄[48;2;215;215;215m[38;2;215;215;215m▄[48;2;214;214;214m[38;2;215;215;215m▄[48;2;213;213;213m[38;2;215;215;215m▄[48;2;213;213;213m[38;2;215;215;215m▄[48;2;212;212;211m[38;2;215;215;215m▄[48;2;210;211;210m[38;2;213;213;213m▄[48;2;210;211;210m[38;2;213;213;213m▄[48;2;211;211;211m[38;2;213;213;213m▄[0m
[48;2;230;230;230m[38;2;231;231;231m▄[48;2;230;230;230m[38;2;231;231;231m▄[48;2;230;230;230m[38;2;231;231;231m▄[48;2;231;231;231m[38;2;231;231;231m▄[48;2;231;231;231m[38;2;232;232;232m▄[48;2;231;231;231m[38;2;232;232;232m▄[48;2;230;230;230m[38;2;231;231;231m▄[48;2;231;231;231m[38;2;231;231;231m▄[48;2;230;230;230m[38;2;232;232;232m▄[48;2;231;231;231m[38;2;232;232;232m▄[48;2;231;231;231m[38;2;232;232;232m▄[48;2;231;231;231m[38;2;231;231;231m▄[48;2;231;231;231m[38;2;231;231;231m▄[48;2;230;230;230m[38;2;231;231;231m▄[48;2;230;230;230m[38;2;231;231;231m▄[48;2;230;230;230m[38;2;231;231;231m▄[48;2;230;230;230m[38;2;231;231;231m▄[48;2;230;230;230m[38;2;230;230;230m▄[48;2;230;230;230m[38;2;230;230;230m▄[48;2;230;230;230m[38;2;230;230;230m▄[48;2;229;229;229m[38;2;229;229;229m▄[48;2;229;228;228m[38;2;230;230;230m▄[48;2;228;228;228m[38;2;229;229;229m▄[48;2;228;228;228m[38;2;229;229;229m▄[48;2;228;228;228m[38;2;229;229;229m▄[48;2;227;227;227m[38;2;228;228;228m▄[48;2;226;226;226m[38;2;228;228;228m▄[48;2;226;226;226m[38;2;227;227;227m▄[48;2;226;226;226m[38;2;227;227;227m▄[48;2;227;227;227m[38;2;228;228;228m▄[48;2;226;225;225m[38;2;227;227;227m▄[48;2;225;224;225m[38;2;227;227;227m▄[48;2;224;224;224m[38;2;226;226;226m▄[48;2;223;223;223m[38;2;225;225;225m▄[48;2;223;223;223m[38;2;224;224;224m▄[48;2;223;223;223m[38;2;224;224;224m▄[48;2;223;222;222m[38;2;224;224;224m▄[48;2;223;223;223m[38;2;224;224;224m▄[48;2;222;222;222m[38;2;223;223;223m▄[48;2;222;222;222m[38;2;223;223;223m▄[48;2;221;221;221m[38;2;222;222;222m▄[48;2;221;220;220m[38;2;221;221;221m▄[48;2;221;221;221m[38;2;222;222;222m▄[48;2;221;221;221m[38;2;221;221;221m▄[48;2;221;221;221m[38;2;221;221;221m▄[48;2;220;220;220m[38;2;220;220;220m▄[48;2;218;218;218m[38;2;218;218;218m▄[48;2;217;217;217m[38;2;218;218;218m▄[48;2;217;217;217m[38;2;217;217;217m▄[48;2;217;217;217m[38;2;217;217;217m▄[48;2;216;216;216m[38;2;216;216;216m▄[48;2;216;216;216m[38;2;216;216;216m▄[48;2;216;216;216m[38;2;216;216;216m▄[48;2;216;216;216m[38;2;216;216;216m▄[48;2;216;216;216m[38;2;216;216;216m▄[48;2;216;216;216m[38;2;216;216;216m▄[48;2;216;216;216m[38;2;216;216;216m▄[48;2;215;215;215m[38;2;215;215;215m▄[48;2;215;215;215m[38;2;215;215;215m▄[48;2;215;215;215m[38;2;215;215;215m▄[48;2;215;215;215m[38;2;215;215;215m▄[48;2;215;215;215m[38;2;215;215;215m▄[48;2;215;215;214m[38;2;215;215;214m▄[48;2;214;214;214m[38;2;215;215;215m▄[0m
