[48;2;218;218;218m[38;2;218;218;218m▄[48;2;220;220;220m[38;2;219;219;219m▄[48;2;221;221;221m[38;2;222;222;222m▄[48;2;222;222;222m[38;2;222;222;222m▄[48;2;223;223;223m[38;2;222;222;222m▄[48;2;223;223;223m[38;2;223;223;223m▄[48;2;224;224;224m[38;2;224;224;224m▄[48;2;225;225;225m[38;2;224;224;224m▄[48;2;225;225;225m[38;2;225;225;225m▄[48;2;225;225;225m[38;2;225;225;225m▄[48;2;225;225;225m[38;2;224;224;224m▄[48;2;225;225;225m[38;2;224;224;224m▄[48;2;227;227;227m[38;2;225;225;225m▄[48;2;228;228;228m[38;2;226;226;226m▄[48;2;228;228;228m[38;2;226;226;226m▄[48;2;227;227;227m[38;2;227;227;227m▄[48;2;227;227;227m[38;2;227;227;227m▄[48;2;227;227;227m[38;2;227;227;227m▄[48;2;227;227;227m[38;2;227;227;227m▄[48;2;227;227;227m[38;2;227;227;227m▄[48;2;227;227;227m[38;2;227;227;227m▄[48;2;227;227;227m[38;2;227;227;227m▄[48;2;227;227;227m[38;2;227;227;227m▄[48;2;227;227;227m[38;2;227;227;227m▄[48;2;227;227;227m[38;2;228;228;228m▄[48;2;227;227;227m[38;2;227;227;227m▄[48;2;228;228;228m[38;2;226;226;226m▄[48;2;227;227;227m[38;2;226;226;226m▄[48;2;225;225;225m[38;2;225;225;225m▄[48;2;225;225;225m[38;2;224;224;224m▄[48;2;225;225;225m[38;2;224;224;224m▄[48;2;225;225;225m[38;2;224;224;224m▄[48;2;225;225;225m[38;2;224;224;224m▄[48;2;224;224;224m[38;2;224;224;224m▄[48;2;223;223;223m[38;2;224;224;224m▄[48;2;223;223;223m[38;2;223;223;223m▄[48;2;223;223;223m[38;2;223;223;223m▄[48;2;222;222;222m[38;2;222;222;222m▄[48;2;221;221;221m[38;2;222;222;222m▄[48;2;221;221;221m[38;2;220;220;220m▄[48;2;220;220;220m[38;2;220;220;220m▄[48;2;218;218;218m[38;2;218;218;218m▄[48;2;217;217;217m[38;2;217;217;217m▄[48;2;216;216;216m[38;2;216;216;216m▄[48;2;216;216;216m[38;2;216;216;216m▄[48;2;216;216;216m[38;2;216;216;216m▄[48;2;216;216;216m[38;2;216;216;216m▄[48;2;216;216;216m[38;2;216;216;216m▄[48;2;215;215;215m[38;2;215;215;215m▄[48;2;215;215;215m[38;2;215;215;215m▄[48;2;214;214;214m[38;2;214;214;214m▄[48;2;214;214;214m[38;2;214;214;214m▄[48;2;213;213;213m[38;2;213;213;213m▄[48;2;212;212;212m[38;2;212;212;212m▄[48;2;211;211;211m[38;2;211;211;211m▄[48;2;211;211;211m[38;2;211;211;211m▄[48;2;210;210;210m[38;2;210;210;210m▄[48;2;210;210;210m[38;2;210;210;210m▄[48;2;209;209;209m[38;2;209;209;210m▄[48;2;208;208;208m[38;2;208;208;209m▄[48;2;208;208;208m[38;2;208;208;208m▄[48;2;208;208;208m[38;2;207;207;207m▄[48;2;207;207;207m[38;2;207;207;207m▄[48;2;207;207;207m[38;2;206;206;206m▄[0m
[48;2;217;217;217m[38;2;218;218;218m▄[48;2;219;219;219m[38;2;218;218;218m▄[48;2;221;221;221m[38;2;220;220;220m▄[48;2;222;222;222m[38;2;222;222;222m▄[48;2;223;223;223m[38;2;223;223;223m▄[48;2;223;223;223m[38;2;223;223;223m▄[48;2;223;223;223m[38;2;223;223;223m▄[48;2;223;223;223m[38;2;223;223;223m▄[48;2;224;224;224m[38;2;224;224;224m▄[48;2;225;225;225m[38;2;225;225;225m▄[48;2;225;225;225m[38;2;224;224;224m▄[48;2;224;224;224m[38;2;224;224;224m▄[48;2;224;224;224m[38;2;224;224;224m▄[48;2;224;224;224m[38;2;224;224;224m▄[48;2;226;226;226m[38;2;224;224;224m▄[48;2;227;227;227m[38;2;224;224;224m▄[48;2;226;226;226m[38;2;225;225;225m▄[48;2;227;227;227m[38;2;226;226;226m▄[48;2;227;227;227m[38;2;227;227;227m▄[48;2;227;227;227m[38;2;227;227;227m▄[48;2;227;227;227m[38;2;227;227;227m▄[48;2;227;227;227m[38;2;226;226;226m▄[48;2;227;227;227m[38;2;227;227;227m▄[48;2;227;227;227m[38;2;225;225;225m▄[48;2;227;227;227m[38;2;224;224;224m▄[48;2;225;225;225m[38;2;224;224;224m▄[48;2;225;224;225m[38;2;224;224;224m▄[48;2;226;226;226m[38;2;225;225;225m▄[48;2;223;224;223m[38;2;231;228;232m▄[48;2;223;224;223m[38;2;231;228;233m▄[48;2;223;224;223m[38;2;233;229;233m▄[48;2;224;224;224m[38;2;224;225;224m▄[48;2;223;223;223m[38;2;223;223;223m▄[48;2;223;223;223m[38;2;222;223;222m▄[48;2;222;223;222m[38;2;228;226;228m▄[48;2;221;222;221m[38;2;231;227;233m▄[48;2;223;223;223m[38;2;225;224;225m▄[48;2;223;223;223m[38;2;222;222;221m▄[48;2;222;222;222m[38;2;222;222;222m▄[48;2;221;221;221m[38;2;221;221;221m▄[48;2;219;219;219m[38;2;219;219;219m▄[48;2;218;218;218m[38;2;218;218;218m▄[48;2;217;217;217m[38;2;217;217;217m▄[48;2;216;216;216m[38;2;216;216;216m▄[48;2;216;216;216m[38;2;216;216;216m▄[48;2;216;216;216m[38;2;216;216;216m▄[48;2;216;216;216m[38;2;215;215;215m▄[48;2;216;216;216m[38;2;215;216;215m▄[48;2;215;215;215m[38;2;215;215;215m▄[48;2;215;215;215m[38;2;215;215;215m▄[48;2;214;214;214m[38;2;214;214;214m▄[48;2;213;213;213m[38;2;213;213;213m▄[48;2;213;213;213m[38;2;214;213;214m▄[48;2;212;212;212m[38;2;212;212;212m▄[48;2;211;211;211m[38;2;211;211;211m▄[48;2;210;210;210m[38;2;210;210;210m▄[48;2;210;210;210m[38;2;210;210;211m▄[48;2;210;210;210m[38;2;209;209;210m▄[48;2;209;209;210m[38;2;209;209;209m▄[48;2;208;208;208m[38;2;209;209;209m▄[48;2;208;208;208m[38;2;208;208;208m▄[48;2;208;208;208m[38;2;208;208;208m▄[48;2;207;207;207m[38;2;207;207;207m▄[48;2;207;207;207m[38;2;207;207;207m▄[0m
[48;2;218;218;218m[38;2;217;217;217m▄[48;2;218;218;218m[38;2;218;218;218m▄[48;2;220;220;220m[38;2;220;220;220m▄[48;2;221;221;221m[38;2;221;221;221m▄[48;2;222;222;222m[38;2;221;221;221m▄[48;2;222;222;222m[38;2;222;222;222m▄[48;2;223;223;223m[38;2;223;223;223m▄[48;2;223;223;223m[38;2;223;223;223m▄[48;2;223;223;223m[38;2;223;223;223m▄[48;2;224;224;224m[38;2;224;224;224m▄[48;2;224;224;224m[38;2;224;224;224m▄[48;2;225;225;225m[38;2;225;225;225m▄[48;2;225;225;225m[38;2;226;226;226m▄[48;2;224;224;224m[38;2;225;225;225m▄[48;2;225;225;225m[38;2;225;225;225m▄[48;2;225;225;225m[38;2;224;224;224m▄[48;2;224;224;224m[38;2;224;224;224m▄[48;2;225;225;225m[38;2;224;224;224m▄[48;2;225;225;225m[38;2;225;225;225m▄[48;2;225;225;225m[38;2;224;224;224m▄[48;2;225;225;225m[38;2;224;224;224m▄[48;2;224;224;224m[38;2;224;224;224m▄[48;2;224;224;224m[38;2;225;225;225m▄[48;2;224;224;224m[38;2;225;225;225m▄[48;2;225;225;225m[38;2;224;224;224m▄[48;2;225;225;225m[38;2;224;224;224m▄[48;2;225;225;225m[38;2;227;226;226m▄[48;2;223;224;224m[38;2;220;222;222m▄[48;2;159;189;151m[38;2;139;183;119m▄[48;2;160;191;153m[38;2;152;197;99m▄[48;2;187;203;186m[38;2;132;180;92m▄[48;2;226;225;228m[38;2;146;180;134m▄[48;2;224;224;224m[38;2;230;227;231m▄[48;2;231;227;231m[38;2;196;207;198m▄[48;2;188;204;186m[38;2;116;170;85m▄[48;2;145;182;134m[38;2;108;166;82m▄[48;2;214;218;214m[38;2;199;207;200m▄[48;2;224;223;225m[38;2;222;222;223m▄[48;2;220;221;220m[38;2;220;220;220m▄[48;2;220;220;220m[38;2;219;219;219m▄[48;2;219;219;219m[38;2;218;218;218m▄[48;2;218;218;218m[38;2;218;218;218m▄[48;2;217;217;217m[38;2;217;217;217m▄[48;2;216;216;216m[38;2;216;216;216m▄[48;2;216;216;216m[38;2;216;216;216m▄[48;2;216;216;216m[38;2;216;216;216m▄[48;2;215;215;215m[38;2;215;215;215m▄[48;2;215;215;215m[38;2;215;215;215m▄[48;2;215;215;215m[38;2;215;215;215m▄[48;2;215;215;215m[38;2;214;214;214m▄[48;2;214;213;215m[38;2;214;214;214m▄[48;2;213;213;214m[38;2;213;213;213m▄[48;2;213;213;213m[38;2;213;213;213m▄[48;2;212;212;212m[38;2;211;211;212m▄[48;2;211;211;211m[38;2;210;211;211m▄[48;2;210;210;210m[38;2;210;211;211m▄[48;2;210;210;210m[38;2;210;210;210m▄[48;2;210;209;210m[38;2;210;210;210m▄[48;2;209;209;209m[38;2;209;209;209m▄[48;2;209;209;209m[38;2;209;209;209m▄[48;2;208;208;208m[38;2;209;209;209m▄[48;2;208;208;208m[38;2;208;208;208m▄[48;2;207;207;207m[38;2;207;207;207m▄[48;2;206;206;206m[38;2;207;207;207m▄[0m
[48;2;217;217;217m[38;2;217;217;217m▄[48;2;218;218;218m[38;2;217;217;217m▄[48;2;219;219;219m[38;2;217;217;218m▄[48;2;221;221;221m[38;2;219;219;219m▄[48;2;221;221;221m[38;2;221;221;221m▄[48;2;222;222;222m[38;2;222;222;222m▄[48;2;223;223;223m[38;2;223;223;223m▄[48;2;223;223;223m[38;2;223;223;223m▄[48;2;223;223;223m[38;2;223;223;223m▄[48;2;224;224;224m[38;2;223;223;223m▄[48;2;224;224;224m[38;2;223;223;223m▄[48;2;224;224;224m[38;2;224;224;224m▄[48;2;224;224;224m[38;2;224;224;224m▄[48;2;225;225;225m[38;2;224;224;224m▄[48;2;224;224;224m[38;2;224;224;224m▄[48;2;224;224;224m[38;2;224;224;224m▄[48;2;224;224;224m[38;2;224;224;224m▄[48;2;224;224;224m[38;2;224;224;224m▄[48;2;224;224;224m[38;2;225;225;225m▄[48;2;224;224;224m[38;2;225;225;225m▄[48;2;224;224;224m[38;2;224;224;224m▄[48;2;224;224;224m[38;2;224;224;224m▄[48;2;225;225;225m[38;2;224;224;224m▄[48;2;225;225;225m[38;2;225;225;225m▄[48;2;224;224;224m[38;2;224;224;224m▄[48;2;224;224;224m[38;2;224;224;224m▄[48;2;223;224;223m[38;2;223;223;223m▄[48;2;231;227;232m[38;2;230;227;229m▄[48;2;152;184;141m[38;2;202;214;206m▄[48;2;141;187;81m[38;2;123;178;96m▄[48;2;141;187;86m[38;2;124;180;72m▄[48;2;123;176;70m[38;2;112;168;72m▄[48;2;164;188;160m[38;2;107;162;80m▄[48;2;135;175;119m[38;2;101;153;89m▄[48;2;126;169;104m[38;2;159;183;155m▄[48;2;202;204;208m[38;2;157;184;145m▄[48;2;218;214;220m[38;2;155;183;144m▄[48;2;225;222;225m[38;2;178;196;177m▄[48;2;221;221;220m[38;2;221;220;224m▄[48;2;219;219;219m[38;2;223;221;223m▄[48;2;218;218;218m[38;2;217;217;217m▄[48;2;217;217;217m[38;2;217;217;217m▄[48;2;216;216;216m[38;2;217;217;217m▄[48;2;216;216;216m[38;2;217;217;217m▄[48;2;217;217;217m[38;2;217;217;217m▄[48;2;216;216;216m[38;2;216;216;216m▄[48;2;215;215;215m[38;2;215;215;215m▄[48;2;215;215;215m[38;2;215;215;215m▄[48;2;215;215;215m[38;2;214;214;214m▄[48;2;214;214;214m[38;2;214;214;214m▄[48;2;214;214;214m[38;2;213;214;214m▄[48;2;213;213;213m[38;2;213;213;213m▄[48;2;213;213;213m[38;2;212;212;212m▄[48;2;211;211;212m[38;2;211;211;211m▄[48;2;211;211;211m[38;2;211;211;211m▄[48;2;211;211;211m[38;2;211;211;211m▄[48;2;210;210;210m[38;2;211;211;211m▄[48;2;210;210;210m[38;2;210;210;210m▄[48;2;209;209;209m[38;2;209;209;209m▄[48;2;209;209;209m[38;2;209;209;209m▄[48;2;208;208;208m[38;2;208;208;208m▄[48;2;207;207;207m[38;2;208;208;208m▄[48;2;207;207;207m[38;2;207;207;207m▄[48;2;206;206;206m[38;2;206;206;205m▄[0m
[48;2;216;216;216m[38;2;216;216;216m▄[48;2;216;216;216m[38;2;216;216;216m▄[48;2;217;217;217m[38;2;217;217;217m▄[48;2;218;218;218m[38;2;218;218;218m▄[48;2;220;220;220m[38;2;218;218;218m▄[48;2;222;222;222m[38;2;220;220;220m▄[48;2;222;222;222m[38;2;221;221;221m▄[48;2;222;222;222m[38;2;221;222;221m▄[48;2;223;223;223m[38;2;222;222;222m▄[48;2;223;223;223m[38;2;223;223;223m▄[48;2;223;223;223m[38;2;223;223;223m▄[48;2;224;224;224m[38;2;223;223;223m▄[48;2;224;224;224m[38;2;224;224;224m▄[48;2;224;224;224m[38;2;223;223;223m▄[48;2;224;224;224m[38;2;224;224;224m▄[48;2;224;224;224m[38;2;224;224;224m▄[48;2;224;224;224m[38;2;224;224;223m▄[48;2;225;225;225m[38;2;224;224;224m▄[48;2;225;225;225m[38;2;224;224;224m▄[48;2;225;225;225m[38;2;224;224;224m▄[48;2;224;224;224m[38;2;225;225;225m▄[48;2;225;225;225m[38;2;224;224;224m▄[48;2;225;225;225m[38;2;225;225;225m▄[48;2;224;224;224m[38;2;224;224;224m▄[48;2;224;224;224m[38;2;223;223;223m▄[48;2;224;224;224m[38;2;223;223;223m▄[48;2;224;224;224m[38;2;223;225;225m▄[48;2;223;228;227m[38;2;219;168;175m▄[48;2;227;209;214m[38;2;227;139;148m▄[48;2;188;173;167m[38;2;237;141;155m▄[48;2;124;160;99m[38;2;229;135;152m▄[48;2;98;167;82m[38;2;195;136;141m▄[48;2;69;141;56m[38;2;182;147;134m▄[48;2;79;147;72m[38;2;105;146;76m▄[48;2;111;168;84m[38;2;90;162;62m▄[48;2;125;178;81m[38;2;115;177;71m▄[48;2;141;188;91m[38;2;130;186;73m▄[48;2;143;188;99m[38;2;128;179;69m▄[48;2;135;175;119m[38;2;119;165;98m▄[48;2;207;212;209m[38;2;199;204;201m▄[48;2;220;219;220m[38;2;219;218;219m▄[48;2;216;216;216m[38;2;216;216;216m▄[48;2;216;216;216m[38;2;216;216;216m▄[48;2;217;217;217m[38;2;217;217;217m▄[48;2;217;217;217m[38;2;216;216;216m▄[48;2;216;216;216m[38;2;216;216;216m▄[48;2;215;215;215m[38;2;215;215;215m▄[48;2;215;215;215m[38;2;214;214;214m▄[48;2;214;214;214m[38;2;214;214;214m▄[48;2;214;214;214m[38;2;214;214;214m▄[48;2;213;214;214m[38;2;214;214;214m▄[48;2;212;212;212m[38;2;213;213;213m▄[48;2;211;211;211m[38;2;211;211;211m▄[48;2;210;210;210m[38;2;210;210;210m▄[48;2;210;210;210m[38;2;211;211;211m▄[48;2;211;211;211m[38;2;211;211;211m▄[48;2;211;210;211m[38;2;209;209;210m▄[48;2;209;209;210m[38;2;209;208;210m▄[48;2;209;209;209m[38;2;209;209;209m▄[48;2;208;208;208m[38;2;208;208;208m▄[48;2;208;208;208m[38;2;208;207;209m▄[48;2;207;207;207m[38;2;207;207;207m▄[48;2;207;207;207m[38;2;207;207;207m▄[48;2;206;206;206m[38;2;206;205;207m▄[0m
[48;2;216;216;216m[38;2;216;216;216m▄[48;2;216;216;216m[38;2;216;216;216m▄[48;2;216;216;216m[38;2;216;216;216m▄[48;2;217;217;217m[38;2;216;216;216m▄[48;2;218;218;218m[38;2;217;217;217m▄[48;2;219;219;219m[38;2;217;217;217m▄[48;2;220;219;220m[38;2;218;218;218m▄[48;2;221;221;221m[38;2;220;220;221m▄[48;2;221;221;221m[38;2;221;221;221m▄[48;2;222;222;222m[38;2;221;221;221m▄[48;2;223;223;223m[38;2;222;222;222m▄[48;2;223;223;223m[38;2;222;222;222m▄[48;2;223;222;223m[38;2;222;222;222m▄[48;2;223;223;223m[38;2;222;222;222m▄[48;2;224;224;224m[38;2;222;222;222m▄[48;2;224;224;224m[38;2;223;223;223m▄[48;2;224;224;224m[38;2;223;223;223m▄[48;2;224;224;224m[38;2;223;223;223m▄[48;2;223;223;223m[38;2;223;223;223m▄[48;2;224;224;224m[38;2;223;223;223m▄[48;2;224;224;224m[38;2;223;223;223m▄[48;2;224;224;224m[38;2;224;224;224m▄[48;2;224;224;224m[38;2;224;224;224m▄[48;2;225;225;225m[38;2;224;224;224m▄[48;2;224;222;223m[38;2;223;221;222m▄[48;2;224;230;229m[38;2;224;234;232m▄[48;2;219;188;193m[38;2;211;146;156m▄[48;2;228;130;142m[38;2;222;123;136m▄[48;2;235;139;151m[38;2;224;134;145m▄[48;2;236;139;150m[38;2;218;114;129m▄[48;2;226;127;138m[38;2;219;127;137m▄[48;2;234;145;157m[38;2;241;168;174m▄[48;2;252;165;178m[38;2;235;153;162m▄[48;2;221;127;138m[38;2;231;138;150m▄[48;2;169;147;121m[38;2;241;138;156m▄[48;2;148;156;103m[38;2;250;154;170m▄[48;2;136;154;103m[38;2;216;140;158m▄[48;2;150;177;147m[38;2;204;204;209m▄[48;2;195;195;198m[38;2;207;206;207m▄[48;2;208;206;209m[38;2;212;212;212m▄[48;2;214;215;214m[38;2;216;216;216m▄[48;2;217;217;217m[38;2;216;216;216m▄[48;2;217;217;217m[38;2;217;217;218m▄[48;2;216;216;216m[38;2;216;216;216m▄[48;2;216;216;216m[38;2;216;216;215m▄[48;2;216;216;216m[38;2;216;215;216m▄[48;2;215;215;215m[38;2;214;214;215m▄[48;2;215;214;215m[38;2;215;214;215m▄[48;2;215;215;215m[38;2;214;214;214m▄[48;2;214;214;214m[38;2;214;214;214m▄[48;2;213;213;213m[38;2;213;213;213m▄[48;2;212;212;212m[38;2;212;212;212m▄[48;2;211;211;211m[38;2;211;211;211m▄[48;2;210;210;210m[38;2;211;211;211m▄[48;2;211;211;211m[38;2;211;211;211m▄[48;2;211;211;211m[38;2;211;211;211m▄[48;2;210;210;210m[38;2;209;209;210m▄[48;2;209;209;209m[38;2;209;208;210m▄[48;2;209;209;209m[38;2;209;209;209m▄[48;2;208;208;208m[38;2;208;208;208m▄[48;2;208;208;208m[38;2;208;208;208m▄[48;2;208;208;208m[38;2;207;207;207m▄[48;2;208;208;208m[38;2;207;207;207m▄[48;2;206;206;206m[38;2;205;205;205m▄[0m
[48;2;216;216;216m[38;2;216;216;216m▄[48;2;216;216;216m[38;2;216;216;216m▄[48;2;216;216;216m[38;2;216;216;216m▄[48;2;216;216;216m[38;2;216;216;216m▄[48;2;217;217;217m[38;2;217;217;217m▄[48;2;217;217;217m[38;2;218;218;218m▄[48;2;218;218;218m[38;2;218;218;218m▄[48;2;219;219;219m[38;2;218;218;218m▄[48;2;220;220;220m[38;2;218;218;218m▄[48;2;220;220;220m[38;2;219;219;219m▄[48;2;221;221;221m[38;2;220;220;220m▄[48;2;221;221;221m[38;2;220;220;220m▄[48;2;221;221;221m[38;2;221;221;221m▄[48;2;222;222;222m[38;2;221;221;221m▄[48;2;222;222;222m[38;2;221;221;221m▄[48;2;223;223;223m[38;2;222;222;222m▄[48;2;223;223;223m[38;2;222;222;222m▄[48;2;222;222;222m[38;2;222;222;222m▄[48;2;222;222;222m[38;2;222;222;222m▄[48;2;223;223;223m[38;2;222;222;222m▄[48;2;222;222;222m[38;2;222;222;222m▄[48;2;223;223;223m[38;2;222;222;222m▄[48;2;223;223;223m[38;2;223;223;223m▄[48;2;223;221;222m[38;2;223;223;222m▄[48;2;225;230;229m[38;2;221;224;224m▄[48;2;213;182;187m[38;2;209;135;147m▄[48;2;219;125;138m[38;2;233;125;138m▄[48;2;233;133;147m[38;2;230;119;134m▄[48;2;235;130;145m[38;2;212;90;110m▄[48;2;220;136;150m[38;2;215;151;163m▄[48;2;221;162;169m[38;2;255;255;255m▄[48;2;224;130;141m[38;2;226;181;187m▄[48;2;242;159;169m[38;2;218;129;141m▄[48;2;230;145;154m[38;2;227;134;146m▄[48;2;224;130;140m[38;2;224;136;146m▄[48;2;240;167;171m[38;2;220;132;144m▄[48;2;208;104;117m[38;2;221;103;121m▄[48;2;201;148;157m[38;2;212;112;129m▄[48;2;215;222;222m[38;2;208;205;207m▄[48;2;217;215;216m[38;2;218;218;216m▄[48;2;216;217;218m[38;2;215;211;207m▄[48;2;217;217;218m[38;2;213;207;196m▄[48;2;216;215;213m[38;2;213;205;191m▄[48;2;216;216;215m[38;2;212;201;184m▄[48;2;216;218;220m[38;2;212;204;190m▄[48;2;215;215;215m[38;2;215;216;218m▄[48;2;215;215;215m[38;2;215;215;214m▄[48;2;214;214;214m[38;2;214;214;214m▄[48;2;213;213;213m[38;2;213;213;213m▄[48;2;213;213;213m[38;2;213;213;213m▄[48;2;213;213;213m[38;2;213;213;213m▄[48;2;211;211;211m[38;2;211;211;211m▄[48;2;211;211;211m[38;2;211;211;211m▄[48;2;211;211;211m[38;2;211;211;211m▄[48;2;210;210;210m[38;2;211;211;211m▄[48;2;210;210;210m[38;2;210;210;210m▄[48;2;209;209;209m[38;2;209;209;209m▄[48;2;209;209;209m[38;2;209;209;209m▄[48;2;209;209;209m[38;2;209;209;209m▄[48;2;208;207;208m[38;2;208;208;208m▄[48;2;207;207;207m[38;2;207;207;207m▄[48;2;207;207;207m[38;2;207;207;207m▄[48;2;206;206;206m[38;2;206;206;206m▄[48;2;205;205;205m[38;2;205;205;205m▄[0m
[48;2;215;215;215m[38;2;215;215;215m▄[48;2;216;216;216m[38;2;215;215;215m▄[48;2;216;216;216m[38;2;216;216;216m▄[48;2;216;216;216m[38;2;216;216;216m▄[48;2;216;216;216m[38;2;216;216;216m▄[48;2;217;217;217m[38;2;217;217;217m▄[48;2;217;217;217m[38;2;217;217;217m▄[48;2;217;217;217m[38;2;217;217;217m▄[48;2;217;217;217m[38;2;217;217;217m▄[48;2;218;218;218m[38;2;217;217;217m▄[48;2;218;218;218m[38;2;218;218;218m▄[48;2;219;219;219m[38;2;218;218;218m▄[48;2;219;219;219m[38;2;219;219;219m▄[48;2;220;220;220m[38;2;219;219;219m▄[48;2;221;221;221m[38;2;221;221;221m▄[48;2;221;221;221m[38;2;221;221;221m▄[48;2;221;221;221m[38;2;220;220;220m▄[48;2;221;221;221m[38;2;221;221;221m▄[48;2;221;221;221m[38;2;221;221;221m▄[48;2;221;221;221m[38;2;221;221;221m▄[48;2;221;221;221m[38;2;220;220;220m▄[48;2;222;222;222m[38;2;221;221;221m▄[48;2;221;221;221m[38;2;221;220;220m▄[48;2;222;222;222m[38;2;220;219;219m▄[48;2;219;220;220m[38;2;222;229;228m▄[48;2;206;124;139m[38;2;202;144;155m▄[48;2;230;116;132m[38;2;203;85;106m▄[48;2;210;103;121m[38;2;220;114;131m▄[48;2;208;97;117m[38;2;216;99;117m▄[48;2;201;94;112m[38;2;220;110;126m▄[48;2;229;193;199m[38;2;212;104;121m▄[48;2;255;255;255m[38;2;214;157;168m▄[48;2;241;224;227m[38;2;251;252;253m▄[48;2;208;130;143m[38;2;221;168;177m▄[48;2;203;94;112m[38;2;222;102;119m▄[48;2;219;107;124m[38;2;233;128;141m▄[48;2;232;118;134m[38;2;227;108;125m▄[48;2;212;104;121m[38;2;196;116;130m▄[48;2;201;192;195m[38;2;200;204;203m▄[48;2;215;215;211m[38;2;215;213;215m▄[48;2;214;210;205m[38;2;216;216;218m▄[48;2;215;213;213m[38;2;215;216;216m▄[48;2;215;215;216m[38;2;214;214;213m▄[48;2;214;215;217m[38;2;215;215;217m▄[48;2;209;196;178m[38;2;214;213;211m▄[48;2;211;204;192m[38;2;208;193;174m▄[48;2;215;216;219m[38;2;215;217;220m▄[48;2;214;214;213m[38;2;214;213;213m▄[48;2;213;213;214m[38;2;212;212;212m▄[48;2;212;212;213m[38;2;211;211;211m▄[48;2;212;211;212m[38;2;211;211;211m▄[48;2;211;211;211m[38;2;211;211;211m▄[48;2;211;211;211m[38;2;211;211;211m▄[48;2;211;211;211m[38;2;211;211;211m▄[48;2;211;211;211m[38;2;210;210;210m▄[48;2;210;209;211m[38;2;209;209;210m▄[48;2;209;209;209m[38;2;209;209;209m▄[48;2;209;209;209m[38;2;209;209;209m▄[48;2;208;208;208m[38;2;208;208;208m▄[48;2;208;208;208m[38;2;207;207;207m▄[48;2;207;207;207m[38;2;207;207;207m▄[48;2;207;207;207m[38;2;207;207;207m▄[48;2;206;206;206m[38;2;205;205;205m▄[48;2;205;205;205m[38;2;205;205;205m▄[0m
[48;2;215;215;215m[38;2;215;215;215m▄[48;2;215;215;215m[38;2;215;215;215m▄[48;2;215;215;215m[38;2;215;215;215m▄[48;2;216;216;216m[38;2;215;215;215m▄[48;2;217;217;217m[38;2;216;216;216m▄[48;2;217;217;217m[38;2;216;216;216m▄[48;2;217;217;217m[38;2;217;217;217m▄[48;2;217;217;217m[38;2;217;217;217m▄[48;2;216;216;216m[38;2;216;216;216m▄[48;2;217;217;217m[38;2;216;216;216m▄[48;2;217;217;217m[38;2;217;217;217m▄[48;2;217;217;217m[38;2;217;217;217m▄[48;2;218;218;218m[38;2;217;217;217m▄[48;2;217;217;217m[38;2;217;217;217m▄[48;2;218;218;218m[38;2;217;217;217m▄[48;2;219;219;219m[38;2;218;218;218m▄[48;2;220;220;220m[38;2;221;221;221m▄[48;2;221;221;221m[38;2;221;221;221m▄[48;2;223;223;223m[38;2;226;225;225m▄[48;2;221;221;221m[38;2;223;227;227m▄[48;2;221;219;220m[38;2;221;225;223m▄[48;2;221;221;221m[38;2;220;219;218m▄[48;2;220;221;221m[38;2;218;212;212m▄[48;2;219;220;220m[38;2;217;214;214m▄[48;2;220;219;219m[38;2;217;222;221m▄[48;2;215;212;213m[38;2;221;233;231m▄[48;2;194;108;125m[38;2;200;151;162m▄[48;2;227;110;128m[38;2;219;96;115m▄[48;2;213;93;113m[38;2;221;105;123m▄[48;2;215;106;125m[38;2;208;95;115m▄[48;2;233;127;141m[38;2;232;127;141m▄[48;2;218;105;121m[38;2;228;121;135m▄[48;2;205;114;129m[38;2;200;78;99m▄[48;2;194;87;106m[38;2;208;84;105m▄[48;2;215;101;119m[38;2;209;89;112m▄[48;2;213;96;116m[38;2;210;75;100m▄[48;2;195;90;113m[38;2;188;113;129m▄[48;2;189;177;181m[38;2;196;211;208m▄[48;2;203;208;208m[38;2;209;200;200m▄[48;2;215;220;220m[38;2;216;186;187m▄[48;2;216;217;217m[38;2;215;211;211m▄[48;2;214;214;213m[38;2;217;220;222m▄[48;2;216;218;220m[38;2;207;199;188m▄[48;2;216;218;221m[38;2;198;180;156m▄[48;2;204;192;173m[38;2;206;195;180m▄[48;2;205;196;180m[38;2;211;211;211m▄[48;2;214;216;219m[38;2;208;205;201m▄[48;2;213;212;212m[38;2;212;213;213m▄[48;2;211;211;211m[38;2;211;210;210m▄[48;2;211;211;211m[38;2;211;211;212m▄[48;2;211;211;211m[38;2;211;211;211m▄[48;2;211;211;211m[38;2;211;211;211m▄[48;2;211;210;212m[38;2;211;211;211m▄[48;2;211;211;210m[38;2;210;210;211m▄[48;2;209;209;209m[38;2;209;209;210m▄[48;2;209;208;210m[38;2;209;208;210m▄[48;2;208;208;209m[38;2;208;208;208m▄[48;2;208;208;208m[38;2;208;208;208m▄[48;2;208;208;208m[38;2;207;207;207m▄[48;2;207;207;207m[38;2;207;207;207m▄[48;2;206;206;206m[38;2;206;206;206m▄[48;2;206;206;206m[38;2;206;206;206m▄[48;2;205;205;205m[38;2;204;204;204m▄[48;2;205;205;205m[38;2;204;204;204m▄[0m
[48;2;215;215;215m[38;2;215;215;215m▄[48;2;215;215;215m[38;2;215;215;215m▄[48;2;216;216;216m[38;2;215;215;215m▄[48;2;215;215;215m[38;2;215;215;215m▄[48;2;216;216;216m[38;2;216;216;216m▄[48;2;216;216;216m[38;2;216;216;216m▄[48;2;216;216;216m[38;2;216;216;215m▄[48;2;217;217;217m[38;2;217;217;217m▄[48;2;217;217;217m[38;2;216;216;216m▄[48;2;217;217;217m[38;2;217;217;217m▄[48;2;216;216;216m[38;2;217;217;217m▄[48;2;216;216;216m[38;2;216;216;216m▄[48;2;216;216;216m[38;2;216;216;216m▄[48;2;217;217;217m[38;2;217;217;217m▄[48;2;216;216;216m[38;2;216;216;216m▄[48;2;218;218;218m[38;2;219;218;218m▄[48;2;221;221;221m[38;2;224;227;227m▄[48;2;224;225;225m[38;2;229;221;224m▄[48;2;237;241;241m[38;2;248;235;238m▄[48;2;231;213;215m[38;2;249;234;234m▄[48;2;226;172;175m[38;2;231;172;176m▄[48;2;227;160;165m[38;2;226;146;153m▄[48;2;227;162;167m[38;2;222;128;138m▄[48;2;228;161;166m[38;2;226;139;150m▄[48;2;221;156;162m[38;2;241;175;183m▄[48;2;218;204;205m[38;2;220;136;145m▄[48;2;211;208;210m[38;2;217;212;211m▄[48;2;195;96;114m[38;2;206;200;203m▄[48;2;220;92;112m[38;2;192;127;142m▄[48;2;206;82;105m[38;2;192;106;125m▄[48;2;216;104;121m[38;2;187;122;136m▄[48;2;194;98;116m[38;2;216;144;150m▄[48;2;200;97;117m[38;2;222;148;155m▄[48;2;218;91;113m[38;2;194;117;134m▄[48;2;217;83;106m[38;2;187;110;128m▄[48;2;198;78;102m[38;2;187;167;172m▄[48;2;189;173;177m[38;2;198;209;208m▄[48;2;203;195;195m[38;2;212;144;152m▄[48;2;224;146;152m[38;2;238;168;177m▄[48;2;237;159;163m[38;2;224;159;168m▄[48;2;222;163;169m[38;2;219;141;147m▄[48;2;204;201;189m[38;2;201;197;186m▄[48;2;201;193;173m[38;2;216;176;181m▄[48;2;212;213;211m[38;2;224;145;152m▄[48;2;214;221;224m[38;2;214;181;184m▄[48;2;206;202;195m[38;2;205;204;195m▄[48;2;205;200;191m[38;2;209;207;206m▄[48;2;212;213;215m[38;2;211;212;212m▄[48;2;211;210;210m[38;2;210;210;210m▄[48;2;211;211;211m[38;2;210;210;210m▄[48;2;211;211;211m[38;2;210;210;210m▄[48;2;211;211;211m[38;2;210;210;210m▄[48;2;210;210;210m[38;2;209;209;209m▄[48;2;210;210;210m[38;2;208;208;208m▄[48;2;209;209;209m[38;2;208;208;208m▄[48;2;209;208;209m[38;2;208;208;208m▄[48;2;208;208;208m[38;2;208;208;208m▄[48;2;207;207;207m[38;2;207;207;207m▄[48;2;207;207;207m[38;2;207;207;207m▄[48;2;207;207;207m[38;2;206;206;206m▄[48;2;206;206;206m[38;2;206;206;206m▄[48;2;205;205;205m[38;2;204;205;204m▄[48;2;204;204;204m[38;2;204;204;204m▄[48;2;204;204;204m[38;2;203;203;203m▄[0m
[48;2;214;214;214m[38;2;213;213;213m▄[48;2;214;214;214m[38;2;214;214;214m▄[48;2;215;215;215m[38;2;214;214;214m▄[48;2;215;215;215m[38;2;215;215;215m▄[48;2;215;215;216m[38;2;215;215;215m▄[48;2;216;216;216m[38;2;215;215;215m▄[48;2;216;216;215m[38;2;215;215;215m▄[48;2;215;215;215m[38;2;216;216;216m▄[48;2;216;216;216m[38;2;216;216;216m▄[48;2;217;217;217m[38;2;216;216;216m▄[48;2;216;216;216m[38;2;216;216;216m▄[48;2;216;216;216m[38;2;216;216;216m▄[48;2;217;217;217m[38;2;216;216;216m▄[48;2;217;217;217m[38;2;217;217;217m▄[48;2;217;217;217m[38;2;217;216;216m▄[48;2;217;217;217m[38;2;218;221;221m▄[48;2;218;219;219m[38;2;213;198;200m▄[48;2;222;160;169m[38;2;216;138;147m▄[48;2;247;226;228m[38;2;244;213;215m▄[48;2;228;173;177m[38;2;205;114;126m▄[48;2;215;114;125m[38;2;224;149;159m▄[48;2;241;184;191m[38;2;234;174;183m▄[48;2;218;131;140m[38;2;192;101;115m▄[48;2;201;113;123m[38;2;205;130;142m▄[48;2;235;173;183m[38;2;245;192;200m▄[48;2;232;159;168m[38;2;208;115;129m▄[48;2;205;170;173m[38;2;202;111;123m▄[48;2;213;216;215m[38;2;218;143;154m▄[48;2;209;212;211m[38;2;211;125;138m▄[48;2;202;219;217m[38;2;207;140;151m▄[48;2;205;172;173m[38;2;202;131;141m▄[48;2;232;150;159m[38;2;207;105;118m▄[48;2;229;143;151m[38;2;201;111;123m▄[48;2;202;175;176m[38;2;196;141;149m▄[48;2;195;208;206m[38;2;212;130;143m▄[48;2;200;200;199m[38;2;213;138;148m▄[48;2;205;192;193m[38;2;199;114;125m▄[48;2;223;142;152m[38;2;231;159;169m▄[48;2;232;177;183m[38;2;227;169;176m▄[48;2;212;115;129m[38;2;208;118;131m▄[48;2;206;137;145m[38;2;207;122;134m▄[48;2;204;213;211m[38;2;197;156;160m▄[48;2;215;127;137m[38;2;206;117;130m▄[48;2;237;161;169m[38;2;206;100;115m▄[48;2;212;129;139m[38;2;199;152;159m▄[48;2;210;214;215m[38;2;203;210;210m▄[48;2;211;210;211m[38;2;211;209;209m▄[48;2;210;210;210m[38;2;210;210;211m▄[48;2;210;210;208m[38;2;211;211;210m▄[48;2;210;210;210m[38;2;210;211;210m▄[48;2;210;210;210m[38;2;208;210;211m▄[48;2;210;210;210m[38;2;210;209;213m▄[48;2;210;210;210m[38;2;209;208;211m▄[48;2;209;209;209m[38;2;209;209;209m▄[48;2;208;208;208m[38;2;209;209;209m▄[48;2;208;208;208m[38;2;208;208;208m▄[48;2;208;208;208m[38;2;208;208;206m▄[48;2;208;208;208m[38;2;207;207;206m▄[48;2;207;207;207m[38;2;207;207;207m▄[48;2;206;206;206m[38;2;205;205;205m▄[48;2;205;205;205m[38;2;204;204;204m▄[48;2;204;204;204m[38;2;204;203;204m▄[48;2;204;204;204m[38;2;203;203;204m▄[48;2;203;203;203m[38;2;203;203;203m▄[0m
[48;2;212;212;212m[38;2;213;213;213m▄[48;2;213;213;213m[38;2;212;212;212m▄[48;2;214;214;214m[38;2;213;213;213m▄[48;2;213;214;213m[38;2;213;213;213m▄[48;2;214;214;214m[38;2;214;214;214m▄[48;2;214;214;214m[38;2;214;214;214m▄[48;2;215;215;215m[38;2;214;214;214m▄[48;2;214;214;215m[38;2;214;214;214m▄[48;2;215;215;215m[38;2;215;215;215m▄[48;2;215;215;215m[38;2;215;215;215m▄[48;2;216;216;216m[38;2;215;215;215m▄[48;2;215;215;215m[38;2;215;215;215m▄[48;2;215;215;215m[38;2;216;216;216m▄[48;2;216;216;216m[38;2;216;216;216m▄[48;2;216;216;216m[38;2;215;215;215m▄[48;2;216;216;216m[38;2;215;215;215m▄[48;2;217;216;216m[38;2;216;219;218m▄[48;2;203;122;136m[38;2;215;208;209m▄[48;2;201;103;119m[38;2;198;158;166m▄[48;2;188;84;102m[38;2;189;99;115m▄[48;2;234;167;178m[38;2;234;152;164m▄[48;2;217;139;151m[38;2;204;121;137m▄[48;2;200;104;119m[38;2;238;165;175m▄[48;2;230;164;173m[38;2;181;85;103m▄[48;2;204;113;128m[38;2;179;81;101m▄[48;2;190;80;99m[38;2;222;139;154m▄[48;2;234;171;181m[38;2;202;114;131m▄[48;2;198;109;125m[38;2;169;56;80m▄[48;2;242;186;194m[38;2;240;174;184m▄[48;2;209;117;132m[38;2;167;57;82m▄[48;2;194;87;106m[38;2;213;126;143m▄[48;2;242;188;195m[38;2;216;140;152m▄[48;2;183;80;99m[38;2;172;57;82m▄[48;2;217;141;152m[38;2;237;170;181m▄[48;2;217;139;150m[38;2;180;82;102m▄[48;2;218;145;157m[38;2;176;71;92m▄[48;2;201;103;119m[38;2;186;84;105m▄[48;2;235;176;184m[38;2;243;174;183m▄[48;2;210;140;151m[38;2;191;106;123m▄[48;2;218;148;158m[38;2;202;111;126m▄[48;2;239;175;185m[38;2;217;136;149m▄[48;2;179;63;83m[38;2;166;58;81m▄[48;2;231;166;174m[38;2;235;160;170m▄[48;2;216;130;143m[38;2;193;98;115m▄[48;2;190;161;166m[38;2;232;174;180m▄[48;2;204;210;210m[38;2;218;199;200m▄[48;2;210;209;210m[38;2;208;211;211m▄[48;2;210;210;210m[38;2;210;209;209m▄[48;2;210;210;210m[38;2;209;209;209m▄[48;2;210;210;210m[38;2;210;210;210m▄[48;2;208;210;213m[38;2;208;209;210m▄[48;2;208;210;215m[38;2;206;209;213m▄[48;2;209;209;215m[38;2;208;208;214m▄[48;2;208;208;210m[38;2;209;208;210m▄[48;2;208;208;209m[38;2;208;208;208m▄[48;2;208;208;208m[38;2;208;208;205m▄[48;2;208;209;203m[38;2;208;208;203m▄[48;2;208;208;202m[38;2;206;208;202m▄[48;2;206;206;204m[38;2;205;206;203m▄[48;2;204;204;204m[38;2;204;204;204m▄[48;2;203;203;203m[38;2;203;203;203m▄[48;2;203;203;203m[38;2;203;203;203m▄[48;2;203;203;203m[38;2;203;203;203m▄[48;2;203;203;203m[38;2;203;203;203m▄[0m
[48;2;211;211;211m[38;2;211;211;211m▄[48;2;211;211;211m[38;2;211;211;211m▄[48;2;212;212;212m[38;2;211;211;211m▄[48;2;212;212;212m[38;2;210;210;210m▄[48;2;213;213;213m[38;2;212;212;212m▄[48;2;213;213;213m[38;2;212;212;213m▄[48;2;214;214;214m[38;2;213;213;213m▄[48;2;214;214;214m[38;2;213;213;214m▄[48;2;215;215;215m[38;2;214;214;214m▄[48;2;215;215;215m[38;2;215;215;215m▄[48;2;215;215;215m[38;2;215;215;215m▄[48;2;215;215;215m[38;2;214;214;214m▄[48;2;215;215;215m[38;2;215;215;215m▄[48;2;215;215;215m[38;2;215;215;215m▄[48;2;215;215;215m[38;2;215;215;215m▄[48;2;215;215;215m[38;2;215;215;215m▄[48;2;216;214;215m[38;2;214;212;212m▄[48;2;217;224;221m[38;2;210;209;195m▄[48;2;193;176;182m[38;2;183;139;150m▄[48;2;201;97;118m[38;2;206;95;116m▄[48;2;221;130;145m[38;2;204;100;120m▄[48;2;150;44;69m[38;2;170;116;128m▄[48;2;224;130;148m[38;2;179;82;106m▄[48;2;210;118;134m[38;2;240;140;156m▄[48;2;159;65;89m[38;2;166;63;85m▄[48;2;237;143;159m[38;2;185;83;104m▄[48;2;196;97;115m[38;2;213;111;130m▄[48;2;212;121;138m[38;2;177;74;98m▄[48;2;234;140;154m[38;2;214;117;133m▄[48;2;179;82;104m[38;2;183;81;105m▄[48;2;245;158;170m[38;2;191;88;111m▄[48;2;194;91;111m[38;2;207;107;126m▄[48;2;200;113;129m[38;2;168;70;93m▄[48;2;237;143;156m[38;2;199;101;120m▄[48;2;172;81;100m[38;2;209;112;130m▄[48;2;180;92;111m[38;2;182;83;106m▄[48;2;221;130;146m[38;2;181;81;102m▄[48;2;239;146;162m[38;2;197;96;116m▄[48;2;156;45;72m[38;2;151;52;76m▄[48;2;228;133;149m[38;2;193;89;110m▄[48;2;200;106;124m[38;2;202;96;119m▄[48;2;206;120;136m[38;2;172;65;89m▄[48;2;232;135;150m[38;2;227;160;171m▄[48;2;216;160;169m[38;2;235;198;201m▄[48;2;233;195;198m[38;2;210;175;180m▄[48;2;209;186;189m[38;2;190;192;192m▄[48;2;205;209;208m[38;2;204;204;204m▄[48;2;210;209;210m[38;2;210;210;210m▄[48;2;209;209;210m[38;2;208;208;208m▄[48;2;209;209;209m[38;2;208;208;208m▄[48;2;209;208;209m[38;2;208;208;208m▄[48;2;208;207;209m[38;2;208;208;208m▄[48;2;209;207;211m[38;2;208;208;208m▄[48;2;208;208;209m[38;2;208;207;208m▄[48;2;208;208;206m[38;2;207;208;205m▄[48;2;208;208;205m[38;2;208;208;204m▄[48;2;207;208;203m[38;2;207;208;203m▄[48;2;205;208;203m[38;2;204;207;202m▄[48;2;203;208;204m[38;2;202;207;203m▄[48;2;202;204;206m[38;2;201;204;206m▄[48;2;203;202;204m[38;2;202;202;206m▄[48;2;203;203;203m[38;2;202;202;203m▄[48;2;203;203;202m[38;2;202;202;203m▄[48;2;203;203;203m[38;2;202;202;202m▄[0m
[48;2;210;210;210m[38;2;209;209;209m▄[48;2;211;211;211m[38;2;210;210;210m▄[48;2;210;210;210m[38;2;210;210;210m▄[48;2;210;210;210m[38;2;210;210;210m▄[48;2;211;211;211m[38;2;210;210;210m▄[48;2;211;211;211m[38;2;210;210;210m▄[48;2;211;211;211m[38;2;210;210;210m▄[48;2;213;213;213m[38;2;211;211;211m▄[48;2;213;213;213m[38;2;211;211;211m▄[48;2;214;214;214m[38;2;211;211;211m▄[48;2;214;214;214m[38;2;211;211;212m▄[48;2;214;214;214m[38;2;212;212;212m▄[48;2;214;214;214m[38;2;213;213;213m▄[48;2;214;214;214m[38;2;212;212;212m▄[48;2;214;214;214m[38;2;213;213;212m▄[48;2;215;216;218m[38;2;213;213;213m▄[48;2;209;204;199m[38;2;213;212;212m▄[48;2;203;196;179m[38;2;193;178;159m▄[48;2;207;190;199m[38;2;209;207;197m▄[48;2;168;67;91m[38;2;204;186;188m▄[48;2;169;65;93m[38;2;189;163;161m▄[48;2;191;185;189m[38;2;189;180;163m▄[48;2;172;113;124m[38;2;204;194;183m▄[48;2;193;85;107m[38;2;162;80;102m▄[48;2;235;136;151m[38;2;191;81;104m▄[48;2;152;45;71m[38;2;237;140;156m▄[48;2;160;67;91m[38;2;195;104;123m▄[48;2;166;76;98m[38;2;162;69;91m▄[48;2;152;42;69m[38;2;180;86;108m▄[48;2;181;117;133m[38;2;183;114;128m▄[48;2;180;122;137m[38;2;178;120;135m▄[48;2;170;85;106m[38;2;179;100;118m▄[48;2;180;112;126m[38;2;180;93;114m▄[48;2;161;66;90m[38;2;183;99;118m▄[48;2;162;64;89m[38;2;182;93;113m▄[48;2;167;70;94m[38;2;180;95;114m▄[48;2;165;62;86m[38;2;189;105;123m▄[48;2;163;67;90m[38;2;185;95;116m▄[48;2;192;174;178m[38;2;186;171;175m▄[48;2;176;112;130m[38;2;200;203;193m▄[48;2;174;100;120m[38;2;191;185;169m▄[48;2;184;136;149m[38;2;203;203;192m▄[48;2;214;177;186m[38;2;201;199;193m▄[48;2;210;181;186m[38;2;193;194;190m▄[48;2;188;186;186m[38;2;201;199;192m▄[48;2;194;195;194m[38;2;204;204;204m▄[48;2;207;206;207m[38;2;208;208;208m▄[48;2;208;208;208m[38;2;208;208;208m▄[48;2;208;208;208m[38;2;207;207;207m▄[48;2;208;208;208m[38;2;207;207;207m▄[48;2;208;208;207m[38;2;207;207;207m▄[48;2;208;208;208m[38;2;206;206;206m▄[48;2;207;207;207m[38;2;207;207;207m▄[48;2;207;207;207m[38;2;206;206;206m▄[48;2;207;207;206m[38;2;205;205;205m▄[48;2;207;207;204m[38;2;205;205;204m▄[48;2;206;206;204m[38;2;204;204;203m▄[48;2;205;205;202m[38;2;203;203;203m▄[48;2;203;204;204m[38;2;204;203;204m▄[48;2;203;203;205m[38;2;203;202;203m▄[48;2;203;202;204m[38;2;201;201;202m▄[48;2;202;202;203m[38;2;202;202;202m▄[48;2;202;202;203m[38;2;202;202;202m▄[48;2;202;202;202m[38;2;202;202;202m▄[0m
[48;2;209;209;209m[38;2;212;212;212m▄[48;2;210;210;209m[38;2;212;212;212m▄[48;2;210;210;210m[38;2;213;212;213m▄[48;2;210;210;210m[38;2;213;213;213m▄[48;2;211;211;211m[38;2;213;213;214m▄[48;2;210;210;211m[38;2;214;214;214m▄[48;2;211;211;211m[38;2;214;214;214m▄[48;2;211;211;211m[38;2;215;215;215m▄[48;2;211;211;211m[38;2;215;215;215m▄[48;2;212;212;212m[38;2;215;214;215m▄[48;2;212;212;212m[38;2;215;215;215m▄[48;2;212;212;212m[38;2;214;214;214m▄[48;2;213;213;213m[38;2;214;214;214m▄[48;2;212;212;212m[38;2;215;215;215m▄[48;2;213;213;213m[38;2;215;215;215m▄[48;2;213;213;212m[38;2;215;215;216m▄[48;2;214;214;216m[38;2;215;215;215m▄[48;2;209;206;202m[38;2;216;217;218m▄[48;2;196;182;164m[38;2;215;217;220m▄[48;2;195;187;168m[38;2;213;214;216m▄[48;2;197;192;178m[38;2;213;214;217m▄[48;2;204;199;195m[38;2;212;213;215m▄[48;2;211;214;215m[38;2;212;211;211m▄[48;2;209;204;204m[38;2;212;215;214m▄[48;2;171;100;117m[38;2;213;214;213m▄[48;2;164;57;83m[38;2;191;159;167m▄[48;2;199;89;110m[38;2;170;105;122m▄[48;2;206;104;125m[38;2;166;86;106m▄[48;2;198;98;118m[38;2;167;87;107m▄[48;2;191;83;107m[38;2;170;101;119m▄[48;2;201;103;123m[38;2;165;80;102m▄[48;2;182;95;112m[38;2;171;72;95m▄[48;2;155;48;75m[38;2;186;81;105m▄[48;2;162;80;100m[38;2;189;90;112m▄[48;2;172;124;135m[38;2;186;88;111m▄[48;2;167;105;120m[38;2;196;93;116m▄[48;2;180;84;106m[38;2;200;96;119m▄[48;2;195;92;114m[38;2;157;57;84m▄[48;2;177;137;148m[38;2;189;178;183m▄[48;2;205;206;198m[38;2;207;210;211m▄[48;2;201;194;189m[38;2;209;210;211m▄[48;2;209;203;197m[38;2;208;209;210m▄[48;2;213;207;197m[38;2;206;207;209m▄[48;2;214;208;199m[38;2;206;206;208m▄[48;2;208;206;205m[38;2;207;207;208m▄[48;2;206;206;207m[38;2;208;208;208m▄[48;2;208;208;208m[38;2;208;208;208m▄[48;2;207;207;207m[38;2;208;208;208m▄[48;2;207;207;207m[38;2;208;208;208m▄[48;2;207;207;207m[38;2;208;208;208m▄[48;2;207;207;207m[38;2;208;208;208m▄[48;2;206;206;206m[38;2;208;208;208m▄[48;2;206;206;206m[38;2;208;208;208m▄[48;2;205;205;205m[38;2;207;207;207m▄[48;2;204;204;204m[38;2;207;207;207m▄[48;2;204;204;204m[38;2;206;206;206m▄[48;2;203;203;203m[38;2;205;205;205m▄[48;2;203;203;203m[38;2;205;205;206m▄[48;2;204;204;204m[38;2;204;204;204m▄[48;2;203;203;203m[38;2;203;203;203m▄[48;2;202;202;202m[38;2;203;203;203m▄[48;2;202;202;202m[38;2;203;203;203m▄[48;2;202;202;202m[38;2;202;202;202m▄[48;2;202;202;202m[38;2;202;202;202m▄[0m
[48;2;215;215;215m[38;2;217;217;217m▄[48;2;215;215;215m[38;2;217;217;217m▄[48;2;216;216;216m[38;2;217;217;217m▄[48;2;216;216;216m[38;2;217;217;217m▄[48;2;216;216;216m[38;2;217;217;217m▄[48;2;216;216;216m[38;2;218;217;218m▄[48;2;216;216;216m[38;2;218;218;218m▄[48;2;216;216;216m[38;2;217;217;218m▄[48;2;216;216;216m[38;2;218;218;218m▄[48;2;217;217;217m[38;2;218;218;218m▄[48;2;216;216;216m[38;2;218;218;218m▄[48;2;216;216;216m[38;2;218;218;218m▄[48;2;216;216;216m[38;2;218;218;218m▄[48;2;216;216;216m[38;2;218;218;218m▄[48;2;217;217;217m[38;2;218;218;218m▄[48;2;217;217;217m[38;2;217;217;217m▄[48;2;217;217;217m[38;2;217;217;217m▄[48;2;217;217;216m[38;2;216;216;216m▄[48;2;216;216;215m[38;2;215;215;215m▄[48;2;216;216;216m[38;2;214;214;214m▄[48;2;217;216;216m[38;2;213;213;213m▄[48;2;218;217;217m[38;2;213;213;213m▄[48;2;218;218;218m[38;2;212;212;212m▄[48;2;216;215;216m[38;2;211;211;211m▄[48;2;211;211;211m[38;2;210;210;210m▄[48;2;205;210;209m[38;2;208;206;207m▄[48;2;198;202;200m[38;2;204;202;203m▄[48;2;190;188;188m[38;2;198;197;197m▄[48;2;185;183;183m[38;2;195;192;193m▄[48;2;185;187;186m[38;2;195;189;192m▄[48;2;184;173;177m[38;2;195;191;193m▄[48;2;172;128;141m[38;2;195;198;196m▄[48;2;162;90;109m[38;2;194;194;194m▄[48;2;165;77;98m[38;2;188;181;182m▄[48;2;167;72;97m[38;2;187;173;176m▄[48;2;162;67;91m[38;2;189;179;181m▄[48;2;158;80;99m[38;2;192;193;192m▄[48;2;180;156;163m[38;2;190;193;193m▄[48;2;190;194;193m[38;2;198;197;198m▄[48;2;204;202;203m[38;2;205;206;207m▄[48;2;210;210;210m[38;2;208;208;209m▄[48;2;212;212;212m[38;2;211;211;211m▄[48;2;212;212;212m[38;2;212;212;212m▄[48;2;211;211;211m[38;2;211;211;211m▄[48;2;210;210;210m[38;2;211;211;211m▄[48;2;210;210;210m[38;2;211;211;211m▄[48;2;210;210;210m[38;2;210;210;210m▄[48;2;210;210;210m[38;2;209;209;209m▄[48;2;210;210;210m[38;2;210;210;210m▄[48;2;210;210;210m[38;2;211;211;211m▄[48;2;210;210;210m[38;2;211;211;211m▄[48;2;210;209;210m[38;2;211;211;211m▄[48;2;209;209;209m[38;2;210;210;210m▄[48;2;208;208;208m[38;2;210;210;210m▄[48;2;208;208;208m[38;2;210;210;210m▄[48;2;208;208;208m[38;2;210;210;210m▄[48;2;208;208;208m[38;2;209;209;209m▄[48;2;207;207;208m[38;2;209;209;209m▄[48;2;212;211;212m[38;2;216;216;216m▄[48;2;214;214;214m[38;2;220;220;220m▄[48;2;206;206;207m[38;2;209;209;209m▄[48;2;207;206;207m[38;2;209;209;208m▄[48;2;206;206;206m[38;2;209;209;209m▄[48;2;206;206;206m[38;2;208;208;208m▄[0m
[48;2;220;220;220m[38;2;223;223;223m▄[48;2;220;220;220m[38;2;223;223;223m▄[48;2;221;221;221m[38;2;224;224;224m▄[48;2;221;221;221m[38;2;224;224;224m▄[48;2;221;221;221m[38;2;224;224;224m▄[48;2;222;222;222m[38;2;225;225;225m▄[48;2;222;222;222m[38;2;224;224;224m▄[48;2;222;222;222m[38;2;225;225;225m▄[48;2;222;222;222m[38;2;224;224;224m▄[48;2;222;222;222m[38;2;224;224;224m▄[48;2;222;222;222m[38;2;225;225;225m▄[48;2;222;222;222m[38;2;225;225;225m▄[48;2;222;222;222m[38;2;224;224;224m▄[48;2;222;222;222m[38;2;224;224;224m▄[48;2;221;221;221m[38;2;224;224;224m▄[48;2;218;218;218m[38;2;223;223;223m▄[48;2;214;214;214m[38;2;221;221;221m▄[48;2;207;207;207m[38;2;216;216;216m▄[48;2;200;200;200m[38;2;211;211;211m▄[48;2;195;194;195m[38;2;206;206;206m▄[48;2;191;191;192m[38;2;204;204;204m▄[48;2;190;189;190m[38;2;203;203;203m▄[48;2;189;189;189m[38;2;201;201;201m▄[48;2;189;189;189m[38;2;197;197;197m▄[48;2;189;189;189m[38;2;191;191;191m▄[48;2;192;192;192m[38;2;187;187;187m▄[48;2;196;196;196m[38;2;185;185;185m▄[48;2;199;199;199m[38;2;185;185;185m▄[48;2;199;199;199m[38;2;185;186;186m▄[48;2;199;199;199m[38;2;187;187;187m▄[48;2;198;197;198m[38;2;187;187;187m▄[48;2;196;194;194m[38;2;186;186;186m▄[48;2;194;193;194m[38;2;185;185;185m▄[48;2;192;194;194m[38;2;185;185;185m▄[48;2;191;194;193m[38;2;185;184;184m▄[48;2;190;192;192m[38;2;185;184;184m▄[48;2;190;189;190m[38;2;184;184;184m▄[48;2;191;189;190m[38;2;187;187;187m▄[48;2;188;188;188m[38;2;191;191;191m▄[48;2;186;187;186m[38;2;195;195;195m▄[48;2;188;188;188m[38;2;196;196;196m▄[48;2;191;190;191m[38;2;195;195;195m▄[48;2;192;192;192m[38;2;195;195;195m▄[48;2;193;193;193m[38;2;196;196;197m▄[48;2;196;196;197m[38;2;200;199;201m▄[48;2;203;202;203m[38;2;205;205;205m▄[48;2;208;208;208m[38;2;210;210;210m▄[48;2;211;211;211m[38;2;214;214;214m▄[48;2;213;213;214m[38;2;216;216;216m▄[48;2;214;214;214m[38;2;215;215;215m▄[48;2;213;213;214m[38;2;215;215;215m▄[48;2;214;214;213m[38;2;215;215;215m▄[48;2;213;213;213m[38;2;215;215;215m▄[48;2;212;212;212m[38;2;214;214;214m▄[48;2;211;211;211m[38;2;214;214;214m▄[48;2;210;210;210m[38;2;213;213;213m▄[48;2;210;210;210m[38;2;213;213;213m▄[48;2;210;210;210m[38;2;212;212;212m▄[48;2;210;210;210m[38;2;212;212;212m▄[48;2;211;211;211m[38;2;212;212;211m▄[48;2;210;210;210m[38;2;212;212;212m▄[48;2;210;210;209m[38;2;211;211;211m▄[48;2;209;209;209m[38;2;210;210;210m▄[48;2;209;209;209m[38;2;210;210;210m▄[0m
[48;2;225;225;225m[38;2;228;228;228m▄[48;2;226;226;226m[38;2;228;228;228m▄[48;2;225;225;225m[38;2;227;227;227m▄[48;2;226;226;226m[38;2;229;229;229m▄[48;2;226;226;226m[38;2;228;228;228m▄[48;2;226;226;226m[38;2;228;228;228m▄[48;2;226;226;226m[38;2;229;229;229m▄[48;2;226;226;226m[38;2;229;229;229m▄[48;2;227;227;227m[38;2;229;229;229m▄[48;2;227;227;227m[38;2;228;228;228m▄[48;2;227;227;227m[38;2;228;228;228m▄[48;2;227;227;227m[38;2;228;228;228m▄[48;2;227;227;227m[38;2;227;227;227m▄[48;2;226;226;226m[38;2;228;228;228m▄[48;2;225;225;225m[38;2;227;227;227m▄[48;2;224;224;224m[38;2;227;227;227m▄[48;2;225;225;225m[38;2;227;227;227m▄[48;2;225;225;225m[38;2;227;227;227m▄[48;2;225;225;225m[38;2;227;227;227m▄[48;2;225;225;225m[38;2;227;227;226m▄[48;2;226;226;226m[38;2;227;227;227m▄[48;2;226;226;226m[38;2;227;227;227m▄[48;2;225;225;225m[38;2;227;227;227m▄[48;2;222;222;222m[38;2;227;227;227m▄[48;2;219;219;219m[38;2;227;227;227m▄[48;2;216;216;216m[38;2;227;227;227m▄[48;2;214;214;214m[38;2;227;227;227m▄[48;2;213;213;213m[38;2;228;228;228m▄[48;2;213;213;213m[38;2;228;228;228m▄[48;2;213;213;213m[38;2;226;226;226m▄[48;2;210;210;210m[38;2;226;226;226m▄[48;2;207;207;207m[38;2;226;226;226m▄[48;2;204;204;203m[38;2;225;225;225m▄[48;2;202;202;202m[38;2;224;224;225m▄[48;2;201;201;201m[38;2;224;224;224m▄[48;2;201;201;201m[38;2;224;224;224m▄[48;2;203;203;203m[38;2;224;224;224m▄[48;2;207;207;207m[38;2;223;223;223m▄[48;2;212;212;212m[38;2;223;223;223m▄[48;2;217;217;217m[38;2;222;222;222m▄[48;2;219;219;219m[38;2;221;221;221m▄[48;2;219;219;219m[38;2;221;221;221m▄[48;2;218;218;218m[38;2;220;220;220m▄[48;2;218;218;218m[38;2;219;219;219m▄[48;2;218;218;218m[38;2;218;218;218m▄[48;2;217;217;218m[38;2;217;217;217m▄[48;2;217;217;217m[38;2;217;217;217m▄[48;2;217;217;217m[38;2;216;216;216m▄[48;2;216;216;216m[38;2;217;217;216m▄[48;2;216;216;216m[38;2;216;216;216m▄[48;2;216;216;216m[38;2;216;216;216m▄[48;2;216;216;216m[38;2;216;216;216m▄[48;2;216;216;216m[38;2;216;216;216m▄[48;2;216;216;216m[38;2;216;216;216m▄[48;2;216;216;216m[38;2;216;216;216m▄[48;2;215;215;215m[38;2;215;215;215m▄[48;2;215;215;215m[38;2;216;216;216m▄[48;2;215;215;215m[38;2;216;216;216m▄[48;2;214;214;215m[38;2;216;216;216m▄[48;2;214;214;214m[38;2;216;216;216m▄[48;2;214;214;214m[38;2;215;215;215m▄[48;2;213;213;213m[38;2;215;215;215m▄[48;2;212;212;212m[38;2;214;214;214m▄[48;2;211;211;211m[38;2;214;214;214m▄[0m
