[48;2;223;223;223m[38;2;223;223;223m▄[48;2;223;223;223m[38;2;223;223;223m▄[48;2;223;223;223m[38;2;224;224;224m▄[48;2;224;224;224m[38;2;224;224;224m▄[48;2;224;224;224m[38;2;224;224;224m▄[48;2;225;225;225m[38;2;224;224;224m▄[48;2;224;224;224m[38;2;224;224;224m▄[48;2;224;224;224m[38;2;224;224;224m▄[48;2;224;224;224m[38;2;224;224;224m▄[48;2;225;225;225m[38;2;225;225;225m▄[48;2;227;227;227m[38;2;226;226;225m▄[48;2;228;227;225m[38;2;227;227;225m▄[48;2;228;227;225m[38;2;228;227;224m▄[48;2;228;228;227m[38;2;229;228;225m▄[48;2;229;229;225m[38;2;230;228;224m▄[48;2;230;228;224m[38;2;230;228;223m▄[48;2;231;229;225m[38;2;231;229;224m▄[48;2;230;228;226m[38;2;230;229;224m▄[48;2;229;229;226m[38;2;230;229;223m▄[48;2;229;229;226m[38;2;230;228;225m▄[48;2;228;228;227m[38;2;228;227;225m▄[48;2;228;228;228m[38;2;227;226;226m▄[48;2;227;227;227m[38;2;227;227;227m▄[48;2;227;227;227m[38;2;225;225;225m▄[48;2;227;227;227m[38;2;226;226;226m▄[48;2;227;227;227m[38;2;226;226;226m▄[48;2;227;227;227m[38;2;226;226;226m▄[48;2;227;227;227m[38;2;225;225;225m▄[48;2;225;225;225m[38;2;225;225;225m▄[48;2;224;224;224m[38;2;224;224;224m▄[48;2;225;225;225m[38;2;224;224;224m▄[48;2;225;225;225m[38;2;224;224;224m▄[48;2;225;225;225m[38;2;224;224;224m▄[48;2;223;223;223m[38;2;224;224;224m▄[48;2;223;223;223m[38;2;223;223;223m▄[48;2;223;223;223m[38;2;223;223;223m▄[48;2;223;223;223m[38;2;222;222;222m▄[48;2;222;222;222m[38;2;222;222;222m▄[48;2;221;221;221m[38;2;221;221;221m▄[48;2;221;221;221m[38;2;221;221;221m▄[48;2;221;221;221m[38;2;220;220;220m▄[48;2;220;220;220m[38;2;219;219;219m▄[48;2;219;219;219m[38;2;218;218;218m▄[48;2;217;217;217m[38;2;217;217;217m▄[48;2;217;217;217m[38;2;216;216;216m▄[48;2;216;216;216m[38;2;216;216;216m▄[48;2;217;217;217m[38;2;216;216;216m▄[48;2;216;216;217m[38;2;216;215;217m▄[48;2;216;215;216m[38;2;215;215;215m▄[48;2;215;215;215m[38;2;215;215;215m▄[48;2;215;215;215m[38;2;214;214;215m▄[48;2;215;215;215m[38;2;215;215;215m▄[48;2;214;214;214m[38;2;214;214;214m▄[48;2;214;214;214m[38;2;214;213;214m▄[48;2;212;212;212m[38;2;212;211;212m▄[48;2;212;212;213m[38;2;212;211;212m▄[48;2;211;210;211m[38;2;210;210;210m▄[48;2;210;210;210m[38;2;210;210;210m▄[48;2;210;210;210m[38;2;210;210;210m▄[48;2;210;210;210m[38;2;210;210;210m▄[48;2;209;209;209m[38;2;210;210;210m▄[48;2;209;209;209m[38;2;209;209;210m▄[48;2;209;209;209m[38;2;208;208;208m▄[48;2;209;209;209m[38;2;208;208;208m▄[0m
[48;2;222;222;222m[38;2;222;222;222m▄[48;2;223;223;223m[38;2;222;222;222m▄[48;2;223;223;223m[38;2;223;223;223m▄[48;2;224;224;224m[38;2;223;223;223m▄[48;2;224;224;224m[38;2;224;224;224m▄[48;2;225;225;225m[38;2;224;224;224m▄[48;2;224;224;224m[38;2;224;224;224m▄[48;2;224;224;224m[38;2;224;224;224m▄[48;2;224;224;224m[38;2;224;223;224m▄[48;2;225;225;224m[38;2;225;224;223m▄[48;2;226;225;224m[38;2;226;224;222m▄[48;2;227;226;222m[38;2;229;225;221m▄[48;2;229;227;222m[38;2;231;227;221m▄[48;2;232;228;223m[38;2;233;228;222m▄[48;2;232;228;222m[38;2;235;229;222m▄[48;2;232;228;221m[38;2;235;229;220m▄[48;2;231;228;221m[38;2;234;228;221m▄[48;2;232;229;222m[38;2;233;228;221m▄[48;2;231;229;222m[38;2;231;228;221m▄[48;2;231;228;224m[38;2;230;227;221m▄[48;2;230;228;223m[38;2;229;228;222m▄[48;2;227;226;225m[38;2;227;227;223m▄[48;2;227;227;227m[38;2;226;226;224m▄[48;2;226;225;225m[38;2;225;225;225m▄[48;2;226;226;226m[38;2;225;225;223m▄[48;2;226;226;226m[38;2;225;225;225m▄[48;2;224;224;224m[38;2;224;224;224m▄[48;2;224;224;224m[38;2;224;224;224m▄[48;2;224;224;224m[38;2;223;224;223m▄[48;2;224;224;224m[38;2;224;224;224m▄[48;2;224;224;224m[38;2;224;224;224m▄[48;2;224;224;224m[38;2;224;224;224m▄[48;2;224;224;224m[38;2;224;224;224m▄[48;2;224;224;224m[38;2;223;223;223m▄[48;2;224;224;224m[38;2;223;223;223m▄[48;2;223;223;223m[38;2;223;223;223m▄[48;2;222;222;222m[38;2;222;222;222m▄[48;2;222;222;222m[38;2;222;222;222m▄[48;2;222;222;222m[38;2;221;221;221m▄[48;2;221;221;221m[38;2;221;221;221m▄[48;2;221;221;221m[38;2;219;219;219m▄[48;2;219;219;219m[38;2;218;218;218m▄[48;2;217;217;217m[38;2;217;217;217m▄[48;2;217;217;217m[38;2;217;217;217m▄[48;2;216;216;216m[38;2;216;216;216m▄[48;2;216;216;216m[38;2;216;216;216m▄[48;2;216;216;216m[38;2;216;216;216m▄[48;2;216;216;216m[38;2;215;215;215m▄[48;2;215;215;215m[38;2;215;215;215m▄[48;2;215;215;215m[38;2;215;215;215m▄[48;2;215;215;215m[38;2;215;215;215m▄[48;2;215;215;215m[38;2;214;214;214m▄[48;2;213;213;213m[38;2;214;214;214m▄[48;2;213;213;214m[38;2;213;213;213m▄[48;2;212;212;213m[38;2;212;212;212m▄[48;2;211;211;211m[38;2;211;211;211m▄[48;2;210;210;210m[38;2;211;210;211m▄[48;2;210;210;210m[38;2;210;210;210m▄[48;2;210;210;210m[38;2;210;210;210m▄[48;2;210;210;210m[38;2;210;210;210m▄[48;2;209;209;209m[38;2;209;209;209m▄[48;2;209;209;209m[38;2;209;208;209m▄[48;2;208;208;208m[38;2;208;208;208m▄[48;2;208;208;208m[38;2;208;208;208m▄[0m
[48;2;221;221;221m[38;2;221;221;221m▄[48;2;222;222;222m[38;2;222;222;222m▄[48;2;223;223;223m[38;2;222;222;222m▄[48;2;223;223;223m[38;2;223;223;223m▄[48;2;223;223;223m[38;2;223;223;223m▄[48;2;223;223;223m[38;2;223;223;223m▄[48;2;223;223;223m[38;2;223;223;223m▄[48;2;224;224;224m[38;2;223;223;223m▄[48;2;223;223;223m[38;2;223;223;223m▄[48;2;224;223;220m[38;2;223;223;221m▄[48;2;227;225;221m[38;2;226;225;219m▄[48;2;230;227;221m[38;2;228;226;219m▄[48;2;232;228;221m[38;2;232;228;222m▄[48;2;235;228;222m[38;2;236;229;220m▄[48;2;243;235;225m[38;2;250;246;235m▄[48;2;247;241;229m[38;2;255;255;255m▄[48;2;245;238;225m[38;2;254;255;251m▄[48;2;239;231;221m[38;2;251;249;240m▄[48;2;232;226;220m[38;2;244;239;228m▄[48;2;229;226;220m[38;2;236;231;219m▄[48;2;227;226;220m[38;2;231;226;219m▄[48;2;226;225;221m[38;2;227;224;221m▄[48;2;224;224;221m[38;2;224;224;221m▄[48;2;225;224;221m[38;2;224;224;222m▄[48;2;224;224;221m[38;2;224;224;223m▄[48;2;224;224;224m[38;2;224;224;224m▄[48;2;223;223;223m[38;2;226;225;226m▄[48;2;225;224;226m[38;2;216;220;215m▄[48;2;227;226;226m[38;2;214;218;214m▄[48;2;222;223;222m[38;2;233;229;233m▄[48;2;223;223;223m[38;2;230;227;230m▄[48;2;224;224;224m[38;2;222;223;222m▄[48;2;223;223;223m[38;2;224;224;224m▄[48;2;223;223;223m[38;2;223;223;223m▄[48;2;222;223;222m[38;2;228;226;228m▄[48;2;223;223;223m[38;2;223;223;225m▄[48;2;221;221;221m[38;2;226;225;226m▄[48;2;222;222;222m[38;2;221;221;221m▄[48;2;222;222;222m[38;2;221;221;221m▄[48;2;220;220;220m[38;2;221;221;221m▄[48;2;219;219;219m[38;2;218;218;218m▄[48;2;218;218;218m[38;2;217;217;217m▄[48;2;217;217;217m[38;2;217;217;217m▄[48;2;217;217;217m[38;2;216;216;216m▄[48;2;216;216;216m[38;2;216;216;216m▄[48;2;216;216;216m[38;2;216;216;216m▄[48;2;215;215;215m[38;2;215;215;215m▄[48;2;215;215;215m[38;2;215;215;215m▄[48;2;215;215;215m[38;2;215;215;215m▄[48;2;215;215;215m[38;2;215;215;215m▄[48;2;214;214;214m[38;2;215;215;215m▄[48;2;214;214;214m[38;2;214;214;214m▄[48;2;214;214;214m[38;2;214;214;214m▄[48;2;213;213;213m[38;2;213;213;213m▄[48;2;212;212;212m[38;2;212;212;212m▄[48;2;211;211;211m[38;2;212;212;211m▄[48;2;210;210;211m[38;2;211;211;211m▄[48;2;210;210;210m[38;2;210;210;210m▄[48;2;210;210;210m[38;2;210;210;210m▄[48;2;209;209;209m[38;2;210;210;210m▄[48;2;209;209;209m[38;2;209;209;209m▄[48;2;208;208;209m[38;2;208;208;208m▄[48;2;208;208;208m[38;2;208;208;208m▄[48;2;208;208;208m[38;2;208;208;208m▄[0m
[48;2;221;221;221m[38;2;221;221;221m▄[48;2;222;222;222m[38;2;221;221;221m▄[48;2;223;223;223m[38;2;222;222;222m▄[48;2;223;223;223m[38;2;222;222;222m▄[48;2;223;223;223m[38;2;222;222;222m▄[48;2;223;223;223m[38;2;223;223;223m▄[48;2;223;223;223m[38;2;223;223;223m▄[48;2;223;223;223m[38;2;223;223;223m▄[48;2;223;223;223m[38;2;223;223;223m▄[48;2;224;223;222m[38;2;223;223;222m▄[48;2;225;223;220m[38;2;224;223;219m▄[48;2;227;226;220m[38;2;225;224;218m▄[48;2;231;227;221m[38;2;229;225;219m▄[48;2;235;228;221m[38;2;232;227;220m▄[48;2;245;238;227m[38;2;235;227;220m▄[48;2;252;248;239m[38;2;238;230;220m▄[48;2;254;252;245m[38;2;240;233;219m▄[48;2;255;255;253m[38;2;244;236;224m▄[48;2;255;255;254m[38;2;248;243;230m▄[48;2;253;251;246m[38;2;252;250;242m▄[48;2;246;242;232m[38;2;255;255;249m▄[48;2;238;232;222m[38;2;254;253;247m▄[48;2;229;225;218m[38;2;248;244;235m▄[48;2;225;223;222m[38;2;238;232;222m▄[48;2;223;224;225m[38;2;228;225;219m▄[48;2;223;223;222m[38;2;224;223;223m▄[48;2;230;227;231m[38;2;222;222;223m▄[48;2;140;178;127m[38;2;140;182;127m▄[48;2;128;173;114m[38;2;168;203;118m▄[48;2;149;183;144m[38;2;148;191;100m▄[48;2;198;209;200m[38;2;118;168;102m▄[48;2;231;228;231m[38;2;180;199;180m▄[48;2;220;222;220m[38;2;240;233;240m▄[48;2;231;227;231m[38;2;172;194;173m▄[48;2;155;184;152m[38;2;123;173;91m▄[48;2;117;164;101m[38;2;88;151;55m▄[48;2;200;209;199m[38;2;172;192;170m▄[48;2;226;224;227m[38;2;229;225;229m▄[48;2;220;220;220m[38;2;219;220;219m▄[48;2;219;219;219m[38;2;219;219;219m▄[48;2;218;218;218m[38;2;218;218;218m▄[48;2;217;217;217m[38;2;217;217;217m▄[48;2;217;217;217m[38;2;217;217;217m▄[48;2;216;216;216m[38;2;217;217;217m▄[48;2;216;216;216m[38;2;216;216;216m▄[48;2;216;216;217m[38;2;215;215;216m▄[48;2;216;216;216m[38;2;215;215;215m▄[48;2;215;215;215m[38;2;215;215;215m▄[48;2;215;215;215m[38;2;215;215;215m▄[48;2;215;215;215m[38;2;215;215;215m▄[48;2;214;214;214m[38;2;214;214;214m▄[48;2;214;214;214m[38;2;214;214;214m▄[48;2;214;214;214m[38;2;214;214;214m▄[48;2;213;213;213m[38;2;213;213;213m▄[48;2;212;212;212m[38;2;212;212;212m▄[48;2;211;211;211m[38;2;212;212;212m▄[48;2;210;210;210m[38;2;211;211;211m▄[48;2;210;210;210m[38;2;210;210;210m▄[48;2;210;210;210m[38;2;210;210;210m▄[48;2;209;209;209m[38;2;210;210;210m▄[48;2;209;209;209m[38;2;209;209;209m▄[48;2;208;208;208m[38;2;209;209;209m▄[48;2;208;208;208m[38;2;209;209;209m▄[48;2;208;208;208m[38;2;208;208;208m▄[0m
[48;2;220;220;220m[38;2;219;219;219m▄[48;2;221;221;221m[38;2;219;219;219m▄[48;2;222;222;222m[38;2;220;220;220m▄[48;2;222;222;222m[38;2;221;221;221m▄[48;2;222;222;222m[38;2;221;221;221m▄[48;2;223;223;223m[38;2;222;222;222m▄[48;2;222;222;222m[38;2;222;222;222m▄[48;2;223;223;223m[38;2;222;222;222m▄[48;2;223;223;223m[38;2;222;222;222m▄[48;2;223;223;223m[38;2;222;222;223m▄[48;2;223;223;221m[38;2;223;223;223m▄[48;2;224;223;217m[38;2;223;223;219m▄[48;2;226;224;218m[38;2;224;223;218m▄[48;2;229;225;219m[38;2;225;223;219m▄[48;2;230;225;220m[38;2;226;224;218m▄[48;2;232;226;221m[38;2;228;224;218m▄[48;2;231;226;221m[38;2;228;224;219m▄[48;2;231;225;220m[38;2;228;224;220m▄[48;2;232;225;218m[38;2;226;224;219m▄[48;2;234;226;218m[38;2;225;222;218m▄[48;2;239;232;222m[38;2;226;222;217m▄[48;2;247;242;230m[38;2;226;223;217m▄[48;2;253;250;241m[38;2;232;225;218m▄[48;2;254;252;245m[38;2;239;233;225m▄[48;2;248;244;235m[38;2;248;245;235m▄[48;2;234;230;221m[38;2;251;250;239m▄[48;2;231;226;224m[38;2;254;247;242m▄[48;2;141;180;131m[38;2;173;194;158m▄[48;2;148;191;94m[38;2;134;180;87m▄[48;2;142;188;77m[38;2;135;182;79m▄[48;2;155;196;94m[38;2;117;170;72m▄[48;2;111;162;85m[38;2;138;184;78m▄[48;2;197;206;202m[38;2;106;155;99m▄[48;2;134;176;114m[38;2;99;156;71m▄[48;2;108;161;70m[38;2;158;183;152m▄[48;2;159;183;158m[38;2;200;206;197m▄[48;2;220;216;223m[38;2;146;181;127m▄[48;2;215;215;215m[38;2;214;214;212m▄[48;2;219;219;220m[38;2;228;225;229m▄[48;2;220;220;220m[38;2;216;217;215m▄[48;2;219;219;219m[38;2;216;217;216m▄[48;2;218;218;218m[38;2;217;217;217m▄[48;2;216;216;216m[38;2;216;216;216m▄[48;2;216;216;216m[38;2;217;217;217m▄[48;2;217;217;217m[38;2;217;217;217m▄[48;2;215;215;215m[38;2;215;215;215m▄[48;2;215;215;215m[38;2;216;216;216m▄[48;2;215;215;215m[38;2;215;215;215m▄[48;2;215;215;215m[38;2;215;215;215m▄[48;2;215;215;215m[38;2;214;214;214m▄[48;2;214;214;214m[38;2;214;214;214m▄[48;2;214;214;214m[38;2;213;213;213m▄[48;2;213;213;213m[38;2;213;213;213m▄[48;2;213;213;213m[38;2;212;212;212m▄[48;2;212;212;212m[38;2;211;211;211m▄[48;2;211;211;212m[38;2;210;210;210m▄[48;2;211;211;211m[38;2;210;211;211m▄[48;2;210;210;210m[38;2;210;210;210m▄[48;2;210;210;210m[38;2;209;209;209m▄[48;2;209;209;209m[38;2;208;208;208m▄[48;2;209;209;209m[38;2;208;208;208m▄[48;2;209;209;209m[38;2;209;209;209m▄[48;2;209;209;209m[38;2;208;208;208m▄[48;2;208;208;208m[38;2;208;208;208m▄[0m
[48;2;218;218;218m[38;2;217;217;217m▄[48;2;218;218;218m[38;2;218;218;218m▄[48;2;219;219;219m[38;2;218;218;218m▄[48;2;220;220;220m[38;2;219;219;219m▄[48;2;221;221;221m[38;2;220;220;220m▄[48;2;221;221;221m[38;2;221;221;221m▄[48;2;222;221;222m[38;2;221;221;222m▄[48;2;222;222;222m[38;2;222;222;222m▄[48;2;222;223;223m[38;2;222;222;222m▄[48;2;222;222;222m[38;2;222;222;222m▄[48;2;223;223;223m[38;2;223;223;223m▄[48;2;223;223;222m[38;2;223;223;223m▄[48;2;223;223;221m[38;2;223;223;223m▄[48;2;224;223;220m[38;2;223;223;223m▄[48;2;224;224;218m[38;2;223;223;221m▄[48;2;225;224;218m[38;2;223;223;219m▄[48;2;225;223;218m[38;2;223;223;218m▄[48;2;224;223;218m[38;2;223;223;218m▄[48;2;224;223;217m[38;2;223;223;218m▄[48;2;224;222;217m[38;2;222;222;219m▄[48;2;224;222;218m[38;2;223;222;219m▄[48;2;224;222;219m[38;2;223;222;219m▄[48;2;223;222;220m[38;2;223;223;221m▄[48;2;223;222;219m[38;2;223;224;223m▄[48;2;227;223;218m[38;2;223;223;223m▄[48;2;235;230;221m[38;2;222;220;218m▄[48;2;247;242;234m[38;2;224;227;222m▄[48;2;244;243;232m[38;2;239;242;235m▄[48;2;130;172;101m[38;2;191;217;165m▄[48;2;142;188;78m[38;2;113;170;73m▄[48;2;113;167;75m[38;2;108;168;73m▄[48;2;120;171;77m[38;2;89;151;64m▄[48;2;83;149;56m[38;2;79;145;61m▄[48;2;116;162;106m[38;2;114;160;108m▄[48;2;179;192;182m[38;2;117;166;101m▄[48;2;84;147;67m[38;2;126;178;96m▄[48;2;105;161;82m[38;2;150;193;108m▄[48;2;166;188;163m[38;2;142;186;104m▄[48;2;197;206;197m[38;2;127;174;109m▄[48;2;225;222;226m[38;2;144;178;140m▄[48;2;219;218;219m[38;2;211;214;211m▄[48;2;216;216;216m[38;2;218;217;218m▄[48;2;217;217;217m[38;2;216;216;216m▄[48;2;216;216;216m[38;2;216;216;216m▄[48;2;215;215;215m[38;2;216;216;216m▄[48;2;215;215;215m[38;2;215;215;215m▄[48;2;215;215;215m[38;2;215;215;215m▄[48;2;215;215;215m[38;2;215;215;215m▄[48;2;215;215;215m[38;2;215;215;215m▄[48;2;214;214;214m[38;2;215;215;215m▄[48;2;214;214;214m[38;2;214;214;214m▄[48;2;213;213;213m[38;2;213;213;213m▄[48;2;213;213;213m[38;2;212;212;212m▄[48;2;211;211;211m[38;2;211;211;211m▄[48;2;211;211;211m[38;2;211;211;211m▄[48;2;210;210;210m[38;2;210;210;210m▄[48;2;211;211;211m[38;2;210;210;210m▄[48;2;211;211;211m[38;2;211;210;210m▄[48;2;210;209;209m[38;2;209;209;209m▄[48;2;208;208;208m[38;2;209;209;209m▄[48;2;208;208;208m[38;2;208;208;208m▄[48;2;208;208;208m[38;2;208;208;208m▄[48;2;208;208;208m[38;2;208;208;209m▄[48;2;208;208;208m[38;2;208;208;208m▄[0m
[48;2;216;216;216m[38;2;216;216;216m▄[48;2;217;217;217m[38;2;216;216;216m▄[48;2;217;217;217m[38;2;217;217;217m▄[48;2;218;218;218m[38;2;217;217;217m▄[48;2;218;218;218m[38;2;218;218;218m▄[48;2;220;220;220m[38;2;218;218;218m▄[48;2;221;221;221m[38;2;219;219;219m▄[48;2;221;221;221m[38;2;220;220;220m▄[48;2;222;222;222m[38;2;221;221;221m▄[48;2;223;223;223m[38;2;222;222;222m▄[48;2;223;223;223m[38;2;222;222;222m▄[48;2;223;223;223m[38;2;222;222;222m▄[48;2;223;223;223m[38;2;222;222;222m▄[48;2;223;223;223m[38;2;223;223;223m▄[48;2;223;223;223m[38;2;223;223;223m▄[48;2;223;223;223m[38;2;222;222;223m▄[48;2;223;223;223m[38;2;223;223;223m▄[48;2;223;223;223m[38;2;223;223;223m▄[48;2;223;223;223m[38;2;224;224;224m▄[48;2;224;224;222m[38;2;223;223;224m▄[48;2;223;224;223m[38;2;223;223;223m▄[48;2;223;223;222m[38;2;223;223;223m▄[48;2;223;223;223m[38;2;223;223;223m▄[48;2;223;223;223m[38;2;222;222;222m▄[48;2;223;222;222m[38;2;224;230;229m▄[48;2;225;232;231m[38;2;211;153;167m▄[48;2;217;192;199m[38;2;218;125;143m▄[48;2;213;151;165m[38;2;229;154;165m▄[48;2;178;141;121m[38;2;231;147;163m▄[48;2;135;155;93m[38;2;222;133;145m▄[48;2;102;162;82m[38;2;196;115;119m▄[48;2;116;166;96m[38;2;205;126;135m▄[48;2;68;129;50m[38;2;206;155;144m▄[48;2;69;142;56m[38;2;111;154;85m▄[48;2;102;160;77m[38;2;87;157;62m▄[48;2;111;166;73m[38;2;120;181;76m▄[48;2;116;169;71m[38;2;135;190;82m▄[48;2;142;187;87m[38;2;136;186;79m▄[48;2;165;202;105m[38;2;116;173;66m▄[48;2;124;177;81m[38;2;105;159;84m▄[48;2;117;163;111m[38;2;175;189;174m▄[48;2;222;219;223m[38;2;214;212;215m▄[48;2;215;216;215m[38;2;215;216;215m▄[48;2;216;216;216m[38;2;215;215;216m▄[48;2;216;216;216m[38;2;216;216;216m▄[48;2;215;215;215m[38;2;216;216;216m▄[48;2;215;215;215m[38;2;215;215;215m▄[48;2;215;215;215m[38;2;215;215;215m▄[48;2;215;215;215m[38;2;215;215;215m▄[48;2;214;214;214m[38;2;214;214;214m▄[48;2;214;214;214m[38;2;214;214;214m▄[48;2;213;213;212m[38;2;213;213;213m▄[48;2;212;212;212m[38;2;213;213;213m▄[48;2;211;211;211m[38;2;211;211;211m▄[48;2;210;210;210m[38;2;211;211;211m▄[48;2;210;210;210m[38;2;210;210;210m▄[48;2;211;211;211m[38;2;210;210;210m▄[48;2;211;211;211m[38;2;209;209;209m▄[48;2;209;209;209m[38;2;209;209;209m▄[48;2;209;209;209m[38;2;209;209;209m▄[48;2;209;209;209m[38;2;208;208;208m▄[48;2;209;209;209m[38;2;208;208;208m▄[48;2;208;208;208m[38;2;208;208;208m▄[48;2;207;207;207m[38;2;207;207;207m▄[0m
[48;2;216;216;216m[38;2;216;216;216m▄[48;2;216;216;216m[38;2;216;216;216m▄[48;2;216;216;216m[38;2;216;216;216m▄[48;2;217;217;217m[38;2;217;217;217m▄[48;2;217;217;217m[38;2;217;217;217m▄[48;2;217;217;217m[38;2;217;217;217m▄[48;2;218;218;218m[38;2;218;218;218m▄[48;2;219;219;219m[38;2;218;218;218m▄[48;2;219;219;219m[38;2;218;218;218m▄[48;2;220;220;220m[38;2;219;219;219m▄[48;2;221;221;221m[38;2;219;219;219m▄[48;2;221;221;222m[38;2;220;220;220m▄[48;2;221;221;221m[38;2;221;221;221m▄[48;2;222;222;222m[38;2;221;221;221m▄[48;2;222;222;222m[38;2;222;222;222m▄[48;2;222;222;223m[38;2;221;221;221m▄[48;2;223;223;223m[38;2;222;222;222m▄[48;2;223;223;223m[38;2;222;222;222m▄[48;2;222;222;222m[38;2;222;222;222m▄[48;2;223;223;223m[38;2;223;223;223m▄[48;2;223;223;223m[38;2;222;222;222m▄[48;2;222;223;223m[38;2;222;221;221m▄[48;2;222;220;221m[38;2;223;228;227m▄[48;2;224;233;231m[38;2;217;197;201m▄[48;2;212;156;169m[38;2;214;126;143m▄[48;2;220;133;150m[38;2;237;177;183m▄[48;2;237;175;180m[38;2;226;132;144m▄[48;2;230;142;151m[38;2;227;136;146m▄[48;2;224;122;134m[38;2;217;110;126m▄[48;2;213;97;115m[38;2;213;115;133m▄[48;2;218;120;137m[38;2;235;172;178m▄[48;2;234;164;173m[38;2;227;136;147m▄[48;2;239;149;165m[38;2;226;135;144m▄[48;2;230;139;151m[38;2;230;136;147m▄[48;2;170;140;116m[38;2;240;134;153m▄[48;2;125;147;86m[38;2;234;136;151m▄[48;2;116;152;79m[38;2;226;129;142m▄[48;2;116;161;97m[38;2;214;167;176m▄[48;2;137;169;135m[38;2;206;209;213m▄[48;2;188;192;191m[38;2;203;201;201m▄[48;2;205;202;205m[38;2;206;207;206m▄[48;2;207;207;206m[38;2;215;215;215m▄[48;2;216;216;216m[38;2;216;216;216m▄[48;2;216;216;216m[38;2;216;216;216m▄[48;2;216;216;216m[38;2;215;215;215m▄[48;2;215;215;215m[38;2;215;215;215m▄[48;2;214;214;214m[38;2;214;214;214m▄[48;2;214;214;214m[38;2;214;214;214m▄[48;2;214;214;214m[38;2;213;213;213m▄[48;2;213;213;213m[38;2;213;213;213m▄[48;2;213;213;213m[38;2;212;212;212m▄[48;2;212;212;212m[38;2;212;212;212m▄[48;2;211;211;211m[38;2;211;211;211m▄[48;2;210;210;210m[38;2;210;210;210m▄[48;2;210;210;210m[38;2;210;210;210m▄[48;2;210;210;210m[38;2;210;210;210m▄[48;2;210;210;210m[38;2;209;209;209m▄[48;2;209;209;209m[38;2;209;209;209m▄[48;2;209;209;209m[38;2;208;208;208m▄[48;2;208;208;208m[38;2;208;208;208m▄[48;2;208;208;208m[38;2;208;208;208m▄[48;2;208;208;208m[38;2;208;208;208m▄[48;2;207;207;207m[38;2;207;207;207m▄[48;2;207;207;207m[38;2;206;206;206m▄[0m
[48;2;216;216;216m[38;2;215;215;215m▄[48;2;216;216;216m[38;2;216;216;216m▄[48;2;216;216;216m[38;2;216;216;216m▄[48;2;216;216;216m[38;2;216;216;216m▄[48;2;216;216;216m[38;2;216;216;216m▄[48;2;216;216;216m[38;2;216;216;216m▄[48;2;217;217;217m[38;2;217;217;217m▄[48;2;217;217;217m[38;2;217;217;217m▄[48;2;218;218;218m[38;2;217;217;217m▄[48;2;218;218;218m[38;2;217;217;217m▄[48;2;218;218;218m[38;2;217;217;217m▄[48;2;218;218;218m[38;2;218;218;218m▄[48;2;220;220;220m[38;2;218;218;218m▄[48;2;220;220;221m[38;2;218;218;219m▄[48;2;220;220;221m[38;2;220;219;220m▄[48;2;221;221;221m[38;2;220;220;220m▄[48;2;221;221;221m[38;2;220;220;220m▄[48;2;222;222;222m[38;2;220;220;220m▄[48;2;222;222;222m[38;2;220;220;220m▄[48;2;222;222;222m[38;2;221;221;221m▄[48;2;222;222;222m[38;2;221;221;221m▄[48;2;221;219;220m[38;2;221;221;221m▄[48;2;224;233;231m[38;2;221;220;221m▄[48;2;207;144;159m[38;2;211;133;151m▄[48;2;229;158;169m[38;2;234;167;174m▄[48;2;231;147;156m[38;2;227;134;145m▄[48;2;228;134;145m[38;2;229;137;148m▄[48;2;228;138;148m[38;2;229;134;145m▄[48;2;211;102;121m[38;2;221;129;143m▄[48;2;228;161;172m[38;2;230;155;163m▄[48;2;230;142;152m[38;2;228;133;144m▄[48;2;228;136;146m[38;2;229;138;150m▄[48;2;229;138;148m[38;2;228;137;148m▄[48;2;228;137;147m[38;2;229;137;147m▄[48;2;227;136;146m[38;2;229;136;147m▄[48;2;227;138;147m[38;2;229;138;148m▄[48;2;227;131;143m[38;2;227;133;144m▄[48;2;218;112;128m[38;2;218;103;121m▄[48;2;202;176;180m[38;2;203;115;131m▄[48;2;212;217;216m[38;2;212;215;213m▄[48;2;216;215;215m[38;2;217;216;216m▄[48;2;216;216;216m[38;2;215;215;215m▄[48;2;216;216;216m[38;2;216;216;216m▄[48;2;215;215;215m[38;2;215;215;215m▄[48;2;215;215;215m[38;2;215;215;215m▄[48;2;215;215;215m[38;2;214;214;214m▄[48;2;214;214;214m[38;2;214;214;214m▄[48;2;214;213;213m[38;2;213;213;213m▄[48;2;213;213;213m[38;2;213;213;213m▄[48;2;212;212;212m[38;2;212;212;212m▄[48;2;211;211;211m[38;2;212;212;212m▄[48;2;211;211;211m[38;2;211;211;211m▄[48;2;211;211;211m[38;2;211;211;211m▄[48;2;210;210;210m[38;2;210;210;210m▄[48;2;210;210;210m[38;2;210;210;210m▄[48;2;210;210;210m[38;2;209;209;209m▄[48;2;209;209;209m[38;2;209;209;209m▄[48;2;209;208;209m[38;2;208;208;209m▄[48;2;209;209;209m[38;2;208;208;209m▄[48;2;208;208;208m[38;2;208;208;208m▄[48;2;208;208;208m[38;2;208;208;208m▄[48;2;207;207;207m[38;2;207;207;207m▄[48;2;206;206;206m[38;2;206;206;206m▄[48;2;205;205;205m[38;2;205;205;205m▄[0m
[48;2;215;215;215m[38;2;215;215;215m▄[48;2;215;215;215m[38;2;215;215;215m▄[48;2;215;215;215m[38;2;215;215;215m▄[48;2;215;215;215m[38;2;215;215;215m▄[48;2;216;216;216m[38;2;216;216;216m▄[48;2;217;217;217m[38;2;216;216;216m▄[48;2;216;216;216m[38;2;217;217;217m▄[48;2;217;217;217m[38;2;216;216;216m▄[48;2;217;217;217m[38;2;217;217;217m▄[48;2;217;217;217m[38;2;216;216;216m▄[48;2;217;217;217m[38;2;216;216;216m▄[48;2;217;217;217m[38;2;216;216;216m▄[48;2;217;217;217m[38;2;217;217;217m▄[48;2;217;218;217m[38;2;217;217;217m▄[48;2;219;219;219m[38;2;217;217;217m▄[48;2;218;218;218m[38;2;217;217;217m▄[48;2;219;219;219m[38;2;217;217;217m▄[48;2;219;219;219m[38;2;217;217;217m▄[48;2;219;219;219m[38;2;218;218;218m▄[48;2;220;220;220m[38;2;217;217;217m▄[48;2;219;219;219m[38;2;218;217;218m▄[48;2;221;223;222m[38;2;218;220;220m▄[48;2;218;211;213m[38;2;217;210;212m▄[48;2;214;132;151m[38;2;214;133;152m▄[48;2;232;164;170m[38;2;233;162;169m▄[48;2;227;133;143m[38;2;227;133;143m▄[48;2;229;138;149m[38;2;228;138;148m▄[48;2;228;134;145m[38;2;229;136;147m▄[48;2;234;158;167m[38;2;230;141;152m▄[48;2;230;141;151m[38;2;229;139;149m▄[48;2;229;136;146m[38;2;228;137;146m▄[48;2;229;137;148m[38;2;229;138;148m▄[48;2;229;138;148m[38;2;229;136;147m▄[48;2;229;137;148m[38;2;229;136;146m▄[48;2;229;136;147m[38;2;229;136;145m▄[48;2;229;137;148m[38;2;229;138;148m▄[48;2;227;133;144m[38;2;227;130;142m▄[48;2;220;113;127m[38;2;221;111;127m▄[48;2;208;101;122m[38;2;209;105;124m▄[48;2;204;189;192m[38;2;198;179;183m▄[48;2;216;219;218m[38;2;212;216;215m▄[48;2;216;215;215m[38;2;215;214;215m▄[48;2;215;215;215m[38;2;215;215;215m▄[48;2;215;215;215m[38;2;214;214;214m▄[48;2;214;214;214m[38;2;214;214;214m▄[48;2;214;214;214m[38;2;214;214;215m▄[48;2;214;214;214m[38;2;213;213;213m▄[48;2;214;214;214m[38;2;213;213;213m▄[48;2;212;212;212m[38;2;213;212;213m▄[48;2;212;212;212m[38;2;211;211;212m▄[48;2;211;211;212m[38;2;211;211;211m▄[48;2;211;211;211m[38;2;211;211;211m▄[48;2;210;210;211m[38;2;211;211;211m▄[48;2;210;210;210m[38;2;210;210;210m▄[48;2;210;210;210m[38;2;209;209;209m▄[48;2;209;209;209m[38;2;209;209;209m▄[48;2;208;208;209m[38;2;208;208;209m▄[48;2;208;208;208m[38;2;209;209;209m▄[48;2;208;208;208m[38;2;208;208;208m▄[48;2;208;208;208m[38;2;207;207;207m▄[48;2;207;207;208m[38;2;207;207;207m▄[48;2;207;207;207m[38;2;207;207;207m▄[48;2;206;206;206m[38;2;206;206;206m▄[48;2;205;205;205m[38;2;205;205;205m▄[0m
[48;2;215;215;215m[38;2;215;215;215m▄[48;2;215;215;215m[38;2;215;215;215m▄[48;2;216;216;216m[38;2;215;215;215m▄[48;2;215;215;215m[38;2;215;215;215m▄[48;2;215;215;215m[38;2;215;215;215m▄[48;2;216;216;216m[38;2;216;216;216m▄[48;2;216;216;216m[38;2;215;215;215m▄[48;2;217;217;217m[38;2;215;215;215m▄[48;2;217;217;217m[38;2;216;216;216m▄[48;2;217;217;217m[38;2;217;217;217m▄[48;2;216;216;216m[38;2;217;217;217m▄[48;2;216;216;216m[38;2;217;217;217m▄[48;2;216;216;216m[38;2;217;217;217m▄[48;2;217;217;217m[38;2;217;217;217m▄[48;2;217;217;217m[38;2;217;217;217m▄[48;2;216;216;216m[38;2;216;216;216m▄[48;2;216;216;216m[38;2;217;217;217m▄[48;2;217;217;217m[38;2;216;216;216m▄[48;2;217;217;217m[38;2;216;216;216m▄[48;2;217;217;217m[38;2;216;216;216m▄[48;2;217;217;217m[38;2;216;216;216m▄[48;2;217;216;216m[38;2;216;214;215m▄[48;2;217;219;218m[38;2;218;226;224m▄[48;2;209;133;150m[38;2;208;158;170m▄[48;2;233;159;168m[38;2;227;150;162m▄[48;2;228;134;146m[38;2;230;142;152m▄[48;2;228;138;148m[38;2;228;136;146m▄[48;2;229;137;148m[38;2;228;137;147m▄[48;2;229;137;147m[38;2;229;138;148m▄[48;2;228;137;147m[38;2;229;137;148m▄[48;2;228;137;147m[38;2;229;136;146m▄[48;2;228;137;147m[38;2;228;137;146m▄[48;2;229;137;147m[38;2;229;136;147m▄[48;2;228;137;146m[38;2;228;136;147m▄[48;2;228;136;146m[38;2;229;136;148m▄[48;2;229;139;149m[38;2;228;138;148m▄[48;2;223;122;136m[38;2;217;109;127m▄[48;2;220;112;128m[38;2;219;111;128m▄[48;2;206;107;126m[38;2;201;117;135m▄[48;2;196;185;188m[38;2;197;200;200m▄[48;2;210;213;212m[38;2;209;209;209m▄[48;2;215;215;215m[38;2;215;215;215m▄[48;2;215;215;215m[38;2;214;214;214m▄[48;2;214;214;214m[38;2;213;213;213m▄[48;2;214;214;214m[38;2;214;214;214m▄[48;2;214;214;214m[38;2;213;213;213m▄[48;2;213;213;213m[38;2;212;212;212m▄[48;2;213;213;213m[38;2;212;212;212m▄[48;2;212;211;212m[38;2;211;211;211m▄[48;2;211;210;211m[38;2;210;210;210m▄[48;2;211;211;210m[38;2;210;210;210m▄[48;2;211;211;211m[38;2;210;210;210m▄[48;2;211;211;211m[38;2;210;210;210m▄[48;2;210;210;210m[38;2;210;210;210m▄[48;2;209;209;209m[38;2;210;210;210m▄[48;2;208;208;208m[38;2;209;209;210m▄[48;2;208;208;208m[38;2;208;208;208m▄[48;2;208;208;208m[38;2;208;208;208m▄[48;2;208;208;208m[38;2;208;208;208m▄[48;2;207;207;207m[38;2;208;207;208m▄[48;2;207;207;207m[38;2;207;206;207m▄[48;2;207;207;207m[38;2;206;206;206m▄[48;2;205;205;205m[38;2;204;204;204m▄[48;2;204;204;204m[38;2;203;203;203m▄[0m
[48;2;215;215;215m[38;2;214;214;214m▄[48;2;215;215;215m[38;2;215;215;215m▄[48;2;215;215;215m[38;2;214;214;214m▄[48;2;215;215;215m[38;2;215;215;215m▄[48;2;215;215;215m[38;2;215;215;215m▄[48;2;215;215;215m[38;2;215;215;215m▄[48;2;216;216;216m[38;2;215;215;215m▄[48;2;215;215;215m[38;2;216;216;216m▄[48;2;216;216;216m[38;2;216;216;216m▄[48;2;216;215;216m[38;2;216;216;216m▄[48;2;216;216;216m[38;2;215;215;216m▄[48;2;216;216;216m[38;2;215;215;215m▄[48;2;216;216;216m[38;2;215;215;215m▄[48;2;217;217;217m[38;2;216;216;216m▄[48;2;217;217;217m[38;2;216;216;216m▄[48;2;216;216;216m[38;2;216;216;216m▄[48;2;217;217;217m[38;2;216;216;216m▄[48;2;217;217;217m[38;2;217;217;217m▄[48;2;217;217;217m[38;2;216;216;216m▄[48;2;216;216;216m[38;2;216;216;216m▄[48;2;217;217;217m[38;2;216;216;216m▄[48;2;216;216;216m[38;2;216;216;216m▄[48;2;217;218;218m[38;2;216;214;215m▄[48;2;213;209;210m[38;2;217;226;224m▄[48;2;226;179;187m[38;2;208;164;174m▄[48;2;233;154;164m[38;2;227;144;158m▄[48;2;228;131;144m[38;2;230;144;154m▄[48;2;229;137;148m[38;2;227;134;145m▄[48;2;229;137;147m[38;2;229;136;147m▄[48;2;229;137;148m[38;2;230;137;148m▄[48;2;229;136;147m[38;2;230;140;148m▄[48;2;228;137;147m[38;2;227;137;146m▄[48;2;229;136;146m[38;2;228;138;147m▄[48;2;229;137;147m[38;2;227;136;146m▄[48;2;230;140;150m[38;2;221;118;133m▄[48;2;221;119;133m[38;2;215;105;122m▄[48;2;218;110;126m[38;2;221;113;131m▄[48;2;222;118;133m[38;2;207;135;149m▄[48;2;196;163;169m[38;2;195;201;200m▄[48;2;199;205;204m[38;2;204;203;203m▄[48;2;211;210;210m[38;2;213;213;213m▄[48;2;214;214;214m[38;2;214;214;214m▄[48;2;213;213;213m[38;2;213;213;213m▄[48;2;212;212;212m[38;2;212;212;212m▄[48;2;212;212;212m[38;2;212;212;212m▄[48;2;212;212;212m[38;2;212;212;212m▄[48;2;211;211;211m[38;2;211;211;211m▄[48;2;211;211;211m[38;2;211;211;211m▄[48;2;211;211;211m[38;2;210;210;210m▄[48;2;210;210;210m[38;2;210;210;210m▄[48;2;210;210;210m[38;2;210;210;210m▄[48;2;209;209;209m[38;2;209;209;209m▄[48;2;209;209;209m[38;2;208;209;208m▄[48;2;209;209;209m[38;2;209;209;209m▄[48;2;208;208;209m[38;2;209;209;209m▄[48;2;209;209;209m[38;2;209;209;209m▄[48;2;208;208;208m[38;2;208;208;208m▄[48;2;208;208;208m[38;2;208;208;208m▄[48;2;208;208;208m[38;2;207;207;207m▄[48;2;207;207;207m[38;2;207;207;207m▄[48;2;206;205;206m[38;2;205;205;206m▄[48;2;205;204;206m[38;2;204;204;205m▄[48;2;203;203;204m[38;2;203;203;204m▄[48;2;204;204;204m[38;2;204;204;204m▄[0m
[48;2;214;214;214m[38;2;213;213;213m▄[48;2;214;214;214m[38;2;213;213;213m▄[48;2;214;214;214m[38;2;213;213;213m▄[48;2;214;214;214m[38;2;214;214;214m▄[48;2;215;215;215m[38;2;214;214;214m▄[48;2;215;215;215m[38;2;215;215;215m▄[48;2;215;215;215m[38;2;215;215;215m▄[48;2;215;215;215m[38;2;215;215;215m▄[48;2;215;215;215m[38;2;215;215;215m▄[48;2;215;215;215m[38;2;215;215;215m▄[48;2;215;215;215m[38;2;215;215;215m▄[48;2;216;216;216m[38;2;215;215;215m▄[48;2;215;215;215m[38;2;215;215;215m▄[48;2;215;215;215m[38;2;215;215;215m▄[48;2;215;215;215m[38;2;215;215;215m▄[48;2;215;215;215m[38;2;215;215;215m▄[48;2;215;215;215m[38;2;215;215;215m▄[48;2;215;215;215m[38;2;215;215;215m▄[48;2;215;215;215m[38;2;215;215;215m▄[48;2;216;216;216m[38;2;216;216;216m▄[48;2;216;216;216m[38;2;216;216;216m▄[48;2;216;216;216m[38;2;215;215;215m▄[48;2;216;216;216m[38;2;216;216;216m▄[48;2;217;218;218m[38;2;216;214;215m▄[48;2;213;206;208m[38;2;217;222;221m▄[48;2;204;114;134m[38;2;209;193;197m▄[48;2;226;139;153m[38;2;202;111;130m▄[48;2;230;142;152m[38;2;214;103;123m▄[48;2;231;144;153m[38;2;219;114;131m▄[48;2;222;124;139m[38;2;212;104;123m▄[48;2;221;122;135m[38;2;198;86;112m▄[48;2;230;139;150m[38;2;209;98;122m▄[48;2;221;120;136m[38;2;213;96;117m▄[48;2;217;107;125m[38;2;217;100;121m▄[48;2;218;108;124m[38;2;216;102;124m▄[48;2;222;115;131m[38;2;200;99;121m▄[48;2;202;97;120m[38;2;193;172;177m▄[48;2;191;176;180m[38;2;195;201;199m▄[48;2;198;201;201m[38;2;204;202;203m▄[48;2;209;208;208m[38;2;211;211;212m▄[48;2;213;213;213m[38;2;213;213;213m▄[48;2;213;213;213m[38;2;212;212;212m▄[48;2;213;213;213m[38;2;212;212;212m▄[48;2;212;212;212m[38;2;211;211;212m▄[48;2;211;211;212m[38;2;211;211;211m▄[48;2;211;211;211m[38;2;211;211;211m▄[48;2;211;211;211m[38;2;210;210;210m▄[48;2;210;210;210m[38;2;210;210;210m▄[48;2;211;211;211m[38;2;210;210;210m▄[48;2;210;210;210m[38;2;210;210;210m▄[48;2;210;210;210m[38;2;209;209;209m▄[48;2;210;210;210m[38;2;208;208;208m▄[48;2;209;208;209m[38;2;208;208;208m▄[48;2;208;208;208m[38;2;208;208;208m▄[48;2;208;208;208m[38;2;208;208;208m▄[48;2;208;208;208m[38;2;208;208;208m▄[48;2;207;207;207m[38;2;207;207;207m▄[48;2;207;207;207m[38;2;207;207;207m▄[48;2;207;207;207m[38;2;206;206;206m▄[48;2;205;205;205m[38;2;205;204;205m▄[48;2;204;203;205m[38;2;203;203;204m▄[48;2;203;203;204m[38;2;204;204;203m▄[48;2;203;203;203m[38;2;203;203;203m▄[48;2;203;203;203m[38;2;203;203;203m▄[0m
[48;2;213;213;213m[38;2;212;212;212m▄[48;2;212;212;212m[38;2;212;212;212m▄[48;2;213;213;213m[38;2;212;212;212m▄[48;2;214;214;214m[38;2;213;213;213m▄[48;2;214;214;214m[38;2;213;213;213m▄[48;2;214;214;214m[38;2;214;214;214m▄[48;2;214;214;214m[38;2;214;214;214m▄[48;2;214;214;214m[38;2;214;214;214m▄[48;2;215;215;215m[38;2;214;214;214m▄[48;2;215;215;215m[38;2;214;214;214m▄[48;2;215;215;215m[38;2;214;214;214m▄[48;2;215;215;215m[38;2;215;215;215m▄[48;2;215;215;215m[38;2;214;214;214m▄[48;2;215;215;215m[38;2;215;215;215m▄[48;2;215;215;215m[38;2;215;215;215m▄[48;2;215;215;215m[38;2;215;215;215m▄[48;2;215;215;215m[38;2;214;214;214m▄[48;2;215;215;215m[38;2;215;215;215m▄[48;2;216;216;216m[38;2;215;215;215m▄[48;2;215;215;215m[38;2;215;215;215m▄[48;2;215;215;215m[38;2;215;215;215m▄[48;2;215;215;215m[38;2;215;215;215m▄[48;2;215;215;215m[38;2;214;214;214m▄[48;2;215;215;215m[38;2;215;215;215m▄[48;2;215;213;214m[38;2;215;215;215m▄[48;2;215;220;218m[38;2;215;214;214m▄[48;2;208;205;207m[38;2;213;214;215m▄[48;2;198;162;171m[38;2;209;216;215m▄[48;2;192;144;156m[38;2;203;212;211m▄[48;2;195;157;167m[38;2;202;209;209m▄[48;2;195;186;189m[38;2;203;205;205m▄[48;2;194;180;184m[38;2;205;208;207m▄[48;2;195;148;159m[38;2;205;213;211m▄[48;2;197;135;150m[38;2;200;209;207m▄[48;2;194;150;163m[38;2;198;206;205m▄[48;2;193;189;190m[38;2;200;201;201m▄[48;2;195;200;199m[38;2;204;203;203m▄[48;2;201;200;200m[38;2;209;210;209m▄[48;2;209;210;209m[38;2;212;211;211m▄[48;2;212;212;213m[38;2;212;212;212m▄[48;2;213;212;213m[38;2;211;211;211m▄[48;2;212;212;212m[38;2;211;211;211m▄[48;2;211;211;211m[38;2;211;211;211m▄[48;2;211;210;211m[38;2;210;210;210m▄[48;2;211;211;211m[38;2;210;210;210m▄[48;2;210;210;210m[38;2;210;210;210m▄[48;2;210;210;210m[38;2;210;210;210m▄[48;2;210;210;210m[38;2;210;210;210m▄[48;2;210;210;210m[38;2;210;210;210m▄[48;2;210;210;210m[38;2;209;209;209m▄[48;2;208;208;208m[38;2;208;208;208m▄[48;2;208;208;208m[38;2;208;208;208m▄[48;2;208;208;208m[38;2;209;209;209m▄[48;2;208;208;208m[38;2;208;208;208m▄[48;2;208;208;208m[38;2;207;207;207m▄[48;2;207;207;207m[38;2;207;207;207m▄[48;2;207;207;207m[38;2;206;206;206m▄[48;2;205;205;205m[38;2;205;204;205m▄[48;2;205;205;205m[38;2;204;204;204m▄[48;2;204;204;204m[38;2;203;203;203m▄[48;2;204;204;204m[38;2;203;203;203m▄[48;2;203;203;203m[38;2;203;203;203m▄[48;2;203;203;203m[38;2;203;203;203m▄[48;2;203;203;203m[38;2;204;204;204m▄[0m
[48;2;211;211;211m[38;2;210;210;210m▄[48;2;211;211;211m[38;2;211;211;211m▄[48;2;211;211;211m[38;2;211;211;211m▄[48;2;212;212;212m[38;2;211;211;211m▄[48;2;212;212;212m[38;2;212;212;212m▄[48;2;213;213;213m[38;2;211;211;211m▄[48;2;212;212;213m[38;2;211;211;211m▄[48;2;213;213;213m[38;2;212;212;212m▄[48;2;213;213;213m[38;2;212;212;212m▄[48;2;214;214;214m[38;2;213;213;213m▄[48;2;214;214;214m[38;2;213;213;214m▄[48;2;214;214;214m[38;2;213;213;213m▄[48;2;213;213;213m[38;2;213;213;213m▄[48;2;214;214;214m[38;2;214;214;214m▄[48;2;214;214;214m[38;2;214;213;214m▄[48;2;214;214;214m[38;2;214;214;214m▄[48;2;214;214;214m[38;2;214;214;214m▄[48;2;214;214;214m[38;2;214;214;214m▄[48;2;215;215;215m[38;2;214;214;214m▄[48;2;214;214;214m[38;2;214;214;214m▄[48;2;214;214;214m[38;2;214;214;214m▄[48;2;214;214;214m[38;2;214;214;214m▄[48;2;214;214;214m[38;2;214;214;214m▄[48;2;214;214;214m[38;2;214;214;214m▄[48;2;214;214;214m[38;2;214;214;214m▄[48;2;215;215;215m[38;2;214;214;214m▄[48;2;214;214;214m[38;2;213;213;213m▄[48;2;214;212;213m[38;2;213;213;214m▄[48;2;212;211;211m[38;2;213;213;213m▄[48;2;212;210;211m[38;2;213;213;213m▄[48;2;212;211;212m[38;2;212;212;212m▄[48;2;213;212;212m[38;2;213;213;213m▄[48;2;212;210;211m[38;2;212;212;212m▄[48;2;211;209;209m[38;2;212;212;212m▄[48;2;210;208;208m[38;2;212;212;212m▄[48;2;210;209;209m[38;2;211;211;211m▄[48;2;211;211;211m[38;2;211;211;211m▄[48;2;211;211;211m[38;2;211;211;212m▄[48;2;211;211;211m[38;2;211;210;211m▄[48;2;211;211;211m[38;2;210;210;210m▄[48;2;210;210;210m[38;2;210;210;210m▄[48;2;211;211;211m[38;2;210;210;210m▄[48;2;210;210;210m[38;2;210;210;210m▄[48;2;210;210;210m[38;2;210;210;210m▄[48;2;210;210;210m[38;2;210;210;210m▄[48;2;210;210;210m[38;2;210;210;210m▄[48;2;210;210;210m[38;2;209;209;209m▄[48;2;209;209;210m[38;2;208;207;210m▄[48;2;209;209;209m[38;2;208;208;208m▄[48;2;209;208;209m[38;2;208;208;208m▄[48;2;208;209;208m[38;2;207;208;208m▄[48;2;208;208;208m[38;2;208;208;208m▄[48;2;208;208;208m[38;2;207;207;207m▄[48;2;207;207;207m[38;2;207;207;207m▄[48;2;207;207;207m[38;2;207;207;208m▄[48;2;207;207;207m[38;2;206;206;207m▄[48;2;205;205;205m[38;2;205;204;205m▄[48;2;204;204;204m[38;2;204;204;204m▄[48;2;204;204;204m[38;2;203;203;203m▄[48;2;204;204;203m[38;2;203;202;203m▄[48;2;203;203;203m[38;2;203;203;203m▄[48;2;203;203;203m[38;2;203;203;203m▄[48;2;203;203;203m[38;2;202;202;202m▄[48;2;203;203;203m[38;2;202;202;202m▄[0m
[48;2;210;210;210m[38;2;210;210;210m▄[48;2;210;210;210m[38;2;210;210;210m▄[48;2;210;210;210m[38;2;210;210;210m▄[48;2;211;211;211m[38;2;211;211;211m▄[48;2;211;211;211m[38;2;211;211;210m▄[48;2;211;211;211m[38;2;211;211;211m▄[48;2;211;211;211m[38;2;211;211;211m▄[48;2;212;211;213m[38;2;211;211;211m▄[48;2;212;212;212m[38;2;211;211;211m▄[48;2;212;212;212m[38;2;211;211;211m▄[48;2;213;213;213m[38;2;211;211;211m▄[48;2;213;213;213m[38;2;211;211;211m▄[48;2;213;213;213m[38;2;212;212;212m▄[48;2;213;213;213m[38;2;212;212;212m▄[48;2;213;213;213m[38;2;212;212;212m▄[48;2;213;213;213m[38;2;212;212;212m▄[48;2;213;213;213m[38;2;212;212;212m▄[48;2;213;213;213m[38;2;212;212;212m▄[48;2;213;213;213m[38;2;212;212;212m▄[48;2;213;213;213m[38;2;212;212;212m▄[48;2;213;213;213m[38;2;211;211;211m▄[48;2;213;213;213m[38;2;211;211;211m▄[48;2;213;213;213m[38;2;211;211;211m▄[48;2;213;213;213m[38;2;212;212;212m▄[48;2;213;213;213m[38;2;212;212;212m▄[48;2;213;213;213m[38;2;212;212;212m▄[48;2;213;213;213m[38;2;212;212;212m▄[48;2;212;212;212m[38;2;211;211;211m▄[48;2;212;212;212m[38;2;211;211;211m▄[48;2;212;211;212m[38;2;211;211;212m▄[48;2;211;211;211m[38;2;211;211;212m▄[48;2;211;211;211m[38;2;211;212;212m▄[48;2;212;211;212m[38;2;211;212;212m▄[48;2;212;211;212m[38;2;211;212;212m▄[48;2;212;212;212m[38;2;211;211;212m▄[48;2;211;211;211m[38;2;211;211;211m▄[48;2;210;210;210m[38;2;210;211;211m▄[48;2;211;211;211m[38;2;210;210;210m▄[48;2;211;211;211m[38;2;211;211;211m▄[48;2;210;210;210m[38;2;211;211;211m▄[48;2;210;210;210m[38;2;211;211;211m▄[48;2;210;210;210m[38;2;210;210;210m▄[48;2;210;210;210m[38;2;209;209;209m▄[48;2;210;210;210m[38;2;208;208;208m▄[48;2;209;209;209m[38;2;208;208;208m▄[48;2;209;208;209m[38;2;208;208;209m▄[48;2;208;208;208m[38;2;208;208;208m▄[48;2;208;208;209m[38;2;208;207;209m▄[48;2;208;208;208m[38;2;208;207;208m▄[48;2;208;208;208m[38;2;207;208;207m▄[48;2;207;207;207m[38;2;207;207;207m▄[48;2;207;207;207m[38;2;207;207;207m▄[48;2;207;207;207m[38;2;206;206;206m▄[48;2;206;206;207m[38;2;205;205;206m▄[48;2;205;205;206m[38;2;204;204;205m▄[48;2;205;205;206m[38;2;204;204;205m▄[48;2;204;204;204m[38;2;204;204;204m▄[48;2;203;203;203m[38;2;202;202;202m▄[48;2;208;208;208m[38;2;210;210;210m▄[48;2;211;211;211m[38;2;216;216;216m▄[48;2;202;202;202m[38;2;203;203;203m▄[48;2;202;202;202m[38;2;202;202;202m▄[48;2;202;202;202m[38;2;202;202;202m▄[48;2;202;202;202m[38;2;202;202;202m▄[0m
[48;2;210;210;210m[38;2;210;210;210m▄[48;2;210;210;210m[38;2;211;211;211m▄[48;2;210;210;210m[38;2;212;212;212m▄[48;2;210;210;210m[38;2;212;212;212m▄[48;2;210;210;210m[38;2;213;213;213m▄[48;2;210;210;210m[38;2;212;212;212m▄[48;2;210;210;210m[38;2;213;213;213m▄[48;2;211;211;211m[38;2;214;214;214m▄[48;2;211;211;211m[38;2;214;214;214m▄[48;2;211;211;211m[38;2;214;214;214m▄[48;2;212;212;212m[38;2;214;214;214m▄[48;2;212;212;212m[38;2;214;214;214m▄[48;2;212;212;212m[38;2;214;214;214m▄[48;2;212;212;212m[38;2;214;214;214m▄[48;2;212;212;212m[38;2;214;214;214m▄[48;2;212;212;212m[38;2;215;215;215m▄[48;2;212;212;213m[38;2;214;214;214m▄[48;2;212;212;212m[38;2;214;214;214m▄[48;2;212;212;213m[38;2;214;214;214m▄[48;2;213;213;213m[38;2;214;214;214m▄[48;2;213;213;213m[38;2;214;214;214m▄[48;2;213;213;213m[38;2;212;212;212m▄[48;2;213;213;213m[38;2;209;208;208m▄[48;2;213;214;213m[38;2;206;202;203m▄[48;2;212;212;212m[38;2;203;196;196m▄[48;2;210;211;211m[38;2;200;189;191m▄[48;2;208;207;208m[38;2;199;185;186m▄[48;2;204;203;204m[38;2;197;182;182m▄[48;2;199;198;199m[38;2;195;179;180m▄[48;2;195;193;194m[38;2;194;176;178m▄[48;2;193;191;190m[38;2;193;175;176m▄[48;2;192;190;190m[38;2;192;174;175m▄[48;2;193;190;191m[38;2;192;174;174m▄[48;2;193;191;191m[38;2;192;175;175m▄[48;2;195;193;193m[38;2;193;175;175m▄[48;2;196;194;195m[38;2;191;175;175m▄[48;2;197;196;196m[38;2;191;176;176m▄[48;2;199;198;198m[38;2;192;179;180m▄[48;2;201;200;201m[38;2;192;183;183m▄[48;2;203;203;203m[38;2;195;188;188m▄[48;2;205;205;205m[38;2;199;194;195m▄[48;2;206;206;206m[38;2;202;200;200m▄[48;2;207;207;207m[38;2;205;205;205m▄[48;2;207;207;208m[38;2;208;208;208m▄[48;2;208;207;208m[38;2;208;208;209m▄[48;2;208;208;207m[38;2;209;209;209m▄[48;2;208;208;208m[38;2;208;208;208m▄[48;2;208;207;208m[38;2;208;208;208m▄[48;2;207;207;207m[38;2;207;207;207m▄[48;2;207;207;207m[38;2;208;208;208m▄[48;2;207;207;207m[38;2;208;208;207m▄[48;2;206;206;206m[38;2;207;207;207m▄[48;2;206;206;207m[38;2;207;207;207m▄[48;2;205;205;206m[38;2;207;207;207m▄[48;2;204;204;203m[38;2;206;206;206m▄[48;2;203;203;203m[38;2;205;205;205m▄[48;2;202;202;202m[38;2;204;204;204m▄[48;2;202;202;202m[38;2;204;204;204m▄[48;2;202;202;202m[38;2;204;204;204m▄[48;2;203;203;203m[38;2;203;203;203m▄[48;2;202;202;202m[38;2;203;203;203m▄[48;2;202;202;202m[38;2;202;202;202m▄[48;2;202;202;202m[38;2;202;202;202m▄[48;2;202;202;202m[38;2;202;203;202m▄[0m
[48;2;213;213;213m[38;2;216;216;216m▄[48;2;214;214;214m[38;2;216;216;216m▄[48;2;214;214;214m[38;2;216;216;216m▄[48;2;215;215;215m[38;2;215;215;215m▄[48;2;215;215;215m[38;2;215;215;215m▄[48;2;215;215;215m[38;2;216;216;216m▄[48;2;215;215;215m[38;2;216;216;216m▄[48;2;215;215;215m[38;2;216;216;216m▄[48;2;215;215;215m[38;2;216;216;216m▄[48;2;215;215;215m[38;2;216;216;216m▄[48;2;215;215;215m[38;2;216;216;216m▄[48;2;215;215;215m[38;2;216;216;216m▄[48;2;215;215;215m[38;2;216;216;216m▄[48;2;215;215;215m[38;2;216;216;216m▄[48;2;215;215;215m[38;2;216;216;216m▄[48;2;216;216;216m[38;2;216;216;216m▄[48;2;215;215;215m[38;2;216;216;216m▄[48;2;215;215;215m[38;2;216;216;216m▄[48;2;215;215;215m[38;2;216;216;216m▄[48;2;215;215;215m[38;2;217;217;217m▄[48;2;214;214;214m[38;2;216;216;216m▄[48;2;211;211;211m[38;2;216;216;216m▄[48;2;208;207;207m[38;2;215;215;216m▄[48;2;206;199;201m[38;2;214;214;215m▄[48;2;202;192;192m[38;2;214;213;213m▄[48;2;200;185;186m[38;2;212;210;210m▄[48;2;198;180;181m[38;2;210;206;207m▄[48;2;197;177;177m[38;2;209;204;204m▄[48;2;196;176;177m[38;2;208;203;203m▄[48;2;197;176;176m[38;2;207;202;202m▄[48;2;197;176;176m[38;2;207;201;201m▄[48;2;197;175;176m[38;2;207;200;201m▄[48;2;196;175;176m[38;2;206;200;200m▄[48;2;196;175;176m[38;2;205;200;200m▄[48;2;197;175;176m[38;2;206;199;199m▄[48;2;195;176;176m[38;2;206;200;200m▄[48;2;195;178;178m[38;2;207;203;203m▄[48;2;198;181;182m[38;2;208;205;205m▄[48;2;199;187;187m[38;2;210;208;208m▄[48;2;202;193;193m[38;2;211;210;210m▄[48;2;205;199;199m[38;2;211;211;211m▄[48;2;207;205;205m[38;2;212;212;212m▄[48;2;209;209;209m[38;2;212;212;212m▄[48;2;210;210;210m[38;2;211;211;211m▄[48;2;210;210;210m[38;2;211;211;211m▄[48;2;210;210;210m[38;2;210;210;210m▄[48;2;209;210;210m[38;2;210;210;210m▄[48;2;209;209;209m[38;2;210;210;210m▄[48;2;209;209;208m[38;2;209;209;209m▄[48;2;209;209;209m[38;2;210;210;210m▄[48;2;208;208;209m[38;2;209;209;210m▄[48;2;208;208;208m[38;2;209;209;209m▄[48;2;207;207;207m[38;2;208;208;208m▄[48;2;208;208;208m[38;2;208;208;208m▄[48;2;208;208;208m[38;2;208;208;208m▄[48;2;207;207;207m[38;2;208;208;208m▄[48;2;207;207;207m[38;2;208;208;208m▄[48;2;207;207;207m[38;2;208;208;208m▄[48;2;207;207;207m[38;2;208;208;208m▄[48;2;206;206;206m[38;2;207;207;207m▄[48;2;205;205;205m[38;2;207;207;207m▄[48;2;204;204;204m[38;2;207;207;207m▄[48;2;203;203;203m[38;2;206;206;206m▄[48;2;204;204;204m[38;2;206;206;206m▄[0m
