[48;2;222;222;222m[38;2;221;221;221m▄[48;2;222;222;222m[38;2;221;221;221m▄[48;2;223;223;223m[38;2;222;222;222m▄[48;2;223;223;223m[38;2;222;222;222m▄[48;2;223;223;223m[38;2;223;223;223m▄[48;2;224;224;224m[38;2;224;224;224m▄[48;2;224;224;224m[38;2;224;224;223m▄[48;2;224;224;224m[38;2;224;224;224m▄[48;2;224;224;224m[38;2;224;224;224m▄[48;2;223;223;223m[38;2;224;224;224m▄[48;2;225;225;225m[38;2;225;225;225m▄[48;2;227;227;227m[38;2;227;227;227m▄[48;2;227;227;227m[38;2;227;227;227m▄[48;2;227;227;227m[38;2;226;226;226m▄[48;2;228;228;228m[38;2;228;228;228m▄[48;2;228;228;228m[38;2;227;227;227m▄[48;2;227;227;227m[38;2;227;227;227m▄[48;2;227;227;227m[38;2;227;227;227m▄[48;2;227;227;227m[38;2;227;227;227m▄[48;2;227;227;227m[38;2;226;226;226m▄[48;2;227;227;227m[38;2;226;226;226m▄[48;2;227;227;227m[38;2;227;227;227m▄[48;2;227;227;227m[38;2;226;226;226m▄[48;2;227;227;227m[38;2;226;226;226m▄[48;2;227;227;227m[38;2;227;227;227m▄[48;2;227;227;227m[38;2;227;227;227m▄[48;2;227;227;227m[38;2;226;226;226m▄[48;2;226;226;226m[38;2;225;225;225m▄[48;2;225;225;225m[38;2;224;224;224m▄[48;2;224;224;224m[38;2;224;224;224m▄[48;2;224;224;224m[38;2;224;224;224m▄[48;2;224;224;224m[38;2;224;224;224m▄[48;2;225;225;225m[38;2;224;224;224m▄[48;2;223;223;223m[38;2;223;223;223m▄[48;2;223;223;223m[38;2;223;223;223m▄[48;2;223;223;223m[38;2;223;223;223m▄[48;2;222;222;222m[38;2;222;222;222m▄[48;2;222;222;222m[38;2;222;222;222m▄[48;2;221;221;221m[38;2;221;221;221m▄[48;2;221;221;221m[38;2;221;221;221m▄[48;2;221;221;221m[38;2;219;219;219m▄[48;2;218;218;218m[38;2;218;218;218m▄[48;2;217;217;217m[38;2;217;217;217m▄[48;2;217;217;217m[38;2;216;216;216m▄[48;2;216;216;216m[38;2;216;216;216m▄[48;2;216;216;216m[38;2;216;216;216m▄[48;2;216;216;216m[38;2;216;216;216m▄[48;2;215;215;215m[38;2;215;215;215m▄[48;2;215;215;215m[38;2;215;215;215m▄[48;2;214;214;214m[38;2;214;214;214m▄[48;2;214;214;214m[38;2;214;214;214m▄[48;2;214;214;214m[38;2;214;214;214m▄[48;2;212;212;212m[38;2;212;212;212m▄[48;2;213;213;213m[38;2;212;212;212m▄[48;2;211;211;211m[38;2;211;211;211m▄[48;2;211;211;211m[38;2;210;210;210m▄[48;2;210;210;210m[38;2;210;210;210m▄[48;2;210;210;210m[38;2;210;210;210m▄[48;2;209;209;209m[38;2;210;210;210m▄[48;2;208;208;208m[38;2;209;209;209m▄[48;2;208;208;208m[38;2;208;208;208m▄[48;2;208;208;208m[38;2;208;208;208m▄[48;2;207;207;207m[38;2;207;207;207m▄[48;2;207;207;207m[38;2;207;207;207m▄[0m
[48;2;220;220;220m[38;2;220;220;220m▄[48;2;222;222;222m[38;2;221;221;221m▄[48;2;222;222;222m[38;2;222;222;222m▄[48;2;222;222;222m[38;2;222;222;222m▄[48;2;223;223;223m[38;2;222;222;222m▄[48;2;224;224;224m[38;2;223;223;224m▄[48;2;224;224;224m[38;2;224;224;224m▄[48;2;224;224;224m[38;2;224;224;224m▄[48;2;224;224;224m[38;2;224;224;224m▄[48;2;224;224;225m[38;2;224;224;224m▄[48;2;224;224;224m[38;2;224;224;224m▄[48;2;225;225;224m[38;2;223;223;223m▄[48;2;225;225;225m[38;2;224;224;224m▄[48;2;226;226;226m[38;2;227;226;227m▄[48;2;227;227;227m[38;2;227;227;227m▄[48;2;227;227;227m[38;2;227;227;227m▄[48;2;227;227;227m[38;2;227;227;227m▄[48;2;227;227;227m[38;2;227;227;227m▄[48;2;227;227;227m[38;2;228;228;228m▄[48;2;227;227;227m[38;2;227;227;227m▄[48;2;227;227;227m[38;2;227;227;227m▄[48;2;227;227;227m[38;2;228;228;228m▄[48;2;227;227;227m[38;2;226;226;226m▄[48;2;227;227;227m[38;2;227;227;227m▄[48;2;227;227;227m[38;2;226;226;226m▄[48;2;227;227;227m[38;2;225;225;225m▄[48;2;227;227;227m[38;2;225;225;225m▄[48;2;225;225;225m[38;2;224;224;224m▄[48;2;224;224;224m[38;2;224;224;224m▄[48;2;224;224;224m[38;2;224;224;224m▄[48;2;224;224;224m[38;2;224;224;224m▄[48;2;224;224;224m[38;2;224;224;224m▄[48;2;224;224;222m[38;2;223;223;222m▄[48;2;223;223;223m[38;2;223;223;223m▄[48;2;223;223;223m[38;2;223;223;223m▄[48;2;223;223;223m[38;2;223;223;223m▄[48;2;222;222;222m[38;2;222;222;222m▄[48;2;222;222;222m[38;2;221;221;221m▄[48;2;222;222;222m[38;2;221;221;221m▄[48;2;220;220;220m[38;2;221;221;221m▄[48;2;219;219;219m[38;2;220;220;220m▄[48;2;218;218;218m[38;2;217;217;217m▄[48;2;217;217;217m[38;2;217;217;217m▄[48;2;216;216;216m[38;2;216;216;216m▄[48;2;216;216;216m[38;2;216;216;216m▄[48;2;216;216;216m[38;2;216;216;216m▄[48;2;216;216;216m[38;2;215;215;215m▄[48;2;215;215;215m[38;2;215;215;215m▄[48;2;215;215;215m[38;2;215;215;216m▄[48;2;214;214;215m[38;2;215;215;215m▄[48;2;214;214;214m[38;2;214;214;214m▄[48;2;214;214;213m[38;2;214;214;214m▄[48;2;213;213;213m[38;2;213;213;213m▄[48;2;212;212;212m[38;2;212;212;213m▄[48;2;211;211;211m[38;2;211;211;211m▄[48;2;210;210;210m[38;2;210;210;210m▄[48;2;210;210;210m[38;2;210;210;210m▄[48;2;210;210;210m[38;2;210;210;210m▄[48;2;209;209;210m[38;2;210;209;210m▄[48;2;209;208;209m[38;2;208;208;208m▄[48;2;208;208;208m[38;2;208;208;209m▄[48;2;208;208;208m[38;2;208;208;207m▄[48;2;208;208;208m[38;2;208;208;208m▄[48;2;207;207;207m[38;2;207;207;207m▄[0m
[48;2;220;220;220m[38;2;220;220;220m▄[48;2;221;221;221m[38;2;221;221;221m▄[48;2;222;222;222m[38;2;221;221;221m▄[48;2;222;222;222m[38;2;222;222;222m▄[48;2;223;223;223m[38;2;222;222;222m▄[48;2;223;223;223m[38;2;222;222;222m▄[48;2;223;223;223m[38;2;223;223;223m▄[48;2;223;223;223m[38;2;223;223;223m▄[48;2;224;223;224m[38;2;224;224;224m▄[48;2;224;224;224m[38;2;224;224;224m▄[48;2;224;224;224m[38;2;224;224;224m▄[48;2;224;224;224m[38;2;224;224;224m▄[48;2;224;224;224m[38;2;224;224;224m▄[48;2;225;223;225m[38;2;224;224;224m▄[48;2;225;224;225m[38;2;225;225;224m▄[48;2;225;225;225m[38;2;227;226;226m▄[48;2;225;225;225m[38;2;226;226;225m▄[48;2;226;226;226m[38;2;225;225;224m▄[48;2;227;227;227m[38;2;226;226;226m▄[48;2;226;226;226m[38;2;226;226;226m▄[48;2;226;226;226m[38;2;225;225;225m▄[48;2;226;226;226m[38;2;224;224;224m▄[48;2;227;227;227m[38;2;227;227;227m▄[48;2;226;226;226m[38;2;225;225;225m▄[48;2;225;225;225m[38;2;224;224;224m▄[48;2;225;225;225m[38;2;224;224;224m▄[48;2;224;224;224m[38;2;224;224;224m▄[48;2;224;224;224m[38;2;224;224;224m▄[48;2;224;224;224m[38;2;224;224;224m▄[48;2;224;224;224m[38;2;224;224;224m▄[48;2;224;224;224m[38;2;223;223;223m▄[48;2;223;223;223m[38;2;223;223;223m▄[48;2;223;223;223m[38;2;223;223;223m▄[48;2;223;223;223m[38;2;223;223;223m▄[48;2;223;223;223m[38;2;223;223;223m▄[48;2;222;222;222m[38;2;222;222;222m▄[48;2;222;222;222m[38;2;223;223;223m▄[48;2;221;221;221m[38;2;222;222;222m▄[48;2;221;221;221m[38;2;220;220;221m▄[48;2;220;220;220m[38;2;220;220;220m▄[48;2;219;219;219m[38;2;218;218;218m▄[48;2;217;217;217m[38;2;217;217;217m▄[48;2;216;216;216m[38;2;217;217;217m▄[48;2;216;216;216m[38;2;216;216;216m▄[48;2;216;216;216m[38;2;216;216;216m▄[48;2;216;216;216m[38;2;216;216;216m▄[48;2;215;215;215m[38;2;215;215;215m▄[48;2;215;215;215m[38;2;215;215;215m▄[48;2;215;215;215m[38;2;214;214;214m▄[48;2;215;215;215m[38;2;214;214;214m▄[48;2;214;214;214m[38;2;214;214;214m▄[48;2;213;213;213m[38;2;213;213;213m▄[48;2;212;212;212m[38;2;213;213;213m▄[48;2;212;211;212m[38;2;212;213;213m▄[48;2;211;211;211m[38;2;210;211;211m▄[48;2;210;210;210m[38;2;210;210;210m▄[48;2;210;210;210m[38;2;210;210;210m▄[48;2;210;210;210m[38;2;210;210;210m▄[48;2;210;210;209m[38;2;209;209;209m▄[48;2;208;208;208m[38;2;207;208;208m▄[48;2;208;208;208m[38;2;207;208;208m▄[48;2;208;208;208m[38;2;208;208;208m▄[48;2;208;208;208m[38;2;208;208;208m▄[48;2;208;208;208m[38;2;207;207;207m▄[0m
[48;2;219;219;219m[38;2;218;218;218m▄[48;2;220;220;220m[38;2;219;219;219m▄[48;2;221;221;221m[38;2;220;220;220m▄[48;2;221;221;221m[38;2;221;221;221m▄[48;2;221;221;221m[38;2;222;222;221m▄[48;2;222;222;222m[38;2;222;222;222m▄[48;2;222;222;222m[38;2;222;222;222m▄[48;2;223;223;223m[38;2;222;222;222m▄[48;2;223;223;223m[38;2;223;223;222m▄[48;2;223;223;223m[38;2;223;223;223m▄[48;2;223;223;223m[38;2;224;224;223m▄[48;2;224;224;223m[38;2;224;224;225m▄[48;2;224;224;224m[38;2;225;224;223m▄[48;2;225;225;226m[38;2;227;226;223m▄[48;2;229;228;227m[38;2;225;224;223m▄[48;2;227;226;226m[38;2;224;223;223m▄[48;2;226;226;225m[38;2;224;223;224m▄[48;2;224;224;224m[38;2;226;226;226m▄[48;2;224;224;224m[38;2;224;225;225m▄[48;2;224;224;224m[38;2;223;224;224m▄[48;2;223;223;223m[38;2;223;223;223m▄[48;2;224;224;224m[38;2;225;225;225m▄[48;2;225;225;225m[38;2;225;225;225m▄[48;2;224;224;224m[38;2;225;225;225m▄[48;2;227;227;226m[38;2;230;229;229m▄[48;2;226;226;225m[38;2;227;227;227m▄[48;2;224;224;224m[38;2;224;224;223m▄[48;2;224;224;224m[38;2;228;226;228m▄[48;2;223;224;223m[38;2;227;225;228m▄[48;2;222;223;221m[38;2;231;228;232m▄[48;2;222;223;222m[38;2;229;226;228m▄[48;2;223;223;223m[38;2;221;222;221m▄[48;2;223;223;223m[38;2;223;223;223m▄[48;2;223;223;223m[38;2;223;223;222m▄[48;2;221;222;221m[38;2;228;226;229m▄[48;2;221;222;221m[38;2;226;224;228m▄[48;2;221;221;221m[38;2;224;223;224m▄[48;2;221;221;221m[38;2;220;221;220m▄[48;2;220;220;221m[38;2;221;221;221m▄[48;2;220;220;220m[38;2;219;219;219m▄[48;2;218;218;218m[38;2;218;218;218m▄[48;2;217;217;217m[38;2;217;217;217m▄[48;2;217;217;217m[38;2;216;216;216m▄[48;2;216;216;216m[38;2;216;216;216m▄[48;2;216;216;216m[38;2;216;216;216m▄[48;2;216;216;216m[38;2;216;216;216m▄[48;2;215;215;215m[38;2;215;215;215m▄[48;2;215;215;215m[38;2;215;215;215m▄[48;2;214;214;214m[38;2;214;214;214m▄[48;2;214;214;214m[38;2;214;214;214m▄[48;2;214;214;214m[38;2;213;213;213m▄[48;2;212;212;212m[38;2;212;212;212m▄[48;2;212;212;212m[38;2;213;213;213m▄[48;2;212;213;213m[38;2;213;212;213m▄[48;2;210;210;210m[38;2;211;211;211m▄[48;2;210;210;210m[38;2;210;210;210m▄[48;2;210;210;210m[38;2;211;211;211m▄[48;2;210;210;210m[38;2;210;210;210m▄[48;2;208;208;208m[38;2;209;209;209m▄[48;2;208;208;208m[38;2;208;208;208m▄[48;2;208;208;208m[38;2;208;208;208m▄[48;2;207;207;207m[38;2;207;207;207m▄[48;2;208;208;208m[38;2;207;207;207m▄[48;2;207;207;207m[38;2;207;207;207m▄[0m
[48;2;217;217;217m[38;2;217;217;217m▄[48;2;218;218;218m[38;2;218;218;218m▄[48;2;220;220;220m[38;2;219;219;219m▄[48;2;221;221;221m[38;2;220;220;220m▄[48;2;221;221;219m[38;2;220;220;220m▄[48;2;221;221;221m[38;2;221;221;221m▄[48;2;222;222;222m[38;2;222;222;222m▄[48;2;222;222;222m[38;2;222;222;222m▄[48;2;222;222;222m[38;2;222;222;223m▄[48;2;223;223;223m[38;2;221;221;223m▄[48;2;222;222;222m[38;2;223;223;222m▄[48;2;230;227;223m[38;2;241;237;226m▄[48;2;235;231;224m[38;2;250;248;237m▄[48;2;236;233;226m[38;2;247;242;232m▄[48;2;237;233;226m[38;2;237;231;225m▄[48;2;237;232;226m[38;2;237;233;226m▄[48;2;235;229;225m[38;2;237;233;226m▄[48;2;234;231;224m[38;2;233;228;223m▄[48;2;230;228;224m[38;2;234;229;223m▄[48;2;228;226;224m[38;2;234;229;223m▄[48;2;227;226;224m[38;2;238;232;226m▄[48;2;226;225;224m[38;2;233;229;223m▄[48;2;226;226;224m[38;2;232;229;223m▄[48;2;227;227;227m[38;2;225;224;222m▄[48;2;230;230;230m[38;2;223;223;224m▄[48;2;221;221;222m[38;2;221;222;221m▄[48;2;232;229;233m[38;2;231;228;232m▄[48;2;169;194;163m[38;2;158;188;152m▄[48;2;143;180;130m[38;2;153;194;106m▄[48;2;164;190;158m[38;2;146;190;94m▄[48;2;198;209;201m[38;2;125;173;99m▄[48;2;231;228;231m[38;2;178;197;177m▄[48;2;221;222;220m[38;2;237;231;239m▄[48;2;230;227;231m[38;2;177;197;176m▄[48;2;169;193;166m[38;2;116;169;76m▄[48;2;128;173;111m[38;2;97;155;74m▄[48;2;208;214;208m[38;2;192;201;193m▄[48;2;224;222;224m[38;2;220;219;220m▄[48;2;220;220;220m[38;2;218;218;218m▄[48;2;218;218;218m[38;2;218;218;218m▄[48;2;217;217;217m[38;2;217;217;217m▄[48;2;217;217;217m[38;2;216;216;217m▄[48;2;217;217;217m[38;2;217;217;216m▄[48;2;216;216;216m[38;2;217;217;217m▄[48;2;216;216;216m[38;2;216;216;216m▄[48;2;216;216;216m[38;2;215;215;215m▄[48;2;216;216;216m[38;2;215;215;215m▄[48;2;215;215;215m[38;2;215;215;215m▄[48;2;214;214;214m[38;2;215;214;215m▄[48;2;214;214;214m[38;2;214;214;214m▄[48;2;213;213;213m[38;2;213;213;213m▄[48;2;212;212;212m[38;2;212;212;212m▄[48;2;212;212;212m[38;2;212;212;212m▄[48;2;211;211;212m[38;2;211;211;211m▄[48;2;211;211;211m[38;2;210;210;210m▄[48;2;210;210;210m[38;2;210;210;210m▄[48;2;210;210;210m[38;2;209;209;210m▄[48;2;209;209;209m[38;2;209;209;209m▄[48;2;209;209;209m[38;2;209;209;209m▄[48;2;209;209;209m[38;2;209;209;209m▄[48;2;209;209;209m[38;2;209;208;209m▄[48;2;208;208;208m[38;2;208;208;208m▄[48;2;207;207;207m[38;2;207;207;207m▄[48;2;207;207;207m[38;2;207;207;207m▄[0m
[48;2;217;217;217m[38;2;217;217;217m▄[48;2;217;217;217m[38;2;217;217;217m▄[48;2;218;218;218m[38;2;217;217;217m▄[48;2;220;220;220m[38;2;218;218;218m▄[48;2;220;220;220m[38;2;219;219;219m▄[48;2;221;220;221m[38;2;220;220;220m▄[48;2;221;221;221m[38;2;221;220;221m▄[48;2;222;221;222m[38;2;221;221;222m▄[48;2;222;222;223m[38;2;222;221;222m▄[48;2;221;221;223m[38;2;221;221;223m▄[48;2;229;225;219m[38;2;229;223;215m▄[48;2;252;250;240m[38;2;249;244;238m▄[48;2;249;247;231m[38;2;249;247;238m▄[48;2;230;226;220m[38;2;225;221;216m▄[48;2;221;221;221m[38;2;223;222;221m▄[48;2;224;224;224m[38;2;223;223;223m▄[48;2;225;225;225m[38;2;223;223;223m▄[48;2;222;222;223m[38;2;223;223;223m▄[48;2;223;223;224m[38;2;223;223;223m▄[48;2;223;223;223m[38;2;222;222;223m▄[48;2;228;227;225m[38;2;223;223;224m▄[48;2;227;225;223m[38;2;224;224;225m▄[48;2;228;226;222m[38;2;222;223;223m▄[48;2;230;226;224m[38;2;224;224;224m▄[48;2;228;225;223m[38;2;226;226;223m▄[48;2;224;223;221m[38;2;226;224;223m▄[48;2;232;228;232m[38;2;228;225;223m▄[48;2;176;197;175m[38;2;221;219;216m▄[48;2;138;185;93m[38;2;129;171;109m▄[48;2;146;190;85m[38;2;136;186;76m▄[48;2;138;184;81m[38;2;120;172;76m▄[48;2;117;168;83m[38;2;125;175;77m▄[48;2;195;206;200m[38;2;101;155;87m▄[48;2;116;168;90m[38;2;107;158;91m▄[48;2;126;170;101m[38;2;177;192;177m▄[48;2;207;208;208m[38;2;167;188;160m▄[48;2;220;214;221m[38;2;161;184;156m▄[48;2;220;218;219m[38;2;189;201;191m▄[48;2;217;218;217m[38;2;221;219;223m▄[48;2;217;217;217m[38;2;221;220;222m▄[48;2;217;217;217m[38;2;216;216;216m▄[48;2;217;217;217m[38;2;216;216;216m▄[48;2;216;216;216m[38;2;216;216;216m▄[48;2;216;216;216m[38;2;216;216;216m▄[48;2;216;215;217m[38;2;216;216;216m▄[48;2;215;215;215m[38;2;216;216;216m▄[48;2;215;215;215m[38;2;215;215;215m▄[48;2;215;215;214m[38;2;214;214;214m▄[48;2;214;214;214m[38;2;214;214;214m▄[48;2;214;213;214m[38;2;214;214;214m▄[48;2;213;213;213m[38;2;212;212;212m▄[48;2;212;212;212m[38;2;211;211;211m▄[48;2;211;211;211m[38;2;210;210;210m▄[48;2;210;210;210m[38;2;210;210;210m▄[48;2;210;210;210m[38;2;210;210;210m▄[48;2;209;210;210m[38;2;210;210;210m▄[48;2;210;210;210m[38;2;210;210;210m▄[48;2;209;209;209m[38;2;209;209;209m▄[48;2;208;208;209m[38;2;208;208;209m▄[48;2;209;209;209m[38;2;209;209;209m▄[48;2;208;208;208m[38;2;208;208;208m▄[48;2;207;207;207m[38;2;207;207;207m▄[48;2;207;207;207m[38;2;207;207;207m▄[48;2;207;207;207m[38;2;207;207;207m▄[0m
[48;2;216;216;216m[38;2;216;216;216m▄[48;2;216;216;216m[38;2;216;216;216m▄[48;2;217;217;217m[38;2;216;216;216m▄[48;2;217;217;217m[38;2;216;216;216m▄[48;2;218;218;218m[38;2;217;217;217m▄[48;2;220;219;219m[38;2;218;218;218m▄[48;2;219;219;220m[38;2;219;219;219m▄[48;2;220;220;221m[38;2;219;219;219m▄[48;2;221;221;221m[38;2;219;219;219m▄[48;2;220;221;221m[38;2;221;221;221m▄[48;2;224;221;218m[38;2;221;221;221m▄[48;2;243;237;226m[38;2;227;224;219m▄[48;2;248;245;237m[38;2;226;222;216m▄[48;2;225;221;217m[38;2;221;221;218m▄[48;2;222;222;221m[38;2;222;222;221m▄[48;2;223;223;222m[38;2;223;223;223m▄[48;2;223;222;223m[38;2;222;222;222m▄[48;2;222;222;222m[38;2;222;222;222m▄[48;2;222;222;222m[38;2;222;222;222m▄[48;2;223;223;223m[38;2;222;222;222m▄[48;2;223;223;223m[38;2;222;222;222m▄[48;2;223;223;223m[38;2;222;222;222m▄[48;2;222;222;222m[38;2;222;222;222m▄[48;2;223;223;222m[38;2;222;222;222m▄[48;2;223;223;223m[38;2;222;221;221m▄[48;2;222;221;222m[38;2;224;229;228m▄[48;2;223;226;225m[38;2;219;209;212m▄[48;2;229;234;233m[38;2;209;149;161m▄[48;2;200;205;196m[38;2;222;146;162m▄[48;2;124;168;100m[38;2;214;134;150m▄[48;2;102;170;72m[38;2;169;141;129m▄[48;2;76;154;63m[38;2;136;146;106m▄[48;2;67;143;51m[38;2;95;124;70m▄[48;2;95;148;83m[38;2;69;148;59m▄[48;2;111;164;90m[38;2;103;165;68m▄[48;2;120;175;82m[38;2;118;172;71m▄[48;2;126;178;89m[38;2;131;182;75m▄[48;2;130;177;101m[38;2;154;199;84m▄[48;2;144;179;133m[38;2;106;166;63m▄[48;2;203;210;203m[38;2;155;182;152m▄[48;2;219;218;219m[38;2;225;221;226m▄[48;2;216;216;216m[38;2;215;216;215m▄[48;2;216;216;216m[38;2;216;216;216m▄[48;2;216;216;217m[38;2;216;216;216m▄[48;2;216;216;216m[38;2;215;215;215m▄[48;2;215;215;215m[38;2;215;215;215m▄[48;2;214;214;214m[38;2;214;214;214m▄[48;2;214;214;214m[38;2;214;214;214m▄[48;2;214;214;214m[38;2;214;214;214m▄[48;2;213;213;212m[38;2;213;213;213m▄[48;2;211;211;212m[38;2;212;212;212m▄[48;2;211;211;211m[38;2;211;211;211m▄[48;2;211;211;211m[38;2;210;210;210m▄[48;2;210;210;210m[38;2;210;210;210m▄[48;2;210;210;210m[38;2;210;210;210m▄[48;2;210;210;210m[38;2;210;210;210m▄[48;2;210;210;210m[38;2;209;209;209m▄[48;2;209;209;209m[38;2;209;209;209m▄[48;2;208;208;208m[38;2;208;208;208m▄[48;2;208;208;208m[38;2;208;208;208m▄[48;2;208;208;208m[38;2;207;207;207m▄[48;2;207;207;207m[38;2;207;207;207m▄[48;2;207;207;207m[38;2;207;207;207m▄[48;2;207;206;208m[38;2;206;206;206m▄[0m
[48;2;216;216;216m[38;2;216;216;216m▄[48;2;216;216;216m[38;2;216;216;216m▄[48;2;216;216;216m[38;2;216;216;216m▄[48;2;216;216;216m[38;2;216;216;216m▄[48;2;217;217;218m[38;2;217;217;217m▄[48;2;217;217;217m[38;2;216;216;216m▄[48;2;217;217;217m[38;2;217;217;217m▄[48;2;219;219;219m[38;2;219;219;219m▄[48;2;218;218;218m[38;2;218;218;218m▄[48;2;220;220;219m[38;2;218;218;218m▄[48;2;220;220;220m[38;2;219;220;219m▄[48;2;220;220;220m[38;2;220;220;220m▄[48;2;220;220;220m[38;2;221;221;220m▄[48;2;222;221;220m[38;2;221;221;219m▄[48;2;222;221;221m[38;2;221;221;221m▄[48;2;222;222;222m[38;2;221;221;221m▄[48;2;223;222;222m[38;2;221;221;221m▄[48;2;222;222;222m[38;2;221;221;220m▄[48;2;221;221;221m[38;2;221;221;220m▄[48;2;222;222;222m[38;2;222;222;222m▄[48;2;222;222;222m[38;2;221;221;221m▄[48;2;221;221;221m[38;2;221;221;221m▄[48;2;222;222;222m[38;2;221;221;221m▄[48;2;222;221;221m[38;2;222;222;222m▄[48;2;223;227;227m[38;2;221;222;222m▄[48;2;218;203;207m[38;2;209;132;149m▄[48;2;212;127;145m[38;2;232;162;170m▄[48;2;232;154;165m[38;2;231;145;154m▄[48;2;230;145;154m[38;2;224;124;136m▄[48;2;226;119;135m[38;2;209;94;115m▄[48;2;217;99;126m[38;2;220;143;155m▄[48;2;228;135;158m[38;2;232;156;162m▄[48;2;234;153;167m[38;2;229;135;146m▄[48;2;153;141;108m[38;2;239;135;154m▄[48;2;103;153;73m[38;2;215;133;143m▄[48;2;116;175;74m[38;2;189;128;123m▄[48;2;120;177;74m[38;2;182;154;143m▄[48;2;111;162;81m[38;2;187;197;196m▄[48;2;148;175;144m[38;2;206;201;206m▄[48;2;205;204;206m[38;2;203;204;203m▄[48;2;209;209;209m[38;2;212;212;213m▄[48;2;216;216;216m[38;2;216;216;216m▄[48;2;216;216;216m[38;2;215;215;215m▄[48;2;215;215;215m[38;2;217;217;217m▄[48;2;215;215;215m[38;2;215;215;215m▄[48;2;215;215;215m[38;2;214;214;214m▄[48;2;214;214;214m[38;2;214;214;214m▄[48;2;214;214;214m[38;2;213;213;213m▄[48;2;213;213;213m[38;2;213;213;213m▄[48;2;212;212;213m[38;2;212;212;212m▄[48;2;211;211;212m[38;2;211;211;212m▄[48;2;211;211;211m[38;2;211;211;211m▄[48;2;210;210;210m[38;2;210;210;210m▄[48;2;210;210;210m[38;2;210;210;210m▄[48;2;211;210;211m[38;2;211;210;211m▄[48;2;210;210;210m[38;2;210;210;210m▄[48;2;209;209;209m[38;2;209;209;209m▄[48;2;209;209;209m[38;2;209;209;209m▄[48;2;208;208;209m[38;2;208;208;209m▄[48;2;208;208;208m[38;2;207;207;208m▄[48;2;207;207;207m[38;2;207;207;207m▄[48;2;207;207;207m[38;2;206;206;207m▄[48;2;206;206;206m[38;2;205;205;205m▄[48;2;205;205;205m[38;2;204;204;204m▄[0m
[48;2;216;216;216m[38;2;216;216;216m▄[48;2;216;216;216m[38;2;216;216;216m▄[48;2;216;216;216m[38;2;216;216;216m▄[48;2;216;216;216m[38;2;216;216;216m▄[48;2;216;216;216m[38;2;216;216;216m▄[48;2;216;216;216m[38;2;216;216;216m▄[48;2;216;216;216m[38;2;216;216;216m▄[48;2;217;217;216m[38;2;218;218;218m▄[48;2;217;217;217m[38;2;219;219;217m▄[48;2;217;218;217m[38;2;216;216;216m▄[48;2;217;217;218m[38;2;216;216;216m▄[48;2;218;218;218m[38;2;217;217;217m▄[48;2;219;219;219m[38;2;217;217;216m▄[48;2;221;221;220m[38;2;218;218;217m▄[48;2;220;219;220m[38;2;218;218;218m▄[48;2;220;220;220m[38;2;220;220;220m▄[48;2;221;221;221m[38;2;219;219;219m▄[48;2;220;220;221m[38;2;220;220;219m▄[48;2;220;220;221m[38;2;220;220;220m▄[48;2;220;220;220m[38;2;220;220;220m▄[48;2;220;220;220m[38;2;220;220;220m▄[48;2;221;221;221m[38;2;220;220;220m▄[48;2;221;219;220m[38;2;220;218;218m▄[48;2;223;230;228m[38;2;221;229;227m▄[48;2;212;176;184m[38;2;211;150;165m▄[48;2;222;145;157m[38;2;230;154;166m▄[48;2;232;152;160m[38;2;229;137;148m▄[48;2;228;134;145m[38;2;229;138;148m▄[48;2;222;119;133m[38;2;224;126;139m▄[48;2;215;124;141m[38;2;227;148;157m▄[48;2;235;161;168m[38;2;229;139;149m▄[48;2;227;128;140m[38;2;228;135;146m▄[48;2;228;136;147m[38;2;229;136;147m▄[48;2;226;136;147m[38;2;229;136;147m▄[48;2;231;136;149m[38;2;227;135;146m▄[48;2;236;135;150m[38;2;226;137;146m▄[48;2;229;122;141m[38;2;221;107;126m▄[48;2;205;177;184m[38;2;206;113;132m▄[48;2;207;212;211m[38;2;209;210;210m▄[48;2;214;213;213m[38;2;216;216;216m▄[48;2;216;216;216m[38;2;215;215;215m▄[48;2;215;215;215m[38;2;217;217;217m▄[48;2;215;215;215m[38;2;215;215;215m▄[48;2;215;216;217m[38;2;214;214;214m▄[48;2;215;215;215m[38;2;214;214;214m▄[48;2;214;214;214m[38;2;214;214;215m▄[48;2;214;214;214m[38;2;215;215;214m▄[48;2;217;216;216m[38;2;219;218;216m▄[48;2;214;214;212m[38;2;213;213;213m▄[48;2;211;211;211m[38;2;210;211;211m▄[48;2;211;211;211m[38;2;210;210;210m▄[48;2;211;211;211m[38;2;211;211;210m▄[48;2;210;210;210m[38;2;210;210;210m▄[48;2;210;210;210m[38;2;210;210;210m▄[48;2;210;210;210m[38;2;210;210;210m▄[48;2;209;209;209m[38;2;209;209;209m▄[48;2;209;209;209m[38;2;208;208;208m▄[48;2;209;209;209m[38;2;209;209;209m▄[48;2;208;208;208m[38;2;208;208;208m▄[48;2;208;208;208m[38;2;208;208;208m▄[48;2;207;206;207m[38;2;207;207;207m▄[48;2;206;206;207m[38;2;206;206;206m▄[48;2;205;205;205m[38;2;205;205;205m▄[48;2;204;204;204m[38;2;204;204;204m▄[0m
[48;2;216;216;216m[38;2;215;215;215m▄[48;2;215;215;215m[38;2;215;215;215m▄[48;2;215;215;215m[38;2;215;215;215m▄[48;2;216;216;216m[38;2;216;216;216m▄[48;2;216;216;216m[38;2;216;216;216m▄[48;2;216;216;216m[38;2;216;216;216m▄[48;2;216;216;216m[38;2;216;216;216m▄[48;2;216;216;216m[38;2;216;216;216m▄[48;2;216;216;216m[38;2;216;216;216m▄[48;2;217;217;217m[38;2;216;216;216m▄[48;2;216;216;216m[38;2;216;216;216m▄[48;2;216;216;216m[38;2;216;216;216m▄[48;2;217;217;217m[38;2;216;216;216m▄[48;2;217;217;216m[38;2;216;216;216m▄[48;2;217;217;217m[38;2;216;216;216m▄[48;2;217;217;217m[38;2;217;217;217m▄[48;2;218;218;218m[38;2;217;217;217m▄[48;2;218;218;218m[38;2;217;217;217m▄[48;2;218;218;218m[38;2;217;217;217m▄[48;2;218;218;218m[38;2;217;217;217m▄[48;2;219;219;219m[38;2;217;217;217m▄[48;2;218;218;218m[38;2;217;217;217m▄[48;2;218;217;218m[38;2;217;215;215m▄[48;2;218;223;222m[38;2;217;223;221m▄[48;2;211;147;161m[38;2;210;147;161m▄[48;2;232;154;164m[38;2;231;153;162m▄[48;2;228;134;145m[38;2;228;134;146m▄[48;2;227;134;145m[38;2;228;136;147m▄[48;2;230;143;154m[38;2;228;135;148m▄[48;2;232;151;161m[38;2;229;137;149m▄[48;2;227;132;144m[38;2;229;135;148m▄[48;2;228;137;149m[38;2;230;135;148m▄[48;2;229;136;147m[38;2;230;136;148m▄[48;2;229;136;147m[38;2;230;135;148m▄[48;2;229;136;147m[38;2;228;135;146m▄[48;2;229;137;147m[38;2;228;135;147m▄[48;2;224;119;134m[38;2;223;115;131m▄[48;2;211;102;122m[38;2;212;103;123m▄[48;2;200;183;187m[38;2;197;176;182m▄[48;2;215;219;218m[38;2;212;217;215m▄[48;2;218;218;217m[38;2;215;215;215m▄[48;2;215;215;215m[38;2;215;215;216m▄[48;2;216;216;216m[38;2;215;215;216m▄[48;2;214;214;214m[38;2;213;213;214m▄[48;2;214;214;214m[38;2;214;213;215m▄[48;2;214;213;214m[38;2;213;212;213m▄[48;2;212;212;212m[38;2;211;211;211m▄[48;2;210;210;211m[38;2;211;211;211m▄[48;2;211;211;211m[38;2;210;210;210m▄[48;2;211;211;211m[38;2;210;210;210m▄[48;2;210;210;210m[38;2;211;211;211m▄[48;2;209;209;209m[38;2;212;212;211m▄[48;2;210;210;210m[38;2;209;209;209m▄[48;2;210;210;210m[38;2;209;209;209m▄[48;2;209;209;209m[38;2;208;208;208m▄[48;2;208;208;208m[38;2;208;208;208m▄[48;2;208;208;208m[38;2;208;208;208m▄[48;2;208;208;208m[38;2;207;207;207m▄[48;2;207;208;208m[38;2;207;207;208m▄[48;2;207;207;207m[38;2;207;207;207m▄[48;2;207;207;207m[38;2;207;207;207m▄[48;2;206;206;206m[38;2;206;206;205m▄[48;2;204;204;204m[38;2;204;204;203m▄[48;2;204;204;204m[38;2;204;204;204m▄[0m
[48;2;214;214;214m[38;2;214;214;214m▄[48;2;215;215;215m[38;2;215;215;215m▄[48;2;215;215;215m[38;2;215;215;215m▄[48;2;216;216;216m[38;2;215;215;215m▄[48;2;216;215;216m[38;2;215;215;216m▄[48;2;216;216;216m[38;2;215;215;215m▄[48;2;216;216;216m[38;2;216;216;216m▄[48;2;216;216;217m[38;2;216;215;217m▄[48;2;216;216;216m[38;2;216;216;216m▄[48;2;216;216;216m[38;2;216;216;216m▄[48;2;216;216;216m[38;2;216;216;216m▄[48;2;216;216;216m[38;2;216;216;216m▄[48;2;216;216;216m[38;2;216;216;216m▄[48;2;216;216;216m[38;2;216;216;216m▄[48;2;216;216;216m[38;2;216;216;216m▄[48;2;216;216;216m[38;2;216;216;216m▄[48;2;216;216;216m[38;2;216;216;216m▄[48;2;217;217;217m[38;2;216;216;216m▄[48;2;216;216;216m[38;2;216;216;216m▄[48;2;217;217;217m[38;2;216;216;216m▄[48;2;217;217;217m[38;2;216;216;216m▄[48;2;216;216;217m[38;2;216;216;216m▄[48;2;216;214;215m[38;2;216;216;216m▄[48;2;218;225;224m[38;2;217;220;219m▄[48;2;208;162;172m[38;2;212;200;204m▄[48;2;225;142;154m[38;2;224;166;174m▄[48;2;229;139;150m[38;2;231;149;158m▄[48;2;228;135;146m[38;2;227;131;143m▄[48;2;228;135;147m[38;2;228;135;147m▄[48;2;229;136;148m[38;2;228;135;147m▄[48;2;229;136;148m[38;2;228;135;146m▄[48;2;230;137;148m[38;2;228;135;148m▄[48;2;229;136;147m[38;2;228;135;146m▄[48;2;229;135;146m[38;2;228;135;147m▄[48;2;229;137;147m[38;2;229;137;148m▄[48;2;226;129;141m[38;2;219;113;129m▄[48;2;221;109;126m[38;2;223;113;129m▄[48;2;208;107;126m[38;2;201;138;150m▄[48;2;195;188;191m[38;2;197;204;204m▄[48;2;210;212;212m[38;2;210;208;210m▄[48;2;214;214;214m[38;2;215;214;214m▄[48;2;214;214;214m[38;2;213;214;213m▄[48;2;214;214;213m[38;2;213;213;214m▄[48;2;212;212;213m[38;2;212;212;212m▄[48;2;213;213;214m[38;2;211;211;211m▄[48;2;213;213;213m[38;2;211;211;211m▄[48;2;211;210;211m[38;2;211;210;212m▄[48;2;211;211;211m[38;2;210;210;211m▄[48;2;210;210;210m[38;2;210;210;210m▄[48;2;209;209;209m[38;2;213;213;213m▄[48;2;214;215;214m[38;2;210;211;211m▄[48;2;222;222;218m[38;2;209;209;209m▄[48;2;209;209;209m[38;2;209;209;209m▄[48;2;209;209;209m[38;2;208;209;208m▄[48;2;208;208;208m[38;2;208;208;208m▄[48;2;208;208;208m[38;2;208;208;208m▄[48;2;208;208;208m[38;2;207;207;207m▄[48;2;207;207;207m[38;2;208;208;208m▄[48;2;207;207;207m[38;2;207;207;207m▄[48;2;206;206;206m[38;2;206;206;206m▄[48;2;207;207;207m[38;2;206;206;206m▄[48;2;205;205;205m[38;2;204;204;205m▄[48;2;204;203;204m[38;2;203;203;204m▄[48;2;203;203;203m[38;2;203;203;203m▄[0m
[48;2;214;214;214m[38;2;214;214;214m▄[48;2;214;214;214m[38;2;214;214;214m▄[48;2;215;215;215m[38;2;214;214;214m▄[48;2;215;215;215m[38;2;214;214;214m▄[48;2;215;215;215m[38;2;214;214;214m▄[48;2;215;215;215m[38;2;215;215;215m▄[48;2;215;215;215m[38;2;215;215;215m▄[48;2;216;216;216m[38;2;215;215;215m▄[48;2;216;216;216m[38;2;216;216;216m▄[48;2;216;216;216m[38;2;216;216;216m▄[48;2;216;216;216m[38;2;216;216;216m▄[48;2;216;216;216m[38;2;216;216;216m▄[48;2;216;216;216m[38;2;217;216;216m▄[48;2;216;216;216m[38;2;216;216;216m▄[48;2;216;216;216m[38;2;216;216;216m▄[48;2;216;216;216m[38;2;216;216;216m▄[48;2;216;216;216m[38;2;216;216;216m▄[48;2;216;216;216m[38;2;216;216;216m▄[48;2;216;216;216m[38;2;216;216;216m▄[48;2;216;216;216m[38;2;216;216;216m▄[48;2;216;216;216m[38;2;216;216;216m▄[48;2;216;216;216m[38;2;216;216;216m▄[48;2;216;216;216m[38;2;216;216;216m▄[48;2;216;214;214m[38;2;216;216;215m▄[48;2;216;224;223m[38;2;217;219;219m▄[48;2;214;178;186m[38;2;211;198;202m▄[48;2;230;145;156m[38;2;208;120;136m▄[48;2;230;138;149m[38;2;229;135;146m▄[48;2;227;133;145m[38;2;231;141;150m▄[48;2;228;135;146m[38;2;226;135;145m▄[48;2;230;139;150m[38;2;218;113;130m▄[48;2;228;136;148m[38;2;230;130;143m▄[48;2;228;136;147m[38;2;223;120;134m▄[48;2;228;134;147m[38;2;218;108;125m▄[48;2;220;115;131m[38;2;221;108;125m▄[48;2;219;105;122m[38;2;213;98;119m▄[48;2;216;120;137m[38;2;191;149;158m▄[48;2;194;190;191m[38;2;195;201;200m▄[48;2;200;201;201m[38;2;206;204;205m▄[48;2;212;212;212m[38;2;213;213;213m▄[48;2;213;213;213m[38;2;213;213;213m▄[48;2;213;213;213m[38;2;213;213;213m▄[48;2;213;213;214m[38;2;212;212;212m▄[48;2;211;211;212m[38;2;211;211;211m▄[48;2;210;210;210m[38;2;211;211;211m▄[48;2;210;210;210m[38;2;211;211;211m▄[48;2;210;210;210m[38;2;211;211;211m▄[48;2;210;210;210m[38;2;210;210;210m▄[48;2;209;209;209m[38;2;209;209;210m▄[48;2;212;212;212m[38;2;208;208;210m▄[48;2;212;211;211m[38;2;209;208;209m▄[48;2;209;209;209m[38;2;209;209;209m▄[48;2;210;210;211m[38;2;213;212;213m▄[48;2;208;208;209m[38;2;208;207;211m▄[48;2;208;207;208m[38;2;208;207;209m▄[48;2;208;208;208m[38;2;208;208;208m▄[48;2;212;212;211m[38;2;208;208;208m▄[48;2;207;207;207m[38;2;207;207;207m▄[48;2;207;207;207m[38;2;207;207;207m▄[48;2;207;207;207m[38;2;206;206;206m▄[48;2;205;205;205m[38;2;204;204;205m▄[48;2;203;203;204m[38;2;203;203;203m▄[48;2;203;203;203m[38;2;203;203;203m▄[48;2;203;203;203m[38;2;202;202;202m▄[0m
[48;2;212;212;212m[38;2;211;211;211m▄[48;2;214;214;214m[38;2;212;212;212m▄[48;2;214;214;214m[38;2;214;214;214m▄[48;2;214;214;214m[38;2;214;214;214m▄[48;2;214;214;214m[38;2;214;214;214m▄[48;2;215;215;215m[38;2;214;214;214m▄[48;2;214;214;214m[38;2;214;214;214m▄[48;2;215;215;215m[38;2;214;214;214m▄[48;2;215;215;215m[38;2;214;214;214m▄[48;2;215;215;215m[38;2;215;215;215m▄[48;2;215;215;215m[38;2;215;215;215m▄[48;2;216;216;216m[38;2;215;215;216m▄[48;2;217;216;217m[38;2;216;215;216m▄[48;2;216;215;216m[38;2;214;214;215m▄[48;2;216;215;216m[38;2;215;214;215m▄[48;2;216;217;216m[38;2;215;215;215m▄[48;2;216;216;216m[38;2;215;215;215m▄[48;2;216;216;216m[38;2;216;216;216m▄[48;2;216;216;216m[38;2;215;215;215m▄[48;2;215;215;215m[38;2;215;215;215m▄[48;2;215;215;215m[38;2;215;215;215m▄[48;2;216;216;216m[38;2;215;215;216m▄[48;2;216;216;216m[38;2;215;215;216m▄[48;2;216;216;216m[38;2;215;215;216m▄[48;2;215;214;214m[38;2;214;215;215m▄[48;2;217;223;221m[38;2;215;214;214m▄[48;2;205;184;190m[38;2;215;220;220m▄[48;2;202;112;132m[38;2;206;206;207m▄[48;2;215;107;127m[38;2;194;170;177m▄[48;2;213;106;125m[38;2;193;169;175m▄[48;2;198;96;119m[38;2;194;192;193m▄[48;2;202;108;128m[38;2;194;194;196m▄[48;2;210;95;117m[38;2;193;168;176m▄[48;2;214;98;120m[38;2;193;159;168m▄[48;2;207;99;121m[38;2;191;181;184m▄[48;2;190;143;155m[38;2;194;200;199m▄[48;2;194;200;199m[38;2;199;198;199m▄[48;2;202;199;201m[38;2;208;208;208m▄[48;2;210;210;211m[38;2;211;211;211m▄[48;2;212;212;212m[38;2;211;211;211m▄[48;2;212;212;212m[38;2;211;211;211m▄[48;2;211;211;211m[38;2;211;211;210m▄[48;2;210;210;210m[38;2;210;210;210m▄[48;2;213;213;211m[38;2;210;209;211m▄[48;2;216;215;212m[38;2;209;209;210m▄[48;2;210;210;210m[38;2;210;210;210m▄[48;2;214;214;213m[38;2;210;210;210m▄[48;2;210;210;210m[38;2;209;209;209m▄[48;2;209;208;210m[38;2;208;208;209m▄[48;2;210;209;212m[38;2;209;209;209m▄[48;2;209;209;210m[38;2;209;209;209m▄[48;2;210;209;211m[38;2;207;207;208m▄[48;2;209;209;210m[38;2;210;210;209m▄[48;2;209;209;210m[38;2;213;213;212m▄[48;2;208;208;209m[38;2;207;207;207m▄[48;2;210;210;210m[38;2;208;208;208m▄[48;2;207;207;207m[38;2;207;207;207m▄[48;2;208;208;208m[38;2;207;207;206m▄[48;2;207;207;207m[38;2;205;207;206m▄[48;2;206;205;205m[38;2;204;205;205m▄[48;2;203;203;204m[38;2;203;204;204m▄[48;2;203;203;203m[38;2;203;203;203m▄[48;2;203;203;203m[38;2;202;202;202m▄[48;2;203;203;203m[38;2;202;202;202m▄[0m
[48;2;210;210;210m[38;2;210;210;210m▄[48;2;211;211;211m[38;2;210;210;210m▄[48;2;212;212;212m[38;2;211;211;211m▄[48;2;213;213;213m[38;2;211;211;211m▄[48;2;213;213;213m[38;2;212;212;212m▄[48;2;214;214;214m[38;2;213;213;213m▄[48;2;214;214;214m[38;2;213;213;214m▄[48;2;214;214;214m[38;2;214;214;214m▄[48;2;214;214;214m[38;2;214;214;214m▄[48;2;215;215;215m[38;2;214;214;214m▄[48;2;215;214;215m[38;2;214;214;214m▄[48;2;215;215;215m[38;2;214;214;214m▄[48;2;215;215;214m[38;2;214;214;214m▄[48;2;215;215;215m[38;2;214;214;215m▄[48;2;215;215;215m[38;2;214;214;214m▄[48;2;215;215;215m[38;2;215;215;215m▄[48;2;215;215;215m[38;2;215;215;215m▄[48;2;215;215;215m[38;2;215;215;215m▄[48;2;215;215;215m[38;2;214;214;214m▄[48;2;215;215;215m[38;2;214;214;214m▄[48;2;214;214;214m[38;2;214;214;214m▄[48;2;216;216;216m[38;2;214;214;214m▄[48;2;215;215;215m[38;2;214;214;214m▄[48;2;215;215;215m[38;2;214;214;214m▄[48;2;217;217;215m[38;2;214;214;214m▄[48;2;214;215;215m[38;2;214;214;214m▄[48;2;214;213;214m[38;2;214;214;214m▄[48;2;214;214;214m[38;2;213;213;214m▄[48;2;208;214;213m[38;2;214;212;213m▄[48;2;204;210;209m[38;2;213;212;212m▄[48;2;204;205;205m[38;2;213;212;213m▄[48;2;207;207;208m[38;2;212;211;213m▄[48;2;207;212;211m[38;2;212;210;211m▄[48;2;203;211;209m[38;2;211;210;210m▄[48;2;202;205;204m[38;2;211;210;210m▄[48;2;204;203;203m[38;2;211;211;211m▄[48;2;208;209;209m[38;2;211;211;211m▄[48;2;211;211;211m[38;2;210;210;210m▄[48;2;211;211;211m[38;2;210;210;210m▄[48;2;211;211;211m[38;2;210;210;210m▄[48;2;215;215;213m[38;2;212;212;210m▄[48;2;211;211;210m[38;2;215;215;212m▄[48;2;209;209;210m[38;2;210;210;210m▄[48;2;209;209;209m[38;2;210;210;210m▄[48;2;209;209;209m[38;2;208;209;209m▄[48;2;210;209;210m[38;2;209;209;209m▄[48;2;209;208;210m[38;2;208;208;209m▄[48;2;209;209;209m[38;2;211;211;211m▄[48;2;208;208;208m[38;2;209;208;208m▄[48;2;208;208;208m[38;2;206;206;206m▄[48;2;208;208;208m[38;2;210;209;208m▄[48;2;206;206;207m[38;2;209;209;208m▄[48;2;208;208;208m[38;2;206;207;207m▄[48;2;211;211;210m[38;2;206;206;206m▄[48;2;206;206;206m[38;2;208;208;208m▄[48;2;207;207;207m[38;2;211;211;211m▄[48;2;207;207;207m[38;2;206;206;206m▄[48;2;206;206;204m[38;2;206;206;206m▄[48;2;205;207;205m[38;2;204;204;205m▄[48;2;202;205;205m[38;2;201;202;205m▄[48;2;201;203;205m[38;2;201;202;204m▄[48;2;202;201;204m[38;2;201;202;204m▄[48;2;202;201;204m[38;2;201;202;203m▄[48;2;202;201;203m[38;2;202;201;203m▄[0m
[48;2;210;210;210m[38;2;210;210;211m▄[48;2;210;210;210m[38;2;210;210;210m▄[48;2;210;210;210m[38;2;210;210;210m▄[48;2;210;210;210m[38;2;210;210;210m▄[48;2;211;211;211m[38;2;210;210;210m▄[48;2;211;211;211m[38;2;210;210;210m▄[48;2;212;212;212m[38;2;211;211;211m▄[48;2;212;212;212m[38;2;211;211;211m▄[48;2;214;213;214m[38;2;212;211;212m▄[48;2;214;213;214m[38;2;211;211;212m▄[48;2;214;214;214m[38;2;212;211;212m▄[48;2;214;214;215m[38;2;212;212;213m▄[48;2;214;214;214m[38;2;212;212;212m▄[48;2;214;214;214m[38;2;212;212;212m▄[48;2;214;214;215m[38;2;212;212;213m▄[48;2;214;214;214m[38;2;212;212;212m▄[48;2;214;215;214m[38;2;212;212;212m▄[48;2;214;214;214m[38;2;213;213;213m▄[48;2;214;214;215m[38;2;213;213;213m▄[48;2;214;214;214m[38;2;213;213;213m▄[48;2;214;214;214m[38;2;212;212;212m▄[48;2;214;214;214m[38;2;213;213;213m▄[48;2;214;214;214m[38;2;213;213;213m▄[48;2;215;215;215m[38;2;213;213;213m▄[48;2;214;214;214m[38;2;213;213;213m▄[48;2;214;214;214m[38;2;212;212;212m▄[48;2;213;213;213m[38;2;212;212;212m▄[48;2;213;213;213m[38;2;212;212;214m▄[48;2;211;211;212m[38;2;212;211;214m▄[48;2;212;212;213m[38;2;213;213;213m▄[48;2;212;211;212m[38;2;212;212;212m▄[48;2;212;211;212m[38;2;212;212;213m▄[48;2;211;211;211m[38;2;212;212;212m▄[48;2;211;210;211m[38;2;212;212;212m▄[48;2;209;209;210m[38;2;215;215;214m▄[48;2;210;210;210m[38;2;211;211;211m▄[48;2;210;210;210m[38;2;210;210;212m▄[48;2;210;210;210m[38;2;210;210;211m▄[48;2;209;209;209m[38;2;210;210;211m▄[48;2;210;209;210m[38;2;210;210;210m▄[48;2;210;210;210m[38;2;209;209;209m▄[48;2;213;213;211m[38;2;209;209;209m▄[48;2;210;210;210m[38;2;209;209;210m▄[48;2;209;209;210m[38;2;207;207;208m▄[48;2;214;213;212m[38;2;213;213;211m▄[48;2;209;209;209m[38;2;208;208;208m▄[48;2;208;208;208m[38;2;207;207;207m▄[48;2;208;208;208m[38;2;207;207;207m▄[48;2;207;207;207m[38;2;206;206;206m▄[48;2;206;206;206m[38;2;208;208;207m▄[48;2;207;206;206m[38;2;205;205;205m▄[48;2;207;207;207m[38;2;204;204;204m▄[48;2;207;207;206m[38;2;203;203;203m▄[48;2;207;207;207m[38;2;207;207;207m▄[48;2;205;205;205m[38;2;204;204;204m▄[48;2;205;204;205m[38;2;203;203;203m▄[48;2;205;205;205m[38;2;203;203;204m▄[48;2;204;204;205m[38;2;203;203;203m▄[48;2;202;202;205m[38;2;202;202;202m▄[48;2;201;202;204m[38;2;202;202;202m▄[48;2;201;201;204m[38;2;201;201;202m▄[48;2;201;202;202m[38;2;201;201;202m▄[48;2;202;202;201m[38;2;202;202;202m▄[48;2;202;201;202m[38;2;202;201;202m▄[0m
[48;2;210;210;210m[38;2;211;211;211m▄[48;2;210;210;210m[38;2;212;212;212m▄[48;2;210;210;210m[38;2;212;212;212m▄[48;2;211;210;211m[38;2;213;213;213m▄[48;2;210;210;210m[38;2;213;213;213m▄[48;2;210;210;210m[38;2;213;213;213m▄[48;2;210;210;210m[38;2;214;214;213m▄[48;2;211;211;212m[38;2;214;214;214m▄[48;2;212;212;212m[38;2;214;214;215m▄[48;2;211;211;211m[38;2;214;214;215m▄[48;2;212;211;212m[38;2;215;215;215m▄[48;2;212;212;212m[38;2;215;215;215m▄[48;2;212;212;213m[38;2;215;215;215m▄[48;2;212;212;212m[38;2;215;215;215m▄[48;2;212;212;212m[38;2;215;215;215m▄[48;2;212;212;212m[38;2;215;215;215m▄[48;2;213;213;213m[38;2;215;215;215m▄[48;2;213;213;213m[38;2;215;215;215m▄[48;2;213;213;213m[38;2;215;215;215m▄[48;2;213;213;213m[38;2;215;215;215m▄[48;2;213;213;213m[38;2;215;215;215m▄[48;2;213;213;213m[38;2;214;214;215m▄[48;2;213;213;213m[38;2;213;212;213m▄[48;2;213;214;214m[38;2;209;208;209m▄[48;2;212;213;213m[38;2;205;200;202m▄[48;2;212;212;213m[38;2;200;191;195m▄[48;2;209;209;210m[38;2;196;184;186m▄[48;2;205;205;206m[38;2;193;178;180m▄[48;2;201;201;201m[38;2;190;175;176m▄[48;2;198;198;198m[38;2;188;173;174m▄[48;2;199;197;198m[38;2;188;173;174m▄[48;2;199;198;199m[38;2;187;173;175m▄[48;2;199;198;197m[38;2;188;172;174m▄[48;2;198;197;197m[38;2;188;173;174m▄[48;2;202;201;199m[38;2;188;173;173m▄[48;2;199;198;197m[38;2;188;174;173m▄[48;2;200;199;201m[38;2;187;176;175m▄[48;2;203;203;203m[38;2;189;179;180m▄[48;2;204;204;204m[38;2;193;185;186m▄[48;2;205;206;206m[38;2;197;192;192m▄[48;2;207;207;207m[38;2;201;200;200m▄[48;2;209;209;210m[38;2;205;205;207m▄[48;2;208;209;208m[38;2;208;207;208m▄[48;2;207;207;207m[38;2;208;208;209m▄[48;2;208;207;209m[38;2;210;210;210m▄[48;2;208;208;208m[38;2;210;210;210m▄[48;2;207;207;207m[38;2;208;208;209m▄[48;2;207;207;207m[38;2;209;209;210m▄[48;2;206;206;207m[38;2;209;209;210m▄[48;2;205;205;205m[38;2;207;208;208m▄[48;2;205;205;205m[38;2;207;207;207m▄[48;2;205;205;205m[38;2;207;207;207m▄[48;2;205;205;205m[38;2;208;207;208m▄[48;2;203;203;204m[38;2;207;207;207m▄[48;2;203;203;203m[38;2;205;205;205m▄[48;2;203;203;203m[38;2;205;205;205m▄[48;2;203;203;203m[38;2;205;205;205m▄[48;2;202;202;202m[38;2;203;203;203m▄[48;2;206;206;206m[38;2;211;211;211m▄[48;2;210;210;211m[38;2;216;216;216m▄[48;2;202;202;202m[38;2;203;203;203m▄[48;2;201;201;201m[38;2;202;202;202m▄[48;2;201;201;201m[38;2;201;201;201m▄[48;2;201;201;201m[38;2;200;200;201m▄[0m
[48;2;215;215;215m[38;2;216;216;216m▄[48;2;215;215;215m[38;2;216;216;216m▄[48;2;215;215;215m[38;2;216;216;216m▄[48;2;215;215;215m[38;2;216;216;216m▄[48;2;215;215;215m[38;2;216;216;216m▄[48;2;215;215;215m[38;2;217;217;217m▄[48;2;216;216;216m[38;2;217;217;217m▄[48;2;215;215;215m[38;2;217;217;217m▄[48;2;215;215;215m[38;2;216;216;216m▄[48;2;216;215;216m[38;2;216;216;216m▄[48;2;216;216;216m[38;2;217;217;217m▄[48;2;216;216;216m[38;2;216;216;216m▄[48;2;216;216;216m[38;2;216;216;216m▄[48;2;216;215;216m[38;2;217;217;217m▄[48;2;215;215;216m[38;2;217;217;217m▄[48;2;216;216;216m[38;2;216;216;216m▄[48;2;216;216;216m[38;2;216;216;216m▄[48;2;216;216;216m[38;2;216;216;216m▄[48;2;216;216;216m[38;2;217;217;217m▄[48;2;216;216;216m[38;2;216;217;217m▄[48;2;216;216;216m[38;2;216;216;216m▄[48;2;215;215;215m[38;2;216;216;216m▄[48;2;214;214;215m[38;2;216;216;216m▄[48;2;212;210;212m[38;2;217;217;217m▄[48;2;209;204;206m[38;2;216;217;217m▄[48;2;205;198;200m[38;2;217;217;217m▄[48;2;201;192;194m[38;2;217;217;217m▄[48;2;200;187;189m[38;2;216;217;217m▄[48;2;199;186;188m[38;2;216;217;217m▄[48;2;199;185;185m[38;2;215;216;216m▄[48;2;198;183;185m[38;2;218;218;218m▄[48;2;197;184;185m[38;2;216;216;216m▄[48;2;197;183;183m[38;2;214;215;215m▄[48;2;197;182;183m[38;2;214;214;214m▄[48;2;197;183;184m[38;2;215;215;215m▄[48;2;198;186;186m[38;2;215;215;215m▄[48;2;201;190;192m[38;2;214;214;215m▄[48;2;206;198;196m[38;2;219;219;217m▄[48;2;206;200;200m[38;2;218;218;218m▄[48;2;209;206;205m[38;2;215;215;216m▄[48;2;210;209;210m[38;2;214;214;214m▄[48;2;213;211;212m[38;2;217;216;215m▄[48;2;216;215;213m[38;2;226;224;218m▄[48;2;210;210;210m[38;2;213;213;213m▄[48;2;209;209;210m[38;2;214;214;215m▄[48;2;209;209;209m[38;2;214;214;213m▄[48;2;209;209;209m[38;2;211;211;211m▄[48;2;210;209;209m[38;2;210;210;210m▄[48;2;210;210;210m[38;2;209;209;210m▄[48;2;210;211;211m[38;2;210;209;211m▄[48;2;208;208;209m[38;2;209;209;209m▄[48;2;214;214;213m[38;2;210;210;210m▄[48;2;215;214;213m[38;2;209;209;209m▄[48;2;206;206;207m[38;2;209;208;210m▄[48;2;208;208;208m[38;2;209;209;209m▄[48;2;207;207;207m[38;2;208;209;208m▄[48;2;207;207;207m[38;2;208;208;208m▄[48;2;207;207;207m[38;2;208;208;208m▄[48;2;206;206;206m[38;2;207;208;208m▄[48;2;207;207;207m[38;2;208;208;208m▄[48;2;205;205;205m[38;2;208;207;208m▄[48;2;205;205;205m[38;2;208;208;207m▄[48;2;204;204;204m[38;2;207;207;207m▄[48;2;204;204;204m[38;2;206;206;206m▄[0m
[48;2;218;218;218m[38;2;222;222;222m▄[48;2;218;218;218m[38;2;222;222;222m▄[48;2;218;218;218m[38;2;222;222;222m▄[48;2;219;219;219m[38;2;222;222;222m▄[48;2;219;219;219m[38;2;222;222;222m▄[48;2;219;219;219m[38;2;223;223;223m▄[48;2;219;219;219m[38;2;222;222;222m▄[48;2;219;219;219m[38;2;222;222;222m▄[48;2;219;219;219m[38;2;223;223;223m▄[48;2;220;220;220m[38;2;223;223;223m▄[48;2;219;219;219m[38;2;223;223;223m▄[48;2;220;220;220m[38;2;223;223;223m▄[48;2;220;220;220m[38;2;222;222;222m▄[48;2;220;220;220m[38;2;222;222;222m▄[48;2;220;220;220m[38;2;223;223;223m▄[48;2;220;220;220m[38;2;222;222;222m▄[48;2;220;220;220m[38;2;222;222;222m▄[48;2;220;220;220m[38;2;222;222;222m▄[48;2;220;220;220m[38;2;222;222;222m▄[48;2;220;220;220m[38;2;222;222;222m▄[48;2;219;219;219m[38;2;222;222;222m▄[48;2;220;220;220m[38;2;222;222;222m▄[48;2;219;219;219m[38;2;222;222;222m▄[48;2;219;219;219m[38;2;222;222;222m▄[48;2;219;219;219m[38;2;221;221;221m▄[48;2;218;218;218m[38;2;221;221;221m▄[48;2;217;217;217m[38;2;221;221;221m▄[48;2;217;217;217m[38;2;221;221;221m▄[48;2;217;217;217m[38;2;219;219;219m▄[48;2;217;217;217m[38;2;219;219;219m▄[48;2;217;217;217m[38;2;218;218;218m▄[48;2;216;216;216m[38;2;218;217;218m▄[48;2;216;216;216m[38;2;217;217;217m▄[48;2;216;216;216m[38;2;217;217;217m▄[48;2;216;216;216m[38;2;216;216;216m▄[48;2;216;216;216m[38;2;216;216;216m▄[48;2;215;215;215m[38;2;216;216;216m▄[48;2;216;215;216m[38;2;216;216;216m▄[48;2;216;216;216m[38;2;216;216;216m▄[48;2;216;216;215m[38;2;216;216;216m▄[48;2;215;215;215m[38;2;216;216;216m▄[48;2;217;216;216m[38;2;216;216;216m▄[48;2;218;218;217m[38;2;216;216;216m▄[48;2;215;215;215m[38;2;216;216;216m▄[48;2;216;216;216m[38;2;216;216;216m▄[48;2;220;219;217m[38;2;216;216;216m▄[48;2;216;216;215m[38;2;216;215;215m▄[48;2;212;213;213m[38;2;214;214;214m▄[48;2;213;213;213m[38;2;215;215;215m▄[48;2;212;212;212m[38;2;215;215;215m▄[48;2;212;212;212m[38;2;214;214;214m▄[48;2;210;210;210m[38;2;213;213;213m▄[48;2;210;210;210m[38;2;213;213;213m▄[48;2;209;209;209m[38;2;212;212;212m▄[48;2;209;209;209m[38;2;211;211;211m▄[48;2;209;209;209m[38;2;210;210;210m▄[48;2;209;209;209m[38;2;210;210;210m▄[48;2;209;208;209m[38;2;209;209;209m▄[48;2;209;209;209m[38;2;209;209;209m▄[48;2;208;208;208m[38;2;209;209;209m▄[48;2;208;207;208m[38;2;209;209;209m▄[48;2;208;208;208m[38;2;208;208;208m▄[48;2;208;208;208m[38;2;208;208;209m▄[48;2;207;207;207m[38;2;208;208;208m▄[0m
