[48;2;218;218;218m[38;2;217;217;217m▄[48;2;219;219;219m[38;2;218;218;218m▄[48;2;221;221;221m[38;2;220;220;220m▄[48;2;222;222;222m[38;2;222;222;222m▄[48;2;223;223;223m[38;2;223;223;223m▄[48;2;223;223;223m[38;2;223;223;223m▄[48;2;223;223;223m[38;2;223;223;223m▄[48;2;224;224;224m[38;2;224;224;224m▄[48;2;225;225;225m[38;2;224;224;224m▄[48;2;225;225;225m[38;2;224;224;224m▄[48;2;224;224;224m[38;2;224;224;224m▄[48;2;225;225;225m[38;2;224;224;224m▄[48;2;225;225;225m[38;2;225;225;225m▄[48;2;227;227;227m[38;2;226;226;226m▄[48;2;228;228;228m[38;2;227;227;227m▄[48;2;227;227;227m[38;2;227;227;227m▄[48;2;227;227;227m[38;2;227;227;227m▄[48;2;228;228;228m[38;2;227;227;227m▄[48;2;228;228;228m[38;2;227;227;227m▄[48;2;228;228;228m[38;2;227;227;227m▄[48;2;228;228;228m[38;2;226;226;226m▄[48;2;228;228;228m[38;2;227;227;227m▄[48;2;227;227;227m[38;2;227;227;227m▄[48;2;227;227;227m[38;2;227;227;227m▄[48;2;227;227;227m[38;2;226;226;226m▄[48;2;227;227;227m[38;2;227;227;227m▄[48;2;227;227;227m[38;2;227;227;227m▄[48;2;227;227;227m[38;2;227;227;227m▄[48;2;226;226;226m[38;2;225;225;225m▄[48;2;225;225;225m[38;2;224;224;224m▄[48;2;224;224;224m[38;2;224;224;224m▄[48;2;224;224;224m[38;2;224;224;224m▄[48;2;225;225;225m[38;2;224;224;224m▄[48;2;224;224;224m[38;2;224;224;224m▄[48;2;223;223;223m[38;2;223;223;223m▄[48;2;223;223;223m[38;2;223;223;223m▄[48;2;222;222;222m[38;2;223;223;223m▄[48;2;222;222;222m[38;2;222;222;222m▄[48;2;221;221;221m[38;2;221;221;221m▄[48;2;221;221;221m[38;2;221;221;221m▄[48;2;219;219;219m[38;2;219;219;219m▄[48;2;217;217;217m[38;2;218;218;218m▄[48;2;217;217;217m[38;2;217;217;217m▄[48;2;216;216;216m[38;2;216;216;216m▄[48;2;216;216;216m[38;2;216;216;216m▄[48;2;216;216;216m[38;2;216;216;217m▄[48;2;215;215;215m[38;2;215;215;215m▄[48;2;215;215;215m[38;2;215;215;215m▄[48;2;215;215;215m[38;2;215;215;215m▄[48;2;214;214;214m[38;2;214;214;214m▄[48;2;213;213;213m[38;2;213;213;213m▄[48;2;213;213;213m[38;2;213;213;213m▄[48;2;211;211;211m[38;2;211;211;211m▄[48;2;211;211;211m[38;2;210;210;210m▄[48;2;211;211;211m[38;2;211;211;211m▄[48;2;209;209;209m[38;2;210;210;210m▄[48;2;208;208;208m[38;2;208;208;208m▄[48;2;208;208;208m[38;2;208;208;208m▄[48;2;208;208;208m[38;2;208;208;208m▄[48;2;207;207;207m[38;2;207;207;207m▄[48;2;206;206;206m[38;2;206;206;206m▄[48;2;205;205;205m[38;2;205;205;205m▄[48;2;204;204;204m[38;2;204;204;204m▄[48;2;203;203;203m[38;2;203;203;203m▄[0m
[48;2;217;217;217m[38;2;217;217;217m▄[48;2;218;218;218m[38;2;218;218;218m▄[48;2;219;219;219m[38;2;218;218;218m▄[48;2;221;221;221m[38;2;219;219;219m▄[48;2;222;222;222m[38;2;221;221;221m▄[48;2;223;223;223m[38;2;222;222;222m▄[48;2;223;223;223m[38;2;223;223;223m▄[48;2;223;223;223m[38;2;224;224;224m▄[48;2;223;223;223m[38;2;224;224;224m▄[48;2;224;224;224m[38;2;224;224;224m▄[48;2;224;224;224m[38;2;224;224;224m▄[48;2;224;224;224m[38;2;224;224;224m▄[48;2;224;224;224m[38;2;224;224;224m▄[48;2;225;225;225m[38;2;224;224;224m▄[48;2;225;225;225m[38;2;224;224;224m▄[48;2;227;227;227m[38;2;225;225;225m▄[48;2;227;227;227m[38;2;227;227;227m▄[48;2;227;227;227m[38;2;227;227;227m▄[48;2;227;227;227m[38;2;227;227;227m▄[48;2;226;226;226m[38;2;226;226;226m▄[48;2;225;225;225m[38;2;226;226;226m▄[48;2;227;227;227m[38;2;227;227;227m▄[48;2;226;226;226m[38;2;227;227;227m▄[48;2;226;226;226m[38;2;226;226;226m▄[48;2;226;226;226m[38;2;227;227;227m▄[48;2;227;227;227m[38;2;227;227;227m▄[48;2;226;226;226m[38;2;225;225;225m▄[48;2;227;227;227m[38;2;225;225;225m▄[48;2;225;225;225m[38;2;223;224;223m▄[48;2;224;224;224m[38;2;222;223;222m▄[48;2;224;224;224m[38;2;223;224;223m▄[48;2;224;224;224m[38;2;224;224;224m▄[48;2;224;224;224m[38;2;224;224;224m▄[48;2;223;223;223m[38;2;223;223;223m▄[48;2;223;223;223m[38;2;221;222;221m▄[48;2;223;223;223m[38;2;222;222;222m▄[48;2;223;223;223m[38;2;222;222;222m▄[48;2;222;222;222m[38;2;221;221;221m▄[48;2;221;221;221m[38;2;221;221;221m▄[48;2;220;220;220m[38;2;220;220;220m▄[48;2;218;218;218m[38;2;218;218;218m▄[48;2;217;217;217m[38;2;217;217;217m▄[48;2;216;216;216m[38;2;216;216;216m▄[48;2;216;216;216m[38;2;216;216;216m▄[48;2;216;216;216m[38;2;217;217;217m▄[48;2;216;216;216m[38;2;216;216;216m▄[48;2;215;215;215m[38;2;216;216;216m▄[48;2;214;214;214m[38;2;214;214;214m▄[48;2;214;214;214m[38;2;214;214;214m▄[48;2;214;214;214m[38;2;214;214;214m▄[48;2;214;214;214m[38;2;213;213;213m▄[48;2;213;213;213m[38;2;212;212;212m▄[48;2;211;211;211m[38;2;211;211;211m▄[48;2;210;210;210m[38;2;210;210;210m▄[48;2;210;210;210m[38;2;210;210;210m▄[48;2;210;210;210m[38;2;210;210;210m▄[48;2;208;208;208m[38;2;209;209;209m▄[48;2;208;208;208m[38;2;208;208;208m▄[48;2;208;208;208m[38;2;208;208;208m▄[48;2;207;207;207m[38;2;207;207;207m▄[48;2;206;206;206m[38;2;206;206;206m▄[48;2;205;205;205m[38;2;205;205;205m▄[48;2;204;204;204m[38;2;204;204;204m▄[48;2;203;203;203m[38;2;203;203;204m▄[0m
[48;2;217;217;217m[38;2;216;216;216m▄[48;2;217;217;217m[38;2;217;217;217m▄[48;2;217;217;217m[38;2;217;217;217m▄[48;2;218;218;218m[38;2;219;219;219m▄[48;2;221;221;221m[38;2;221;221;221m▄[48;2;221;221;221m[38;2;222;222;222m▄[48;2;223;223;223m[38;2;222;222;222m▄[48;2;223;223;223m[38;2;222;222;222m▄[48;2;224;224;224m[38;2;223;223;223m▄[48;2;224;224;224m[38;2;224;224;224m▄[48;2;224;224;224m[38;2;224;224;224m▄[48;2;225;225;225m[38;2;225;225;225m▄[48;2;225;225;225m[38;2;225;225;225m▄[48;2;225;225;225m[38;2;225;225;225m▄[48;2;224;224;224m[38;2;225;225;225m▄[48;2;225;225;225m[38;2;224;224;224m▄[48;2;225;225;225m[38;2;224;224;224m▄[48;2;226;226;226m[38;2;224;224;224m▄[48;2;226;226;226m[38;2;224;224;224m▄[48;2;225;225;225m[38;2;224;224;224m▄[48;2;227;227;227m[38;2;225;225;225m▄[48;2;225;225;225m[38;2;225;225;225m▄[48;2;226;226;226m[38;2;225;225;225m▄[48;2;226;226;226m[38;2;224;224;224m▄[48;2;225;225;225m[38;2;224;224;224m▄[48;2;224;224;224m[38;2;224;224;224m▄[48;2;225;225;225m[38;2;223;224;223m▄[48;2;224;224;224m[38;2;227;226;228m▄[48;2;229;227;229m[38;2;204;214;202m▄[48;2;233;229;233m[38;2;185;202;185m▄[48;2;227;226;227m[38;2;212;216;214m▄[48;2;222;223;222m[38;2;231;228;233m▄[48;2;223;223;223m[38;2;223;224;223m▄[48;2;223;223;222m[38;2;226;225;228m▄[48;2;230;227;232m[38;2;189;204;186m▄[48;2;225;223;225m[38;2;210;217;208m▄[48;2;222;222;221m[38;2;225;224;225m▄[48;2;221;221;221m[38;2;221;221;221m▄[48;2;221;221;221m[38;2;220;220;220m▄[48;2;219;219;219m[38;2;219;219;219m▄[48;2;218;218;218m[38;2;218;218;218m▄[48;2;217;217;217m[38;2;217;217;217m▄[48;2;216;216;216m[38;2;217;217;217m▄[48;2;216;216;216m[38;2;216;216;216m▄[48;2;216;216;216m[38;2;216;216;216m▄[48;2;216;216;216m[38;2;215;215;215m▄[48;2;215;215;215m[38;2;215;215;215m▄[48;2;215;215;215m[38;2;215;215;215m▄[48;2;214;214;214m[38;2;215;215;215m▄[48;2;213;213;214m[38;2;213;213;213m▄[48;2;213;213;214m[38;2;213;214;213m▄[48;2;212;212;212m[38;2;212;212;212m▄[48;2;211;211;211m[38;2;211;211;211m▄[48;2;210;210;210m[38;2;210;210;210m▄[48;2;210;210;210m[38;2;210;210;210m▄[48;2;209;209;209m[38;2;209;209;209m▄[48;2;208;208;208m[38;2;208;208;208m▄[48;2;209;209;209m[38;2;208;208;208m▄[48;2;208;208;208m[38;2;207;207;207m▄[48;2;207;207;207m[38;2;207;207;207m▄[48;2;207;207;207m[38;2;206;206;206m▄[48;2;205;205;205m[38;2;205;205;205m▄[48;2;204;204;204m[38;2;204;204;204m▄[48;2;204;203;204m[38;2;203;203;203m▄[0m
[48;2;216;216;216m[38;2;216;216;216m▄[48;2;217;217;217m[38;2;216;216;216m▄[48;2;217;217;217m[38;2;217;217;217m▄[48;2;218;218;218m[38;2;217;217;217m▄[48;2;220;220;220m[38;2;219;219;219m▄[48;2;221;221;221m[38;2;221;221;221m▄[48;2;221;221;221m[38;2;221;221;221m▄[48;2;222;222;222m[38;2;222;222;222m▄[48;2;223;223;223m[38;2;223;223;223m▄[48;2;224;224;224m[38;2;223;223;223m▄[48;2;224;224;224m[38;2;223;223;223m▄[48;2;224;224;224m[38;2;224;224;224m▄[48;2;224;224;224m[38;2;223;223;223m▄[48;2;225;225;225m[38;2;224;224;224m▄[48;2;225;225;225m[38;2;225;225;225m▄[48;2;224;224;224m[38;2;224;224;224m▄[48;2;224;224;224m[38;2;224;224;224m▄[48;2;224;224;224m[38;2;224;224;224m▄[48;2;225;225;225m[38;2;224;224;224m▄[48;2;224;224;224m[38;2;224;224;224m▄[48;2;224;224;224m[38;2;224;224;224m▄[48;2;224;224;224m[38;2;224;224;224m▄[48;2;224;224;224m[38;2;224;224;224m▄[48;2;224;224;224m[38;2;224;224;224m▄[48;2;224;224;224m[38;2;224;224;224m▄[48;2;224;224;224m[38;2;224;224;224m▄[48;2;222;223;222m[38;2;222;223;222m▄[48;2;231;228;233m[38;2;231;228;232m▄[48;2;161;190;154m[38;2;184;200;181m▄[48;2;138;185;98m[38;2;136;183;84m▄[48;2;140;183;108m[38;2;140;186;77m▄[48;2;174;195;170m[38;2;126;176;84m▄[48;2;235;229;239m[38;2;173;193;170m▄[48;2;174;196;164m[38;2;118;167;94m▄[48;2;98;158;62m[38;2;169;188;161m▄[48;2;173;195;167m[38;2;213;210;217m▄[48;2;228;225;229m[38;2;225;221;225m▄[48;2;219;220;218m[38;2;223;222;222m▄[48;2;220;220;220m[38;2;220;220;220m▄[48;2;219;219;219m[38;2;219;219;219m▄[48;2;217;217;217m[38;2;217;217;217m▄[48;2;217;217;217m[38;2;217;217;217m▄[48;2;217;217;217m[38;2;217;217;217m▄[48;2;217;217;217m[38;2;217;217;217m▄[48;2;216;216;216m[38;2;216;216;216m▄[48;2;215;215;215m[38;2;215;215;215m▄[48;2;215;215;215m[38;2;215;215;215m▄[48;2;214;214;214m[38;2;215;215;215m▄[48;2;214;214;214m[38;2;214;214;214m▄[48;2;214;214;214m[38;2;213;213;213m▄[48;2;213;213;213m[38;2;213;213;213m▄[48;2;212;212;212m[38;2;213;213;213m▄[48;2;211;211;211m[38;2;211;211;211m▄[48;2;211;211;211m[38;2;211;211;211m▄[48;2;210;210;210m[38;2;211;211;211m▄[48;2;209;209;209m[38;2;209;209;209m▄[48;2;208;208;208m[38;2;208;208;208m▄[48;2;208;208;208m[38;2;208;208;208m▄[48;2;208;207;208m[38;2;208;208;208m▄[48;2;207;207;207m[38;2;207;207;207m▄[48;2;206;206;207m[38;2;207;207;207m▄[48;2;205;205;206m[38;2;205;205;205m▄[48;2;204;204;205m[38;2;204;204;204m▄[48;2;203;203;203m[38;2;204;204;204m▄[0m
[48;2;216;216;216m[38;2;216;216;216m▄[48;2;216;216;216m[38;2;216;216;216m▄[48;2;216;216;216m[38;2;216;216;216m▄[48;2;217;217;217m[38;2;217;217;217m▄[48;2;218;218;218m[38;2;218;218;217m▄[48;2;220;220;220m[38;2;219;219;219m▄[48;2;221;221;221m[38;2;220;220;221m▄[48;2;221;221;221m[38;2;221;221;221m▄[48;2;223;223;223m[38;2;221;221;221m▄[48;2;223;223;223m[38;2;222;222;222m▄[48;2;223;223;223m[38;2;223;223;223m▄[48;2;223;223;223m[38;2;223;223;223m▄[48;2;224;224;224m[38;2;223;223;223m▄[48;2;224;224;224m[38;2;223;223;223m▄[48;2;225;225;225m[38;2;223;223;223m▄[48;2;224;224;224m[38;2;224;224;224m▄[48;2;224;224;224m[38;2;225;225;225m▄[48;2;224;224;225m[38;2;225;225;225m▄[48;2;224;224;224m[38;2;224;224;224m▄[48;2;224;224;224m[38;2;224;224;224m▄[48;2;224;224;224m[38;2;224;224;224m▄[48;2;224;224;224m[38;2;224;224;224m▄[48;2;224;224;224m[38;2;224;224;224m▄[48;2;224;224;224m[38;2;224;224;224m▄[48;2;224;224;224m[38;2;223;223;223m▄[48;2;224;224;224m[38;2;224;223;223m▄[48;2;224;224;224m[38;2;224;224;224m▄[48;2;225;224;224m[38;2;222;226;226m▄[48;2;222;227;230m[38;2;222;197;201m▄[48;2;140;183;125m[38;2;218;171;178m▄[48;2;117;180;69m[38;2;157;154;121m▄[48;2;109;171;71m[38;2;112;149;91m▄[48;2;87;148;68m[38;2;84;142;70m▄[48;2;123;163;115m[38;2;87;159;75m▄[48;2;162;189;153m[38;2;111;173;75m▄[48;2;153;185;136m[38;2;140;190;86m▄[48;2;168;191;164m[38;2;141;190;86m▄[48;2;216;217;218m[38;2;133;173;113m▄[48;2;222;221;222m[38;2;213;214;215m▄[48;2;217;217;217m[38;2;218;218;218m▄[48;2;217;217;217m[38;2;216;216;216m▄[48;2;217;217;217m[38;2;216;216;216m▄[48;2;217;217;217m[38;2;217;217;217m▄[48;2;217;217;217m[38;2;216;216;216m▄[48;2;216;216;216m[38;2;216;216;216m▄[48;2;215;215;215m[38;2;215;215;215m▄[48;2;215;215;215m[38;2;215;215;215m▄[48;2;214;214;214m[38;2;214;214;214m▄[48;2;213;213;213m[38;2;213;213;213m▄[48;2;213;213;213m[38;2;213;213;213m▄[48;2;213;213;213m[38;2;212;212;212m▄[48;2;211;211;211m[38;2;210;210;210m▄[48;2;211;211;211m[38;2;211;211;211m▄[48;2;211;211;211m[38;2;211;211;211m▄[48;2;210;211;211m[38;2;209;209;209m▄[48;2;209;209;209m[38;2;209;209;209m▄[48;2;208;208;208m[38;2;208;208;208m▄[48;2;208;208;208m[38;2;208;208;208m▄[48;2;208;208;208m[38;2;207;207;208m▄[48;2;207;207;207m[38;2;207;207;207m▄[48;2;206;206;206m[38;2;206;206;206m▄[48;2;205;205;205m[38;2;205;204;205m▄[48;2;204;204;204m[38;2;204;204;204m▄[48;2;204;204;204m[38;2;203;203;204m▄[0m
[48;2;216;216;216m[38;2;216;216;216m▄[48;2;216;216;216m[38;2;216;216;216m▄[48;2;216;216;216m[38;2;216;216;216m▄[48;2;216;216;216m[38;2;216;216;216m▄[48;2;217;217;217m[38;2;217;217;217m▄[48;2;218;218;218m[38;2;217;217;217m▄[48;2;219;219;219m[38;2;217;217;217m▄[48;2;220;220;220m[38;2;219;219;219m▄[48;2;221;221;221m[38;2;221;221;221m▄[48;2;221;221;221m[38;2;221;221;221m▄[48;2;222;222;222m[38;2;221;221;221m▄[48;2;222;222;222m[38;2;221;221;221m▄[48;2;223;223;223m[38;2;222;222;222m▄[48;2;223;223;223m[38;2;223;223;223m▄[48;2;223;223;223m[38;2;223;223;223m▄[48;2;223;223;223m[38;2;223;223;223m▄[48;2;224;224;224m[38;2;223;223;223m▄[48;2;223;223;223m[38;2;223;223;223m▄[48;2;223;223;223m[38;2;223;223;223m▄[48;2;223;223;223m[38;2;223;223;223m▄[48;2;223;223;223m[38;2;223;223;223m▄[48;2;223;223;223m[38;2;223;223;223m▄[48;2;223;223;223m[38;2;223;223;223m▄[48;2;224;224;224m[38;2;223;223;223m▄[48;2;223;223;223m[38;2;223;223;223m▄[48;2;223;222;222m[38;2;224;225;225m▄[48;2;224;227;227m[38;2;221;220;220m▄[48;2;221;181;185m[38;2;217;131;143m▄[48;2;231;141;150m[38;2;230;133;145m▄[48;2;241;142;152m[38;2;225;129;140m▄[48;2;235;131;149m[38;2;222;132;140m▄[48;2;228;146;162m[38;2;240;166;172m▄[48;2;213;153;152m[38;2;242;152;166m▄[48;2;123;136;87m[38;2;230;132;148m▄[48;2;110;165;79m[38;2;221;149;152m▄[48;2;124;176;78m[38;2;193;142;140m▄[48;2;125;171;91m[38;2;190;195;197m▄[48;2;162;183;154m[38;2;207;204;210m▄[48;2;211;209;212m[38;2;210;210;210m▄[48;2;216;217;216m[38;2;216;216;216m▄[48;2;216;216;216m[38;2;216;216;216m▄[48;2;217;217;217m[38;2;216;216;216m▄[48;2;217;217;217m[38;2;217;217;216m▄[48;2;215;215;215m[38;2;216;216;216m▄[48;2;215;215;215m[38;2;215;215;215m▄[48;2;215;215;215m[38;2;214;214;215m▄[48;2;215;215;215m[38;2;215;215;215m▄[48;2;214;214;214m[38;2;213;213;213m▄[48;2;213;213;213m[38;2;213;213;213m▄[48;2;213;213;213m[38;2;213;213;213m▄[48;2;212;212;212m[38;2;212;212;212m▄[48;2;211;211;211m[38;2;211;211;211m▄[48;2;211;211;211m[38;2;211;211;211m▄[48;2;211;211;211m[38;2;210;210;210m▄[48;2;209;209;209m[38;2;209;209;209m▄[48;2;209;209;209m[38;2;208;208;210m▄[48;2;209;209;209m[38;2;209;208;209m▄[48;2;208;208;208m[38;2;208;208;208m▄[48;2;207;207;207m[38;2;207;207;207m▄[48;2;207;207;207m[38;2;207;207;207m▄[48;2;206;206;206m[38;2;206;206;206m▄[48;2;205;204;205m[38;2;205;205;205m▄[48;2;203;203;203m[38;2;204;204;204m▄[48;2;203;203;203m[38;2;203;203;203m▄[0m
[48;2;215;215;215m[38;2;214;214;214m▄[48;2;215;215;215m[38;2;215;215;215m▄[48;2;216;216;216m[38;2;216;216;216m▄[48;2;216;216;216m[38;2;216;216;216m▄[48;2;216;216;216m[38;2;216;216;216m▄[48;2;217;217;217m[38;2;216;216;216m▄[48;2;217;217;217m[38;2;217;217;217m▄[48;2;217;217;217m[38;2;217;217;217m▄[48;2;218;218;218m[38;2;218;218;218m▄[48;2;220;220;220m[38;2;218;218;218m▄[48;2;221;221;221m[38;2;219;219;219m▄[48;2;221;221;221m[38;2;220;220;220m▄[48;2;221;221;221m[38;2;221;221;221m▄[48;2;222;222;222m[38;2;221;221;221m▄[48;2;222;222;222m[38;2;222;222;222m▄[48;2;223;223;223m[38;2;222;222;222m▄[48;2;223;223;223m[38;2;222;222;222m▄[48;2;223;223;223m[38;2;222;222;222m▄[48;2;223;223;223m[38;2;223;223;223m▄[48;2;223;223;223m[38;2;222;222;222m▄[48;2;223;223;223m[38;2;223;223;223m▄[48;2;223;223;223m[38;2;222;222;222m▄[48;2;222;222;222m[38;2;222;222;222m▄[48;2;223;223;223m[38;2;223;222;222m▄[48;2;223;222;222m[38;2;224;226;225m▄[48;2;224;229;228m[38;2;217;209;211m▄[48;2;214;170;176m[38;2;218;130;141m▄[48;2;223;128;140m[38;2;238;129;144m▄[48;2;232;138;150m[38;2;222;103;122m▄[48;2;220;127;140m[38;2;213;135;149m▄[48;2;217;144;153m[38;2;252;255;255m▄[48;2;233;146;156m[38;2;224;166;175m▄[48;2;240;163;171m[38;2;224;132;143m▄[48;2;223;131;142m[38;2;224;136;146m▄[48;2;245;159;169m[38;2;225;147;154m▄[48;2;226;132;145m[38;2;219;108;122m▄[48;2;201;162;169m[38;2;214;117;132m▄[48;2;212;219;217m[38;2;210;210;210m▄[48;2;217;216;217m[38;2;218;217;215m▄[48;2;216;217;218m[38;2;215;211;205m▄[48;2;217;217;217m[38;2;215;209;200m▄[48;2;217;217;217m[38;2;218;211;197m▄[48;2;216;217;218m[38;2;219;213;202m▄[48;2;215;215;215m[38;2;215;215;216m▄[48;2;215;215;215m[38;2;215;214;214m▄[48;2;214;214;214m[38;2;214;214;214m▄[48;2;214;214;214m[38;2;214;214;214m▄[48;2;213;213;213m[38;2;213;213;214m▄[48;2;212;212;212m[38;2;213;213;213m▄[48;2;212;212;212m[38;2;212;212;212m▄[48;2;211;211;211m[38;2;211;211;211m▄[48;2;211;211;211m[38;2;211;211;211m▄[48;2;211;211;211m[38;2;211;211;211m▄[48;2;210;210;210m[38;2;210;210;210m▄[48;2;209;209;209m[38;2;208;208;208m▄[48;2;209;208;209m[38;2;208;208;209m▄[48;2;208;208;208m[38;2;208;208;209m▄[48;2;208;208;208m[38;2;207;207;207m▄[48;2;207;207;207m[38;2;207;207;207m▄[48;2;207;207;207m[38;2;206;206;206m▄[48;2;205;205;205m[38;2;204;204;204m▄[48;2;204;204;204m[38;2;203;203;203m▄[48;2;204;204;204m[38;2;203;203;203m▄[48;2;203;203;203m[38;2;203;203;203m▄[0m
[48;2;214;214;214m[38;2;214;214;214m▄[48;2;215;215;215m[38;2;215;215;215m▄[48;2;215;215;215m[38;2;215;215;215m▄[48;2;216;216;216m[38;2;215;215;215m▄[48;2;216;216;216m[38;2;216;216;216m▄[48;2;216;216;216m[38;2;216;216;216m▄[48;2;216;216;216m[38;2;216;216;216m▄[48;2;216;216;216m[38;2;216;216;216m▄[48;2;217;217;217m[38;2;216;216;216m▄[48;2;217;217;217m[38;2;217;217;217m▄[48;2;218;218;218m[38;2;217;217;217m▄[48;2;218;218;218m[38;2;217;217;217m▄[48;2;219;219;219m[38;2;218;218;218m▄[48;2;219;219;219m[38;2;218;218;218m▄[48;2;220;220;220m[38;2;219;219;219m▄[48;2;221;221;221m[38;2;220;220;220m▄[48;2;221;221;221m[38;2;220;220;220m▄[48;2;222;222;222m[38;2;221;221;221m▄[48;2;222;222;222m[38;2;220;220;220m▄[48;2;222;222;222m[38;2;221;221;221m▄[48;2;222;222;222m[38;2;221;221;221m▄[48;2;222;222;222m[38;2;221;221;221m▄[48;2;222;222;222m[38;2;222;220;220m▄[48;2;221;221;221m[38;2;221;219;220m▄[48;2;224;227;226m[38;2;222;219;220m▄[48;2;213;201;203m[38;2;220;223;223m▄[48;2;218;115;131m[38;2;199;124;138m▄[48;2;224;114;132m[38;2;211;98;117m▄[48;2;210;102;121m[38;2;223;109;126m▄[48;2;205;94;114m[38;2;219;107;124m▄[48;2;227;183;192m[38;2;219;109;125m▄[48;2;255;255;255m[38;2;217;154;167m▄[48;2;237;212;216m[38;2;239;225;229m▄[48;2;205;110;125m[38;2;216;115;131m▄[48;2;216;106;123m[38;2;232;121;136m▄[48;2;232;119;135m[38;2;223;109;125m▄[48;2;214;111;128m[38;2;196;130;142m▄[48;2;203;197;198m[38;2;203;208;207m▄[48;2;216;215;210m[38;2;216;215;216m▄[48;2;216;212;209m[38;2;216;216;217m▄[48;2;215;215;215m[38;2;215;214;214m▄[48;2;214;215;216m[38;2;215;218;221m▄[48;2;217;208;195m[38;2;215;213;211m▄[48;2;216;212;204m[38;2;215;207;193m▄[48;2;214;215;217m[38;2;214;216;218m▄[48;2;215;214;214m[38;2;214;214;214m▄[48;2;213;213;213m[38;2;213;213;213m▄[48;2;212;212;213m[38;2;212;212;213m▄[48;2;212;212;212m[38;2;211;211;211m▄[48;2;212;212;211m[38;2;211;211;211m▄[48;2;210;210;211m[38;2;211;211;211m▄[48;2;210;210;210m[38;2;210;210;210m▄[48;2;210;210;210m[38;2;210;210;210m▄[48;2;210;210;210m[38;2;209;209;209m▄[48;2;208;208;208m[38;2;209;209;209m▄[48;2;208;208;209m[38;2;208;208;208m▄[48;2;208;207;208m[38;2;208;208;208m▄[48;2;207;207;207m[38;2;207;207;207m▄[48;2;207;207;207m[38;2;207;207;207m▄[48;2;206;206;206m[38;2;205;205;205m▄[48;2;204;204;204m[38;2;204;204;204m▄[48;2;203;203;203m[38;2;203;203;203m▄[48;2;203;203;203m[38;2;203;203;203m▄[48;2;203;203;203m[38;2;203;203;203m▄[0m
[48;2;214;214;214m[38;2;214;214;214m▄[48;2;215;215;215m[38;2;214;214;214m▄[48;2;215;215;215m[38;2;214;214;214m▄[48;2;215;215;215m[38;2;215;215;215m▄[48;2;216;216;216m[38;2;215;215;215m▄[48;2;217;217;217m[38;2;215;215;215m▄[48;2;217;217;217m[38;2;215;215;215m▄[48;2;217;217;217m[38;2;216;216;216m▄[48;2;217;217;217m[38;2;216;216;216m▄[48;2;216;216;216m[38;2;216;216;216m▄[48;2;216;216;216m[38;2;217;217;217m▄[48;2;216;216;216m[38;2;216;216;216m▄[48;2;217;217;217m[38;2;216;216;216m▄[48;2;217;217;217m[38;2;216;216;216m▄[48;2;217;217;217m[38;2;217;217;217m▄[48;2;218;218;218m[38;2;217;217;217m▄[48;2;219;219;219m[38;2;217;217;217m▄[48;2;219;219;219m[38;2;218;218;218m▄[48;2;219;219;219m[38;2;218;217;217m▄[48;2;219;219;219m[38;2;219;222;222m▄[48;2;220;219;219m[38;2;218;223;222m▄[48;2;220;225;225m[38;2;217;197;199m▄[48;2;220;226;226m[38;2;222;187;191m▄[48;2;219;224;224m[38;2;223;184;188m▄[48;2;219;224;224m[38;2;222;183;186m▄[48;2;223;231;230m[38;2;218;195;197m▄[48;2;206;196;198m[38;2;218;227;226m▄[48;2;209;106;123m[38;2;202;128;141m▄[48;2;225;107;124m[38;2;223;94;112m▄[48;2;210;100;118m[38;2;211;93;113m▄[48;2;234;134;145m[38;2;227;118;134m▄[48;2;226;117;130m[38;2;207;101;120m▄[48;2;198;83;105m[38;2;208;87;109m▄[48;2;207;89;112m[38;2;221;97;117m▄[48;2;212;95;115m[38;2;212;78;101m▄[48;2;193;89;109m[38;2;189;123;138m▄[48;2;192;190;191m[38;2;200;206;206m▄[48;2;209;214;214m[38;2;223;171;174m▄[48;2;214;216;216m[38;2;233;176;179m▄[48;2;216;218;218m[38;2;218;209;209m▄[48;2;217;216;219m[38;2;210;204;189m▄[48;2;215;209;202m[38;2;210;203;186m▄[48;2;215;202;183m[38;2;213;214;211m▄[48;2;215;210;206m[38;2;213;211;207m▄[48;2;213;214;215m[38;2;212;209;205m▄[48;2;213;213;213m[38;2;213;213;214m▄[48;2;213;213;213m[38;2;212;212;212m▄[48;2;211;211;213m[38;2;211;211;211m▄[48;2;211;211;211m[38;2;211;211;211m▄[48;2;211;211;211m[38;2;211;211;211m▄[48;2;211;211;211m[38;2;210;210;210m▄[48;2;210;210;210m[38;2;209;209;209m▄[48;2;209;209;210m[38;2;208;208;209m▄[48;2;208;208;208m[38;2;208;208;208m▄[48;2;208;208;208m[38;2;208;208;208m▄[48;2;208;208;208m[38;2;207;207;207m▄[48;2;208;208;208m[38;2;207;207;207m▄[48;2;207;207;207m[38;2;207;207;207m▄[48;2;206;206;206m[38;2;206;205;206m▄[48;2;205;205;205m[38;2;204;204;204m▄[48;2;204;204;204m[38;2;204;204;204m▄[48;2;203;203;203m[38;2;203;203;203m▄[48;2;203;203;203m[38;2;203;203;203m▄[48;2;203;203;203m[38;2;203;203;203m▄[0m
[48;2;213;213;213m[38;2;213;213;213m▄[48;2;214;214;214m[38;2;214;214;214m▄[48;2;214;214;214m[38;2;214;214;214m▄[48;2;215;215;215m[38;2;214;214;214m▄[48;2;215;215;215m[38;2;215;215;215m▄[48;2;215;215;215m[38;2;215;215;215m▄[48;2;215;215;215m[38;2;215;215;215m▄[48;2;216;216;216m[38;2;215;215;215m▄[48;2;216;216;216m[38;2;215;215;215m▄[48;2;217;217;217m[38;2;216;216;216m▄[48;2;216;216;216m[38;2;216;216;216m▄[48;2;216;216;216m[38;2;217;217;217m▄[48;2;217;217;217m[38;2;217;217;217m▄[48;2;216;216;216m[38;2;217;217;217m▄[48;2;217;217;217m[38;2;217;217;217m▄[48;2;217;217;217m[38;2;217;217;217m▄[48;2;217;217;217m[38;2;217;217;217m▄[48;2;217;216;216m[38;2;217;218;218m▄[48;2;218;222;221m[38;2;214;211;212m▄[48;2;216;202;204m[38;2;221;155;163m▄[48;2;222;161;167m[38;2;236;185;192m▄[48;2;230;166;172m[38;2;214;111;122m▄[48;2;225;140;148m[38;2;232;159;167m▄[48;2;225;136;143m[38;2;226;145;153m▄[48;2;230;153;159m[38;2;209;117;125m▄[48;2;231;156;164m[38;2;243;188;195m▄[48;2;219;177;180m[38;2;223;153;160m▄[48;2;210;209;209m[38;2;211;206;206m▄[48;2;199;123;137m[38;2;210;208;209m▄[48;2;199;94;115m[38;2;198;204;205m▄[48;2;192;109;125m[38;2;204;171;173m▄[48;2;209;136;142m[38;2;236;156;162m▄[48;2;214;135;144m[38;2;221;151;157m▄[48;2;199;96;115m[38;2;193;192;192m▄[48;2;190;119;134m[38;2;196;198;197m▄[48;2;192;196;197m[38;2;205;201;200m▄[48;2;213;168;171m[38;2;228;156;163m▄[48;2;238;175;180m[38;2;234;185;191m▄[48;2;237;176;181m[38;2;221;138;144m▄[48;2;220;183;177m[38;2;212;195;193m▄[48;2;209;204;193m[38;2;222;184;188m▄[48;2;229;192;194m[38;2;248;187;190m▄[48;2;219;204;204m[38;2;229;169;172m▄[48;2;209;206;198m[38;2;210;212;212m▄[48;2;212;210;209m[38;2;211;211;211m▄[48;2;213;213;213m[38;2;211;211;210m▄[48;2;211;211;211m[38;2;210;210;208m▄[48;2;211;211;211m[38;2;211;211;210m▄[48;2;211;211;211m[38;2;211;211;211m▄[48;2;211;211;211m[38;2;211;211;210m▄[48;2;211;210;211m[38;2;210;209;211m▄[48;2;209;209;209m[38;2;209;208;209m▄[48;2;208;208;208m[38;2;208;208;208m▄[48;2;208;208;208m[38;2;208;208;208m▄[48;2;208;208;208m[38;2;208;208;208m▄[48;2;207;207;207m[38;2;207;207;207m▄[48;2;207;207;207m[38;2;207;207;207m▄[48;2;206;206;206m[38;2;207;207;207m▄[48;2;205;205;206m[38;2;205;205;205m▄[48;2;203;203;203m[38;2;203;203;203m▄[48;2;203;203;203m[38;2;203;203;203m▄[48;2;203;203;203m[38;2;202;202;202m▄[48;2;203;203;203m[38;2;202;202;202m▄[48;2;203;203;203m[38;2;202;202;202m▄[0m
[48;2;212;212;212m[38;2;211;211;211m▄[48;2;213;213;213m[38;2;211;211;211m▄[48;2;214;214;214m[38;2;212;212;212m▄[48;2;214;214;214m[38;2;214;214;214m▄[48;2;215;215;215m[38;2;215;215;215m▄[48;2;215;215;215m[38;2;214;214;214m▄[48;2;215;215;215m[38;2;215;215;215m▄[48;2;215;215;215m[38;2;215;215;215m▄[48;2;215;215;215m[38;2;215;215;215m▄[48;2;215;215;215m[38;2;216;216;216m▄[48;2;216;216;216m[38;2;216;216;216m▄[48;2;216;216;216m[38;2;216;216;216m▄[48;2;216;216;216m[38;2;216;216;216m▄[48;2;216;216;216m[38;2;216;216;216m▄[48;2;217;217;217m[38;2;216;216;216m▄[48;2;217;217;217m[38;2;216;216;217m▄[48;2;217;216;216m[38;2;217;216;217m▄[48;2;218;224;223m[38;2;216;217;217m▄[48;2;210;182;186m[38;2;217;213;214m▄[48;2;223;154;161m[38;2;204;131;141m▄[48;2;221;159;167m[38;2;190;84;100m▄[48;2;206;101;115m[38;2;211;124;136m▄[48;2;238;184;189m[38;2;233;170;177m▄[48;2;200;111;124m[38;2;210;122;135m▄[48;2;217;149;156m[38;2;220;149;160m▄[48;2;238;183;189m[38;2;190;90;107m▄[48;2;201;103;117m[38;2;216;135;146m▄[48;2;218;146;155m[38;2;208;131;142m▄[48;2;218;143;152m[38;2;223;158;168m▄[48;2;211;148;155m[38;2;215;134;148m▄[48;2;206;134;143m[38;2;200;103;119m▄[48;2;211;114;126m[38;2;230;170;177m▄[48;2;200;124;133m[38;2;192;91;107m▄[48;2;208;150;156m[38;2;229;164;173m▄[48;2;224;154;161m[38;2;207;129;141m▄[48;2;209;128;138m[38;2;205;114;129m▄[48;2;232;170;177m[38;2;236;187;191m▄[48;2;227;181;183m[38;2;214;160;167m▄[48;2;226;151;158m[38;2;238;202;207m▄[48;2;222;168;172m[38;2;223;140;152m▄[48;2;222;164;169m[38;2;224;154;161m▄[48;2;229;145;154m[38;2;235;177;184m▄[48;2;211;172;175m[38;2;194;139;148m▄[48;2;205;213;212m[38;2;206;208;208m▄[48;2;211;210;210m[38;2;212;212;210m▄[48;2;210;211;210m[38;2;210;210;209m▄[48;2;211;211;211m[38;2;210;210;211m▄[48;2;211;211;211m[38;2;210;210;210m▄[48;2;210;210;210m[38;2;210;210;210m▄[48;2;210;210;210m[38;2;209;211;212m▄[48;2;209;209;211m[38;2;209;211;217m▄[48;2;209;208;210m[38;2;208;208;214m▄[48;2;208;208;209m[38;2;208;207;212m▄[48;2;207;207;208m[38;2;208;207;209m▄[48;2;207;207;207m[38;2;207;207;207m▄[48;2;207;207;207m[38;2;207;207;206m▄[48;2;207;207;205m[38;2;207;207;202m▄[48;2;206;206;202m[38;2;207;207;201m▄[48;2;204;204;203m[38;2;204;204;201m▄[48;2;203;203;204m[38;2;203;203;203m▄[48;2;203;203;203m[38;2;202;202;203m▄[48;2;202;202;202m[38;2;202;202;203m▄[48;2;201;201;201m[38;2;201;201;202m▄[48;2;201;201;201m[38;2;201;201;201m▄[0m
[48;2;210;210;210m[38;2;210;210;210m▄[48;2;211;211;211m[38;2;210;210;210m▄[48;2;212;212;212m[38;2;211;211;211m▄[48;2;212;212;212m[38;2;212;212;212m▄[48;2;213;213;213m[38;2;213;213;213m▄[48;2;214;214;214m[38;2;213;213;213m▄[48;2;215;215;215m[38;2;213;213;213m▄[48;2;215;215;215m[38;2;214;214;214m▄[48;2;215;215;215m[38;2;214;214;214m▄[48;2;214;214;214m[38;2;214;214;214m▄[48;2;215;215;215m[38;2;214;214;214m▄[48;2;215;215;215m[38;2;215;215;215m▄[48;2;216;216;216m[38;2;215;215;215m▄[48;2;216;216;216m[38;2;215;215;215m▄[48;2;215;215;215m[38;2;215;215;215m▄[48;2;215;215;216m[38;2;216;216;215m▄[48;2;216;216;216m[38;2;215;215;215m▄[48;2;215;215;215m[38;2;216;216;216m▄[48;2;216;216;217m[38;2;215;213;213m▄[48;2;218;224;223m[38;2;211;215;208m▄[48;2;189;138;149m[38;2;184;120;135m▄[48;2;221;132;146m[38;2;228;126;142m▄[48;2;195;104;120m[38;2;169;84;101m▄[48;2;229;151;160m[38;2;195;105;121m▄[48;2;190;101;116m[38;2;224;138;151m▄[48;2;182;92;109m[38;2;162;62;86m▄[48;2;230;154;165m[38;2;228;133;148m▄[48;2;172;66;87m[38;2;199;110;126m▄[48;2;232;157;167m[38;2;227;141;154m▄[48;2;182;81;102m[38;2;197;102;121m▄[48;2;226;147;159m[38;2;220;128;141m▄[48;2;194;99;117m[38;2;202;107;125m▄[48;2;215;131;145m[38;2;199;111;127m▄[48;2;209;128;140m[38;2;218;132;146m▄[48;2;171;70;90m[38;2;191;106;124m▄[48;2;201;107;125m[38;2;210;132;145m▄[48;2;248;190;197m[38;2;227;151;162m▄[48;2;194;115;130m[38;2;180;83;104m▄[48;2;234;172;180m[38;2;237;161;169m▄[48;2;201;119;132m[38;2;202;126;138m▄[48;2;235;168;177m[38;2;229;152;161m▄[48;2;200;111;128m[38;2;200;109;125m▄[48;2;192;89;108m[38;2;180;96;115m▄[48;2;201;168;175m[38;2;197;189;190m▄[48;2;212;219;217m[38;2;208;210;210m▄[48;2;210;208;209m[38;2;210;210;210m▄[48;2;210;210;210m[38;2;209;210;210m▄[48;2;209;210;210m[38;2;210;210;210m▄[48;2;210;210;210m[38;2;210;210;209m▄[48;2;208;210;212m[38;2;209;209;210m▄[48;2;207;211;217m[38;2;207;207;211m▄[48;2;208;208;215m[38;2;207;207;211m▄[48;2;209;207;212m[38;2;208;207;212m▄[48;2;208;207;210m[38;2;207;207;209m▄[48;2;207;207;208m[38;2;207;207;206m▄[48;2;208;208;206m[38;2;208;208;206m▄[48;2;207;208;202m[38;2;206;208;202m▄[48;2;206;207;201m[38;2;204;207;201m▄[48;2;203;205;201m[38;2;202;206;203m▄[48;2;202;202;202m[38;2;201;203;203m▄[48;2;202;202;202m[38;2;202;202;202m▄[48;2;202;202;202m[38;2;201;201;201m▄[48;2;201;201;201m[38;2;200;200;200m▄[48;2;201;201;201m[38;2;201;201;201m▄[0m
[48;2;210;210;210m[38;2;210;210;210m▄[48;2;210;210;210m[38;2;210;210;210m▄[48;2;210;210;210m[38;2;210;210;210m▄[48;2;210;210;210m[38;2;210;210;210m▄[48;2;211;211;211m[38;2;210;210;210m▄[48;2;211;211;211m[38;2;211;211;211m▄[48;2;212;212;212m[38;2;211;211;211m▄[48;2;213;213;213m[38;2;212;212;212m▄[48;2;213;213;213m[38;2;212;212;212m▄[48;2;214;214;214m[38;2;212;212;213m▄[48;2;214;214;214m[38;2;213;213;213m▄[48;2;214;214;214m[38;2;214;214;214m▄[48;2;215;215;215m[38;2;213;213;213m▄[48;2;215;215;215m[38;2;214;214;214m▄[48;2;214;214;214m[38;2;214;214;214m▄[48;2;214;214;214m[38;2;214;214;214m▄[48;2;215;215;214m[38;2;215;214;214m▄[48;2;216;217;219m[38;2;216;216;217m▄[48;2;209;203;197m[38;2;211;207;204m▄[48;2;208;207;195m[38;2;199;189;169m▄[48;2;186;126;144m[38;2;208;199;198m▄[48;2;181;63;88m[38;2;186;140;147m▄[48;2;186;142;154m[38;2;191;172;163m▄[48;2;175;119;133m[38;2;200;192;181m▄[48;2;214;114;130m[38;2;167;81;101m▄[48;2;206;112;128m[38;2;214;113;129m▄[48;2;159;51;76m[38;2;219;130;143m▄[48;2;176;86;107m[38;2;176;92;110m▄[48;2;165;58;85m[38;2;170;78;98m▄[48;2;181;98;117m[38;2;187;124;138m▄[48;2;177;102;118m[38;2;186;136;148m▄[48;2;182;96;114m[38;2;179;102;118m▄[48;2;171;84;104m[38;2;187;112;126m▄[48;2;176;82;102m[38;2;179;99;115m▄[48;2;179;87;109m[38;2;186;109;126m▄[48;2;171;74;97m[38;2;196;126;142m▄[48;2;185;99;118m[38;2;201;128;145m▄[48;2;195;151;160m[38;2;196;191;192m▄[48;2;194;112;132m[38;2;199;191;184m▄[48;2;186;114;132m[38;2;195;186;175m▄[48;2;182;101;120m[38;2;195;186;177m▄[48;2;183;99;119m[38;2;194;189;184m▄[48;2;185;162;169m[38;2;195;195;186m▄[48;2;196;201;200m[38;2;204;203;204m▄[48;2;207;206;207m[38;2;209;209;209m▄[48;2;209;210;210m[38;2;208;208;208m▄[48;2;209;209;209m[38;2;208;208;208m▄[48;2;208;208;208m[38;2;208;208;208m▄[48;2;208;208;209m[38;2;207;207;207m▄[48;2;208;208;208m[38;2;208;208;208m▄[48;2;208;207;208m[38;2;207;207;207m▄[48;2;208;207;209m[38;2;207;207;207m▄[48;2;208;207;209m[38;2;207;207;207m▄[48;2;207;207;207m[38;2;206;206;206m▄[48;2;207;207;204m[38;2;206;206;205m▄[48;2;207;207;202m[38;2;207;207;202m▄[48;2;206;208;201m[38;2;205;206;200m▄[48;2;204;207;202m[38;2;202;205;203m▄[48;2;202;206;205m[38;2;202;204;204m▄[48;2;202;203;204m[38;2;203;203;203m▄[48;2;202;201;202m[38;2;202;202;201m▄[48;2;201;201;201m[38;2;201;201;201m▄[48;2;201;201;201m[38;2;201;201;201m▄[48;2;201;201;201m[38;2;201;201;201m▄[0m
[48;2;208;208;208m[38;2;209;209;209m▄[48;2;209;209;209m[38;2;209;209;209m▄[48;2;210;210;210m[38;2;210;210;210m▄[48;2;210;210;210m[38;2;211;211;211m▄[48;2;210;210;210m[38;2;211;211;211m▄[48;2;211;211;211m[38;2;211;211;211m▄[48;2;210;210;210m[38;2;211;211;211m▄[48;2;210;210;210m[38;2;212;212;212m▄[48;2;210;210;210m[38;2;212;212;212m▄[48;2;211;211;211m[38;2;212;212;212m▄[48;2;212;212;212m[38;2;213;212;213m▄[48;2;212;212;212m[38;2;213;213;213m▄[48;2;212;212;212m[38;2;213;213;213m▄[48;2;212;212;212m[38;2;213;213;213m▄[48;2;212;212;212m[38;2;213;213;213m▄[48;2;213;213;213m[38;2;214;214;214m▄[48;2;213;213;213m[38;2;214;214;214m▄[48;2;214;213;213m[38;2;214;214;214m▄[48;2;213;215;217m[38;2;214;213;213m▄[48;2;206;200;192m[38;2;215;216;218m▄[48;2;198;187;170m[38;2;213;214;216m▄[48;2;200;197;181m[38;2;212;211;214m▄[48;2;200;195;186m[38;2;211;212;214m▄[48;2;208;210;210m[38;2;211;210;211m▄[48;2;205;197;199m[38;2;213;215;215m▄[48;2;172;98;117m[38;2;210;211;211m▄[48;2;186;78;101m[38;2;190;158;167m▄[48;2;202;98;118m[38;2;178;120;136m▄[48;2;196;101;121m[38;2;178;115;130m▄[48;2;190;83;105m[38;2;178;129;141m▄[48;2;195;98;118m[38;2;175;107;123m▄[48;2;181;92;112m[38;2;174;82;103m▄[48;2;168;69;93m[38;2;184;87;110m▄[48;2;183;119;135m[38;2;192;99;118m▄[48;2;185;133;147m[38;2;199;107;124m▄[48;2;194;117;133m[38;2;202;117;133m▄[48;2;205;120;139m[38;2;178;105;123m▄[48;2;189;163;167m[38;2;194;192;192m▄[48;2;206;208;201m[38;2;208;209;211m▄[48;2;203;197;193m[38;2;209;209;211m▄[48;2;201;194;183m[38;2;208;209;212m▄[48;2;203;195;181m[38;2;207;208;212m▄[48;2;207;202;198m[38;2;207;208;209m▄[48;2;208;208;209m[38;2;208;207;207m▄[48;2;208;208;208m[38;2;208;208;208m▄[48;2;208;208;208m[38;2;207;207;207m▄[48;2;207;207;207m[38;2;207;207;207m▄[48;2;207;207;207m[38;2;207;207;207m▄[48;2;207;207;207m[38;2;207;207;207m▄[48;2;207;207;207m[38;2;207;207;207m▄[48;2;206;206;206m[38;2;206;206;207m▄[48;2;206;206;206m[38;2;206;205;206m▄[48;2;205;205;205m[38;2;206;206;206m▄[48;2;204;204;204m[38;2;205;205;205m▄[48;2;204;204;204m[38;2;204;204;204m▄[48;2;204;204;203m[38;2;204;203;204m▄[48;2;203;203;201m[38;2;203;203;203m▄[48;2;203;203;203m[38;2;203;203;203m▄[48;2;202;202;202m[38;2;202;202;202m▄[48;2;202;202;202m[38;2;201;201;201m▄[48;2;201;201;202m[38;2;201;201;202m▄[48;2;201;201;201m[38;2;201;201;201m▄[48;2;200;200;201m[38;2;201;201;201m▄[48;2;201;201;201m[38;2;201;201;201m▄[0m
[48;2;212;212;212m[38;2;216;216;216m▄[48;2;213;213;213m[38;2;216;216;216m▄[48;2;214;214;214m[38;2;216;216;216m▄[48;2;215;215;215m[38;2;216;216;216m▄[48;2;215;215;215m[38;2;217;217;217m▄[48;2;215;215;215m[38;2;217;217;217m▄[48;2;215;215;215m[38;2;217;217;217m▄[48;2;215;215;216m[38;2;217;217;217m▄[48;2;215;215;216m[38;2;217;217;217m▄[48;2;216;216;216m[38;2;217;217;217m▄[48;2;216;216;216m[38;2;217;217;217m▄[48;2;216;216;216m[38;2;218;218;218m▄[48;2;216;216;216m[38;2;218;218;218m▄[48;2;216;216;216m[38;2;217;217;217m▄[48;2;216;216;216m[38;2;217;217;217m▄[48;2;216;216;216m[38;2;218;218;218m▄[48;2;217;217;217m[38;2;217;218;217m▄[48;2;217;217;217m[38;2;217;217;217m▄[48;2;217;217;217m[38;2;216;216;217m▄[48;2;217;217;217m[38;2;215;215;215m▄[48;2;217;217;216m[38;2;213;213;213m▄[48;2;217;217;216m[38;2;212;212;213m▄[48;2;218;217;217m[38;2;210;208;209m▄[48;2;216;216;216m[38;2;149;119;125m▄[48;2;215;214;216m[38;2;164;144;148m▄[48;2;214;215;215m[38;2;154;127;133m▄[48;2;210;216;214m[38;2;158;132;138m▄[48;2;205;211;209m[38;2;154;129;132m▄[48;2;198;204;201m[38;2;160;135;139m▄[48;2;192;199;195m[38;2;149;122;127m▄[48;2;192;194;191m[38;2;134;100;106m▄[48;2;181;159;165m[38;2;194;198;197m▄[48;2;174;128;138m[38;2;196;202;199m▄[48;2;177;117;130m[38;2;149;127;131m▄[48;2;180;120;133m[38;2;143;118;123m▄[48;2;182;136;147m[38;2;153;137;137m▄[48;2;188;181;183m[38;2;151;126;130m▄[48;2;195;198;197m[38;2;167;148;151m▄[48;2;210;210;210m[38;2;151;122;127m▄[48;2;212;212;212m[38;2;202;199;199m▄[48;2;211;210;210m[38;2;211;212;212m▄[48;2;211;211;210m[38;2;209;209;209m▄[48;2;211;210;210m[38;2;210;209;210m▄[48;2;210;210;210m[38;2;210;210;211m▄[48;2;210;210;210m[38;2;210;210;210m▄[48;2;209;209;209m[38;2;210;210;210m▄[48;2;209;210;210m[38;2;210;210;210m▄[48;2;209;209;209m[38;2;210;210;210m▄[48;2;209;209;209m[38;2;210;210;210m▄[48;2;208;208;208m[38;2;210;210;210m▄[48;2;209;209;209m[38;2;210;210;210m▄[48;2;208;208;209m[38;2;210;210;210m▄[48;2;208;208;208m[38;2;210;209;210m▄[48;2;208;208;208m[38;2;209;209;209m▄[48;2;208;208;208m[38;2;209;209;209m▄[48;2;207;207;207m[38;2;209;209;209m▄[48;2;206;206;207m[38;2;208;208;209m▄[48;2;206;206;206m[38;2;208;208;209m▄[48;2;205;205;205m[38;2;207;207;207m▄[48;2;204;204;204m[38;2;206;206;206m▄[48;2;203;203;204m[38;2;207;206;206m▄[48;2;203;203;203m[38;2;206;206;206m▄[48;2;202;202;202m[38;2;206;206;206m▄[48;2;203;203;203m[38;2;206;206;206m▄[0m
[48;2;219;219;219m[38;2;224;224;224m▄[48;2;219;219;219m[38;2;224;224;224m▄[48;2;220;220;220m[38;2;224;224;224m▄[48;2;220;220;220m[38;2;224;224;224m▄[48;2;220;220;220m[38;2;224;224;224m▄[48;2;221;221;221m[38;2;224;224;224m▄[48;2;221;221;221m[38;2;224;224;224m▄[48;2;221;221;221m[38;2;224;224;224m▄[48;2;221;221;221m[38;2;225;225;225m▄[48;2;221;221;221m[38;2;224;224;224m▄[48;2;222;222;222m[38;2;225;225;225m▄[48;2;222;222;222m[38;2;224;224;224m▄[48;2;222;222;222m[38;2;224;224;224m▄[48;2;222;222;222m[38;2;224;224;224m▄[48;2;222;222;222m[38;2;224;224;224m▄[48;2;222;223;222m[38;2;225;225;225m▄[48;2;222;222;222m[38;2;225;225;225m▄[48;2;218;218;219m[38;2;225;225;225m▄[48;2;213;213;214m[38;2;224;224;224m▄[48;2;206;206;207m[38;2;225;226;226m▄[48;2;200;200;200m[38;2;214;210;211m▄[48;2;200;202;202m[38;2;179;161;164m▄[48;2;198;198;198m[38;2;173;152;156m▄[48;2;151;124;128m[38;2;178;159;161m▄[48;2;160;142;144m[38;2;179;163;166m▄[48;2;149;127;131m[38;2;183;169;172m▄[48;2;158;138;141m[38;2;165;148;150m▄[48;2;157;137;138m[38;2;168;151;154m▄[48;2;163;143;147m[38;2;172;156;159m▄[48;2;162;145;147m[38;2;182;169;172m▄[48;2;152;129;132m[38;2;185;178;179m▄[48;2;185;179;180m[38;2;160;141;144m▄[48;2;192;191;190m[38;2;178;169;170m▄[48;2;154;133;135m[38;2;174;159;162m▄[48;2;150;126;130m[38;2;171;153;157m▄[48;2;164;147;150m[38;2;165;147;150m▄[48;2;157;133;136m[38;2;169;152;156m▄[48;2;168;156;157m[38;2;197;190;193m▄[48;2;161;140;142m[38;2;180;165;168m▄[48;2;175;162;162m[38;2;178;162;164m▄[48;2;192;191;191m[38;2;173;155;159m▄[48;2;199;202;200m[38;2;162;142;145m▄[48;2;199;200;200m[38;2;186;175;179m▄[48;2;203;202;203m[38;2;216;217;217m▄[48;2;209;209;209m[38;2;215;215;215m▄[48;2;213;212;212m[38;2;217;216;217m▄[48;2;215;214;214m[38;2;216;216;217m▄[48;2;214;214;214m[38;2;216;216;216m▄[48;2;214;214;214m[38;2;216;216;216m▄[48;2;214;214;213m[38;2;215;215;215m▄[48;2;213;213;213m[38;2;215;215;215m▄[48;2;213;213;213m[38;2;215;215;215m▄[48;2;211;211;211m[38;2;215;215;215m▄[48;2;210;210;210m[38;2;214;214;214m▄[48;2;210;210;210m[38;2;213;213;213m▄[48;2;210;210;210m[38;2;213;213;213m▄[48;2;210;210;210m[38;2;212;212;212m▄[48;2;209;209;210m[38;2;210;210;210m▄[48;2;213;213;213m[38;2;217;217;217m▄[48;2;216;216;216m[38;2;222;222;222m▄[48;2;208;208;208m[38;2;211;211;210m▄[48;2;209;208;209m[38;2;209;209;209m▄[48;2;208;208;209m[38;2;210;210;210m▄[48;2;208;208;208m[38;2;209;209;209m▄[0m
[48;2;226;226;226m[38;2;228;228;228m▄[48;2;226;226;226m[38;2;229;229;229m▄[48;2;226;226;226m[38;2;229;229;229m▄[48;2;226;226;226m[38;2;229;229;229m▄[48;2;227;227;227m[38;2;229;229;229m▄[48;2;227;227;227m[38;2;229;229;229m▄[48;2;227;227;227m[38;2;229;229;229m▄[48;2;227;227;227m[38;2;229;229;229m▄[48;2;227;227;227m[38;2;229;229;229m▄[48;2;227;227;227m[38;2;229;229;229m▄[48;2;227;227;227m[38;2;230;230;230m▄[48;2;227;227;227m[38;2;229;229;229m▄[48;2;227;227;227m[38;2;229;229;229m▄[48;2;227;227;227m[38;2;229;229;229m▄[48;2;227;227;227m[38;2;229;229;229m▄[48;2;228;227;227m[38;2;229;229;229m▄[48;2;227;227;227m[38;2;229;229;229m▄[48;2;227;227;227m[38;2;229;229;229m▄[48;2;227;227;227m[38;2;229;229;229m▄[48;2;229;229;229m[38;2;229;228;228m▄[48;2;223;221;222m[38;2;229;229;229m▄[48;2;199;186;188m[38;2;233;235;234m▄[48;2;195;181;183m[38;2;234;236;236m▄[48;2;200;187;189m[38;2;232;234;234m▄[48;2;206;196;198m[38;2;230;232;232m▄[48;2;215;208;210m[38;2;229;230;230m▄[48;2;196;183;186m[38;2;233;235;235m▄[48;2;200;187;191m[38;2;231;233;233m▄[48;2;203;191;194m[38;2;229;230;230m▄[48;2;199;187;191m[38;2;229;230;230m▄[48;2;209;202;203m[38;2;227;228;228m▄[48;2;201;189;191m[38;2;229;231;231m▄[48;2;211;203;206m[38;2;227;228;228m▄[48;2;200;190;192m[38;2;228;230;229m▄[48;2;198;186;187m[38;2;228;230;230m▄[48;2;201;189;191m[38;2;227;229;229m▄[48;2;204;195;197m[38;2;227;228;228m▄[48;2;213;209;210m[38;2;224;225;225m▄[48;2;199;188;191m[38;2;226;228;228m▄[48;2;209;201;203m[38;2;225;226;226m▄[48;2;196;184;186m[38;2;226;228;228m▄[48;2;193;181;184m[38;2;226;229;228m▄[48;2;208;203;205m[38;2;223;224;224m▄[48;2;220;221;221m[38;2;219;219;219m▄[48;2;217;216;216m[38;2;219;219;219m▄[48;2;217;217;217m[38;2;218;218;218m▄[48;2;217;217;217m[38;2;217;217;217m▄[48;2;217;217;217m[38;2;217;217;217m▄[48;2;216;216;216m[38;2;216;216;216m▄[48;2;216;216;216m[38;2;216;216;216m▄[48;2;215;215;216m[38;2;216;216;216m▄[48;2;215;215;215m[38;2;216;216;216m▄[48;2;215;215;215m[38;2;216;216;216m▄[48;2;215;215;215m[38;2;215;215;215m▄[48;2;215;215;215m[38;2;215;215;215m▄[48;2;215;215;215m[38;2;215;215;215m▄[48;2;214;214;214m[38;2;215;215;215m▄[48;2;214;214;214m[38;2;215;215;215m▄[48;2;213;213;213m[38;2;215;215;215m▄[48;2;213;213;213m[38;2;214;214;215m▄[48;2;211;211;211m[38;2;215;214;215m▄[48;2;210;210;210m[38;2;213;213;213m▄[48;2;210;210;210m[38;2;213;213;212m▄[48;2;211;211;211m[38;2;213;213;213m▄[0m
[48;2;230;230;230m[38;2;231;231;231m▄[48;2;230;230;230m[38;2;231;231;231m▄[48;2;230;230;230m[38;2;231;231;231m▄[48;2;231;231;231m[38;2;231;231;231m▄[48;2;230;230;230m[38;2;232;232;232m▄[48;2;230;230;230m[38;2;231;231;231m▄[48;2;230;230;230m[38;2;231;231;231m▄[48;2;230;230;230m[38;2;231;231;231m▄[48;2;230;230;230m[38;2;231;231;231m▄[48;2;231;231;231m[38;2;232;232;232m▄[48;2;231;231;231m[38;2;232;232;232m▄[48;2;230;230;230m[38;2;232;232;232m▄[48;2;231;231;231m[38;2;231;231;231m▄[48;2;230;230;230m[38;2;231;231;231m▄[48;2;230;230;230m[38;2;230;230;230m▄[48;2;230;230;230m[38;2;231;231;231m▄[48;2;230;230;230m[38;2;231;231;231m▄[48;2;230;230;230m[38;2;230;230;230m▄[48;2;230;230;230m[38;2;230;230;230m▄[48;2;230;230;230m[38;2;230;230;230m▄[48;2;230;230;230m[38;2;230;230;230m▄[48;2;229;229;229m[38;2;230;230;230m▄[48;2;228;228;228m[38;2;229;229;229m▄[48;2;228;228;228m[38;2;229;229;229m▄[48;2;227;226;226m[38;2;229;229;229m▄[48;2;227;226;226m[38;2;228;228;228m▄[48;2;226;226;226m[38;2;227;227;227m▄[48;2;226;226;226m[38;2;227;227;227m▄[48;2;226;226;226m[38;2;227;227;227m▄[48;2;227;226;226m[38;2;227;227;227m▄[48;2;226;226;226m[38;2;227;227;227m▄[48;2;225;225;225m[38;2;228;228;228m▄[48;2;224;223;223m[38;2;226;226;226m▄[48;2;223;223;223m[38;2;225;225;225m▄[48;2;223;223;223m[38;2;224;224;224m▄[48;2;223;222;223m[38;2;224;224;224m▄[48;2;223;223;223m[38;2;224;224;224m▄[48;2;223;223;223m[38;2;224;224;224m▄[48;2;222;222;222m[38;2;223;223;223m▄[48;2;222;222;222m[38;2;223;223;223m▄[48;2;221;221;221m[38;2;222;222;222m▄[48;2;221;221;221m[38;2;222;222;222m▄[48;2;222;221;221m[38;2;222;222;222m▄[48;2;221;221;221m[38;2;221;221;221m▄[48;2;221;221;221m[38;2;221;221;221m▄[48;2;220;220;220m[38;2;220;220;220m▄[48;2;218;218;218m[38;2;218;218;218m▄[48;2;217;217;217m[38;2;218;218;218m▄[48;2;217;217;217m[38;2;217;217;217m▄[48;2;217;217;217m[38;2;217;217;217m▄[48;2;216;216;216m[38;2;217;217;217m▄[48;2;216;216;216m[38;2;216;216;216m▄[48;2;216;216;216m[38;2;216;216;216m▄[48;2;216;216;216m[38;2;216;216;216m▄[48;2;216;216;216m[38;2;216;216;216m▄[48;2;216;216;216m[38;2;216;216;216m▄[48;2;215;215;215m[38;2;216;216;216m▄[48;2;215;215;215m[38;2;216;216;216m▄[48;2;216;216;216m[38;2;215;215;215m▄[48;2;215;215;215m[38;2;215;215;215m▄[48;2;215;215;215m[38;2;215;215;215m▄[48;2;215;215;215m[38;2;215;215;215m▄[48;2;215;215;214m[38;2;215;215;214m▄[48;2;214;214;214m[38;2;215;215;215m▄[0m
