[48;2;223;223;223m[38;2;223;223;223m▄[48;2;223;223;223m[38;2;223;223;223m▄[48;2;223;223;223m[38;2;224;224;224m▄[48;2;224;224;224m[38;2;224;224;224m▄[48;2;224;224;224m[38;2;224;224;224m▄[48;2;225;225;225m[38;2;224;224;224m▄[48;2;224;224;224m[38;2;224;224;224m▄[48;2;225;225;225m[38;2;224;224;224m▄[48;2;225;225;225m[38;2;224;224;224m▄[48;2;225;225;225m[38;2;224;224;224m▄[48;2;226;226;226m[38;2;225;225;225m▄[48;2;227;227;227m[38;2;225;225;225m▄[48;2;229;229;229m[38;2;227;227;227m▄[48;2;228;228;228m[38;2;227;227;227m▄[48;2;228;228;228m[38;2;228;228;228m▄[48;2;228;228;228m[38;2;228;228;228m▄[48;2;227;227;227m[38;2;227;227;227m▄[48;2;227;227;227m[38;2;227;227;227m▄[48;2;227;227;227m[38;2;227;227;227m▄[48;2;228;228;228m[38;2;227;227;227m▄[48;2;227;227;227m[38;2;227;227;227m▄[48;2;227;227;227m[38;2;227;227;227m▄[48;2;228;228;228m[38;2;227;227;227m▄[48;2;228;228;228m[38;2;227;227;227m▄[48;2;228;228;228m[38;2;225;225;225m▄[48;2;227;227;227m[38;2;224;224;224m▄[48;2;226;226;226m[38;2;224;224;224m▄[48;2;225;225;225m[38;2;224;224;224m▄[48;2;224;224;224m[38;2;224;224;224m▄[48;2;224;224;224m[38;2;224;224;224m▄[48;2;225;225;225m[38;2;224;224;224m▄[48;2;225;225;225m[38;2;224;224;224m▄[48;2;224;224;224m[38;2;224;224;224m▄[48;2;224;224;224m[38;2;224;224;224m▄[48;2;224;224;224m[38;2;224;224;224m▄[48;2;224;224;224m[38;2;224;224;224m▄[48;2;223;223;223m[38;2;222;222;222m▄[48;2;223;223;223m[38;2;222;222;222m▄[48;2;222;222;222m[38;2;222;222;222m▄[48;2;222;222;222m[38;2;221;221;221m▄[48;2;221;221;221m[38;2;220;220;220m▄[48;2;220;220;220m[38;2;220;220;220m▄[48;2;219;219;219m[38;2;218;218;218m▄[48;2;217;217;217m[38;2;217;217;217m▄[48;2;217;217;217m[38;2;216;216;216m▄[48;2;216;216;216m[38;2;216;216;216m▄[48;2;216;216;216m[38;2;216;216;216m▄[48;2;216;216;216m[38;2;217;217;217m▄[48;2;216;216;216m[38;2;216;216;216m▄[48;2;216;216;216m[38;2;215;215;215m▄[48;2;215;215;215m[38;2;215;215;215m▄[48;2;215;215;215m[38;2;215;215;215m▄[48;2;214;214;214m[38;2;214;214;214m▄[48;2;214;214;214m[38;2;214;214;214m▄[48;2;213;213;213m[38;2;213;213;213m▄[48;2;213;213;213m[38;2;212;213;213m▄[48;2;211;211;212m[38;2;211;211;211m▄[48;2;211;211;211m[38;2;210;210;210m▄[48;2;211;211;211m[38;2;210;210;210m▄[48;2;211;211;211m[38;2;210;210;210m▄[48;2;210;210;210m[38;2;210;210;210m▄[48;2;210;210;210m[38;2;210;210;211m▄[48;2;209;209;210m[38;2;209;209;209m▄[48;2;209;209;209m[38;2;208;208;208m▄[0m
[48;2;222;222;222m[38;2;222;222;222m▄[48;2;223;223;223m[38;2;223;223;223m▄[48;2;223;223;223m[38;2;223;223;223m▄[48;2;224;224;224m[38;2;223;223;223m▄[48;2;224;224;224m[38;2;224;224;224m▄[48;2;225;225;225m[38;2;224;224;224m▄[48;2;224;224;224m[38;2;224;224;224m▄[48;2;224;224;224m[38;2;224;224;224m▄[48;2;224;224;224m[38;2;224;224;224m▄[48;2;224;224;224m[38;2;224;224;224m▄[48;2;224;224;224m[38;2;224;224;224m▄[48;2;225;225;225m[38;2;224;224;224m▄[48;2;224;224;224m[38;2;224;224;224m▄[48;2;225;225;225m[38;2;224;224;224m▄[48;2;226;226;226m[38;2;224;224;224m▄[48;2;226;226;226m[38;2;225;225;225m▄[48;2;226;226;226m[38;2;226;226;226m▄[48;2;227;227;227m[38;2;226;226;226m▄[48;2;227;227;227m[38;2;226;226;226m▄[48;2;227;227;227m[38;2;225;225;225m▄[48;2;226;226;226m[38;2;225;225;225m▄[48;2;227;227;227m[38;2;225;225;225m▄[48;2;226;226;226m[38;2;225;225;225m▄[48;2;226;226;226m[38;2;224;224;224m▄[48;2;225;225;225m[38;2;225;225;225m▄[48;2;224;224;224m[38;2;224;224;224m▄[48;2;224;224;224m[38;2;224;224;224m▄[48;2;224;224;224m[38;2;224;224;224m▄[48;2;224;224;224m[38;2;224;224;224m▄[48;2;224;224;224m[38;2;224;224;224m▄[48;2;224;224;224m[38;2;224;224;224m▄[48;2;224;224;224m[38;2;224;224;224m▄[48;2;223;223;223m[38;2;224;224;224m▄[48;2;224;224;224m[38;2;224;224;224m▄[48;2;223;223;223m[38;2;223;223;223m▄[48;2;223;223;223m[38;2;223;223;223m▄[48;2;223;223;223m[38;2;222;222;222m▄[48;2;222;222;222m[38;2;221;221;221m▄[48;2;222;222;222m[38;2;221;221;221m▄[48;2;221;221;221m[38;2;220;220;220m▄[48;2;220;220;220m[38;2;219;219;219m▄[48;2;219;219;219m[38;2;218;218;218m▄[48;2;218;218;218m[38;2;217;217;217m▄[48;2;217;217;217m[38;2;217;217;217m▄[48;2;216;216;216m[38;2;216;216;216m▄[48;2;216;216;216m[38;2;216;216;216m▄[48;2;216;216;216m[38;2;216;216;216m▄[48;2;216;216;216m[38;2;215;215;215m▄[48;2;215;215;215m[38;2;215;215;215m▄[48;2;215;215;215m[38;2;215;215;215m▄[48;2;215;215;215m[38;2;215;215;215m▄[48;2;215;215;215m[38;2;214;214;214m▄[48;2;214;214;214m[38;2;214;214;214m▄[48;2;213;213;213m[38;2;213;213;213m▄[48;2;213;213;213m[38;2;212;212;212m▄[48;2;212;212;212m[38;2;211;212;212m▄[48;2;211;211;211m[38;2;211;211;211m▄[48;2;210;210;210m[38;2;210;210;211m▄[48;2;210;210;210m[38;2;210;210;210m▄[48;2;210;210;210m[38;2;210;210;210m▄[48;2;210;210;210m[38;2;209;209;209m▄[48;2;208;208;209m[38;2;209;209;209m▄[48;2;208;208;208m[38;2;209;209;209m▄[48;2;208;208;208m[38;2;209;209;209m▄[0m
[48;2;222;222;222m[38;2;221;221;221m▄[48;2;222;222;222m[38;2;222;222;222m▄[48;2;223;223;223m[38;2;222;222;222m▄[48;2;223;223;223m[38;2;222;222;222m▄[48;2;223;223;223m[38;2;223;223;223m▄[48;2;224;224;224m[38;2;223;223;223m▄[48;2;224;224;224m[38;2;224;224;224m▄[48;2;224;224;224m[38;2;224;224;224m▄[48;2;224;224;224m[38;2;223;223;223m▄[48;2;224;224;224m[38;2;224;224;224m▄[48;2;225;225;225m[38;2;224;224;224m▄[48;2;224;224;224m[38;2;224;224;224m▄[48;2;224;224;224m[38;2;224;224;224m▄[48;2;224;224;224m[38;2;224;224;224m▄[48;2;225;225;225m[38;2;224;224;224m▄[48;2;224;224;224m[38;2;224;224;224m▄[48;2;225;225;225m[38;2;224;224;224m▄[48;2;225;225;225m[38;2;224;224;224m▄[48;2;225;225;225m[38;2;224;224;224m▄[48;2;225;225;225m[38;2;224;224;224m▄[48;2;224;224;224m[38;2;224;224;224m▄[48;2;225;225;225m[38;2;224;224;224m▄[48;2;224;224;224m[38;2;224;224;224m▄[48;2;224;224;224m[38;2;224;224;224m▄[48;2;224;224;224m[38;2;224;224;224m▄[48;2;224;224;224m[38;2;223;224;223m▄[48;2;224;224;224m[38;2;227;226;227m▄[48;2;222;223;222m[38;2;234;229;234m▄[48;2;222;223;222m[38;2;234;230;235m▄[48;2;223;224;223m[38;2;230;227;230m▄[48;2;224;224;224m[38;2;222;223;222m▄[48;2;224;224;224m[38;2;223;224;223m▄[48;2;223;223;223m[38;2;224;224;224m▄[48;2;223;223;223m[38;2;223;223;223m▄[48;2;223;223;223m[38;2;222;222;222m▄[48;2;222;222;221m[38;2;228;225;228m▄[48;2;221;221;221m[38;2;227;225;227m▄[48;2;221;221;221m[38;2;221;221;221m▄[48;2;221;221;221m[38;2;220;220;220m▄[48;2;220;220;220m[38;2;220;220;220m▄[48;2;218;218;218m[38;2;218;218;218m▄[48;2;218;218;218m[38;2;217;218;217m▄[48;2;217;217;217m[38;2;217;217;217m▄[48;2;217;217;217m[38;2;217;217;217m▄[48;2;216;216;216m[38;2;216;216;216m▄[48;2;216;216;216m[38;2;216;217;216m▄[48;2;215;215;215m[38;2;215;215;215m▄[48;2;215;215;215m[38;2;215;215;215m▄[48;2;216;216;216m[38;2;216;216;216m▄[48;2;215;215;215m[38;2;215;215;215m▄[48;2;214;214;215m[38;2;215;215;215m▄[48;2;214;214;214m[38;2;214;214;214m▄[48;2;214;214;214m[38;2;214;214;214m▄[48;2;214;213;214m[38;2;213;213;213m▄[48;2;212;212;213m[38;2;213;213;213m▄[48;2;212;212;211m[38;2;212;212;212m▄[48;2;211;211;211m[38;2;211;211;211m▄[48;2;210;210;210m[38;2;210;210;210m▄[48;2;210;210;210m[38;2;210;210;210m▄[48;2;210;210;210m[38;2;210;210;210m▄[48;2;209;209;209m[38;2;209;209;209m▄[48;2;209;209;209m[38;2;208;208;208m▄[48;2;209;209;209m[38;2;208;208;208m▄[48;2;209;208;209m[38;2;208;208;208m▄[0m
[48;2;222;222;222m[38;2;221;221;221m▄[48;2;221;221;221m[38;2;221;221;221m▄[48;2;222;222;222m[38;2;222;222;222m▄[48;2;222;222;222m[38;2;222;222;222m▄[48;2;222;222;222m[38;2;222;222;222m▄[48;2;223;223;223m[38;2;223;223;223m▄[48;2;223;223;223m[38;2;223;223;223m▄[48;2;223;223;223m[38;2;223;223;223m▄[48;2;224;224;224m[38;2;223;223;223m▄[48;2;224;224;224m[38;2;224;224;224m▄[48;2;223;223;223m[38;2;224;224;224m▄[48;2;224;224;224m[38;2;224;224;224m▄[48;2;224;224;224m[38;2;224;224;224m▄[48;2;224;224;224m[38;2;224;224;224m▄[48;2;224;224;224m[38;2;224;224;224m▄[48;2;224;224;224m[38;2;224;224;224m▄[48;2;224;224;224m[38;2;224;224;224m▄[48;2;224;224;224m[38;2;224;224;224m▄[48;2;224;224;224m[38;2;224;224;224m▄[48;2;224;224;224m[38;2;224;224;224m▄[48;2;224;224;224m[38;2;224;224;224m▄[48;2;224;224;224m[38;2;224;224;224m▄[48;2;224;224;224m[38;2;224;224;224m▄[48;2;224;224;224m[38;2;224;224;224m▄[48;2;223;223;223m[38;2;222;223;222m▄[48;2;228;226;229m[38;2;233;229;234m▄[48;2;205;214;202m[38;2;175;198;172m▄[48;2;152;186;144m[38;2;141;184;119m▄[48;2;171;196;168m[38;2;170;200;139m▄[48;2;200;211;200m[38;2;133;176;112m▄[48;2;231;228;231m[38;2;144;179;140m▄[48;2;225;224;224m[38;2;224;224;224m▄[48;2;222;223;223m[38;2;224;224;221m▄[48;2;222;222;222m[38;2;230;227;228m▄[48;2;229;226;230m[38;2;182;200;181m▄[48;2;195;208;195m[38;2;131;175;110m▄[48;2;201;211;200m[38;2;131;172;114m▄[48;2;224;223;224m[38;2;214;217;215m▄[48;2;219;219;219m[38;2;222;221;222m▄[48;2;218;218;218m[38;2;218;219;218m▄[48;2;218;218;218m[38;2;218;218;218m▄[48;2;218;218;218m[38;2;218;218;218m▄[48;2;217;217;217m[38;2;217;217;217m▄[48;2;216;216;216m[38;2;217;217;217m▄[48;2;216;216;216m[38;2;216;216;216m▄[48;2;217;217;217m[38;2;216;216;216m▄[48;2;215;215;216m[38;2;215;215;215m▄[48;2;215;215;215m[38;2;215;215;215m▄[48;2;216;215;216m[38;2;215;215;215m▄[48;2;215;215;215m[38;2;215;215;215m▄[48;2;214;214;214m[38;2;215;215;214m▄[48;2;214;214;214m[38;2;214;214;214m▄[48;2;214;214;214m[38;2;214;214;214m▄[48;2;213;213;213m[38;2;214;214;214m▄[48;2;212;212;212m[38;2;212;212;212m▄[48;2;212;212;212m[38;2;212;212;212m▄[48;2;211;211;211m[38;2;211;211;211m▄[48;2;210;210;210m[38;2;210;210;210m▄[48;2;210;210;210m[38;2;210;210;210m▄[48;2;210;210;210m[38;2;210;210;210m▄[48;2;210;210;210m[38;2;210;210;210m▄[48;2;208;208;208m[38;2;210;210;210m▄[48;2;208;208;208m[38;2;209;209;209m▄[48;2;208;208;208m[38;2;208;208;208m▄[0m
[48;2;220;220;220m[38;2;218;218;218m▄[48;2;221;221;221m[38;2;219;219;219m▄[48;2;222;222;222m[38;2;220;220;220m▄[48;2;222;222;222m[38;2;221;221;221m▄[48;2;222;222;222m[38;2;222;222;222m▄[48;2;223;223;223m[38;2;222;222;222m▄[48;2;222;222;222m[38;2;222;222;222m▄[48;2;223;223;223m[38;2;222;222;222m▄[48;2;224;224;224m[38;2;223;223;223m▄[48;2;223;223;223m[38;2;223;223;223m▄[48;2;224;224;224m[38;2;223;223;223m▄[48;2;224;224;224m[38;2;224;224;224m▄[48;2;223;223;223m[38;2;224;224;224m▄[48;2;224;224;224m[38;2;224;224;224m▄[48;2;224;224;224m[38;2;224;224;224m▄[48;2;224;224;224m[38;2;224;224;224m▄[48;2;224;224;224m[38;2;224;224;224m▄[48;2;224;224;224m[38;2;224;224;224m▄[48;2;224;224;224m[38;2;224;224;224m▄[48;2;224;224;224m[38;2;223;223;223m▄[48;2;224;224;224m[38;2;224;224;224m▄[48;2;224;224;224m[38;2;224;224;224m▄[48;2;224;224;224m[38;2;223;223;223m▄[48;2;224;224;224m[38;2;223;223;223m▄[48;2;222;223;222m[38;2;223;223;221m▄[48;2;232;228;229m[38;2;227;226;222m▄[48;2;187;204;184m[38;2;214;218;209m▄[48;2;153;189;130m[38;2;131;174;114m▄[48;2;188;210;138m[38;2;185;208;137m▄[48;2;183;208;139m[38;2;149;188;111m▄[48;2;151;188;119m[38;2;171;202;131m▄[48;2;140;178;131m[38;2;135;178;104m▄[48;2;234;229;233m[38;2;184;200;183m▄[48;2;194;207;193m[38;2;159;189;146m▄[48;2;142;182;121m[38;2;136;176;112m▄[48;2;137;177;111m[38;2;188;198;184m▄[48;2;152;180;142m[38;2;227;218;226m▄[48;2;214;216;214m[38;2;224;219;223m▄[48;2;218;218;218m[38;2;226;222;225m▄[48;2;219;219;219m[38;2;217;217;217m▄[48;2;219;219;219m[38;2;216;216;216m▄[48;2;217;217;218m[38;2;216;216;217m▄[48;2;216;216;216m[38;2;217;217;217m▄[48;2;216;216;216m[38;2;217;217;217m▄[48;2;216;216;216m[38;2;216;216;216m▄[48;2;216;216;216m[38;2;215;215;215m▄[48;2;215;215;215m[38;2;215;215;215m▄[48;2;215;215;215m[38;2;215;215;215m▄[48;2;215;215;215m[38;2;215;215;215m▄[48;2;215;215;215m[38;2;214;214;214m▄[48;2;214;214;214m[38;2;214;213;214m▄[48;2;214;214;214m[38;2;213;213;213m▄[48;2;213;213;213m[38;2;212;212;212m▄[48;2;213;213;213m[38;2;213;213;213m▄[48;2;212;212;212m[38;2;212;212;212m▄[48;2;211;211;213m[38;2;211;211;211m▄[48;2;210;210;211m[38;2;210;210;210m▄[48;2;210;210;210m[38;2;210;210;210m▄[48;2;210;210;210m[38;2;209;209;209m▄[48;2;210;210;210m[38;2;209;209;209m▄[48;2;209;209;209m[38;2;209;209;209m▄[48;2;208;208;209m[38;2;209;209;209m▄[48;2;209;208;209m[38;2;208;208;208m▄[48;2;208;208;208m[38;2;208;208;208m▄[0m
[48;2;218;218;218m[38;2;217;217;217m▄[48;2;218;218;218m[38;2;218;218;218m▄[48;2;220;220;220m[38;2;218;218;218m▄[48;2;221;221;221m[38;2;219;219;219m▄[48;2;221;221;221m[38;2;221;221;221m▄[48;2;222;222;222m[38;2;221;221;221m▄[48;2;221;221;222m[38;2;221;221;221m▄[48;2;222;222;222m[38;2;221;221;221m▄[48;2;223;223;223m[38;2;222;222;223m▄[48;2;223;223;223m[38;2;222;222;222m▄[48;2;223;223;223m[38;2;222;222;222m▄[48;2;224;224;224m[38;2;223;223;223m▄[48;2;224;224;224m[38;2;223;223;223m▄[48;2;224;224;224m[38;2;223;223;223m▄[48;2;223;223;223m[38;2;222;222;222m▄[48;2;224;224;224m[38;2;223;223;223m▄[48;2;223;223;223m[38;2;223;223;223m▄[48;2;224;224;224m[38;2;223;223;223m▄[48;2;223;223;223m[38;2;223;223;223m▄[48;2;223;223;222m[38;2;223;223;223m▄[48;2;224;224;224m[38;2;223;223;223m▄[48;2;223;223;223m[38;2;223;223;223m▄[48;2;223;223;223m[38;2;223;223;223m▄[48;2;224;224;222m[38;2;223;223;222m▄[48;2;224;224;220m[38;2;223;223;220m▄[48;2;222;223;216m[38;2;223;223;217m▄[48;2;233;228;226m[38;2;226;232;224m▄[48;2;168;192;158m[38;2;232;236;230m▄[48;2;140;181;103m[38;2;169;199;152m▄[48;2;188;212;136m[38;2;167;209;127m▄[48;2;141;183;107m[38;2;173;209;128m▄[48;2;157;189;121m[38;2;138;179;98m▄[48;2;125;169;112m[38;2;109;163;84m▄[48;2;130;171;115m[38;2;111;160;96m▄[48;2;167;190;164m[38;2;129;174;116m▄[48;2;172;192;167m[38;2;148;188;123m▄[48;2;148;180;141m[38;2;164;198;134m▄[48;2;157;185;153m[38;2;160;192;134m▄[48;2;185;201;183m[38;2;137;178;120m▄[48;2;220;219;221m[38;2;133;174;127m▄[48;2;222;219;222m[38;2;201;209;201m▄[48;2;215;216;215m[38;2;219;218;219m▄[48;2;217;217;217m[38;2;216;216;216m▄[48;2;217;217;217m[38;2;216;216;216m▄[48;2;216;216;216m[38;2;215;215;215m▄[48;2;215;215;215m[38;2;215;215;215m▄[48;2;215;215;215m[38;2;215;215;215m▄[48;2;215;215;215m[38;2;215;215;215m▄[48;2;215;215;215m[38;2;215;215;215m▄[48;2;214;214;214m[38;2;214;214;214m▄[48;2;214;214;214m[38;2;214;214;214m▄[48;2;213;213;213m[38;2;213;213;213m▄[48;2;213;213;213m[38;2;212;212;212m▄[48;2;212;212;212m[38;2;212;212;212m▄[48;2;212;212;212m[38;2;211;211;211m▄[48;2;212;212;212m[38;2;211;211;211m▄[48;2;211;211;211m[38;2;210;210;210m▄[48;2;210;210;210m[38;2;210;210;210m▄[48;2;210;210;210m[38;2;210;210;210m▄[48;2;209;209;209m[38;2;209;209;209m▄[48;2;208;209;209m[38;2;208;208;208m▄[48;2;208;208;208m[38;2;209;209;209m▄[48;2;208;208;208m[38;2;208;208;209m▄[48;2;208;208;208m[38;2;207;207;207m▄[0m
[48;2;216;216;216m[38;2;216;216;216m▄[48;2;217;217;217m[38;2;217;217;217m▄[48;2;217;217;217m[38;2;217;217;217m▄[48;2;218;218;218m[38;2;218;218;218m▄[48;2;219;219;219m[38;2;218;218;218m▄[48;2;221;221;221m[38;2;218;218;218m▄[48;2;221;221;221m[38;2;219;219;219m▄[48;2;221;221;221m[38;2;221;221;221m▄[48;2;222;222;222m[38;2;220;220;220m▄[48;2;222;222;222m[38;2;222;222;222m▄[48;2;222;222;222m[38;2;221;221;221m▄[48;2;222;222;222m[38;2;222;222;222m▄[48;2;223;223;223m[38;2;222;222;222m▄[48;2;223;223;223m[38;2;222;222;222m▄[48;2;223;223;223m[38;2;222;222;222m▄[48;2;223;223;223m[38;2;222;222;222m▄[48;2;223;223;223m[38;2;222;222;222m▄[48;2;223;223;223m[38;2;223;223;223m▄[48;2;223;223;223m[38;2;223;223;223m▄[48;2;223;223;223m[38;2;222;222;222m▄[48;2;223;223;223m[38;2;223;223;223m▄[48;2;223;223;223m[38;2;223;223;223m▄[48;2;223;223;223m[38;2;223;222;222m▄[48;2;223;222;223m[38;2;223;223;223m▄[48;2;223;224;221m[38;2;224;226;226m▄[48;2;224;230;225m[38;2;210;143;158m▄[48;2;218;183;187m[38;2;215;137;153m▄[48;2;215;151;165m[38;2;224;174;180m▄[48;2;228;154;168m[38;2;223;168;174m▄[48;2;202;150;142m[38;2;226;157;168m▄[48;2;188;203;154m[38;2;226;137;152m▄[48;2;179;209;139m[38;2;234;151;163m▄[48;2;119;160;74m[38;2;227;187;171m▄[48;2;99;159;81m[38;2;143;180;116m▄[48;2;133;177;112m[38;2;122;172;96m▄[48;2;131;176;106m[38;2;150;190;116m▄[48;2;135;178;104m[38;2;164;201;126m▄[48;2;168;199;129m[38;2;165;199;126m▄[48;2;196;215;154m[38;2;140;181;107m▄[48;2;156;190;124m[38;2;112;162;97m▄[48;2;104;158;97m[38;2;175;192;174m▄[48;2;216;217;217m[38;2;215;213;215m▄[48;2;217;217;217m[38;2;215;216;216m▄[48;2;216;217;216m[38;2;216;216;217m▄[48;2;215;215;215m[38;2;215;215;215m▄[48;2;215;215;215m[38;2;214;215;215m▄[48;2;215;215;215m[38;2;215;215;215m▄[48;2;215;215;215m[38;2;215;215;215m▄[48;2;215;215;215m[38;2;214;214;214m▄[48;2;214;214;214m[38;2;214;214;214m▄[48;2;214;214;214m[38;2;214;214;214m▄[48;2;213;213;213m[38;2;213;213;213m▄[48;2;213;213;213m[38;2;213;212;214m▄[48;2;211;211;211m[38;2;212;212;212m▄[48;2;211;211;211m[38;2;211;211;211m▄[48;2;211;211;211m[38;2;211;211;211m▄[48;2;210;210;210m[38;2;210;210;210m▄[48;2;211;211;211m[38;2;210;210;210m▄[48;2;209;209;210m[38;2;209;208;209m▄[48;2;208;208;208m[38;2;209;208;209m▄[48;2;208;208;208m[38;2;208;208;208m▄[48;2;209;209;209m[38;2;208;208;208m▄[48;2;208;208;208m[38;2;208;208;208m▄[48;2;207;207;207m[38;2;208;208;208m▄[0m
[48;2;216;216;216m[38;2;216;216;216m▄[48;2;216;216;216m[38;2;216;216;216m▄[48;2;216;216;216m[38;2;216;216;216m▄[48;2;217;217;217m[38;2;217;217;217m▄[48;2;218;218;218m[38;2;217;217;217m▄[48;2;217;217;217m[38;2;217;217;217m▄[48;2;218;218;218m[38;2;218;218;218m▄[48;2;219;219;219m[38;2;218;218;218m▄[48;2;219;219;219m[38;2;218;218;218m▄[48;2;221;221;221m[38;2;219;219;219m▄[48;2;221;221;221m[38;2;220;220;220m▄[48;2;221;221;221m[38;2;220;220;220m▄[48;2;222;221;222m[38;2;221;221;221m▄[48;2;221;221;221m[38;2;221;221;221m▄[48;2;221;221;221m[38;2;221;221;221m▄[48;2;222;222;222m[38;2;221;221;221m▄[48;2;222;222;222m[38;2;221;221;221m▄[48;2;223;223;223m[38;2;222;222;222m▄[48;2;222;222;222m[38;2;222;222;222m▄[48;2;222;222;222m[38;2;222;222;222m▄[48;2;223;222;224m[38;2;221;221;222m▄[48;2;223;223;223m[38;2;222;220;220m▄[48;2;222;221;221m[38;2;224;231;229m▄[48;2;224;230;229m[38;2;215;183;191m▄[48;2;211;145;160m[38;2;211;134;151m▄[48;2;218;152;165m[38;2;229;200;201m▄[48;2;229;198;200m[38;2;224;167;172m▄[48;2;226;173;177m[38;2;224;172;175m▄[48;2;223;166;169m[38;2;216;146;154m▄[48;2;215;134;145m[38;2;215;128;143m▄[48;2;214;135;148m[38;2;230;195;196m▄[48;2;229;189;190m[38;2;227;174;177m▄[48;2;240;185;192m[38;2;228;171;173m▄[48;2;241;182;185m[38;2;228;171;173m▄[48;2;191;182;149m[38;2;239;175;181m▄[48;2;145;173;113m[38;2;243;183;186m▄[48;2;129;162;99m[38;2;237;174;173m▄[48;2;127;167;112m[38;2;222;186;189m▄[48;2;142;174;138m[38;2;216;217;220m▄[48;2;194;199;195m[38;2;211;208;209m▄[48;2;211;207;211m[38;2;210;211;210m▄[48;2;210;211;210m[38;2;216;216;216m▄[48;2;216;215;216m[38;2;216;216;216m▄[48;2;216;215;216m[38;2;215;215;215m▄[48;2;215;215;215m[38;2;215;215;215m▄[48;2;215;215;215m[38;2;215;215;215m▄[48;2;215;214;214m[38;2;214;214;214m▄[48;2;214;214;214m[38;2;214;214;214m▄[48;2;214;214;214m[38;2;213;213;213m▄[48;2;214;214;214m[38;2;213;213;213m▄[48;2;213;213;213m[38;2;213;213;213m▄[48;2;213;213;212m[38;2;212;212;212m▄[48;2;212;212;212m[38;2;211;211;211m▄[48;2;211;211;211m[38;2;210;210;210m▄[48;2;210;210;210m[38;2;210;210;210m▄[48;2;210;210;210m[38;2;210;210;210m▄[48;2;210;210;210m[38;2;211;211;211m▄[48;2;209;209;209m[38;2;209;209;209m▄[48;2;209;208;210m[38;2;209;209;209m▄[48;2;209;208;210m[38;2;209;209;209m▄[48;2;209;209;209m[38;2;208;208;208m▄[48;2;208;208;208m[38;2;208;208;208m▄[48;2;208;208;208m[38;2;208;208;208m▄[48;2;207;207;207m[38;2;207;207;207m▄[0m
[48;2;216;216;216m[38;2;215;215;215m▄[48;2;216;216;216m[38;2;216;216;216m▄[48;2;216;216;216m[38;2;216;216;216m▄[48;2;217;217;217m[38;2;216;216;216m▄[48;2;217;217;217m[38;2;216;216;216m▄[48;2;216;216;216m[38;2;216;216;216m▄[48;2;217;217;217m[38;2;217;217;217m▄[48;2;217;217;217m[38;2;217;217;217m▄[48;2;218;218;218m[38;2;217;217;217m▄[48;2;218;218;218m[38;2;217;217;217m▄[48;2;218;218;218m[38;2;217;217;217m▄[48;2;219;219;219m[38;2;217;217;217m▄[48;2;219;219;219m[38;2;218;218;218m▄[48;2;220;220;220m[38;2;219;219;219m▄[48;2;220;220;220m[38;2;219;219;219m▄[48;2;221;221;221m[38;2;219;219;219m▄[48;2;221;221;221m[38;2;219;219;219m▄[48;2;221;221;221m[38;2;219;219;219m▄[48;2;221;221;221m[38;2;219;219;219m▄[48;2;221;221;221m[38;2;220;220;220m▄[48;2;221;221;221m[38;2;220;220;220m▄[48;2;221;220;220m[38;2;221;222;222m▄[48;2;222;229;228m[38;2;219;211;213m▄[48;2;208;136;152m[38;2;209;131;147m▄[48;2;223;177;185m[38;2;225;188;191m▄[48;2;224;175;181m[38;2;222;167;173m▄[48;2;224;169;174m[38;2;223;171;175m▄[48;2;224;175;177m[38;2;224;169;174m▄[48;2;211;128;143m[38;2;218;156;164m▄[48;2;224;175;184m[38;2;224;180;184m▄[48;2;227;175;179m[38;2;224;168;172m▄[48;2;226;169;172m[38;2;225;170;173m▄[48;2;226;171;174m[38;2;225;169;173m▄[48;2;226;170;173m[38;2;224;169;173m▄[48;2;223;168;170m[38;2;224;169;171m▄[48;2;223;168;170m[38;2;225;169;172m▄[48;2;227;168;170m[38;2;224;165;169m▄[48;2;224;147;154m[38;2;220;144;154m▄[48;2;210;175;177m[38;2;210;122;137m▄[48;2;215;221;217m[38;2;226;219;210m▄[48;2;216;214;216m[38;2;218;218;215m▄[48;2;216;216;216m[38;2;215;214;215m▄[48;2;216;216;216m[38;2;215;215;215m▄[48;2;215;215;215m[38;2;215;215;215m▄[48;2;215;215;215m[38;2;214;214;214m▄[48;2;214;214;214m[38;2;214;214;214m▄[48;2;214;214;214m[38;2;214;214;214m▄[48;2;214;214;214m[38;2;214;214;214m▄[48;2;213;213;213m[38;2;213;213;213m▄[48;2;213;213;213m[38;2;212;212;212m▄[48;2;213;212;213m[38;2;212;212;212m▄[48;2;212;212;212m[38;2;211;211;211m▄[48;2;211;211;211m[38;2;211;211;211m▄[48;2;210;210;210m[38;2;210;210;210m▄[48;2;210;210;210m[38;2;210;210;210m▄[48;2;211;211;211m[38;2;210;210;210m▄[48;2;210;210;210m[38;2;210;209;210m▄[48;2;209;209;209m[38;2;210;209;210m▄[48;2;209;209;209m[38;2;208;208;210m▄[48;2;208;208;209m[38;2;208;208;209m▄[48;2;208;208;208m[38;2;208;208;208m▄[48;2;208;207;209m[38;2;208;208;208m▄[48;2;207;207;208m[38;2;207;207;207m▄[48;2;206;206;206m[38;2;207;207;207m▄[0m
[48;2;215;215;215m[38;2;215;215;215m▄[48;2;216;216;216m[38;2;215;215;215m▄[48;2;215;215;215m[38;2;216;216;216m▄[48;2;216;216;216m[38;2;216;216;216m▄[48;2;216;216;216m[38;2;216;216;216m▄[48;2;216;216;216m[38;2;217;217;217m▄[48;2;217;217;217m[38;2;217;217;217m▄[48;2;217;217;217m[38;2;216;216;216m▄[48;2;217;217;217m[38;2;217;217;217m▄[48;2;217;217;217m[38;2;217;217;217m▄[48;2;217;217;217m[38;2;217;217;217m▄[48;2;217;217;217m[38;2;216;216;216m▄[48;2;217;217;217m[38;2;217;217;217m▄[48;2;218;218;218m[38;2;217;217;217m▄[48;2;218;218;218m[38;2;217;217;217m▄[48;2;218;218;218m[38;2;217;217;217m▄[48;2;218;218;218m[38;2;217;217;217m▄[48;2;218;218;218m[38;2;217;217;217m▄[48;2;218;218;218m[38;2;217;217;217m▄[48;2;219;219;219m[38;2;217;217;217m▄[48;2;219;218;218m[38;2;218;217;217m▄[48;2;220;224;223m[38;2;219;223;222m▄[48;2;216;200;204m[38;2;216;199;203m▄[48;2;212;138;155m[38;2;211;136;153m▄[48;2;226;187;190m[38;2;226;185;188m▄[48;2;222;167;171m[38;2;222;167;171m▄[48;2;223;171;175m[38;2;223;170;174m▄[48;2;223;169;173m[38;2;222;169;173m▄[48;2;228;183;186m[38;2;224;173;177m▄[48;2;224;172;176m[38;2;223;171;174m▄[48;2;223;169;172m[38;2;223;169;173m▄[48;2;223;170;172m[38;2;223;170;173m▄[48;2;224;168;171m[38;2;223;168;172m▄[48;2;224;168;171m[38;2;224;168;172m▄[48;2;224;168;171m[38;2;223;168;172m▄[48;2;224;169;171m[38;2;224;168;172m▄[48;2;223;166;169m[38;2;223;164;170m▄[48;2;221;154;161m[38;2;221;152;160m▄[48;2;210;117;135m[38;2;213;122;140m▄[48;2;210;183;186m[38;2;203;171;181m▄[48;2;226;229;221m[38;2;214;221;218m▄[48;2;219;217;215m[38;2;218;216;214m▄[48;2;215;215;215m[38;2;215;215;213m▄[48;2;215;215;215m[38;2;214;214;214m▄[48;2;214;214;214m[38;2;214;214;214m▄[48;2;214;214;214m[38;2;214;213;215m▄[48;2;214;214;214m[38;2;213;213;214m▄[48;2;213;213;213m[38;2;213;213;213m▄[48;2;214;213;213m[38;2;212;212;213m▄[48;2;212;212;212m[38;2;212;212;212m▄[48;2;212;212;212m[38;2;211;211;212m▄[48;2;211;210;212m[38;2;211;210;211m▄[48;2;211;210;212m[38;2;210;210;211m▄[48;2;210;210;210m[38;2;210;210;211m▄[48;2;210;210;210m[38;2;210;209;210m▄[48;2;210;210;211m[38;2;209;209;209m▄[48;2;209;209;209m[38;2;209;208;209m▄[48;2;208;208;209m[38;2;209;209;209m▄[48;2;209;208;209m[38;2;209;209;209m▄[48;2;208;208;208m[38;2;208;208;208m▄[48;2;208;207;209m[38;2;207;207;208m▄[48;2;207;207;207m[38;2;207;207;207m▄[48;2;207;207;207m[38;2;207;207;207m▄[48;2;205;205;205m[38;2;205;205;205m▄[0m
[48;2;216;216;216m[38;2;215;215;215m▄[48;2;215;215;215m[38;2;215;215;215m▄[48;2;215;215;215m[38;2;215;215;215m▄[48;2;215;215;215m[38;2;216;216;216m▄[48;2;216;216;216m[38;2;215;215;216m▄[48;2;216;216;216m[38;2;216;216;216m▄[48;2;216;216;216m[38;2;215;215;215m▄[48;2;217;217;217m[38;2;216;216;216m▄[48;2;217;217;217m[38;2;217;217;217m▄[48;2;217;217;217m[38;2;218;218;218m▄[48;2;217;217;217m[38;2;216;216;216m▄[48;2;217;217;217m[38;2;217;217;217m▄[48;2;216;216;216m[38;2;217;217;217m▄[48;2;216;216;216m[38;2;216;216;216m▄[48;2;217;217;217m[38;2;217;217;217m▄[48;2;217;217;217m[38;2;216;216;216m▄[48;2;217;217;217m[38;2;217;217;217m▄[48;2;217;217;217m[38;2;217;217;217m▄[48;2;217;217;217m[38;2;216;216;216m▄[48;2;217;217;217m[38;2;216;216;216m▄[48;2;217;217;217m[38;2;216;216;216m▄[48;2;217;218;218m[38;2;216;214;215m▄[48;2;216;211;212m[38;2;217;225;223m▄[48;2;210;132;150m[38;2;208;147;161m▄[48;2;225;183;186m[38;2;222;168;175m▄[48;2;222;167;171m[38;2;222;173;175m▄[48;2;223;170;173m[38;2;222;169;172m▄[48;2;222;169;173m[38;2;222;170;173m▄[48;2;222;168;172m[38;2;222;169;172m▄[48;2;222;169;173m[38;2;223;168;172m▄[48;2;222;169;172m[38;2;223;168;173m▄[48;2;223;169;172m[38;2;222;168;172m▄[48;2;222;169;172m[38;2;222;168;171m▄[48;2;222;169;173m[38;2;222;167;171m▄[48;2;222;168;172m[38;2;222;166;171m▄[48;2;223;167;172m[38;2;223;168;172m▄[48;2;220;158;165m[38;2;217;149;159m▄[48;2;220;151;159m[38;2;218;146;156m▄[48;2;211;120;138m[38;2;205;120;138m▄[48;2;203;181;187m[38;2;203;202;202m▄[48;2;212;217;216m[38;2;211;212;212m▄[48;2;214;214;214m[38;2;214;215;215m▄[48;2;215;215;214m[38;2;215;215;215m▄[48;2;214;214;214m[38;2;213;213;213m▄[48;2;214;214;214m[38;2;213;213;213m▄[48;2;214;214;214m[38;2;213;213;213m▄[48;2;213;213;213m[38;2;212;212;212m▄[48;2;212;212;212m[38;2;212;212;212m▄[48;2;211;211;211m[38;2;211;211;211m▄[48;2;211;211;213m[38;2;211;211;211m▄[48;2;211;211;212m[38;2;210;210;210m▄[48;2;210;210;210m[38;2;210;210;210m▄[48;2;211;211;211m[38;2;210;210;210m▄[48;2;210;210;210m[38;2;210;210;210m▄[48;2;210;210;210m[38;2;209;209;209m▄[48;2;209;209;209m[38;2;208;208;209m▄[48;2;208;208;208m[38;2;208;208;208m▄[48;2;209;209;209m[38;2;208;208;208m▄[48;2;209;209;209m[38;2;208;208;208m▄[48;2;208;208;208m[38;2;207;207;207m▄[48;2;207;207;207m[38;2;207;207;207m▄[48;2;207;207;207m[38;2;206;206;207m▄[48;2;205;205;206m[38;2;204;204;205m▄[48;2;204;204;204m[38;2;204;204;204m▄[0m
[48;2;215;215;215m[38;2;215;215;215m▄[48;2;214;214;214m[38;2;215;215;215m▄[48;2;215;215;215m[38;2;215;215;215m▄[48;2;215;215;215m[38;2;215;215;215m▄[48;2;215;215;216m[38;2;215;215;215m▄[48;2;215;215;215m[38;2;215;215;215m▄[48;2;216;216;216m[38;2;215;215;215m▄[48;2;215;215;215m[38;2;216;216;216m▄[48;2;215;215;215m[38;2;216;216;216m▄[48;2;216;216;216m[38;2;215;215;215m▄[48;2;215;215;215m[38;2;215;215;215m▄[48;2;217;217;217m[38;2;215;215;215m▄[48;2;216;216;216m[38;2;215;215;215m▄[48;2;217;217;217m[38;2;216;215;216m▄[48;2;216;216;216m[38;2;216;216;216m▄[48;2;216;216;216m[38;2;216;216;216m▄[48;2;216;216;216m[38;2;216;216;216m▄[48;2;216;216;216m[38;2;217;217;217m▄[48;2;217;217;217m[38;2;216;216;216m▄[48;2;216;216;216m[38;2;216;216;216m▄[48;2;216;216;216m[38;2;217;217;217m▄[48;2;216;216;216m[38;2;216;216;216m▄[48;2;217;220;219m[38;2;217;215;215m▄[48;2;213;201;204m[38;2;217;226;224m▄[48;2;223;183;189m[38;2;210;157;169m▄[48;2;224;180;182m[38;2;222;168;175m▄[48;2;221;167;170m[38;2;222;173;176m▄[48;2;223;169;174m[38;2;222;166;171m▄[48;2;222;169;173m[38;2;222;168;172m▄[48;2;223;167;172m[38;2;221;170;174m▄[48;2;223;167;171m[38;2;222;170;174m▄[48;2;222;167;172m[38;2;222;166;171m▄[48;2;223;167;172m[38;2;222;169;173m▄[48;2;221;166;170m[38;2;221;167;172m▄[48;2;223;168;171m[38;2;219;155;163m▄[48;2;220;156;164m[38;2;218;146;157m▄[48;2;218;150;159m[38;2;219;146;157m▄[48;2;219;141;153m[38;2;209;135;149m▄[48;2;204;156;166m[38;2;203;205;204m▄[48;2;206;213;212m[38;2;207;207;208m▄[48;2;213;211;211m[38;2;214;213;214m▄[48;2;214;214;214m[38;2;214;214;214m▄[48;2;214;214;214m[38;2;213;213;213m▄[48;2;212;212;212m[38;2;212;212;212m▄[48;2;212;212;212m[38;2;211;211;211m▄[48;2;212;212;212m[38;2;211;211;211m▄[48;2;212;212;212m[38;2;212;212;212m▄[48;2;212;212;212m[38;2;211;211;211m▄[48;2;211;211;211m[38;2;210;210;210m▄[48;2;211;211;211m[38;2;210;210;210m▄[48;2;210;210;210m[38;2;210;210;210m▄[48;2;210;210;210m[38;2;210;210;210m▄[48;2;209;209;209m[38;2;209;209;209m▄[48;2;209;209;209m[38;2;209;210;209m▄[48;2;209;209;209m[38;2;209;209;209m▄[48;2;209;209;209m[38;2;209;209;209m▄[48;2;208;208;208m[38;2;209;208;209m▄[48;2;208;208;208m[38;2;208;208;208m▄[48;2;208;208;207m[38;2;207;207;207m▄[48;2;207;207;208m[38;2;207;207;206m▄[48;2;206;206;207m[38;2;206;206;206m▄[48;2;205;205;206m[38;2;205;204;206m▄[48;2;204;203;204m[38;2;204;203;205m▄[48;2;204;204;204m[38;2;203;203;203m▄[0m
[48;2;214;214;214m[38;2;214;214;214m▄[48;2;214;214;214m[38;2;213;213;213m▄[48;2;215;215;215m[38;2;214;214;214m▄[48;2;214;214;214m[38;2;214;214;214m▄[48;2;215;215;215m[38;2;214;214;214m▄[48;2;215;215;215m[38;2;215;215;215m▄[48;2;215;215;215m[38;2;215;215;215m▄[48;2;215;215;215m[38;2;214;214;214m▄[48;2;215;215;215m[38;2;214;214;214m▄[48;2;215;215;215m[38;2;215;215;215m▄[48;2;216;216;216m[38;2;215;215;215m▄[48;2;215;215;215m[38;2;216;216;216m▄[48;2;216;216;216m[38;2;215;215;215m▄[48;2;215;215;215m[38;2;215;215;215m▄[48;2;216;215;216m[38;2;215;215;215m▄[48;2;216;216;216m[38;2;216;216;216m▄[48;2;216;216;216m[38;2;216;216;216m▄[48;2;215;215;215m[38;2;215;215;215m▄[48;2;215;215;215m[38;2;215;215;215m▄[48;2;216;216;216m[38;2;216;216;216m▄[48;2;215;215;215m[38;2;216;216;216m▄[48;2;215;215;215m[38;2;215;215;215m▄[48;2;215;214;215m[38;2;216;216;216m▄[48;2;216;219;219m[38;2;216;214;214m▄[48;2;212;193;197m[38;2;216;223;222m▄[48;2;206;116;135m[38;2;208;176;184m▄[48;2;222;172;178m[38;2;205;110;130m▄[48;2;223;175;178m[38;2;212;130;144m▄[48;2;222;176;178m[38;2;217;147;157m▄[48;2;216;150;159m[38;2;213;125;142m▄[48;2;219;154;163m[38;2;203;88;114m▄[48;2;224;175;177m[38;2;209;113;132m▄[48;2;219;159;165m[38;2;212;128;144m▄[48;2;218;150;159m[38;2;214;134;147m▄[48;2;218;149;157m[38;2;215;131;144m▄[48;2;218;152;162m[38;2;204;106;128m▄[48;2;205;108;129m[38;2;199;162;172m▄[48;2;198;170;178m[38;2;203;211;209m▄[48;2;203;209;209m[38;2;206;205;207m▄[48;2;211;210;210m[38;2;211;211;213m▄[48;2;213;213;213m[38;2;213;213;213m▄[48;2;213;213;213m[38;2;213;213;213m▄[48;2;212;212;213m[38;2;212;212;212m▄[48;2;211;211;212m[38;2;211;212;212m▄[48;2;212;212;212m[38;2;211;211;211m▄[48;2;211;211;212m[38;2;211;210;212m▄[48;2;211;211;211m[38;2;210;210;211m▄[48;2;210;210;210m[38;2;210;210;210m▄[48;2;210;210;210m[38;2;210;210;210m▄[48;2;210;210;210m[38;2;210;210;210m▄[48;2;211;211;211m[38;2;209;209;209m▄[48;2;210;210;210m[38;2;210;210;210m▄[48;2;209;209;209m[38;2;208;208;209m▄[48;2;209;208;209m[38;2;208;208;209m▄[48;2;209;208;209m[38;2;208;208;208m▄[48;2;208;208;208m[38;2;208;208;208m▄[48;2;207;207;207m[38;2;207;207;207m▄[48;2;207;207;207m[38;2;207;207;207m▄[48;2;207;207;207m[38;2;207;207;207m▄[48;2;205;205;205m[38;2;205;205;206m▄[48;2;204;204;204m[38;2;203;203;204m▄[48;2;204;203;205m[38;2;204;204;204m▄[48;2;203;203;203m[38;2;203;203;203m▄[48;2;203;203;203m[38;2;203;203;203m▄[0m
[48;2;212;212;212m[38;2;213;213;213m▄[48;2;213;213;213m[38;2;213;213;213m▄[48;2;213;213;213m[38;2;212;212;212m▄[48;2;213;213;213m[38;2;212;212;212m▄[48;2;214;214;214m[38;2;213;213;213m▄[48;2;214;214;214m[38;2;214;214;214m▄[48;2;214;214;214m[38;2;214;214;214m▄[48;2;214;214;214m[38;2;213;213;213m▄[48;2;215;215;215m[38;2;214;214;214m▄[48;2;215;215;215m[38;2;214;214;214m▄[48;2;215;215;215m[38;2;214;214;214m▄[48;2;215;215;215m[38;2;214;214;214m▄[48;2;215;215;215m[38;2;215;215;215m▄[48;2;215;215;215m[38;2;215;215;215m▄[48;2;215;214;215m[38;2;215;215;215m▄[48;2;215;215;216m[38;2;215;215;215m▄[48;2;215;215;215m[38;2;215;215;215m▄[48;2;215;215;215m[38;2;215;215;215m▄[48;2;215;214;215m[38;2;215;215;215m▄[48;2;215;215;215m[38;2;215;215;215m▄[48;2;215;215;215m[38;2;215;215;215m▄[48;2;215;215;215m[38;2;215;215;215m▄[48;2;215;215;215m[38;2;215;215;215m▄[48;2;215;215;215m[38;2;215;215;215m▄[48;2;215;213;214m[38;2;215;215;215m▄[48;2;215;221;221m[38;2;215;213;214m▄[48;2;207;194;198m[38;2;214;217;218m▄[48;2;201;149;162m[38;2;211;219;219m▄[48;2;199;137;152m[38;2;207;214;214m▄[48;2;200;151;163m[38;2;206;214;212m▄[48;2;200;182;186m[38;2;207;211;210m▄[48;2;201;172;178m[38;2;208;214;213m▄[48;2;199;139;153m[38;2;208;216;214m▄[48;2;200;129;146m[38;2;205;212;211m▄[48;2;199;139;154m[38;2;204;213;211m▄[48;2;201;186;190m[38;2;205;208;207m▄[48;2;202;209;209m[38;2;207;206;206m▄[48;2;205;204;204m[38;2;210;210;210m▄[48;2;210;210;211m[38;2;211;211;211m▄[48;2;212;212;213m[38;2;212;213;212m▄[48;2;212;212;213m[38;2;211;211;212m▄[48;2;211;211;212m[38;2;211;210;211m▄[48;2;211;211;211m[38;2;211;211;211m▄[48;2;211;211;211m[38;2;211;211;211m▄[48;2;211;211;211m[38;2;210;210;210m▄[48;2;211;211;211m[38;2;210;210;210m▄[48;2;210;210;210m[38;2;210;210;210m▄[48;2;210;210;210m[38;2;210;210;210m▄[48;2;210;210;210m[38;2;210;210;210m▄[48;2;210;210;210m[38;2;209;209;209m▄[48;2;209;209;209m[38;2;208;208;208m▄[48;2;209;209;209m[38;2;209;209;209m▄[48;2;208;208;208m[38;2;208;208;208m▄[48;2;208;208;208m[38;2;208;208;208m▄[48;2;208;208;208m[38;2;208;208;208m▄[48;2;207;207;207m[38;2;207;207;207m▄[48;2;207;207;207m[38;2;207;207;207m▄[48;2;206;206;206m[38;2;206;205;206m▄[48;2;206;206;206m[38;2;205;204;206m▄[48;2;205;205;205m[38;2;204;203;204m▄[48;2;203;203;203m[38;2;203;203;203m▄[48;2;203;203;203m[38;2;203;203;204m▄[48;2;203;203;203m[38;2;203;203;203m▄[48;2;203;203;203m[38;2;204;204;204m▄[0m
[48;2;211;211;211m[38;2;211;211;211m▄[48;2;211;211;211m[38;2;211;211;211m▄[48;2;211;211;211m[38;2;210;210;210m▄[48;2;212;212;212m[38;2;212;212;212m▄[48;2;213;213;213m[38;2;213;213;213m▄[48;2;213;213;213m[38;2;212;212;212m▄[48;2;213;213;213m[38;2;212;211;212m▄[48;2;213;213;213m[38;2;212;212;212m▄[48;2;214;214;214m[38;2;213;213;213m▄[48;2;214;214;214m[38;2;213;213;213m▄[48;2;214;214;214m[38;2;213;213;214m▄[48;2;213;213;214m[38;2;213;213;214m▄[48;2;214;214;214m[38;2;213;213;213m▄[48;2;214;214;214m[38;2;214;214;214m▄[48;2;214;215;214m[38;2;214;213;214m▄[48;2;214;214;214m[38;2;213;213;214m▄[48;2;215;215;215m[38;2;213;213;213m▄[48;2;215;215;215m[38;2;214;214;214m▄[48;2;215;215;215m[38;2;214;214;214m▄[48;2;215;215;215m[38;2;214;214;214m▄[48;2;215;215;215m[38;2;213;213;213m▄[48;2;214;214;214m[38;2;214;214;214m▄[48;2;214;214;214m[38;2;214;214;214m▄[48;2;214;214;215m[38;2;213;212;214m▄[48;2;214;214;214m[38;2;213;213;213m▄[48;2;215;215;215m[38;2;214;213;213m▄[48;2;214;213;214m[38;2;213;213;213m▄[48;2;214;212;213m[38;2;214;213;214m▄[48;2;213;211;212m[38;2;214;213;214m▄[48;2;212;210;212m[38;2;213;213;213m▄[48;2;213;212;213m[38;2;213;213;213m▄[48;2;213;212;212m[38;2;213;213;213m▄[48;2;213;211;211m[38;2;212;212;212m▄[48;2;212;210;210m[38;2;212;212;212m▄[48;2;211;209;209m[38;2;212;212;212m▄[48;2;211;210;210m[38;2;212;212;212m▄[48;2;212;212;211m[38;2;212;212;212m▄[48;2;212;212;212m[38;2;211;211;212m▄[48;2;211;211;211m[38;2;210;210;211m▄[48;2;211;211;211m[38;2;210;210;211m▄[48;2;211;211;211m[38;2;210;210;210m▄[48;2;211;211;211m[38;2;210;210;210m▄[48;2;211;211;211m[38;2;210;210;210m▄[48;2;210;210;210m[38;2;210;210;210m▄[48;2;210;210;210m[38;2;210;210;210m▄[48;2;210;210;210m[38;2;210;210;210m▄[48;2;210;210;210m[38;2;209;209;209m▄[48;2;210;210;210m[38;2;209;209;210m▄[48;2;209;209;210m[38;2;209;209;209m▄[48;2;209;208;210m[38;2;209;209;209m▄[48;2;208;209;209m[38;2;208;208;209m▄[48;2;208;209;208m[38;2;208;208;208m▄[48;2;208;208;208m[38;2;207;207;207m▄[48;2;208;208;208m[38;2;207;207;207m▄[48;2;207;207;207m[38;2;207;207;207m▄[48;2;207;207;207m[38;2;205;205;206m▄[48;2;206;206;206m[38;2;205;205;206m▄[48;2;205;204;205m[38;2;204;204;205m▄[48;2;204;203;204m[38;2;202;203;203m▄[48;2;203;203;203m[38;2;202;202;202m▄[48;2;203;203;203m[38;2;203;203;203m▄[48;2;204;204;204m[38;2;203;203;203m▄[48;2;203;203;203m[38;2;203;203;203m▄[48;2;203;203;203m[38;2;202;202;202m▄[0m
[48;2;210;210;210m[38;2;210;210;210m▄[48;2;210;210;210m[38;2;210;210;210m▄[48;2;210;210;210m[38;2;210;210;210m▄[48;2;211;211;211m[38;2;211;211;211m▄[48;2;211;211;211m[38;2;211;211;211m▄[48;2;211;211;211m[38;2;211;211;211m▄[48;2;211;211;211m[38;2;211;211;211m▄[48;2;211;211;211m[38;2;211;211;211m▄[48;2;212;212;212m[38;2;211;211;211m▄[48;2;213;212;213m[38;2;212;212;212m▄[48;2;213;213;213m[38;2;212;212;212m▄[48;2;213;213;213m[38;2;211;211;211m▄[48;2;212;212;212m[38;2;212;212;212m▄[48;2;212;212;212m[38;2;211;211;211m▄[48;2;213;213;214m[38;2;213;213;212m▄[48;2;213;213;213m[38;2;212;212;213m▄[48;2;213;213;213m[38;2;212;212;212m▄[48;2;213;213;213m[38;2;213;212;213m▄[48;2;213;213;213m[38;2;213;213;213m▄[48;2;214;214;214m[38;2;212;212;212m▄[48;2;213;213;213m[38;2;212;212;212m▄[48;2;214;214;214m[38;2;213;213;213m▄[48;2;213;213;213m[38;2;212;212;212m▄[48;2;214;214;213m[38;2;213;213;213m▄[48;2;213;213;213m[38;2;213;213;213m▄[48;2;213;213;213m[38;2;213;213;213m▄[48;2;213;213;213m[38;2;212;212;212m▄[48;2;213;213;213m[38;2;212;212;212m▄[48;2;212;212;212m[38;2;212;211;212m▄[48;2;212;212;212m[38;2;212;212;212m▄[48;2;211;211;211m[38;2;212;212;212m▄[48;2;212;212;212m[38;2;212;212;212m▄[48;2;212;212;212m[38;2;212;212;212m▄[48;2;211;211;211m[38;2;212;212;212m▄[48;2;212;212;212m[38;2;212;211;213m▄[48;2;211;211;211m[38;2;211;211;212m▄[48;2;211;211;211m[38;2;211;211;211m▄[48;2;211;211;211m[38;2;211;211;211m▄[48;2;210;210;211m[38;2;211;210;210m▄[48;2;210;210;211m[38;2;211;210;211m▄[48;2;210;210;210m[38;2;211;211;211m▄[48;2;210;210;210m[38;2;210;210;210m▄[48;2;210;210;210m[38;2;210;210;210m▄[48;2;210;210;210m[38;2;209;209;209m▄[48;2;210;210;210m[38;2;209;209;209m▄[48;2;209;209;209m[38;2;209;209;209m▄[48;2;209;209;209m[38;2;208;208;209m▄[48;2;209;209;209m[38;2;208;208;208m▄[48;2;208;208;208m[38;2;208;208;208m▄[48;2;208;208;208m[38;2;208;208;208m▄[48;2;207;208;208m[38;2;207;207;207m▄[48;2;207;207;208m[38;2;207;207;207m▄[48;2;207;207;207m[38;2;206;206;207m▄[48;2;206;206;207m[38;2;206;205;207m▄[48;2;205;205;206m[38;2;204;204;205m▄[48;2;205;205;205m[38;2;205;204;205m▄[48;2;205;205;205m[38;2;204;204;204m▄[48;2;203;203;203m[38;2;203;203;203m▄[48;2;207;207;207m[38;2;211;211;211m▄[48;2;211;211;211m[38;2;216;216;216m▄[48;2;203;203;203m[38;2;204;204;204m▄[48;2;203;203;203m[38;2;202;202;202m▄[48;2;203;203;203m[38;2;202;203;203m▄[48;2;202;202;202m[38;2;202;202;202m▄[0m
[48;2;210;210;210m[38;2;210;210;210m▄[48;2;210;210;210m[38;2;211;211;211m▄[48;2;210;210;210m[38;2;211;211;211m▄[48;2;211;211;211m[38;2;211;211;211m▄[48;2;210;210;210m[38;2;212;212;212m▄[48;2;210;210;210m[38;2;212;212;212m▄[48;2;210;210;211m[38;2;213;213;213m▄[48;2;211;211;211m[38;2;213;213;213m▄[48;2;211;211;211m[38;2;213;213;213m▄[48;2;210;210;210m[38;2;213;213;213m▄[48;2;211;211;212m[38;2;214;214;214m▄[48;2;211;211;211m[38;2;214;214;214m▄[48;2;211;211;211m[38;2;214;214;214m▄[48;2;211;211;211m[38;2;214;214;214m▄[48;2;212;212;212m[38;2;214;214;214m▄[48;2;212;212;212m[38;2;214;214;214m▄[48;2;212;212;212m[38;2;214;214;214m▄[48;2;213;212;214m[38;2;214;214;214m▄[48;2;213;213;213m[38;2;214;214;214m▄[48;2;212;212;213m[38;2;214;214;214m▄[48;2;212;212;212m[38;2;214;214;214m▄[48;2;212;212;212m[38;2;213;213;213m▄[48;2;213;213;213m[38;2;211;211;211m▄[48;2;213;213;213m[38;2;208;206;207m▄[48;2;212;213;213m[38;2;206;203;204m▄[48;2;211;212;212m[38;2;205;199;201m▄[48;2;209;209;209m[38;2;204;196;197m▄[48;2;206;206;206m[38;2;202;194;194m▄[48;2;203;202;203m[38;2;200;191;191m▄[48;2;200;200;200m[38;2;198;190;189m▄[48;2;201;200;201m[38;2;197;188;190m▄[48;2;202;201;202m[38;2;198;189;189m▄[48;2;202;202;202m[38;2;198;189;190m▄[48;2;203;202;203m[38;2;198;188;189m▄[48;2;203;203;203m[38;2;198;188;189m▄[48;2;203;203;202m[38;2;197;188;188m▄[48;2;203;203;203m[38;2;198;189;190m▄[48;2;204;204;204m[38;2;198;191;190m▄[48;2;205;206;206m[38;2;198;192;193m▄[48;2;207;207;207m[38;2;199;195;195m▄[48;2;208;208;208m[38;2;200;198;198m▄[48;2;208;208;208m[38;2;202;202;202m▄[48;2;208;208;208m[38;2;205;205;205m▄[48;2;208;208;208m[38;2;207;207;207m▄[48;2;208;208;208m[38;2;208;208;208m▄[48;2;207;207;207m[38;2;208;208;208m▄[48;2;208;208;208m[38;2;208;208;208m▄[48;2;208;208;208m[38;2;208;208;208m▄[48;2;207;207;207m[38;2;208;208;208m▄[48;2;207;207;207m[38;2;207;207;207m▄[48;2;207;206;207m[38;2;207;207;207m▄[48;2;206;206;206m[38;2;207;207;207m▄[48;2;206;206;206m[38;2;207;207;207m▄[48;2;205;205;206m[38;2;206;206;206m▄[48;2;204;204;204m[38;2;205;205;205m▄[48;2;203;203;203m[38;2;205;205;205m▄[48;2;202;202;202m[38;2;204;204;204m▄[48;2;203;203;203m[38;2;204;204;204m▄[48;2;202;202;202m[38;2;203;203;203m▄[48;2;203;203;203m[38;2;203;203;203m▄[48;2;202;202;202m[38;2;203;203;203m▄[48;2;202;202;202m[38;2;203;203;203m▄[48;2;202;202;202m[38;2;202;202;202m▄[48;2;202;202;202m[38;2;203;203;203m▄[0m
[48;2;213;213;213m[38;2;215;215;215m▄[48;2;214;214;214m[38;2;215;215;215m▄[48;2;214;214;214m[38;2;215;215;215m▄[48;2;214;214;214m[38;2;216;216;216m▄[48;2;214;214;214m[38;2;216;216;216m▄[48;2;215;215;215m[38;2;216;216;216m▄[48;2;215;215;215m[38;2;216;216;216m▄[48;2;215;215;215m[38;2;216;216;216m▄[48;2;215;215;215m[38;2;216;216;216m▄[48;2;215;215;215m[38;2;216;216;216m▄[48;2;215;215;215m[38;2;216;216;216m▄[48;2;215;215;215m[38;2;216;216;216m▄[48;2;215;215;215m[38;2;216;216;216m▄[48;2;215;215;215m[38;2;216;216;216m▄[48;2;215;215;215m[38;2;216;216;216m▄[48;2;215;215;215m[38;2;217;217;217m▄[48;2;215;215;215m[38;2;216;216;216m▄[48;2;215;215;215m[38;2;216;216;216m▄[48;2;215;215;215m[38;2;216;216;216m▄[48;2;215;215;215m[38;2;216;216;216m▄[48;2;213;213;213m[38;2;216;216;216m▄[48;2;211;211;211m[38;2;216;216;216m▄[48;2;208;208;208m[38;2;214;214;214m▄[48;2;206;201;203m[38;2;213;213;213m▄[48;2;204;195;195m[38;2;212;210;210m▄[48;2;203;192;192m[38;2;210;207;207m▄[48;2;203;189;190m[38;2;209;205;204m▄[48;2;202;188;188m[38;2;209;203;204m▄[48;2;202;188;188m[38;2;208;201;201m▄[48;2;202;189;189m[38;2;207;201;201m▄[48;2;201;189;189m[38;2;208;200;200m▄[48;2;201;189;189m[38;2;207;199;199m▄[48;2;201;188;188m[38;2;206;199;200m▄[48;2;201;188;188m[38;2;205;199;199m▄[48;2;201;189;188m[38;2;205;198;199m▄[48;2;201;188;189m[38;2;205;199;199m▄[48;2;201;189;190m[38;2;206;201;202m▄[48;2;201;190;190m[38;2;208;203;204m▄[48;2;202;192;192m[38;2;208;206;206m▄[48;2;203;196;196m[38;2;209;209;208m▄[48;2;205;201;200m[38;2;210;210;210m▄[48;2;206;205;205m[38;2;211;211;211m▄[48;2;209;209;209m[38;2;212;212;212m▄[48;2;210;210;210m[38;2;211;211;211m▄[48;2;210;210;210m[38;2;211;211;211m▄[48;2;209;209;209m[38;2;210;210;210m▄[48;2;209;209;209m[38;2;210;210;210m▄[48;2;209;209;209m[38;2;210;210;210m▄[48;2;209;209;209m[38;2;209;209;209m▄[48;2;208;208;208m[38;2;209;209;210m▄[48;2;208;207;208m[38;2;209;209;210m▄[48;2;208;207;208m[38;2;208;208;208m▄[48;2;208;208;208m[38;2;208;208;208m▄[48;2;208;208;208m[38;2;209;209;209m▄[48;2;208;207;208m[38;2;208;208;208m▄[48;2;207;207;207m[38;2;208;208;208m▄[48;2;207;207;207m[38;2;208;208;208m▄[48;2;207;207;207m[38;2;207;207;207m▄[48;2;206;206;206m[38;2;208;208;208m▄[48;2;205;205;205m[38;2;208;208;208m▄[48;2;204;204;204m[38;2;207;207;207m▄[48;2;204;204;204m[38;2;206;206;206m▄[48;2;203;203;203m[38;2;206;206;206m▄[48;2;203;203;203m[38;2;205;205;205m▄[0m
