[48;2;221;221;221m[38;2;219;219;219m▄[48;2;222;222;222m[38;2;222;222;222m▄[48;2;222;222;222m[38;2;222;222;222m▄[48;2;223;223;223m[38;2;223;223;223m▄[48;2;223;223;223m[38;2;223;223;223m▄[48;2;223;223;223m[38;2;223;223;223m▄[48;2;224;224;224m[38;2;224;224;224m▄[48;2;225;225;225m[38;2;225;225;225m▄[48;2;224;224;224m[38;2;224;224;224m▄[48;2;225;225;225m[38;2;224;224;224m▄[48;2;225;225;225m[38;2;224;224;224m▄[48;2;226;226;226m[38;2;225;225;225m▄[48;2;228;228;228m[38;2;225;225;225m▄[48;2;228;228;228m[38;2;226;226;226m▄[48;2;228;228;228m[38;2;227;227;227m▄[48;2;228;228;228m[38;2;227;227;227m▄[48;2;227;227;227m[38;2;227;227;227m▄[48;2;227;227;227m[38;2;227;227;227m▄[48;2;228;228;228m[38;2;228;228;228m▄[48;2;228;228;228m[38;2;227;227;227m▄[48;2;227;227;227m[38;2;227;227;227m▄[48;2;227;227;227m[38;2;227;227;227m▄[48;2;227;227;227m[38;2;227;227;227m▄[48;2;227;227;227m[38;2;227;227;227m▄[48;2;227;227;227m[38;2;227;227;227m▄[48;2;227;227;227m[38;2;226;226;226m▄[48;2;228;228;228m[38;2;226;226;226m▄[48;2;225;225;225m[38;2;225;225;225m▄[48;2;225;225;225m[38;2;224;224;224m▄[48;2;225;225;225m[38;2;223;224;223m▄[48;2;225;225;225m[38;2;224;224;224m▄[48;2;225;225;225m[38;2;224;224;224m▄[48;2;225;225;225m[38;2;224;224;224m▄[48;2;223;223;223m[38;2;223;223;223m▄[48;2;223;223;223m[38;2;223;223;223m▄[48;2;223;223;223m[38;2;222;222;222m▄[48;2;222;222;222m[38;2;223;223;223m▄[48;2;222;222;222m[38;2;222;222;222m▄[48;2;221;221;221m[38;2;221;221;221m▄[48;2;221;221;221m[38;2;221;221;221m▄[48;2;220;220;220m[38;2;220;220;220m▄[48;2;218;218;218m[38;2;218;218;218m▄[48;2;217;217;217m[38;2;217;217;217m▄[48;2;217;217;217m[38;2;217;217;217m▄[48;2;216;216;216m[38;2;216;216;216m▄[48;2;217;217;217m[38;2;216;216;216m▄[48;2;216;216;216m[38;2;216;216;216m▄[48;2;215;215;215m[38;2;215;215;215m▄[48;2;215;215;215m[38;2;215;215;215m▄[48;2;215;215;215m[38;2;215;215;215m▄[48;2;214;214;214m[38;2;214;214;214m▄[48;2;214;214;214m[38;2;213;213;213m▄[48;2;213;213;213m[38;2;213;213;213m▄[48;2;212;212;212m[38;2;212;212;212m▄[48;2;210;210;210m[38;2;210;210;210m▄[48;2;210;210;210m[38;2;210;210;210m▄[48;2;210;210;210m[38;2;210;210;210m▄[48;2;210;210;210m[38;2;210;210;210m▄[48;2;209;209;209m[38;2;209;209;209m▄[48;2;208;208;208m[38;2;208;208;208m▄[48;2;209;209;209m[38;2;209;209;209m▄[48;2;208;208;208m[38;2;208;208;208m▄[48;2;208;208;208m[38;2;208;208;208m▄[48;2;207;207;207m[38;2;207;207;207m▄[0m
[48;2;218;218;218m[38;2;218;218;218m▄[48;2;221;221;221m[38;2;220;220;220m▄[48;2;222;222;222m[38;2;221;221;221m▄[48;2;222;222;222m[38;2;222;222;222m▄[48;2;223;223;223m[38;2;223;223;223m▄[48;2;224;224;224m[38;2;223;223;223m▄[48;2;224;224;224m[38;2;223;223;223m▄[48;2;224;224;224m[38;2;224;224;224m▄[48;2;225;225;225m[38;2;225;225;225m▄[48;2;224;224;224m[38;2;224;224;224m▄[48;2;224;224;224m[38;2;224;224;224m▄[48;2;224;224;224m[38;2;224;224;224m▄[48;2;225;225;225m[38;2;224;224;224m▄[48;2;224;224;224m[38;2;224;224;224m▄[48;2;226;226;226m[38;2;224;224;224m▄[48;2;228;228;228m[38;2;225;225;225m▄[48;2;227;227;227m[38;2;227;227;227m▄[48;2;227;227;227m[38;2;227;227;227m▄[48;2;227;227;227m[38;2;227;227;227m▄[48;2;227;227;227m[38;2;227;227;227m▄[48;2;227;227;227m[38;2;227;227;227m▄[48;2;227;227;227m[38;2;227;227;227m▄[48;2;226;226;226m[38;2;226;226;226m▄[48;2;227;227;227m[38;2;226;226;227m▄[48;2;227;227;227m[38;2;226;226;226m▄[48;2;226;226;226m[38;2;225;226;225m▄[48;2;226;226;226m[38;2;225;225;225m▄[48;2;225;225;225m[38;2;224;224;224m▄[48;2;229;227;229m[38;2;204;212;205m▄[48;2;227;226;227m[38;2;210;215;213m▄[48;2;223;224;223m[38;2;231;228;233m▄[48;2;223;224;223m[38;2;228;227;228m▄[48;2;224;224;224m[38;2;221;222;221m▄[48;2;223;223;223m[38;2;225;224;225m▄[48;2;223;223;223m[38;2;221;221;223m▄[48;2;228;226;228m[38;2;204;212;204m▄[48;2;222;222;222m[38;2;225;224;225m▄[48;2;222;222;222m[38;2;222;222;222m▄[48;2;222;222;222m[38;2;221;221;221m▄[48;2;220;220;220m[38;2;220;220;220m▄[48;2;220;220;220m[38;2;219;219;219m▄[48;2;218;218;218m[38;2;218;218;218m▄[48;2;217;217;217m[38;2;217;217;217m▄[48;2;216;216;216m[38;2;216;216;216m▄[48;2;216;216;216m[38;2;216;216;216m▄[48;2;217;217;217m[38;2;216;216;216m▄[48;2;216;216;215m[38;2;215;215;215m▄[48;2;215;215;215m[38;2;215;215;215m▄[48;2;215;215;215m[38;2;215;215;215m▄[48;2;215;215;215m[38;2;215;215;215m▄[48;2;214;214;214m[38;2;214;214;214m▄[48;2;213;213;213m[38;2;213;213;213m▄[48;2;212;212;212m[38;2;212;212;212m▄[48;2;211;211;211m[38;2;211;211;211m▄[48;2;210;210;210m[38;2;210;210;211m▄[48;2;210;210;210m[38;2;210;210;210m▄[48;2;210;210;210m[38;2;210;210;210m▄[48;2;210;210;210m[38;2;210;210;210m▄[48;2;209;209;209m[38;2;208;208;208m▄[48;2;209;209;209m[38;2;209;209;210m▄[48;2;209;209;209m[38;2;209;209;209m▄[48;2;208;208;208m[38;2;208;208;208m▄[48;2;207;207;207m[38;2;208;208;208m▄[48;2;207;207;207m[38;2;207;207;207m▄[0m
[48;2;219;219;219m[38;2;218;218;218m▄[48;2;220;220;220m[38;2;220;220;220m▄[48;2;221;221;221m[38;2;221;221;221m▄[48;2;222;222;222m[38;2;221;221;221m▄[48;2;223;223;223m[38;2;222;222;222m▄[48;2;223;223;223m[38;2;223;223;223m▄[48;2;223;223;223m[38;2;223;223;223m▄[48;2;224;224;224m[38;2;224;224;224m▄[48;2;224;224;224m[38;2;224;224;224m▄[48;2;224;224;224m[38;2;224;224;224m▄[48;2;224;224;224m[38;2;224;224;224m▄[48;2;224;224;224m[38;2;224;224;224m▄[48;2;224;224;224m[38;2;224;224;224m▄[48;2;224;224;224m[38;2;224;224;224m▄[48;2;224;224;224m[38;2;224;224;224m▄[48;2;224;224;224m[38;2;224;224;224m▄[48;2;224;224;225m[38;2;224;224;224m▄[48;2;225;224;226m[38;2;224;224;224m▄[48;2;225;226;225m[38;2;224;224;224m▄[48;2;225;225;225m[38;2;224;224;224m▄[48;2;226;226;226m[38;2;224;224;224m▄[48;2;226;226;226m[38;2;225;225;225m▄[48;2;225;225;225m[38;2;224;224;224m▄[48;2;224;224;226m[38;2;224;224;224m▄[48;2;224;224;225m[38;2;224;224;224m▄[48;2;223;224;223m[38;2;223;224;223m▄[48;2;229;227;229m[38;2;228;226;228m▄[48;2;202;210;202m[38;2;209;215;211m▄[48;2;124;172;105m[38;2;144;188;117m▄[48;2;144;186;117m[38;2;154;197;91m▄[48;2;148;183;140m[38;2;136;185;82m▄[48;2;206;214;209m[38;2;126;174;102m▄[48;2;229;227;228m[38;2;218;220;223m▄[48;2;225;224;227m[38;2;172;195;166m▄[48;2;157;188;146m[38;2;108;164;70m▄[48;2;93;156;69m[38;2;138;178;125m▄[48;2;189;203;188m[38;2;205;209;205m▄[48;2;229;226;229m[38;2;219;219;219m▄[48;2;219;220;219m[38;2;219;219;219m▄[48;2;220;220;220m[38;2;219;219;219m▄[48;2;219;219;219m[38;2;218;218;218m▄[48;2;217;217;217m[38;2;218;218;218m▄[48;2;217;217;217m[38;2;217;217;217m▄[48;2;217;217;217m[38;2;216;216;216m▄[48;2;216;216;216m[38;2;216;216;216m▄[48;2;215;215;215m[38;2;215;215;215m▄[48;2;215;215;215m[38;2;215;215;215m▄[48;2;215;215;215m[38;2;215;215;215m▄[48;2;215;215;215m[38;2;214;214;214m▄[48;2;214;214;214m[38;2;214;214;214m▄[48;2;213;213;213m[38;2;213;213;214m▄[48;2;212;212;212m[38;2;213;213;213m▄[48;2;213;212;213m[38;2;212;212;213m▄[48;2;211;211;212m[38;2;211;211;212m▄[48;2;210;210;211m[38;2;211;211;211m▄[48;2;210;210;210m[38;2;210;210;210m▄[48;2;210;210;210m[38;2;210;210;210m▄[48;2;209;209;209m[38;2;210;210;210m▄[48;2;208;208;208m[38;2;209;209;209m▄[48;2;209;209;209m[38;2;208;208;208m▄[48;2;209;209;209m[38;2;208;208;208m▄[48;2;208;208;208m[38;2;208;208;208m▄[48;2;208;208;208m[38;2;208;208;208m▄[48;2;207;207;207m[38;2;207;207;207m▄[0m
[48;2;218;218;218m[38;2;217;217;217m▄[48;2;218;218;218m[38;2;218;218;218m▄[48;2;220;220;220m[38;2;219;219;219m▄[48;2;221;221;221m[38;2;221;221;221m▄[48;2;222;221;223m[38;2;221;221;222m▄[48;2;222;222;222m[38;2;222;222;222m▄[48;2;223;222;223m[38;2;222;222;222m▄[48;2;223;223;223m[38;2;223;223;223m▄[48;2;224;224;224m[38;2;223;223;223m▄[48;2;223;223;223m[38;2;223;223;223m▄[48;2;224;223;224m[38;2;224;224;224m▄[48;2;224;224;225m[38;2;224;224;224m▄[48;2;224;224;224m[38;2;224;224;224m▄[48;2;224;224;224m[38;2;224;224;224m▄[48;2;224;224;224m[38;2;224;224;224m▄[48;2;224;224;224m[38;2;224;223;224m▄[48;2;224;224;224m[38;2;223;223;223m▄[48;2;224;224;224m[38;2;224;224;224m▄[48;2;224;224;224m[38;2;224;224;224m▄[48;2;224;224;224m[38;2;224;224;224m▄[48;2;224;224;224m[38;2;224;224;224m▄[48;2;225;225;225m[38;2;224;224;224m▄[48;2;225;225;225m[38;2;224;224;224m▄[48;2;224;224;224m[38;2;225;225;225m▄[48;2;224;224;224m[38;2;224;224;224m▄[48;2;224;224;224m[38;2;224;224;224m▄[48;2;224;224;223m[38;2;224;223;222m▄[48;2;229;226;231m[38;2;230;230;231m▄[48;2;142;177;131m[38;2;208;222;215m▄[48;2;139;184;78m[38;2;124;178;104m▄[48;2;133;179;82m[38;2;112;176;70m▄[48;2;122;174;67m[38;2;98;160;68m▄[48;2;141;176;130m[38;2;88;154;64m▄[48;2;119;168;99m[38;2;95;150;87m▄[48;2;150;180;142m[38;2;147;179;136m▄[48;2;206;204;213m[38;2;134;177;107m▄[48;2;200;203;202m[38;2;138;180;115m▄[48;2;220;217;221m[38;2;146;181;136m▄[48;2;226;223;226m[38;2;192;204;194m▄[48;2;218;218;218m[38;2;225;222;225m▄[48;2;218;218;218m[38;2;216;217;216m▄[48;2;217;217;217m[38;2;217;217;217m▄[48;2;216;216;216m[38;2;216;216;216m▄[48;2;216;216;216m[38;2;216;216;216m▄[48;2;217;217;217m[38;2;217;217;217m▄[48;2;216;216;216m[38;2;215;215;215m▄[48;2;216;216;216m[38;2;215;215;215m▄[48;2;216;216;216m[38;2;215;215;215m▄[48;2;215;215;215m[38;2;214;214;214m▄[48;2;214;214;214m[38;2;214;214;214m▄[48;2;214;213;214m[38;2;213;213;213m▄[48;2;212;212;212m[38;2;212;212;212m▄[48;2;212;212;213m[38;2;212;212;212m▄[48;2;211;211;212m[38;2;211;211;210m▄[48;2;210;210;210m[38;2;210;210;210m▄[48;2;210;210;210m[38;2;210;210;210m▄[48;2;210;210;210m[38;2;210;210;210m▄[48;2;209;209;209m[38;2;209;209;209m▄[48;2;209;208;209m[38;2;208;208;208m▄[48;2;208;208;209m[38;2;209;209;209m▄[48;2;208;208;208m[38;2;208;208;208m▄[48;2;208;208;208m[38;2;208;208;208m▄[48;2;208;208;208m[38;2;207;207;207m▄[48;2;207;207;207m[38;2;207;207;207m▄[0m
[48;2;217;217;217m[38;2;217;217;217m▄[48;2;218;218;218m[38;2;217;217;217m▄[48;2;219;219;219m[38;2;218;218;218m▄[48;2;220;220;220m[38;2;219;219;219m▄[48;2;220;220;220m[38;2;220;220;220m▄[48;2;221;221;221m[38;2;221;221;222m▄[48;2;222;222;222m[38;2;222;222;222m▄[48;2;222;222;222m[38;2;222;222;222m▄[48;2;223;223;223m[38;2;222;222;222m▄[48;2;223;223;223m[38;2;222;222;222m▄[48;2;223;223;223m[38;2;223;223;223m▄[48;2;223;223;223m[38;2;223;223;223m▄[48;2;224;224;224m[38;2;223;223;223m▄[48;2;224;224;224m[38;2;223;223;224m▄[48;2;224;224;224m[38;2;223;223;224m▄[48;2;224;224;224m[38;2;224;224;223m▄[48;2;224;224;224m[38;2;223;223;223m▄[48;2;225;224;225m[38;2;224;224;224m▄[48;2;224;224;225m[38;2;224;224;224m▄[48;2;225;225;225m[38;2;224;224;224m▄[48;2;224;224;224m[38;2;224;224;224m▄[48;2;224;224;224m[38;2;224;224;224m▄[48;2;224;224;224m[38;2;224;223;223m▄[48;2;224;224;224m[38;2;223;224;223m▄[48;2;224;224;224m[38;2;223;221;222m▄[48;2;224;222;223m[38;2;226;232;230m▄[48;2;225;231;230m[38;2;216;189;197m▄[48;2;219;211;213m[38;2;214;130;147m▄[48;2;220;174;187m[38;2;228;148;158m▄[48;2;200;151;159m[38;2;231;136;150m▄[48;2;139;145;110m[38;2;224;105;133m▄[48;2;107;160;92m[38;2;207;110;134m▄[48;2;70;126;57m[38;2;212;144;151m▄[48;2;70;144;63m[38;2;130;148;99m▄[48;2;107;167;73m[38;2;89;156;65m▄[48;2;123;175;75m[38;2;112;177;70m▄[48;2;138;185;85m[38;2;124;182;71m▄[48;2;152;197;94m[38;2;116;171;67m▄[48;2;111;167;78m[38;2;126;167;109m▄[48;2;177;196;177m[38;2;195;201;197m▄[48;2;225;222;225m[38;2;218;216;219m▄[48;2;216;216;215m[38;2;216;217;216m▄[48;2;217;217;217m[38;2;217;217;217m▄[48;2;216;216;216m[38;2;216;216;216m▄[48;2;216;216;216m[38;2;215;215;215m▄[48;2;215;215;215m[38;2;215;215;215m▄[48;2;215;215;215m[38;2;215;215;215m▄[48;2;215;215;215m[38;2;214;214;214m▄[48;2;214;214;214m[38;2;214;214;214m▄[48;2;214;214;214m[38;2;213;212;214m▄[48;2;212;212;212m[38;2;212;212;213m▄[48;2;212;212;212m[38;2;213;213;213m▄[48;2;211;211;212m[38;2;211;211;211m▄[48;2;210;210;210m[38;2;210;210;210m▄[48;2;211;211;211m[38;2;210;210;210m▄[48;2;211;211;211m[38;2;210;210;210m▄[48;2;210;210;210m[38;2;210;210;210m▄[48;2;209;209;209m[38;2;209;209;209m▄[48;2;209;209;209m[38;2;209;208;209m▄[48;2;209;209;209m[38;2;209;208;209m▄[48;2;208;208;208m[38;2;208;208;208m▄[48;2;207;207;207m[38;2;207;207;207m▄[48;2;207;207;207m[38;2;207;207;207m▄[48;2;207;207;207m[38;2;206;207;206m▄[0m
[48;2;216;216;216m[38;2;216;216;216m▄[48;2;216;216;216m[38;2;216;216;216m▄[48;2;217;217;217m[38;2;217;217;217m▄[48;2;218;218;218m[38;2;217;217;217m▄[48;2;220;220;220m[38;2;219;219;219m▄[48;2;221;221;221m[38;2;219;219;219m▄[48;2;221;221;222m[38;2;220;220;220m▄[48;2;222;222;222m[38;2;221;221;221m▄[48;2;222;222;222m[38;2;221;221;221m▄[48;2;222;222;222m[38;2;221;221;221m▄[48;2;222;222;222m[38;2;222;222;222m▄[48;2;222;222;223m[38;2;222;222;222m▄[48;2;223;223;223m[38;2;223;222;222m▄[48;2;223;223;223m[38;2;222;222;222m▄[48;2;223;223;223m[38;2;223;223;223m▄[48;2;224;223;224m[38;2;223;223;223m▄[48;2;223;223;223m[38;2;223;223;223m▄[48;2;223;223;223m[38;2;223;223;223m▄[48;2;224;224;224m[38;2;224;224;224m▄[48;2;224;224;224m[38;2;223;223;223m▄[48;2;224;224;224m[38;2;223;223;223m▄[48;2;223;223;223m[38;2;224;224;224m▄[48;2;223;223;223m[38;2;223;223;223m▄[48;2;223;222;222m[38;2;223;221;222m▄[48;2;224;228;227m[38;2;224;230;230m▄[48;2;218;204;206m[38;2;211;151;165m▄[48;2;215;132;148m[38;2;232;157;166m▄[48;2;236;164;171m[38;2;228;137;150m▄[48;2;230;138;149m[38;2;228;133;144m▄[48;2;219;107;125m[38;2;213;103;122m▄[48;2;210;109;128m[38;2;227;153;165m▄[48;2;232;156;166m[38;2;232;141;152m▄[48;2;237;145;158m[38;2;227;132;144m▄[48;2;236;135;152m[38;2;228;136;146m▄[48;2;193;135;129m[38;2;236;136;151m▄[48;2;160;138;107m[38;2;240;133;152m▄[48;2;150;157;121m[38;2;232;133;153m▄[48;2;165;187;169m[38;2;208;192;199m▄[48;2;201;197;203m[38;2;205;209;207m▄[48;2;206;204;207m[38;2;212;211;211m▄[48;2;212;212;213m[38;2;216;215;216m▄[48;2;217;217;217m[38;2;216;216;216m▄[48;2;216;216;216m[38;2;216;216;216m▄[48;2;217;216;217m[38;2;216;216;216m▄[48;2;216;216;216m[38;2;215;216;216m▄[48;2;215;215;215m[38;2;215;215;215m▄[48;2;214;214;214m[38;2;214;214;214m▄[48;2;214;214;214m[38;2;214;214;214m▄[48;2;214;214;214m[38;2;214;214;214m▄[48;2;213;213;214m[38;2;212;212;213m▄[48;2;213;213;213m[38;2;213;212;212m▄[48;2;213;213;213m[38;2;211;211;211m▄[48;2;211;211;211m[38;2;211;211;211m▄[48;2;211;211;211m[38;2;211;211;211m▄[48;2;210;210;210m[38;2;210;210;210m▄[48;2;210;210;210m[38;2;210;210;210m▄[48;2;210;210;210m[38;2;208;208;208m▄[48;2;209;209;209m[38;2;209;209;209m▄[48;2;208;208;208m[38;2;209;209;209m▄[48;2;209;209;209m[38;2;208;208;208m▄[48;2;208;208;208m[38;2;208;208;208m▄[48;2;208;208;208m[38;2;207;207;207m▄[48;2;208;207;208m[38;2;207;207;207m▄[48;2;207;207;207m[38;2;206;206;206m▄[0m
[48;2;216;216;216m[38;2;216;216;216m▄[48;2;216;216;216m[38;2;216;216;216m▄[48;2;216;216;216m[38;2;216;216;216m▄[48;2;217;217;217m[38;2;216;216;216m▄[48;2;217;217;217m[38;2;217;217;217m▄[48;2;218;218;218m[38;2;217;217;217m▄[48;2;220;220;220m[38;2;218;218;218m▄[48;2;220;220;220m[38;2;219;219;219m▄[48;2;220;220;220m[38;2;221;221;221m▄[48;2;221;221;221m[38;2;221;221;221m▄[48;2;221;221;221m[38;2;220;220;220m▄[48;2;221;221;221m[38;2;221;221;221m▄[48;2;222;222;222m[38;2;221;221;221m▄[48;2;222;222;222m[38;2;221;221;221m▄[48;2;222;222;222m[38;2;222;222;222m▄[48;2;222;222;223m[38;2;222;222;222m▄[48;2;223;223;223m[38;2;222;222;222m▄[48;2;223;223;223m[38;2;222;222;222m▄[48;2;223;223;223m[38;2;222;222;222m▄[48;2;223;223;223m[38;2;222;222;223m▄[48;2;223;223;223m[38;2;222;222;222m▄[48;2;223;223;224m[38;2;222;222;222m▄[48;2;223;223;223m[38;2;222;222;222m▄[48;2;223;225;224m[38;2;224;227;226m▄[48;2;220;213;216m[38;2;217;202;207m▄[48;2;214;140;156m[38;2;218;142;156m▄[48;2;234;156;165m[38;2;232;149;159m▄[48;2;227;131;143m[38;2;228;133;144m▄[48;2;228;132;145m[38;2;228;135;146m▄[48;2;223;132;146m[38;2;233;151;161m▄[48;2;232;151;162m[38;2;229;135;148m▄[48;2;227;131;144m[38;2;229;136;148m▄[48;2;228;137;148m[38;2;229;136;147m▄[48;2;228;135;148m[38;2;229;136;148m▄[48;2;227;135;146m[38;2;229;135;146m▄[48;2;227;138;147m[38;2;229;136;147m▄[48;2;220;105;122m[38;2;224;117;133m▄[48;2;205;125;141m[38;2;212;104;124m▄[48;2;213;218;217m[38;2;206;195;199m▄[48;2;217;216;216m[38;2;216;219;218m▄[48;2;215;215;216m[38;2;216;215;216m▄[48;2;216;216;216m[38;2;216;216;217m▄[48;2;217;217;217m[38;2;216;216;216m▄[48;2;216;216;216m[38;2;216;216;216m▄[48;2;215;215;215m[38;2;215;215;215m▄[48;2;215;215;215m[38;2;215;215;215m▄[48;2;214;214;214m[38;2;214;214;214m▄[48;2;214;214;214m[38;2;214;213;214m▄[48;2;213;213;213m[38;2;213;213;213m▄[48;2;212;212;212m[38;2;212;212;212m▄[48;2;212;212;212m[38;2;212;212;212m▄[48;2;211;211;211m[38;2;211;211;211m▄[48;2;210;210;210m[38;2;210;210;210m▄[48;2;210;210;210m[38;2;210;210;210m▄[48;2;210;210;210m[38;2;210;210;210m▄[48;2;210;209;209m[38;2;209;209;209m▄[48;2;208;208;208m[38;2;209;209;209m▄[48;2;209;209;209m[38;2;209;209;209m▄[48;2;209;209;209m[38;2;209;209;209m▄[48;2;208;208;208m[38;2;208;208;208m▄[48;2;208;208;208m[38;2;207;207;207m▄[48;2;207;207;207m[38;2;207;207;208m▄[48;2;207;207;207m[38;2;207;207;208m▄[48;2;206;206;206m[38;2;205;205;206m▄[0m
[48;2;216;216;216m[38;2;215;215;215m▄[48;2;216;216;216m[38;2;216;216;216m▄[48;2;216;216;216m[38;2;216;216;216m▄[48;2;216;216;216m[38;2;216;216;216m▄[48;2;216;216;217m[38;2;217;217;217m▄[48;2;217;217;217m[38;2;217;217;217m▄[48;2;217;217;217m[38;2;217;217;217m▄[48;2;218;218;218m[38;2;217;217;217m▄[48;2;219;219;219m[38;2;217;217;217m▄[48;2;219;219;219m[38;2;218;218;218m▄[48;2;220;220;220m[38;2;219;219;219m▄[48;2;220;220;220m[38;2;219;219;219m▄[48;2;220;220;220m[38;2;220;220;220m▄[48;2;221;221;221m[38;2;221;221;221m▄[48;2;221;221;221m[38;2;221;221;221m▄[48;2;221;221;221m[38;2;221;221;221m▄[48;2;222;222;222m[38;2;222;222;222m▄[48;2;222;222;222m[38;2;222;222;222m▄[48;2;222;222;222m[38;2;222;222;222m▄[48;2;222;222;222m[38;2;222;222;222m▄[48;2;222;222;222m[38;2;222;222;222m▄[48;2;222;222;222m[38;2;221;221;221m▄[48;2;222;221;222m[38;2;222;221;221m▄[48;2;223;226;225m[38;2;222;221;221m▄[48;2;217;204;208m[38;2;219;219;220m▄[48;2;217;141;156m[38;2;211;139;154m▄[48;2;233;150;159m[38;2;231;148;156m▄[48;2;228;132;144m[38;2;228;134;145m▄[48;2;229;136;148m[38;2;230;137;148m▄[48;2;229;140;149m[38;2;229;135;146m▄[48;2;229;136;148m[38;2;229;136;147m▄[48;2;228;135;147m[38;2;229;136;147m▄[48;2;230;135;147m[38;2;229;136;147m▄[48;2;230;135;146m[38;2;229;135;146m▄[48;2;229;135;146m[38;2;230;137;148m▄[48;2;228;136;147m[38;2;226;130;142m▄[48;2;223;115;130m[38;2;222;108;125m▄[48;2;212;105;125m[38;2;208;111;130m▄[48;2;200;185;189m[38;2;196;194;195m▄[48;2;214;217;217m[38;2;213;213;213m▄[48;2;216;215;216m[38;2;216;216;216m▄[48;2;215;215;215m[38;2;215;215;215m▄[48;2;215;215;215m[38;2;215;215;215m▄[48;2;215;215;215m[38;2;215;215;215m▄[48;2;215;215;215m[38;2;215;215;215m▄[48;2;214;214;214m[38;2;214;214;214m▄[48;2;214;214;214m[38;2;214;214;214m▄[48;2;213;213;214m[38;2;213;213;213m▄[48;2;213;212;213m[38;2;211;211;211m▄[48;2;212;212;213m[38;2;212;211;212m▄[48;2;211;211;212m[38;2;211;211;211m▄[48;2;211;211;211m[38;2;211;211;211m▄[48;2;210;210;210m[38;2;211;211;211m▄[48;2;210;210;210m[38;2;210;210;210m▄[48;2;210;210;210m[38;2;209;209;210m▄[48;2;209;209;209m[38;2;209;209;209m▄[48;2;209;209;209m[38;2;209;209;209m▄[48;2;209;209;210m[38;2;208;208;209m▄[48;2;208;208;208m[38;2;208;208;208m▄[48;2;208;208;208m[38;2;207;207;207m▄[48;2;207;207;207m[38;2;207;207;207m▄[48;2;206;207;206m[38;2;206;206;206m▄[48;2;207;207;207m[38;2;205;205;205m▄[48;2;205;205;205m[38;2;204;204;204m▄[0m
[48;2;215;215;215m[38;2;215;215;215m▄[48;2;216;216;216m[38;2;216;216;216m▄[48;2;216;216;216m[38;2;216;216;216m▄[48;2;216;216;216m[38;2;216;216;216m▄[48;2;217;217;217m[38;2;216;216;216m▄[48;2;216;216;216m[38;2;216;216;216m▄[48;2;216;216;216m[38;2;216;216;216m▄[48;2;217;217;217m[38;2;216;216;216m▄[48;2;217;217;217m[38;2;216;216;216m▄[48;2;217;217;217m[38;2;216;216;216m▄[48;2;217;217;217m[38;2;217;217;217m▄[48;2;218;218;218m[38;2;217;217;217m▄[48;2;219;219;219m[38;2;217;217;217m▄[48;2;219;219;219m[38;2;217;217;217m▄[48;2;219;219;218m[38;2;218;218;218m▄[48;2;221;221;221m[38;2;220;220;220m▄[48;2;221;221;221m[38;2;219;219;219m▄[48;2;221;221;221m[38;2;227;226;226m▄[48;2;221;221;221m[38;2;226;226;226m▄[48;2;221;220;220m[38;2;222;229;227m▄[48;2;220;220;220m[38;2;225;229;228m▄[48;2;221;221;221m[38;2;224;220;220m▄[48;2;220;221;221m[38;2;222;220;221m▄[48;2;220;219;219m[38;2;220;222;222m▄[48;2;221;224;224m[38;2;218;219;219m▄[48;2;215;186;192m[38;2;217;220;220m▄[48;2;233;166;173m[38;2;218;151;163m▄[48;2;229;135;147m[38;2;234;146;155m▄[48;2;230;136;147m[38;2;229;136;147m▄[48;2;230;135;147m[38;2;229;135;147m▄[48;2;229;136;146m[38;2;230;138;148m▄[48;2;229;136;146m[38;2;231;141;150m▄[48;2;229;136;147m[38;2;230;137;147m▄[48;2;229;136;148m[38;2;228;135;145m▄[48;2;230;138;150m[38;2;223;118;133m▄[48;2;221;114;130m[38;2;224;107;125m▄[48;2;224;113;128m[38;2;214;126;141m▄[48;2;201;146;157m[38;2;193;196;196m▄[48;2;197;204;203m[38;2;202;202;203m▄[48;2;213;211;211m[38;2;214;214;214m▄[48;2;216;216;216m[38;2;215;215;215m▄[48;2;215;215;215m[38;2;215;214;215m▄[48;2;215;215;215m[38;2;214;215;214m▄[48;2;214;214;214m[38;2;214;214;214m▄[48;2;214;214;214m[38;2;214;214;214m▄[48;2;214;214;214m[38;2;214;214;214m▄[48;2;214;214;214m[38;2;213;213;213m▄[48;2;212;212;212m[38;2;211;211;211m▄[48;2;211;211;211m[38;2;211;211;211m▄[48;2;211;211;211m[38;2;210;210;210m▄[48;2;211;211;211m[38;2;210;210;210m▄[48;2;210;210;211m[38;2;210;210;210m▄[48;2;210;210;210m[38;2;210;210;210m▄[48;2;210;210;210m[38;2;210;210;210m▄[48;2;210;210;209m[38;2;209;209;209m▄[48;2;209;209;209m[38;2;209;209;209m▄[48;2;208;208;209m[38;2;208;208;209m▄[48;2;208;208;208m[38;2;207;207;208m▄[48;2;208;208;208m[38;2;207;207;207m▄[48;2;207;207;207m[38;2;207;207;207m▄[48;2;206;206;207m[38;2;207;207;207m▄[48;2;206;206;206m[38;2;205;205;205m▄[48;2;205;205;205m[38;2;204;204;204m▄[48;2;205;205;205m[38;2;204;204;204m▄[0m
[48;2;215;215;215m[38;2;215;215;215m▄[48;2;216;216;216m[38;2;215;215;215m▄[48;2;215;215;215m[38;2;215;215;215m▄[48;2;215;215;215m[38;2;215;215;215m▄[48;2;217;217;217m[38;2;216;216;216m▄[48;2;217;217;217m[38;2;216;216;216m▄[48;2;216;216;216m[38;2;216;216;216m▄[48;2;216;216;216m[38;2;216;216;216m▄[48;2;216;216;216m[38;2;216;216;216m▄[48;2;216;216;216m[38;2;216;216;216m▄[48;2;216;216;216m[38;2;216;216;216m▄[48;2;217;217;217m[38;2;216;216;216m▄[48;2;217;217;217m[38;2;216;216;216m▄[48;2;216;217;217m[38;2;216;216;216m▄[48;2;216;217;217m[38;2;219;219;219m▄[48;2;216;216;216m[38;2;224;223;223m▄[48;2;224;223;223m[38;2;227;229;229m▄[48;2;227;230;230m[38;2;231;217;220m▄[48;2;223;221;221m[38;2;238;166;180m▄[48;2;233;195;200m[38;2;238;176;186m▄[48;2;241;181;189m[38;2;231;199;202m▄[48;2;238;190;196m[38;2;233;193;198m▄[48;2;240;211;217m[38;2;212;204;205m▄[48;2;239;198;207m[38;2;223;188;196m▄[48;2;227;209;213m[38;2;244;181;192m▄[48;2;218;224;223m[38;2;220;200;203m▄[48;2;208;169;179m[38;2;216;224;223m▄[48;2;216;118;134m[38;2;204;165;174m▄[48;2;232;135;146m[38;2;206;113;132m▄[48;2;233;137;147m[38;2;211;113;132m▄[48;2;219;111;128m[38;2;203;115;134m▄[48;2;224;118;133m[38;2;197;125;140m▄[48;2;225;121;134m[38;2;205;111;129m▄[48;2;222;109;125m[38;2;210;104;125m▄[48;2;224;109;127m[38;2;205;111;131m▄[48;2;213;98;119m[38;2;193;160;168m▄[48;2;193;159;168m[38;2;195;201;201m▄[48;2;197;202;201m[38;2;204;203;203m▄[48;2;210;208;209m[38;2;214;214;214m▄[48;2;215;215;216m[38;2;215;215;215m▄[48;2;215;215;215m[38;2;215;215;215m▄[48;2;214;214;214m[38;2;214;214;215m▄[48;2;214;214;215m[38;2;214;214;214m▄[48;2;214;214;214m[38;2;214;214;214m▄[48;2;213;213;213m[38;2;212;212;212m▄[48;2;213;213;214m[38;2;211;211;211m▄[48;2;213;213;213m[38;2;211;211;211m▄[48;2;211;212;212m[38;2;211;211;211m▄[48;2;210;210;210m[38;2;210;210;210m▄[48;2;210;210;210m[38;2;210;210;210m▄[48;2;210;210;210m[38;2;210;210;211m▄[48;2;210;210;210m[38;2;210;210;211m▄[48;2;210;210;210m[38;2;209;209;209m▄[48;2;210;209;209m[38;2;208;208;208m▄[48;2;208;208;208m[38;2;208;208;208m▄[48;2;208;209;209m[38;2;208;207;209m▄[48;2;208;208;208m[38;2;207;207;208m▄[48;2;207;207;208m[38;2;207;207;207m▄[48;2;207;207;207m[38;2;207;207;207m▄[48;2;207;207;207m[38;2;207;207;207m▄[48;2;206;206;206m[38;2;206;205;207m▄[48;2;205;205;205m[38;2;205;205;205m▄[48;2;204;204;204m[38;2;204;204;204m▄[48;2;204;204;204m[38;2;204;204;204m▄[0m
[48;2;214;214;214m[38;2;214;214;214m▄[48;2;215;215;214m[38;2;214;214;214m▄[48;2;215;215;215m[38;2;214;214;214m▄[48;2;215;215;215m[38;2;215;215;215m▄[48;2;215;215;215m[38;2;215;215;215m▄[48;2;215;215;215m[38;2;215;215;215m▄[48;2;216;216;216m[38;2;216;216;216m▄[48;2;216;216;216m[38;2;215;215;215m▄[48;2;216;216;216m[38;2;215;215;215m▄[48;2;216;216;216m[38;2;216;216;216m▄[48;2;216;216;216m[38;2;216;216;216m▄[48;2;216;216;216m[38;2;216;216;216m▄[48;2;216;216;216m[38;2;217;217;217m▄[48;2;217;217;217m[38;2;216;216;216m▄[48;2;223;223;223m[38;2;216;216;216m▄[48;2;226;225;225m[38;2;224;224;225m▄[48;2;233;236;234m[38;2;224;225;225m▄[48;2;238;164;175m[38;2;239;159;169m▄[48;2;230;161;170m[38;2;216;178;182m▄[48;2;207;221;215m[38;2;201;203;203m▄[48;2;235;192;197m[38;2;235;146;160m▄[48;2;231;154;168m[38;2;206;175;178m▄[48;2;199;203;202m[38;2;203;210;208m▄[48;2;211;207;207m[38;2;236;176;186m▄[48;2;243;160;171m[38;2;224;141;156m▄[48;2;209;170;177m[38;2;195;189;190m▄[48;2;209;217;216m[38;2;217;206;206m▄[48;2;214;224;222m[38;2;227;196;201m▄[48;2;203;210;209m[38;2;222;201;205m▄[48;2;196;192;194m[38;2;215;208;208m▄[48;2;197;200;199m[38;2;210;211;210m▄[48;2;199;208;205m[38;2;212;210;209m▄[48;2;198;196;197m[38;2;213;213;212m▄[48;2;194;185;188m[38;2;211;213;213m▄[48;2;194;195;195m[38;2;208;208;208m▄[48;2;197;203;202m[38;2;210;208;209m▄[48;2;204;202;203m[38;2;214;214;214m▄[48;2;212;212;212m[38;2;215;215;214m▄[48;2;214;214;214m[38;2;214;214;214m▄[48;2;214;214;214m[38;2;214;214;214m▄[48;2;214;214;214m[38;2;214;214;214m▄[48;2;214;214;214m[38;2;213;213;213m▄[48;2;213;213;213m[38;2;212;212;213m▄[48;2;213;212;213m[38;2;212;211;212m▄[48;2;212;211;212m[38;2;211;211;211m▄[48;2;211;211;211m[38;2;211;211;211m▄[48;2;210;210;210m[38;2;210;210;211m▄[48;2;210;210;210m[38;2;210;209;210m▄[48;2;210;210;210m[38;2;210;210;210m▄[48;2;210;210;210m[38;2;209;210;210m▄[48;2;210;210;211m[38;2;211;211;210m▄[48;2;210;210;210m[38;2;210;210;211m▄[48;2;209;209;209m[38;2;209;208;209m▄[48;2;208;208;208m[38;2;208;208;208m▄[48;2;208;208;208m[38;2;208;208;208m▄[48;2;208;208;208m[38;2;208;208;208m▄[48;2;207;207;207m[38;2;207;207;207m▄[48;2;207;207;207m[38;2;206;206;206m▄[48;2;206;207;206m[38;2;206;206;206m▄[48;2;206;206;206m[38;2;206;205;206m▄[48;2;206;206;206m[38;2;204;204;205m▄[48;2;204;204;204m[38;2;203;203;204m▄[48;2;203;203;203m[38;2;203;203;203m▄[48;2;203;203;203m[38;2;204;204;204m▄[0m
[48;2;213;213;213m[38;2;212;212;212m▄[48;2;214;214;214m[38;2;214;213;214m▄[48;2;214;214;214m[38;2;214;214;214m▄[48;2;214;214;214m[38;2;214;214;214m▄[48;2;215;215;215m[38;2;215;215;215m▄[48;2;215;215;215m[38;2;215;215;215m▄[48;2;215;215;215m[38;2;215;215;215m▄[48;2;215;215;215m[38;2;215;215;215m▄[48;2;215;215;215m[38;2;215;215;215m▄[48;2;216;216;216m[38;2;216;216;216m▄[48;2;216;216;216m[38;2;216;216;216m▄[48;2;216;216;216m[38;2;215;215;215m▄[48;2;216;216;216m[38;2;215;215;214m▄[48;2;218;218;218m[38;2;222;222;221m▄[48;2;223;223;223m[38;2;225;225;224m▄[48;2;234;233;233m[38;2;230;230;229m▄[48;2;227;229;228m[38;2;243;242;242m▄[48;2;219;204;206m[38;2;230;232;231m▄[48;2;207;198;198m[38;2;210;216;212m▄[48;2;213;168;174m[38;2;220;120;135m▄[48;2;226;111;131m[38;2;210;122;136m▄[48;2;215;147;159m[38;2;214;132;146m▄[48;2;222;136;152m[38;2;219;106;127m▄[48;2;214;140;154m[38;2;205;208;206m▄[48;2;199;189;190m[38;2;207;209;206m▄[48;2;216;189;191m[38;2;225;117;137m▄[48;2;226;135;148m[38;2;205;157;164m▄[48;2;215;155;163m[38;2;211;190;190m▄[48;2;234;133;149m[38;2;218;108;126m▄[48;2;213;176;182m[38;2;203;190;191m▄[48;2;214;223;219m[38;2;212;207;206m▄[48;2;218;216;215m[38;2;220;160;173m▄[48;2;217;217;215m[38;2;214;185;189m▄[48;2;215;214;213m[38;2;214;220;215m▄[48;2;215;215;214m[38;2;214;213;212m▄[48;2;215;215;215m[38;2;215;214;215m▄[48;2;214;214;214m[38;2;215;214;214m▄[48;2;214;214;214m[38;2;214;214;214m▄[48;2;214;214;214m[38;2;214;214;214m▄[48;2;214;214;214m[38;2;213;213;214m▄[48;2;213;213;213m[38;2;213;212;213m▄[48;2;212;212;212m[38;2;211;211;211m▄[48;2;212;212;212m[38;2;211;211;211m▄[48;2;211;211;211m[38;2;211;210;212m▄[48;2;210;210;210m[38;2;210;210;210m▄[48;2;210;210;210m[38;2;210;210;210m▄[48;2;210;210;211m[38;2;210;210;210m▄[48;2;209;209;210m[38;2;210;210;210m▄[48;2;209;209;209m[38;2;209;209;209m▄[48;2;210;209;210m[38;2;209;209;210m▄[48;2;210;210;211m[38;2;209;209;210m▄[48;2;210;209;210m[38;2;209;209;209m▄[48;2;209;208;211m[38;2;208;208;211m▄[48;2;208;208;210m[38;2;208;207;211m▄[48;2;208;207;209m[38;2;208;208;209m▄[48;2;208;208;208m[38;2;208;208;208m▄[48;2;207;207;207m[38;2;208;208;208m▄[48;2;207;207;206m[38;2;207;207;208m▄[48;2;207;206;207m[38;2;206;207;207m▄[48;2;205;204;205m[38;2;204;204;204m▄[48;2;204;203;204m[38;2;204;204;204m▄[48;2;203;203;204m[38;2;203;203;203m▄[48;2;203;203;203m[38;2;203;203;203m▄[48;2;203;203;203m[38;2;203;203;203m▄[0m
[48;2;211;211;211m[38;2;211;211;211m▄[48;2;212;212;212m[38;2;211;211;211m▄[48;2;213;213;213m[38;2;212;212;212m▄[48;2;214;214;214m[38;2;213;213;213m▄[48;2;214;214;214m[38;2;214;214;214m▄[48;2;214;214;214m[38;2;214;214;214m▄[48;2;215;215;215m[38;2;214;214;214m▄[48;2;215;215;215m[38;2;215;215;215m▄[48;2;215;215;215m[38;2;215;215;215m▄[48;2;215;215;215m[38;2;215;215;215m▄[48;2;215;215;215m[38;2;215;215;215m▄[48;2;215;215;215m[38;2;215;215;215m▄[48;2;215;215;215m[38;2;215;215;215m▄[48;2;214;213;215m[38;2;214;214;215m▄[48;2;216;216;216m[38;2;219;219;219m▄[48;2;226;224;223m[38;2;230;230;229m▄[48;2;235;233;233m[38;2;222;221;221m▄[48;2;232;235;233m[38;2;226;227;226m▄[48;2;230;211;213m[38;2;242;238;238m▄[48;2;222;90;113m[38;2;234;134;152m▄[48;2;211;166;170m[38;2;216;179;183m▄[48;2;198;191;188m[38;2;211;227;220m▄[48;2;214;76;101m[38;2;209;132;143m▄[48;2;213;155;163m[38;2;214;69;96m▄[48;2;209;196;197m[38;2;213;170;175m▄[48;2;222;98;121m[38;2;218;106;122m▄[48;2;206;185;185m[38;2;218;117;130m▄[48;2;223;128;143m[38;2;217;126;135m▄[48;2;214;130;142m[38;2;222;107;121m▄[48;2;206;164;170m[38;2;206;132;140m▄[48;2;206;146;157m[38;2;209;169;175m▄[48;2;210;167;176m[38;2;211;109;132m▄[48;2;206;195;195m[38;2;205;210;206m▄[48;2;212;214;210m[38;2;211;208;206m▄[48;2;214;213;213m[38;2;215;219;217m▄[48;2;214;214;214m[38;2;214;216;216m▄[48;2;214;214;214m[38;2;213;213;213m▄[48;2;213;213;213m[38;2;213;213;213m▄[48;2;213;213;213m[38;2;211;211;211m▄[48;2;212;212;212m[38;2;211;211;211m▄[48;2;212;212;212m[38;2;210;210;210m▄[48;2;211;211;212m[38;2;210;210;210m▄[48;2;210;210;210m[38;2;210;210;210m▄[48;2;210;210;210m[38;2;210;210;210m▄[48;2;210;210;210m[38;2;210;210;210m▄[48;2;210;210;210m[38;2;210;210;210m▄[48;2;210;210;210m[38;2;209;209;209m▄[48;2;209;209;210m[38;2;209;209;209m▄[48;2;209;209;209m[38;2;208;208;209m▄[48;2;209;208;209m[38;2;208;208;209m▄[48;2;208;208;209m[38;2;208;208;209m▄[48;2;208;208;209m[38;2;208;208;208m▄[48;2;208;207;210m[38;2;208;208;208m▄[48;2;208;207;210m[38;2;208;207;208m▄[48;2;208;207;208m[38;2;207;207;208m▄[48;2;208;207;209m[38;2;207;207;207m▄[48;2;207;207;207m[38;2;207;207;206m▄[48;2;207;207;207m[38;2;206;206;205m▄[48;2;205;206;206m[38;2;204;205;205m▄[48;2;204;204;204m[38;2;203;203;204m▄[48;2;203;202;204m[38;2;203;203;203m▄[48;2;203;203;203m[38;2;203;203;203m▄[48;2;203;203;203m[38;2;203;203;203m▄[48;2;203;203;203m[38;2;203;203;203m▄[0m
[48;2;210;210;211m[38;2;211;211;211m▄[48;2;210;210;211m[38;2;210;210;210m▄[48;2;211;211;211m[38;2;211;211;211m▄[48;2;211;212;212m[38;2;210;210;212m▄[48;2;212;212;212m[38;2;210;210;212m▄[48;2;212;212;212m[38;2;211;211;211m▄[48;2;213;213;214m[38;2;212;211;213m▄[48;2;214;214;214m[38;2;213;213;214m▄[48;2;214;214;215m[38;2;214;214;214m▄[48;2;214;214;214m[38;2;214;214;214m▄[48;2;214;214;214m[38;2;214;214;214m▄[48;2;214;214;215m[38;2;213;213;214m▄[48;2;214;214;214m[38;2;214;214;214m▄[48;2;215;215;215m[38;2;214;214;214m▄[48;2;214;214;214m[38;2;214;214;214m▄[48;2;214;214;214m[38;2;215;215;215m▄[48;2;216;215;215m[38;2;214;214;214m▄[48;2;219;219;218m[38;2;215;215;215m▄[48;2;235;238;234m[38;2;215;215;214m▄[48;2;235;213;214m[38;2;215;219;217m▄[48;2;222;214;214m[38;2;214;215;212m▄[48;2;229;233;229m[38;2;229;227;225m▄[48;2;234;229;226m[38;2;246;249;245m▄[48;2;223;111;131m[38;2;249;247;246m▄[48;2;224;128;145m[38;2;246;204;209m▄[48;2;217;187;185m[38;2;245;203;208m▄[48;2;220;194;188m[38;2;248;225;223m▄[48;2;232;227;214m[38;2;254;246;240m▄[48;2;218;174;169m[38;2;238;232;218m▄[48;2;206;207;196m[38;2;217;220;211m▄[48;2;207;132;147m[38;2;201;131;145m▄[48;2;203;113;132m[38;2;188;67;97m▄[48;2;198;148;160m[38;2;198;168;173m▄[48;2;210;210;208m[38;2;210;220;214m▄[48;2;214;193;199m[38;2;204;148;162m▄[48;2;212;202;206m[38;2;207;186;190m▄[48;2;213;215;215m[38;2;212;216;214m▄[48;2;212;211;211m[38;2;210;209;210m▄[48;2;210;210;210m[38;2;210;210;210m▄[48;2;210;210;210m[38;2;210;210;210m▄[48;2;210;210;210m[38;2;210;209;210m▄[48;2;210;210;210m[38;2;209;209;210m▄[48;2;210;210;210m[38;2;210;210;210m▄[48;2;210;210;210m[38;2;210;210;211m▄[48;2;210;210;210m[38;2;209;209;209m▄[48;2;209;209;210m[38;2;209;209;209m▄[48;2;209;208;209m[38;2;208;208;209m▄[48;2;209;208;209m[38;2;208;208;208m▄[48;2;208;208;208m[38;2;208;208;208m▄[48;2;208;208;208m[38;2;207;207;207m▄[48;2;208;208;208m[38;2;207;207;207m▄[48;2;207;207;209m[38;2;207;207;207m▄[48;2;207;207;207m[38;2;207;207;207m▄[48;2;206;207;206m[38;2;207;207;207m▄[48;2;206;206;206m[38;2;206;206;206m▄[48;2;206;206;207m[38;2;205;204;205m▄[48;2;206;206;206m[38;2;204;204;205m▄[48;2;204;205;205m[38;2;203;203;204m▄[48;2;203;204;204m[38;2;203;203;204m▄[48;2;203;203;204m[38;2;203;202;203m▄[48;2;202;202;204m[38;2;203;202;203m▄[48;2;202;202;203m[38;2;202;202;203m▄[48;2;202;202;203m[38;2;202;201;202m▄[48;2;202;202;202m[38;2;202;201;202m▄[0m
[48;2;210;210;210m[38;2;210;210;210m▄[48;2;210;210;210m[38;2;210;210;210m▄[48;2;210;210;210m[38;2;210;210;210m▄[48;2;210;210;210m[38;2;210;210;210m▄[48;2;210;210;210m[38;2;210;210;210m▄[48;2;211;211;211m[38;2;212;212;212m▄[48;2;211;211;211m[38;2;212;212;211m▄[48;2;212;212;212m[38;2;212;212;212m▄[48;2;213;213;213m[38;2;213;213;213m▄[48;2;213;213;213m[38;2;213;213;214m▄[48;2;213;213;213m[38;2;213;213;214m▄[48;2;213;213;214m[38;2;214;214;214m▄[48;2;213;213;213m[38;2;214;214;214m▄[48;2;213;213;213m[38;2;214;214;215m▄[48;2;214;213;214m[38;2;215;214;215m▄[48;2;214;214;214m[38;2;215;215;215m▄[48;2;214;214;214m[38;2;215;214;215m▄[48;2;214;214;214m[38;2;215;215;215m▄[48;2;213;213;214m[38;2;214;214;214m▄[48;2;212;211;209m[38;2;214;214;214m▄[48;2;209;208;206m[38;2;214;214;212m▄[48;2;220;219;216m[38;2;214;213;210m▄[48;2;222;220;216m[38;2;215;213;210m▄[48;2;225;226;223m[38;2;215;212;208m▄[48;2;225;220;215m[38;2;216;214;208m▄[48;2;219;175;181m[38;2;212;213;205m▄[48;2;227;137;157m[38;2;209;205;198m▄[48;2;240;172;183m[38;2;211;200;195m▄[48;2;247;194;197m[38;2;212;204;197m▄[48;2;227;200;198m[38;2;208;206;200m▄[48;2;211;211;205m[38;2;206;206;200m▄[48;2;201;190;190m[38;2;202;203;197m▄[48;2;203;209;204m[38;2;198;195;193m▄[48;2;207;206;205m[38;2;199;199;198m▄[48;2;211;213;210m[38;2;201;201;199m▄[48;2;212;212;211m[38;2;201;201;201m▄[48;2;211;211;211m[38;2;203;202;204m▄[48;2;211;211;211m[38;2;205;205;205m▄[48;2;211;211;211m[38;2;206;206;207m▄[48;2;210;210;210m[38;2;207;207;209m▄[48;2;210;210;210m[38;2;208;208;208m▄[48;2;209;209;209m[38;2;208;208;208m▄[48;2;209;209;209m[38;2;208;208;209m▄[48;2;209;209;209m[38;2;208;207;208m▄[48;2;208;208;208m[38;2;208;208;208m▄[48;2;208;208;209m[38;2;208;207;208m▄[48;2;208;208;208m[38;2;207;207;208m▄[48;2;208;207;208m[38;2;207;207;207m▄[48;2;207;207;208m[38;2;207;207;207m▄[48;2;207;207;208m[38;2;207;207;207m▄[48;2;207;207;207m[38;2;206;207;207m▄[48;2;206;206;206m[38;2;206;206;206m▄[48;2;206;206;206m[38;2;206;206;206m▄[48;2;206;206;206m[38;2;205;205;206m▄[48;2;205;205;205m[38;2;204;204;205m▄[48;2;204;204;204m[38;2;203;203;203m▄[48;2;203;203;203m[38;2;202;202;202m▄[48;2;203;203;203m[38;2;203;203;203m▄[48;2;203;203;203m[38;2;202;202;202m▄[48;2;203;203;204m[38;2;202;202;202m▄[48;2;203;203;203m[38;2;202;202;202m▄[48;2;203;202;203m[38;2;201;201;203m▄[48;2;201;201;203m[38;2;201;201;202m▄[48;2;202;201;203m[38;2;201;201;201m▄[0m
[48;2;212;212;212m[38;2;215;215;215m▄[48;2;213;213;213m[38;2;216;216;216m▄[48;2;213;213;214m[38;2;216;216;216m▄[48;2;214;213;214m[38;2;216;216;216m▄[48;2;214;214;214m[38;2;216;216;216m▄[48;2;215;215;215m[38;2;217;217;217m▄[48;2;215;215;215m[38;2;216;216;216m▄[48;2;215;215;215m[38;2;217;217;217m▄[48;2;215;215;215m[38;2;217;217;217m▄[48;2;215;215;215m[38;2;217;217;217m▄[48;2;216;216;216m[38;2;216;216;216m▄[48;2;216;216;216m[38;2;216;216;216m▄[48;2;216;216;216m[38;2;217;217;217m▄[48;2;216;216;217m[38;2;217;217;217m▄[48;2;217;216;217m[38;2;217;217;217m▄[48;2;217;217;217m[38;2;217;217;217m▄[48;2;216;216;216m[38;2;218;218;218m▄[48;2;216;216;216m[38;2;218;218;218m▄[48;2;216;216;216m[38;2;218;218;218m▄[48;2;216;216;214m[38;2;218;218;218m▄[48;2;216;216;213m[38;2;218;218;217m▄[48;2;216;215;212m[38;2;218;217;216m▄[48;2;216;214;211m[38;2;218;217;214m▄[48;2;216;214;209m[38;2;218;216;213m▄[48;2;213;210;205m[38;2;216;212;209m▄[48;2;209;203;198m[38;2;214;208;205m▄[48;2;205;196;191m[38;2;211;204;200m▄[48;2;202;190;184m[38;2;209;200;195m▄[48;2;197;184;178m[38;2;208;196;192m▄[48;2;196;182;177m[38;2;205;193;188m▄[48;2;195;180;177m[38;2;204;190;188m▄[48;2;195;179;176m[38;2;203;190;187m▄[48;2;194;179;177m[38;2;202;188;186m▄[48;2;193;178;177m[38;2;201;187;187m▄[48;2;192;178;176m[38;2;201;187;187m▄[48;2;191;178;177m[38;2;201;189;188m▄[48;2;191;180;180m[38;2;202;191;190m▄[48;2;192;184;183m[38;2;205;196;196m▄[48;2;196;190;190m[38;2;208;201;202m▄[48;2;200;196;198m[38;2;211;207;206m▄[48;2;204;203;204m[38;2;212;211;211m▄[48;2;206;206;207m[38;2;213;212;213m▄[48;2;209;209;209m[38;2;212;212;212m▄[48;2;209;209;209m[38;2;211;211;211m▄[48;2;209;209;209m[38;2;211;211;211m▄[48;2;209;208;210m[38;2;210;211;211m▄[48;2;208;208;209m[38;2;210;210;210m▄[48;2;209;209;209m[38;2;209;209;210m▄[48;2;208;208;209m[38;2;210;209;210m▄[48;2;208;208;208m[38;2;210;210;210m▄[48;2;208;208;208m[38;2;209;209;209m▄[48;2;208;207;208m[38;2;209;209;209m▄[48;2;208;208;208m[38;2;209;209;209m▄[48;2;207;207;208m[38;2;209;209;209m▄[48;2;207;207;208m[38;2;208;208;209m▄[48;2;206;206;207m[38;2;208;208;208m▄[48;2;205;205;205m[38;2;208;208;208m▄[48;2;204;204;205m[38;2;207;207;208m▄[48;2;208;209;209m[38;2;214;214;214m▄[48;2;211;211;211m[38;2;219;219;219m▄[48;2;204;204;203m[38;2;207;207;208m▄[48;2;203;202;204m[38;2;206;206;206m▄[48;2;202;202;203m[38;2;206;206;206m▄[48;2;202;202;202m[38;2;205;205;205m▄[0m
[48;2;216;216;216m[38;2;219;219;219m▄[48;2;217;217;217m[38;2;220;220;220m▄[48;2;217;217;217m[38;2;220;220;220m▄[48;2;217;217;217m[38;2;221;221;221m▄[48;2;217;217;217m[38;2;221;221;221m▄[48;2;217;217;217m[38;2;221;221;221m▄[48;2;218;218;218m[38;2;221;221;221m▄[48;2;218;218;218m[38;2;221;221;221m▄[48;2;218;218;218m[38;2;222;222;222m▄[48;2;219;219;219m[38;2;223;223;223m▄[48;2;219;219;219m[38;2;223;223;223m▄[48;2;219;219;219m[38;2;223;223;223m▄[48;2;220;220;220m[38;2;222;222;222m▄[48;2;220;220;220m[38;2;222;222;222m▄[48;2;219;219;219m[38;2;222;222;222m▄[48;2;218;218;217m[38;2;220;220;220m▄[48;2;215;215;216m[38;2;217;217;217m▄[48;2;212;212;213m[38;2;212;212;213m▄[48;2;211;211;211m[38;2;208;208;208m▄[48;2;209;209;209m[38;2;204;204;204m▄[48;2;208;209;208m[38;2;202;202;202m▄[48;2;210;210;208m[38;2;203;203;203m▄[48;2;210;210;210m[38;2;203;202;203m▄[48;2;210;209;208m[38;2;201;201;201m▄[48;2;211;210;208m[38;2;201;200;197m▄[48;2;214;213;210m[38;2;200;200;197m▄[48;2;215;214;212m[38;2;201;201;197m▄[48;2;217;215;212m[38;2;202;201;199m▄[48;2;217;215;212m[38;2;203;203;201m▄[48;2;217;216;212m[38;2;206;206;204m▄[48;2;217;217;214m[38;2;208;208;206m▄[48;2;216;216;213m[38;2;210;209;207m▄[48;2;216;216;214m[38;2;212;212;210m▄[48;2;216;215;216m[38;2;215;215;215m▄[48;2;216;216;215m[38;2;217;217;217m▄[48;2;216;216;216m[38;2;216;216;216m▄[48;2;216;216;217m[38;2;217;217;217m▄[48;2;216;216;217m[38;2;217;217;216m▄[48;2;217;217;218m[38;2;216;216;216m▄[48;2;216;217;217m[38;2;216;216;216m▄[48;2;216;216;216m[38;2;216;216;216m▄[48;2;216;216;216m[38;2;216;216;216m▄[48;2;214;214;215m[38;2;216;216;216m▄[48;2;215;215;215m[38;2;216;216;216m▄[48;2;214;214;215m[38;2;215;215;215m▄[48;2;214;214;214m[38;2;215;215;215m▄[48;2;213;213;213m[38;2;215;215;215m▄[48;2;212;212;213m[38;2;215;215;215m▄[48;2;212;212;212m[38;2;215;215;215m▄[48;2;211;211;211m[38;2;214;214;214m▄[48;2;211;211;211m[38;2;214;214;214m▄[48;2;210;210;210m[38;2;213;213;213m▄[48;2;209;209;209m[38;2;212;212;212m▄[48;2;209;209;210m[38;2;211;211;212m▄[48;2;209;209;210m[38;2;211;211;212m▄[48;2;209;209;209m[38;2;210;210;210m▄[48;2;209;209;209m[38;2;209;209;210m▄[48;2;209;208;209m[38;2;209;209;209m▄[48;2;208;208;208m[38;2;209;209;209m▄[48;2;209;208;209m[38;2;209;209;209m▄[48;2;208;207;209m[38;2;209;209;210m▄[48;2;208;208;208m[38;2;209;209;209m▄[48;2;207;207;207m[38;2;208;208;208m▄[48;2;207;207;207m[38;2;208;208;208m▄[0m
[48;2;223;223;223m[38;2;225;225;225m▄[48;2;223;223;223m[38;2;225;225;225m▄[48;2;223;223;223m[38;2;224;224;224m▄[48;2;223;223;223m[38;2;224;224;224m▄[48;2;223;223;223m[38;2;225;225;225m▄[48;2;224;224;224m[38;2;224;224;224m▄[48;2;223;223;223m[38;2;225;225;225m▄[48;2;224;224;224m[38;2;226;226;226m▄[48;2;223;223;223m[38;2;226;226;226m▄[48;2;224;224;224m[38;2;226;226;226m▄[48;2;224;224;224m[38;2;225;225;225m▄[48;2;224;224;224m[38;2;226;226;226m▄[48;2;224;224;224m[38;2;226;226;226m▄[48;2;224;224;224m[38;2;226;226;226m▄[48;2;224;224;224m[38;2;225;225;225m▄[48;2;224;224;224m[38;2;224;224;224m▄[48;2;224;224;224m[38;2;224;224;224m▄[48;2;222;222;222m[38;2;225;225;224m▄[48;2;220;220;220m[38;2;225;225;225m▄[48;2;220;220;220m[38;2;225;225;225m▄[48;2;220;220;220m[38;2;225;225;225m▄[48;2;220;220;220m[38;2;225;225;225m▄[48;2;218;218;218m[38;2;225;225;225m▄[48;2;214;214;214m[38;2;225;225;225m▄[48;2;211;211;210m[38;2;225;225;225m▄[48;2;211;210;209m[38;2;225;225;226m▄[48;2;212;212;211m[38;2;225;225;225m▄[48;2;214;214;213m[38;2;224;224;224m▄[48;2;216;216;216m[38;2;224;224;224m▄[48;2;218;218;218m[38;2;224;224;224m▄[48;2;218;218;218m[38;2;224;224;224m▄[48;2;219;219;218m[38;2;224;224;224m▄[48;2;220;220;220m[38;2;224;224;224m▄[48;2;220;220;220m[38;2;223;223;223m▄[48;2;220;220;220m[38;2;222;222;222m▄[48;2;220;220;220m[38;2;222;222;222m▄[48;2;219;219;219m[38;2;221;221;221m▄[48;2;218;218;218m[38;2;221;221;221m▄[48;2;217;217;217m[38;2;220;220;220m▄[48;2;218;218;218m[38;2;221;221;221m▄[48;2;217;217;217m[38;2;219;219;219m▄[48;2;216;216;216m[38;2;218;218;218m▄[48;2;217;217;217m[38;2;218;218;218m▄[48;2;217;217;217m[38;2;217;217;218m▄[48;2;217;216;218m[38;2;217;216;217m▄[48;2;216;216;216m[38;2;217;217;217m▄[48;2;216;216;216m[38;2;216;216;216m▄[48;2;216;216;216m[38;2;216;216;216m▄[48;2;216;216;216m[38;2;217;217;217m▄[48;2;216;216;216m[38;2;216;216;216m▄[48;2;215;215;215m[38;2;216;216;216m▄[48;2;215;215;215m[38;2;215;215;215m▄[48;2;215;215;215m[38;2;216;216;216m▄[48;2;214;214;214m[38;2;215;215;215m▄[48;2;214;214;214m[38;2;215;215;215m▄[48;2;213;213;213m[38;2;214;214;214m▄[48;2;212;211;212m[38;2;214;214;214m▄[48;2;210;210;211m[38;2;213;213;214m▄[48;2;210;210;210m[38;2;213;213;213m▄[48;2;210;210;210m[38;2;212;212;213m▄[48;2;210;209;210m[38;2;212;212;212m▄[48;2;210;210;210m[38;2;210;210;210m▄[48;2;210;210;210m[38;2;210;210;210m▄[48;2;210;210;210m[38;2;210;210;210m▄[0m
