[48;2;219;219;219m[38;2;218;218;218m▄[48;2;220;220;220m[38;2;220;220;220m▄[48;2;222;222;222m[38;2;222;222;222m▄[48;2;222;222;222m[38;2;223;223;223m▄[48;2;223;223;223m[38;2;223;223;223m▄[48;2;224;224;224m[38;2;224;224;224m▄[48;2;224;224;224m[38;2;223;223;223m▄[48;2;224;224;224m[38;2;224;224;224m▄[48;2;224;224;224m[38;2;225;225;225m▄[48;2;224;224;224m[38;2;224;224;224m▄[48;2;225;225;225m[38;2;224;224;224m▄[48;2;226;226;226m[38;2;224;224;224m▄[48;2;227;227;227m[38;2;225;225;225m▄[48;2;228;228;228m[38;2;226;226;226m▄[48;2;228;228;228m[38;2;227;227;227m▄[48;2;228;228;228m[38;2;227;227;227m▄[48;2;228;228;228m[38;2;227;227;227m▄[48;2;228;228;228m[38;2;227;227;227m▄[48;2;227;227;227m[38;2;227;227;227m▄[48;2;227;227;227m[38;2;227;227;227m▄[48;2;227;227;227m[38;2;227;227;227m▄[48;2;227;227;227m[38;2;227;227;227m▄[48;2;227;227;227m[38;2;227;227;227m▄[48;2;227;227;227m[38;2;227;227;227m▄[48;2;227;227;227m[38;2;227;227;227m▄[48;2;227;227;227m[38;2;227;227;227m▄[48;2;228;228;228m[38;2;226;226;226m▄[48;2;227;227;227m[38;2;225;225;225m▄[48;2;225;225;225m[38;2;225;225;225m▄[48;2;224;224;224m[38;2;224;224;224m▄[48;2;225;225;225m[38;2;224;224;224m▄[48;2;225;225;225m[38;2;224;224;224m▄[48;2;225;225;225m[38;2;224;224;224m▄[48;2;224;224;224m[38;2;224;224;224m▄[48;2;223;223;223m[38;2;223;223;223m▄[48;2;223;223;223m[38;2;223;223;223m▄[48;2;223;223;223m[38;2;223;223;223m▄[48;2;222;222;222m[38;2;222;222;222m▄[48;2;221;221;221m[38;2;222;222;222m▄[48;2;222;222;222m[38;2;221;221;221m▄[48;2;221;221;221m[38;2;220;220;220m▄[48;2;219;219;219m[38;2;218;218;218m▄[48;2;217;217;217m[38;2;217;217;217m▄[48;2;217;217;217m[38;2;216;216;216m▄[48;2;217;217;217m[38;2;217;217;217m▄[48;2;217;217;217m[38;2;216;216;216m▄[48;2;217;217;217m[38;2;216;216;216m▄[48;2;216;216;216m[38;2;216;216;216m▄[48;2;215;215;215m[38;2;215;215;215m▄[48;2;215;215;215m[38;2;215;215;215m▄[48;2;214;214;214m[38;2;214;214;214m▄[48;2;213;213;213m[38;2;213;213;213m▄[48;2;213;213;213m[38;2;213;213;213m▄[48;2;212;211;212m[38;2;212;212;212m▄[48;2;211;211;211m[38;2;211;211;211m▄[48;2;211;211;211m[38;2;210;210;210m▄[48;2;211;211;211m[38;2;210;210;210m▄[48;2;210;210;210m[38;2;209;209;209m▄[48;2;208;208;208m[38;2;209;209;209m▄[48;2;209;209;209m[38;2;208;208;208m▄[48;2;208;208;208m[38;2;208;208;208m▄[48;2;208;208;208m[38;2;207;207;207m▄[48;2;207;207;207m[38;2;207;207;207m▄[48;2;207;207;207m[38;2;206;206;206m▄[0m
[48;2;217;217;217m[38;2;218;218;218m▄[48;2;219;219;219m[38;2;218;218;218m▄[48;2;220;220;220m[38;2;220;220;220m▄[48;2;222;222;222m[38;2;222;222;222m▄[48;2;222;222;222m[38;2;222;222;222m▄[48;2;223;223;223m[38;2;223;223;223m▄[48;2;223;223;223m[38;2;223;223;223m▄[48;2;223;223;223m[38;2;223;223;223m▄[48;2;224;224;224m[38;2;224;224;224m▄[48;2;225;225;225m[38;2;224;224;224m▄[48;2;225;225;225m[38;2;224;224;224m▄[48;2;224;224;224m[38;2;224;224;224m▄[48;2;225;225;225m[38;2;224;224;224m▄[48;2;224;224;224m[38;2;224;224;224m▄[48;2;225;225;225m[38;2;224;224;224m▄[48;2;226;226;226m[38;2;224;224;224m▄[48;2;226;226;226m[38;2;225;225;225m▄[48;2;227;227;227m[38;2;226;226;226m▄[48;2;227;227;227m[38;2;227;227;227m▄[48;2;227;227;227m[38;2;227;227;227m▄[48;2;227;227;227m[38;2;227;227;227m▄[48;2;227;227;227m[38;2;226;226;226m▄[48;2;227;227;227m[38;2;227;227;227m▄[48;2;227;227;227m[38;2;225;225;225m▄[48;2;227;227;227m[38;2;224;224;224m▄[48;2;226;226;226m[38;2;224;224;224m▄[48;2;224;224;224m[38;2;224;224;224m▄[48;2;225;225;225m[38;2;224;224;224m▄[48;2;223;223;222m[38;2;232;229;233m▄[48;2;223;224;223m[38;2;233;229;234m▄[48;2;224;224;224m[38;2;231;228;231m▄[48;2;224;224;224m[38;2;223;224;223m▄[48;2;224;224;224m[38;2;224;224;224m▄[48;2;224;224;224m[38;2;222;222;222m▄[48;2;222;223;222m[38;2;227;225;228m▄[48;2;221;222;221m[38;2;231;227;233m▄[48;2;223;223;223m[38;2;224;223;224m▄[48;2;222;222;222m[38;2;222;222;222m▄[48;2;221;221;221m[38;2;221;221;221m▄[48;2;221;221;221m[38;2;220;220;220m▄[48;2;219;219;219m[38;2;219;219;219m▄[48;2;218;218;218m[38;2;218;218;218m▄[48;2;217;217;217m[38;2;216;216;216m▄[48;2;216;216;216m[38;2;216;216;216m▄[48;2;216;216;216m[38;2;216;216;216m▄[48;2;216;216;216m[38;2;216;216;216m▄[48;2;216;216;216m[38;2;215;215;215m▄[48;2;215;215;215m[38;2;215;215;215m▄[48;2;215;215;215m[38;2;215;215;215m▄[48;2;214;214;214m[38;2;215;215;215m▄[48;2;214;214;214m[38;2;214;214;214m▄[48;2;213;213;213m[38;2;213;213;213m▄[48;2;213;213;213m[38;2;213;213;213m▄[48;2;212;212;212m[38;2;212;212;212m▄[48;2;210;210;210m[38;2;210;210;210m▄[48;2;211;211;211m[38;2;210;210;210m▄[48;2;210;210;210m[38;2;210;210;210m▄[48;2;210;210;210m[38;2;209;209;210m▄[48;2;209;209;209m[38;2;209;209;209m▄[48;2;208;208;208m[38;2;208;208;208m▄[48;2;208;208;208m[38;2;208;208;208m▄[48;2;208;208;208m[38;2;208;208;208m▄[48;2;207;207;207m[38;2;207;207;207m▄[48;2;206;206;206m[38;2;207;207;207m▄[0m
[48;2;218;218;218m[38;2;217;217;217m▄[48;2;218;218;218m[38;2;218;218;218m▄[48;2;220;220;220m[38;2;220;220;220m▄[48;2;222;222;222m[38;2;221;221;221m▄[48;2;223;223;222m[38;2;222;222;222m▄[48;2;223;223;223m[38;2;222;222;222m▄[48;2;223;223;223m[38;2;223;223;223m▄[48;2;223;223;223m[38;2;223;223;223m▄[48;2;224;224;224m[38;2;224;224;224m▄[48;2;224;224;224m[38;2;224;224;224m▄[48;2;225;225;225m[38;2;224;224;224m▄[48;2;225;225;225m[38;2;224;224;224m▄[48;2;225;225;225m[38;2;225;225;225m▄[48;2;224;224;224m[38;2;224;224;224m▄[48;2;225;225;225m[38;2;225;225;225m▄[48;2;225;225;225m[38;2;225;225;225m▄[48;2;225;225;225m[38;2;224;224;224m▄[48;2;225;225;225m[38;2;225;225;225m▄[48;2;225;225;225m[38;2;225;225;225m▄[48;2;225;225;225m[38;2;224;224;224m▄[48;2;226;226;226m[38;2;224;224;224m▄[48;2;225;225;225m[38;2;225;225;225m▄[48;2;225;225;225m[38;2;225;225;225m▄[48;2;224;224;224m[38;2;225;225;225m▄[48;2;225;225;225m[38;2;225;225;225m▄[48;2;225;225;225m[38;2;225;225;225m▄[48;2;225;225;225m[38;2;226;226;226m▄[48;2;225;225;226m[38;2;221;222;223m▄[48;2;172;196;167m[38;2;139;182;121m▄[48;2;167;193;163m[38;2;150;194;101m▄[48;2;198;209;199m[38;2;134;181;97m▄[48;2;230;228;231m[38;2;156;186;149m▄[48;2;223;223;223m[38;2;233;229;234m▄[48;2;231;227;231m[38;2;201;210;202m▄[48;2;194;207;194m[38;2;124;174;93m▄[48;2;164;192;157m[38;2;108;164;81m▄[48;2;220;221;220m[38;2;202;209;204m▄[48;2;223;223;223m[38;2;223;222;223m▄[48;2;221;221;221m[38;2;220;221;220m▄[48;2;220;220;220m[38;2;220;220;220m▄[48;2;219;219;219m[38;2;218;218;218m▄[48;2;217;217;217m[38;2;217;217;217m▄[48;2;217;217;217m[38;2;217;217;217m▄[48;2;216;216;216m[38;2;216;216;216m▄[48;2;216;216;216m[38;2;216;216;216m▄[48;2;216;216;216m[38;2;216;216;216m▄[48;2;215;215;215m[38;2;215;215;215m▄[48;2;215;215;215m[38;2;215;215;215m▄[48;2;215;215;215m[38;2;215;215;215m▄[48;2;215;215;215m[38;2;214;214;214m▄[48;2;214;213;215m[38;2;214;214;214m▄[48;2;213;213;214m[38;2;213;213;213m▄[48;2;213;213;213m[38;2;212;212;213m▄[48;2;212;212;212m[38;2;211;211;211m▄[48;2;211;211;211m[38;2;210;210;211m▄[48;2;211;211;211m[38;2;210;211;211m▄[48;2;211;211;211m[38;2;211;211;211m▄[48;2;210;210;210m[38;2;209;209;210m▄[48;2;208;208;208m[38;2;208;208;208m▄[48;2;209;209;209m[38;2;208;208;208m▄[48;2;208;208;208m[38;2;209;209;209m▄[48;2;208;208;208m[38;2;208;208;208m▄[48;2;207;207;207m[38;2;207;207;207m▄[48;2;206;206;206m[38;2;207;207;206m▄[0m
[48;2;217;217;217m[38;2;217;217;217m▄[48;2;218;218;218m[38;2;218;218;218m▄[48;2;219;219;219m[38;2;217;217;218m▄[48;2;221;221;221m[38;2;219;219;219m▄[48;2;221;221;221m[38;2;221;221;221m▄[48;2;222;222;222m[38;2;222;222;222m▄[48;2;222;222;222m[38;2;223;223;223m▄[48;2;223;223;223m[38;2;223;223;223m▄[48;2;223;223;223m[38;2;223;223;223m▄[48;2;224;224;224m[38;2;223;223;223m▄[48;2;224;224;224m[38;2;224;224;224m▄[48;2;224;224;224m[38;2;224;224;224m▄[48;2;224;224;224m[38;2;224;224;224m▄[48;2;225;225;225m[38;2;224;224;224m▄[48;2;225;225;225m[38;2;224;224;224m▄[48;2;225;225;225m[38;2;225;225;225m▄[48;2;225;225;225m[38;2;224;224;224m▄[48;2;224;224;224m[38;2;224;224;225m▄[48;2;224;224;224m[38;2;225;225;225m▄[48;2;224;224;224m[38;2;224;224;224m▄[48;2;224;224;224m[38;2;224;224;224m▄[48;2;224;224;224m[38;2;224;224;224m▄[48;2;225;225;225m[38;2;224;224;224m▄[48;2;225;225;225m[38;2;225;225;225m▄[48;2;224;224;224m[38;2;225;225;225m▄[48;2;225;225;225m[38;2;224;224;224m▄[48;2;223;224;223m[38;2;224;224;224m▄[48;2;230;228;232m[38;2;231;228;230m▄[48;2;155;187;146m[38;2;201;212;204m▄[48;2;145;189;85m[38;2;125;178;96m▄[48;2;144;188;85m[38;2;127;181;75m▄[48;2;124;177;75m[38;2;118;171;76m▄[48;2;175;193;172m[38;2;110;163;83m▄[48;2;138;176;122m[38;2;104;156;90m▄[48;2;126;169;102m[38;2;164;185;162m▄[48;2;200;203;203m[38;2;163;186;155m▄[48;2;220;215;221m[38;2;159;185;153m▄[48;2;224;222;224m[38;2;189;201;190m▄[48;2;220;220;219m[38;2;226;223;228m▄[48;2;219;219;219m[38;2;221;220;221m▄[48;2;218;218;218m[38;2;217;217;217m▄[48;2;217;217;217m[38;2;217;217;217m▄[48;2;216;216;216m[38;2;217;217;217m▄[48;2;216;216;216m[38;2;217;217;217m▄[48;2;217;217;217m[38;2;217;217;217m▄[48;2;216;216;216m[38;2;216;216;216m▄[48;2;215;215;215m[38;2;216;216;216m▄[48;2;215;215;215m[38;2;215;215;215m▄[48;2;215;215;215m[38;2;214;214;214m▄[48;2;215;215;215m[38;2;214;214;214m▄[48;2;214;214;214m[38;2;213;213;213m▄[48;2;212;212;212m[38;2;213;213;213m▄[48;2;213;213;213m[38;2;212;212;212m▄[48;2;212;212;212m[38;2;212;212;212m▄[48;2;211;211;211m[38;2;212;212;212m▄[48;2;211;211;211m[38;2;211;211;211m▄[48;2;210;210;210m[38;2;211;211;211m▄[48;2;209;209;209m[38;2;209;209;209m▄[48;2;208;208;208m[38;2;208;208;208m▄[48;2;208;208;209m[38;2;208;208;208m▄[48;2;208;208;209m[38;2;208;208;209m▄[48;2;208;208;208m[38;2;208;208;208m▄[48;2;207;207;207m[38;2;207;207;207m▄[48;2;206;205;207m[38;2;205;205;206m▄[0m
[48;2;216;216;216m[38;2;216;216;216m▄[48;2;217;217;217m[38;2;216;216;216m▄[48;2;217;217;217m[38;2;217;217;217m▄[48;2;218;218;218m[38;2;218;218;218m▄[48;2;219;219;219m[38;2;218;218;218m▄[48;2;222;222;222m[38;2;220;220;220m▄[48;2;222;222;222m[38;2;221;221;221m▄[48;2;222;222;222m[38;2;221;221;221m▄[48;2;223;223;223m[38;2;222;222;222m▄[48;2;223;223;223m[38;2;223;223;223m▄[48;2;224;224;224m[38;2;223;223;223m▄[48;2;224;224;224m[38;2;223;223;223m▄[48;2;224;224;224m[38;2;223;223;223m▄[48;2;224;224;224m[38;2;224;224;224m▄[48;2;224;224;224m[38;2;223;223;223m▄[48;2;224;224;224m[38;2;224;224;224m▄[48;2;224;224;224m[38;2;224;224;224m▄[48;2;225;225;224m[38;2;224;224;224m▄[48;2;224;224;225m[38;2;223;223;224m▄[48;2;224;224;225m[38;2;224;224;224m▄[48;2;225;225;225m[38;2;225;225;224m▄[48;2;225;225;225m[38;2;224;224;224m▄[48;2;225;225;225m[38;2;224;224;224m▄[48;2;224;224;224m[38;2;224;224;224m▄[48;2;224;224;224m[38;2;223;223;223m▄[48;2;224;224;224m[38;2;224;223;223m▄[48;2;224;224;224m[38;2;224;227;227m▄[48;2;224;230;228m[38;2;219;176;182m▄[48;2;228;215;220m[38;2;226;141;150m▄[48;2;185;176;166m[38;2;238;142;156m▄[48;2;123;162;95m[38;2;225;138;153m▄[48;2;99;166;80m[38;2;191;138;139m▄[48;2;71;143;58m[38;2;174;145;128m▄[48;2;84;150;77m[38;2;100;147;77m▄[48;2;113;169;88m[38;2;90;164;67m▄[48;2;126;179;83m[38;2;117;177;74m▄[48;2;143;189;95m[38;2;134;188;76m▄[48;2;141;186;104m[38;2;129;181;71m▄[48;2;147;182;136m[38;2;120;166;101m▄[48;2;215;217;216m[38;2;206;209;207m▄[48;2;219;218;219m[38;2;218;217;218m▄[48;2;216;217;216m[38;2;216;216;216m▄[48;2;216;216;216m[38;2;216;216;216m▄[48;2;217;217;217m[38;2;217;217;217m▄[48;2;217;217;217m[38;2;216;216;216m▄[48;2;216;216;216m[38;2;216;216;216m▄[48;2;215;215;215m[38;2;215;215;215m▄[48;2;215;215;215m[38;2;214;214;216m▄[48;2;214;214;214m[38;2;214;214;214m▄[48;2;214;214;214m[38;2;213;213;213m▄[48;2;213;213;213m[38;2;213;213;213m▄[48;2;212;212;212m[38;2;212;212;212m▄[48;2;211;211;211m[38;2;211;211;211m▄[48;2;211;211;211m[38;2;211;211;211m▄[48;2;210;210;210m[38;2;211;211;211m▄[48;2;211;211;211m[38;2;211;211;211m▄[48;2;211;211;211m[38;2;209;209;209m▄[48;2;209;209;209m[38;2;209;209;209m▄[48;2;209;209;209m[38;2;208;208;208m▄[48;2;208;208;208m[38;2;208;208;208m▄[48;2;208;208;208m[38;2;207;207;208m▄[48;2;207;207;207m[38;2;207;207;207m▄[48;2;207;207;207m[38;2;207;207;207m▄[48;2;205;205;206m[38;2;206;205;207m▄[0m
[48;2;216;216;216m[38;2;216;216;216m▄[48;2;216;216;216m[38;2;216;216;216m▄[48;2;216;216;216m[38;2;216;216;216m▄[48;2;217;217;217m[38;2;217;217;217m▄[48;2;218;218;218m[38;2;217;217;217m▄[48;2;219;219;219m[38;2;218;218;217m▄[48;2;220;220;221m[38;2;219;219;219m▄[48;2;221;221;222m[38;2;220;220;221m▄[48;2;221;221;221m[38;2;220;220;220m▄[48;2;222;222;222m[38;2;221;221;221m▄[48;2;223;223;223m[38;2;222;222;222m▄[48;2;223;223;223m[38;2;222;222;222m▄[48;2;223;223;223m[38;2;222;222;222m▄[48;2;223;223;223m[38;2;222;222;222m▄[48;2;223;223;223m[38;2;223;223;223m▄[48;2;223;223;223m[38;2;223;223;223m▄[48;2;224;224;224m[38;2;223;223;223m▄[48;2;223;223;223m[38;2;223;223;223m▄[48;2;223;224;223m[38;2;224;224;224m▄[48;2;223;223;223m[38;2;223;223;223m▄[48;2;223;223;223m[38;2;223;223;223m▄[48;2;224;224;224m[38;2;224;224;224m▄[48;2;224;224;224m[38;2;223;223;223m▄[48;2;224;224;224m[38;2;223;223;223m▄[48;2;223;223;223m[38;2;223;221;221m▄[48;2;224;229;228m[38;2;225;234;233m▄[48;2;220;196;200m[38;2;210;153;163m▄[48;2;228;131;142m[38;2;221;121;135m▄[48;2;237;139;150m[38;2;225;133;145m▄[48;2;237;140;150m[38;2;219;116;129m▄[48;2;229;128;140m[38;2;218;127;138m▄[48;2;234;144;156m[38;2;241;168;174m▄[48;2;253;165;178m[38;2;236;154;162m▄[48;2;213;127;134m[38;2;232;137;149m▄[48;2;162;149;116m[38;2;241;140;157m▄[48;2;143;158;98m[38;2;246;153;167m▄[48;2;134;158;101m[38;2;213;145;160m▄[48;2;149;176;145m[38;2;206;207;213m▄[48;2;196;196;198m[38;2;207;205;206m▄[48;2;209;207;209m[38;2;212;212;213m▄[48;2;215;215;215m[38;2;216;216;216m▄[48;2;217;217;217m[38;2;216;216;216m▄[48;2;217;217;217m[38;2;217;217;218m▄[48;2;216;216;216m[38;2;216;216;216m▄[48;2;216;216;216m[38;2;215;215;215m▄[48;2;215;215;216m[38;2;215;215;215m▄[48;2;215;215;215m[38;2;214;214;214m▄[48;2;214;214;214m[38;2;214;214;214m▄[48;2;215;215;215m[38;2;214;214;214m▄[48;2;214;214;214m[38;2;213;213;213m▄[48;2;214;214;214m[38;2;212;212;212m▄[48;2;212;212;212m[38;2;211;211;211m▄[48;2;211;211;211m[38;2;211;211;211m▄[48;2;211;211;211m[38;2;211;211;211m▄[48;2;211;211;211m[38;2;211;211;211m▄[48;2;210;211;210m[38;2;210;210;210m▄[48;2;209;209;210m[38;2;209;209;210m▄[48;2;209;208;210m[38;2;209;208;209m▄[48;2;209;209;208m[38;2;209;209;209m▄[48;2;208;208;209m[38;2;208;208;208m▄[48;2;208;207;209m[38;2;208;208;207m▄[48;2;207;207;207m[38;2;207;207;207m▄[48;2;207;207;207m[38;2;206;206;206m▄[48;2;206;206;206m[38;2;205;205;205m▄[0m
[48;2;216;216;216m[38;2;216;216;216m▄[48;2;216;216;216m[38;2;216;216;216m▄[48;2;216;216;216m[38;2;216;216;216m▄[48;2;216;216;216m[38;2;216;216;216m▄[48;2;217;217;217m[38;2;216;216;216m▄[48;2;217;217;217m[38;2;217;217;217m▄[48;2;218;218;218m[38;2;217;217;217m▄[48;2;218;218;218m[38;2;218;218;218m▄[48;2;218;218;218m[38;2;218;218;218m▄[48;2;220;220;220m[38;2;219;219;219m▄[48;2;221;221;221m[38;2;219;219;219m▄[48;2;221;221;221m[38;2;219;219;219m▄[48;2;221;221;221m[38;2;220;220;220m▄[48;2;221;221;221m[38;2;222;222;222m▄[48;2;222;222;222m[38;2;222;222;222m▄[48;2;222;222;223m[38;2;222;222;222m▄[48;2;223;223;223m[38;2;222;222;222m▄[48;2;222;222;222m[38;2;222;222;222m▄[48;2;223;223;223m[38;2;222;222;222m▄[48;2;223;223;223m[38;2;222;222;223m▄[48;2;223;223;223m[38;2;222;222;222m▄[48;2;223;223;223m[38;2;222;222;222m▄[48;2;223;223;223m[38;2;222;222;222m▄[48;2;222;221;222m[38;2;222;222;221m▄[48;2;225;229;228m[38;2;222;226;226m▄[48;2;215;190;194m[38;2;209;140;153m▄[48;2;217;125;139m[38;2;233;124;139m▄[48;2;232;132;146m[38;2;231;120;136m▄[48;2;235;131;145m[38;2;213;91;112m▄[48;2;219;135;148m[38;2;214;149;160m▄[48;2;220;161;169m[38;2;255;255;255m▄[48;2;227;131;143m[38;2;226;178;185m▄[48;2;243;161;170m[38;2;221;130;143m▄[48;2;231;144;153m[38;2;228;135;146m▄[48;2;225;133;143m[38;2;227;139;150m▄[48;2;239;167;171m[38;2;220;131;144m▄[48;2;208;103;117m[38;2;221;103;120m▄[48;2;202;160;167m[38;2;209;118;133m▄[48;2;216;223;222m[38;2;210;211;212m▄[48;2;217;215;216m[38;2;217;216;214m▄[48;2;216;217;218m[38;2;215;211;206m▄[48;2;216;217;217m[38;2;214;206;196m▄[48;2;216;215;213m[38;2;213;204;192m▄[48;2;216;217;217m[38;2;212;200;183m▄[48;2;216;217;219m[38;2;213;206;196m▄[48;2;215;215;214m[38;2;216;216;220m▄[48;2;215;215;215m[38;2;215;215;215m▄[48;2;214;214;214m[38;2;214;214;215m▄[48;2;214;214;214m[38;2;213;213;213m▄[48;2;212;212;212m[38;2;213;213;213m▄[48;2;212;212;212m[38;2;213;213;213m▄[48;2;211;211;211m[38;2;211;211;211m▄[48;2;211;211;211m[38;2;211;211;211m▄[48;2;211;211;211m[38;2;211;211;211m▄[48;2;210;210;210m[38;2;211;211;211m▄[48;2;210;210;210m[38;2;209;209;210m▄[48;2;209;209;209m[38;2;209;209;209m▄[48;2;208;208;208m[38;2;209;209;209m▄[48;2;209;209;209m[38;2;209;209;209m▄[48;2;208;207;208m[38;2;208;208;208m▄[48;2;207;207;207m[38;2;207;207;207m▄[48;2;207;207;207m[38;2;207;207;207m▄[48;2;206;206;206m[38;2;206;206;206m▄[48;2;205;205;205m[38;2;205;205;205m▄[0m
[48;2;215;215;215m[38;2;215;215;215m▄[48;2;216;216;216m[38;2;215;215;215m▄[48;2;216;216;216m[38;2;216;216;216m▄[48;2;216;216;216m[38;2;216;216;216m▄[48;2;216;216;216m[38;2;216;216;216m▄[48;2;216;216;216m[38;2;216;216;216m▄[48;2;217;217;217m[38;2;216;216;216m▄[48;2;217;217;217m[38;2;216;216;216m▄[48;2;217;217;217m[38;2;217;217;217m▄[48;2;218;218;218m[38;2;217;217;217m▄[48;2;218;218;218m[38;2;218;218;218m▄[48;2;218;218;218m[38;2;218;218;218m▄[48;2;219;219;219m[38;2;219;219;219m▄[48;2;221;220;221m[38;2;219;219;219m▄[48;2;221;221;221m[38;2;220;220;220m▄[48;2;221;221;221m[38;2;220;220;220m▄[48;2;222;222;222m[38;2;221;221;221m▄[48;2;222;222;222m[38;2;220;220;220m▄[48;2;222;222;221m[38;2;221;221;221m▄[48;2;221;221;222m[38;2;221;221;221m▄[48;2;221;221;222m[38;2;220;220;220m▄[48;2;222;222;222m[38;2;221;221;221m▄[48;2;221;221;221m[38;2;221;221;221m▄[48;2;222;220;222m[38;2;220;218;219m▄[48;2;220;223;224m[38;2;223;230;229m▄[48;2;205;127;141m[38;2;204;152;163m▄[48;2;231;116;131m[38;2;204;84;105m▄[48;2;212;104;123m[38;2;220;114;131m▄[48;2;209;96;116m[38;2;217;99;119m▄[48;2;201;94;113m[38;2;220;109;126m▄[48;2;229;191;199m[38;2;213;104;122m▄[48;2;255;255;255m[38;2;214;156;167m▄[48;2;241;223;226m[38;2;251;251;252m▄[48;2;209;129;143m[38;2;221;163;175m▄[48;2;206;96;116m[38;2;224;104;121m▄[48;2;220;109;126m[38;2;234;129;141m▄[48;2;232;119;134m[38;2;225;106;122m▄[48;2;208;109;125m[38;2;194;125;137m▄[48;2;202;199;201m[38;2;202;208;207m▄[48;2;215;213;209m[38;2;215;213;214m▄[48;2;215;211;206m[38;2;216;217;218m▄[48;2;215;214;213m[38;2;215;215;215m▄[48;2;215;216;217m[38;2;214;214;212m▄[48;2;214;214;215m[38;2;215;217;222m▄[48;2;209;194;174m[38;2;211;206;200m▄[48;2;213;209;204m[38;2;209;197;181m▄[48;2;215;216;218m[38;2;215;217;220m▄[48;2;214;213;214m[38;2;213;213;212m▄[48;2;213;213;213m[38;2;212;212;212m▄[48;2;213;212;213m[38;2;212;212;212m▄[48;2;211;211;212m[38;2;211;211;211m▄[48;2;211;211;211m[38;2;211;211;211m▄[48;2;211;211;211m[38;2;211;211;211m▄[48;2;211;211;211m[38;2;210;210;210m▄[48;2;210;210;210m[38;2;209;209;209m▄[48;2;210;210;211m[38;2;209;209;209m▄[48;2;209;209;209m[38;2;209;209;209m▄[48;2;209;209;208m[38;2;209;209;209m▄[48;2;208;208;208m[38;2;208;208;208m▄[48;2;207;207;208m[38;2;207;207;208m▄[48;2;207;206;208m[38;2;207;207;207m▄[48;2;206;206;206m[38;2;206;207;206m▄[48;2;205;205;205m[38;2;205;205;205m▄[48;2;204;204;204m[38;2;204;204;204m▄[0m
[48;2;215;215;215m[38;2;215;215;215m▄[48;2;215;215;215m[38;2;215;215;215m▄[48;2;215;215;215m[38;2;216;216;215m▄[48;2;216;216;216m[38;2;215;215;215m▄[48;2;217;216;217m[38;2;216;215;217m▄[48;2;217;217;217m[38;2;216;216;216m▄[48;2;216;216;216m[38;2;217;217;217m▄[48;2;217;217;217m[38;2;217;217;217m▄[48;2;216;216;216m[38;2;216;216;216m▄[48;2;216;216;216m[38;2;216;216;216m▄[48;2;216;216;216m[38;2;216;216;216m▄[48;2;217;217;217m[38;2;217;217;217m▄[48;2;218;218;218m[38;2;217;217;217m▄[48;2;218;218;218m[38;2;217;217;217m▄[48;2;219;219;219m[38;2;217;217;217m▄[48;2;219;219;219m[38;2;217;217;217m▄[48;2;219;219;219m[38;2;218;218;218m▄[48;2;219;219;219m[38;2;218;217;217m▄[48;2;219;219;219m[38;2;217;217;217m▄[48;2;219;218;218m[38;2;219;225;225m▄[48;2;220;219;219m[38;2;218;223;222m▄[48;2;220;221;221m[38;2;218;215;215m▄[48;2;220;222;221m[38;2;217;209;210m▄[48;2;219;221;221m[38;2;217;210;211m▄[48;2;220;219;219m[38;2;217;220;219m▄[48;2;217;217;218m[38;2;222;235;233m▄[48;2;195;116;133m[38;2;203;162;172m▄[48;2;228;109;127m[38;2;216;94;113m▄[48;2;215;95;115m[38;2;224;107;124m▄[48;2;215;105;122m[38;2;207;95;114m▄[48;2;233;129;141m[38;2;232;129;141m▄[48;2;220;106;123m[38;2;229;120;135m▄[48;2;205;110;128m[38;2;200;77;100m▄[48;2;196;86;108m[38;2;210;86;108m▄[48;2;215;101;120m[38;2;210;92;113m▄[48;2;212;94;114m[38;2;208;73;98m▄[48;2;193;97;117m[38;2;187;124;137m▄[48;2;191;185;187m[38;2;198;213;211m▄[48;2;206;210;210m[38;2;212;197;197m▄[48;2;215;221;221m[38;2;218;185;186m▄[48;2;216;216;216m[38;2;216;214;214m▄[48;2;215;214;214m[38;2;218;219;220m▄[48;2;217;219;222m[38;2;205;193;178m▄[48;2;215;215;214m[38;2;199;180;156m▄[48;2;203;188;164m[38;2;210;201;191m▄[48;2;208;203;194m[38;2;211;210;211m▄[48;2;213;214;217m[38;2;209;206;203m▄[48;2;213;213;213m[38;2;213;214;214m▄[48;2;212;212;212m[38;2;211;211;211m▄[48;2;212;211;212m[38;2;211;211;211m▄[48;2;211;211;211m[38;2;211;211;211m▄[48;2;211;211;211m[38;2;211;211;211m▄[48;2;211;211;211m[38;2;211;211;211m▄[48;2;210;210;210m[38;2;210;210;210m▄[48;2;209;209;209m[38;2;209;209;209m▄[48;2;209;209;209m[38;2;209;209;209m▄[48;2;209;209;209m[38;2;209;209;209m▄[48;2;208;208;209m[38;2;208;208;208m▄[48;2;208;208;208m[38;2;207;207;207m▄[48;2;208;208;208m[38;2;207;207;207m▄[48;2;207;207;206m[38;2;207;207;207m▄[48;2;206;206;206m[38;2;205;205;205m▄[48;2;205;205;205m[38;2;204;204;204m▄[48;2;204;204;204m[38;2;204;204;204m▄[0m
[48;2;215;215;215m[38;2;214;214;214m▄[48;2;215;215;215m[38;2;215;215;215m▄[48;2;215;215;215m[38;2;215;215;215m▄[48;2;215;215;215m[38;2;215;215;215m▄[48;2;216;216;216m[38;2;216;216;216m▄[48;2;217;216;217m[38;2;216;216;216m▄[48;2;216;216;217m[38;2;216;216;216m▄[48;2;217;217;217m[38;2;216;216;216m▄[48;2;217;217;217m[38;2;216;216;216m▄[48;2;217;217;217m[38;2;217;217;217m▄[48;2;216;216;216m[38;2;217;217;217m▄[48;2;216;216;216m[38;2;217;217;217m▄[48;2;217;217;217m[38;2;217;217;217m▄[48;2;216;216;216m[38;2;217;217;217m▄[48;2;217;217;217m[38;2;216;216;216m▄[48;2;217;217;217m[38;2;217;216;216m▄[48;2;217;216;216m[38;2;217;219;219m▄[48;2;217;220;219m[38;2;216;210;211m▄[48;2;217;220;220m[38;2;215;137;148m▄[48;2;216;181;184m[38;2;232;170;177m▄[48;2;223;162;167m[38;2;226;153;160m▄[48;2;226;155;162m[38;2;221;134;144m▄[48;2;226;156;163m[38;2;219;125;136m▄[48;2;230;161;167m[38;2;222;130;142m▄[48;2;223;154;161m[38;2;240;178;186m▄[48;2;218;194;197m[38;2;223;137;146m▄[48;2;214;216;217m[38;2;217;204;205m▄[48;2;194;106;124m[38;2;210;213;214m▄[48;2;217;90;110m[38;2;194;140;153m▄[48;2;206;80;103m[38;2;192;116;134m▄[48;2;214;103;120m[38;2;188;127;140m▄[48;2;194;100;117m[38;2;218;147;154m▄[48;2;202;102;120m[38;2;223;150;157m▄[48;2;217;91;113m[38;2;193;121;135m▄[48;2;215;80;104m[38;2;187;122;139m▄[48;2;195;84;106m[38;2;189;178;183m▄[48;2;189;183;186m[38;2;199;206;205m▄[48;2;205;187;188m[38;2;216;142;149m▄[48;2;229;150;156m[38;2;238;174;183m▄[48;2;237;159;164m[38;2;223;150;161m▄[48;2;221;170;174m[38;2;216;148;152m▄[48;2;202;198;181m[38;2;204;203;195m▄[48;2;205;196;182m[38;2;221;167;176m▄[48;2;213;213;215m[38;2;225;146;152m▄[48;2;215;220;224m[38;2;212;186;186m▄[48;2;205;198;187m[38;2;207;206;199m▄[48;2;208;204;199m[38;2;210;209;210m▄[48;2;212;213;214m[38;2;211;211;211m▄[48;2;211;211;211m[38;2;211;211;211m▄[48;2;211;211;211m[38;2;211;211;211m▄[48;2;211;211;211m[38;2;211;211;211m▄[48;2;211;211;211m[38;2;210;210;210m▄[48;2;210;210;210m[38;2;209;209;209m▄[48;2;209;209;209m[38;2;209;209;209m▄[48;2;209;209;209m[38;2;209;209;209m▄[48;2;208;208;208m[38;2;208;208;208m▄[48;2;208;208;208m[38;2;208;207;208m▄[48;2;208;207;208m[38;2;207;207;208m▄[48;2;207;207;207m[38;2;207;207;207m▄[48;2;207;207;207m[38;2;206;206;206m▄[48;2;207;207;207m[38;2;206;206;206m▄[48;2;205;205;205m[38;2;205;205;205m▄[48;2;203;203;203m[38;2;203;203;203m▄[48;2;203;203;203m[38;2;203;203;203m▄[0m
[48;2;214;214;214m[38;2;213;213;213m▄[48;2;215;215;215m[38;2;214;214;214m▄[48;2;215;215;215m[38;2;214;214;214m▄[48;2;215;215;215m[38;2;214;214;214m▄[48;2;215;215;215m[38;2;215;215;215m▄[48;2;216;216;216m[38;2;215;215;215m▄[48;2;216;216;216m[38;2;215;215;215m▄[48;2;216;216;216m[38;2;216;216;216m▄[48;2;215;215;215m[38;2;216;216;216m▄[48;2;216;216;216m[38;2;216;216;216m▄[48;2;216;216;217m[38;2;217;216;217m▄[48;2;217;217;217m[38;2;217;216;217m▄[48;2;217;217;217m[38;2;216;216;216m▄[48;2;217;217;217m[38;2;217;217;217m▄[48;2;217;217;217m[38;2;217;216;217m▄[48;2;217;216;216m[38;2;217;217;218m▄[48;2;217;223;222m[38;2;215;213;213m▄[48;2;209;143;152m[38;2;204;121;134m▄[48;2;240;195;199m[38;2;238;194;201m▄[48;2;220;157;163m[38;2;195;96;112m▄[48;2;205;86;102m[38;2;216;135;147m▄[48;2;241;180;187m[38;2;235;176;184m▄[48;2;220;139;149m[38;2;190;95;110m▄[48;2;198;115;124m[38;2;205;131;142m▄[48;2;229;165;173m[38;2;243;191;198m▄[48;2;236;167;176m[38;2;207;115;130m▄[48;2;204;160;165m[38;2;202;108;121m▄[48;2;212;208;209m[38;2;220;146;156m▄[48;2;210;205;206m[38;2;213;127;140m▄[48;2;203;218;217m[38;2;209;133;145m▄[48;2;206;172;176m[38;2;203;126;137m▄[48;2;229;145;156m[38;2;211;113;126m▄[48;2;226;139;149m[38;2;201;115;126m▄[48;2;201;181;182m[38;2;198;137;147m▄[48;2;197;202;200m[38;2;217;131;144m▄[48;2;201;197;197m[38;2;216;138;148m▄[48;2;204;181;185m[38;2;199;108;122m▄[48;2;228;149;159m[38;2;235;170;180m▄[48;2;229;172;179m[38;2;221;158;167m▄[48;2;210;109;122m[38;2;211;124;136m▄[48;2;204;151;158m[38;2;208;131;141m▄[48;2;205;204;204m[38;2;196;143;150m▄[48;2;216;126;137m[38;2;210;119;132m▄[48;2;232;152;161m[38;2;205;103;117m▄[48;2;209;142;150m[38;2;199;178;180m▄[48;2;210;220;221m[38;2;205;209;209m▄[48;2;211;209;210m[38;2;211;210;211m▄[48;2;211;211;211m[38;2;211;211;211m▄[48;2;211;211;209m[38;2;211;211;210m▄[48;2;211;211;210m[38;2;210;211;210m▄[48;2;211;211;211m[38;2;209;210;212m▄[48;2;210;210;210m[38;2;210;209;214m▄[48;2;209;209;210m[38;2;209;207;212m▄[48;2;209;209;209m[38;2;209;208;210m▄[48;2;209;209;209m[38;2;208;209;208m▄[48;2;208;208;208m[38;2;208;208;208m▄[48;2;208;208;208m[38;2;208;208;206m▄[48;2;207;208;208m[38;2;207;207;205m▄[48;2;206;206;207m[38;2;207;207;205m▄[48;2;206;206;206m[38;2;206;205;206m▄[48;2;205;205;205m[38;2;203;203;205m▄[48;2;204;204;204m[38;2;203;203;203m▄[48;2;204;204;204m[38;2;203;203;203m▄[48;2;203;203;203m[38;2;204;204;204m▄[0m
[48;2;211;211;211m[38;2;211;211;211m▄[48;2;213;213;213m[38;2;212;212;212m▄[48;2;214;214;214m[38;2;212;212;213m▄[48;2;214;214;214m[38;2;213;213;213m▄[48;2;214;214;214m[38;2;214;214;214m▄[48;2;214;214;214m[38;2;214;214;215m▄[48;2;215;215;215m[38;2;214;213;214m▄[48;2;215;215;215m[38;2;215;215;214m▄[48;2;216;216;216m[38;2;215;215;215m▄[48;2;215;215;215m[38;2;215;215;215m▄[48;2;215;216;215m[38;2;215;215;215m▄[48;2;216;216;216m[38;2;215;215;215m▄[48;2;216;216;216m[38;2;216;216;216m▄[48;2;216;216;216m[38;2;216;216;216m▄[48;2;216;216;216m[38;2;216;216;216m▄[48;2;216;214;215m[38;2;215;215;215m▄[48;2;218;222;222m[38;2;216;217;216m▄[48;2;204;144;155m[38;2;216;216;217m▄[48;2;194;89;109m[38;2;203;181;186m▄[48;2;181;72;92m[38;2;184;99;113m▄[48;2;226;153;164m[38;2;234;148;162m▄[48;2;226;153;162m[38;2;197;108;126m▄[48;2;204;110;125m[38;2;239;165;176m▄[48;2;226;157;167m[38;2;185;90;108m▄[48;2;200;109;124m[38;2;175;83;102m▄[48;2;188;80;100m[38;2;222;137;152m▄[48;2;235;175;184m[38;2;201;113;129m▄[48;2;194;103;120m[38;2;170;59;83m▄[48;2;242;190;197m[38;2;239;170;179m▄[48;2;208;119;133m[38;2;167;57;81m▄[48;2;196;92;110m[38;2;219;135;149m▄[48;2;242;190;198m[38;2;209;129;143m▄[48;2;182;75;95m[38;2;178;69;91m▄[48;2;225;154;166m[38;2;236;165;176m▄[48;2;212;133;146m[38;2;175;76;96m▄[48;2;215;139;152m[38;2;174;69;90m▄[48;2;199;104;120m[38;2;193;96;115m▄[48;2;237;182;189m[38;2;243;172;183m▄[48;2;205;130;143m[38;2;182;91;110m▄[48;2;224;158;168m[38;2;215;128;141m▄[48;2;231;163;173m[38;2;200;111;127m▄[48;2;179;62;83m[38;2;181;78;99m▄[48;2;240;180;188m[38;2;232;156;168m▄[48;2;203;119;133m[38;2;170;63;85m▄[48;2;189;164;169m[38;2;184;81;102m▄[48;2;209;210;211m[38;2;200;176;182m▄[48;2;211;210;210m[38;2;213;218;217m▄[48;2;210;210;210m[38;2;210;209;209m▄[48;2;210;210;211m[38;2;209;209;209m▄[48;2;210;210;210m[38;2;210;210;210m▄[48;2;208;210;213m[38;2;208;209;211m▄[48;2;208;211;216m[38;2;206;209;213m▄[48;2;209;209;215m[38;2;208;208;214m▄[48;2;209;208;211m[38;2;209;208;211m▄[48;2;208;208;209m[38;2;208;208;209m▄[48;2;208;208;207m[38;2;208;208;206m▄[48;2;208;208;202m[38;2;208;208;203m▄[48;2;208;208;202m[38;2;206;207;202m▄[48;2;207;207;202m[38;2;205;207;203m▄[48;2;205;204;203m[38;2;203;204;203m▄[48;2;203;203;204m[38;2;203;203;203m▄[48;2;203;203;203m[38;2;203;203;203m▄[48;2;203;203;203m[38;2;203;202;203m▄[48;2;202;202;202m[38;2;203;203;203m▄[0m
[48;2;211;211;211m[38;2;211;211;211m▄[48;2;211;211;211m[38;2;211;211;211m▄[48;2;211;211;211m[38;2;210;210;210m▄[48;2;212;212;212m[38;2;211;211;211m▄[48;2;213;213;213m[38;2;212;212;212m▄[48;2;213;213;213m[38;2;213;213;213m▄[48;2;213;213;214m[38;2;213;213;213m▄[48;2;214;214;215m[38;2;213;213;214m▄[48;2;214;214;214m[38;2;214;214;214m▄[48;2;215;215;215m[38;2;215;215;215m▄[48;2;215;215;215m[38;2;215;215;215m▄[48;2;215;215;215m[38;2;215;215;215m▄[48;2;215;215;215m[38;2;215;215;215m▄[48;2;215;215;215m[38;2;215;215;215m▄[48;2;215;215;215m[38;2;215;215;215m▄[48;2;215;215;215m[38;2;215;214;214m▄[48;2;216;215;216m[38;2;214;213;215m▄[48;2;216;218;216m[38;2;209;205;192m▄[48;2;198;189;191m[38;2;192;162;168m▄[48;2;195;96;117m[38;2;190;81;104m▄[48;2;229;133;149m[38;2;206;98;118m▄[48;2;151;48;74m[38;2;173;122;135m▄[48;2;210;112;131m[38;2;172;85;108m▄[48;2;223;136;150m[38;2;236;134;151m▄[48;2;155;58;83m[38;2;185;87;106m▄[48;2;231;137;153m[38;2;169;64;88m▄[48;2;207;113;130m[38;2;208;104;124m▄[48;2;210;121;138m[38;2;172;69;94m▄[48;2;237;144;159m[38;2;203;102;121m▄[48;2;185;92;113m[38;2;181;79;102m▄[48;2;244;158;170m[38;2;182;79;104m▄[48;2;200;99;118m[38;2;202;102;123m▄[48;2;202;115;134m[38;2;167;70;93m▄[48;2;237;142;155m[38;2;191;93;113m▄[48;2;178;88;107m[38;2;206;108;127m▄[48;2;186;101;120m[38;2;177;75;98m▄[48;2;229;142;157m[38;2;174;70;94m▄[48;2;231;137;154m[38;2;185;85;107m▄[48;2;153;41;70m[38;2;161;69;92m▄[48;2;236;143;157m[38;2;190;84;105m▄[48;2;194;100;118m[38;2;191;84;106m▄[48;2;222;139;154m[38;2;168;62;86m▄[48;2;224;128;145m[38;2;199;95;115m▄[48;2;180;87;108m[38;2;176;68;94m▄[48;2;182;89;110m[38;2;181;134;145m▄[48;2;196;181;184m[38;2;196;203;201m▄[48;2;208;211;211m[38;2;206;204;205m▄[48;2;209;208;210m[38;2;208;209;209m▄[48;2;210;210;210m[38;2;209;209;209m▄[48;2;209;209;209m[38;2;208;208;208m▄[48;2;209;209;210m[38;2;208;208;208m▄[48;2;208;207;210m[38;2;208;208;208m▄[48;2;209;207;211m[38;2;208;207;208m▄[48;2;208;208;209m[38;2;208;208;208m▄[48;2;208;208;208m[38;2;207;207;205m▄[48;2;208;208;205m[38;2;208;208;203m▄[48;2;207;208;203m[38;2;207;209;202m▄[48;2;204;208;203m[38;2;205;208;203m▄[48;2;203;208;203m[38;2;202;207;203m▄[48;2;203;205;205m[38;2;202;204;206m▄[48;2;203;202;205m[38;2;203;202;205m▄[48;2;203;203;203m[38;2;203;202;202m▄[48;2;202;201;202m[38;2;202;202;202m▄[48;2;202;202;202m[38;2;202;202;202m▄[0m
[48;2;210;210;210m[38;2;209;209;209m▄[48;2;211;211;211m[38;2;210;210;210m▄[48;2;211;211;211m[38;2;211;211;211m▄[48;2;211;211;211m[38;2;211;211;211m▄[48;2;211;211;211m[38;2;210;210;210m▄[48;2;212;212;212m[38;2;211;211;211m▄[48;2;211;211;211m[38;2;211;211;211m▄[48;2;212;213;212m[38;2;211;211;211m▄[48;2;213;213;213m[38;2;211;211;211m▄[48;2;213;213;213m[38;2;211;211;211m▄[48;2;214;214;214m[38;2;212;212;212m▄[48;2;214;214;214m[38;2;212;212;213m▄[48;2;214;214;215m[38;2;213;213;213m▄[48;2;214;214;214m[38;2;212;212;212m▄[48;2;214;214;214m[38;2;213;213;213m▄[48;2;215;214;216m[38;2;213;213;213m▄[48;2;213;211;210m[38;2;215;217;218m▄[48;2;197;185;167m[38;2;198;186;172m▄[48;2;214;212;216m[38;2;201;191;175m▄[48;2;177;98;120m[38;2;206;199;194m▄[48;2;167;68;96m[38;2;192;175;167m▄[48;2;190;176;182m[38;2;188;177;159m▄[48;2;183;145;147m[38;2;206;203;192m▄[48;2;176;69;92m[38;2;175;116;133m▄[48;2;240;138;155m[38;2;175;64;91m▄[48;2;173;69;92m[38;2;236;136;153m▄[48;2;157;67;90m[38;2;212;115;134m▄[48;2;167;81;102m[38;2;173;77;100m▄[48;2;150;42;69m[38;2;189;98;119m▄[48;2;180;125;139m[38;2;189;112;129m▄[48;2;183;136;148m[38;2;182;113;130m▄[48;2;172;90;110m[38;2;179;97;118m▄[48;2;184;118;132m[38;2;172;82;104m▄[48;2;167;74;97m[38;2;181;98;118m▄[48;2;162;64;88m[38;2;185;105;123m▄[48;2;170;78;98m[38;2;178;99;117m▄[48;2;169;72;95m[38;2;186;101;121m▄[48;2;167;82;104m[38;2;187;99;119m▄[48;2;199;190;191m[38;2;187;173;177m▄[48;2;181;128;143m[38;2;201;203;189m▄[48;2;181;128;143m[38;2;193;186;167m▄[48;2;189;152;163m[38;2;193;185;167m▄[48;2;176;113;132m[38;2;197;197;183m▄[48;2;185;151;162m[38;2;195;195;182m▄[48;2;191;195;192m[38;2;198;193;182m▄[48;2;199;198;199m[38;2;206;206;207m▄[48;2;208;208;209m[38;2;208;208;207m▄[48;2;209;208;208m[38;2;208;208;208m▄[48;2;208;208;208m[38;2;207;207;207m▄[48;2;208;208;208m[38;2;207;207;207m▄[48;2;208;207;208m[38;2;207;207;207m▄[48;2;208;208;208m[38;2;206;206;207m▄[48;2;207;207;207m[38;2;207;207;207m▄[48;2;207;207;207m[38;2;206;206;206m▄[48;2;207;207;206m[38;2;205;205;204m▄[48;2;207;207;203m[38;2;205;205;203m▄[48;2;206;206;203m[38;2;204;204;203m▄[48;2;204;205;203m[38;2;203;203;204m▄[48;2;203;204;204m[38;2;204;203;204m▄[48;2;203;202;204m[38;2;203;202;203m▄[48;2;203;202;204m[38;2;202;201;203m▄[48;2;201;202;201m[38;2;201;201;201m▄[48;2;202;202;202m[38;2;201;201;201m▄[48;2;202;202;202m[38;2;201;201;202m▄[0m
[48;2;210;210;210m[38;2;212;212;212m▄[48;2;210;210;210m[38;2;213;213;213m▄[48;2;210;210;210m[38;2;213;213;213m▄[48;2;210;210;210m[38;2;213;213;213m▄[48;2;210;210;211m[38;2;214;214;214m▄[48;2;211;211;210m[38;2;214;213;213m▄[48;2;211;211;211m[38;2;214;214;214m▄[48;2;211;211;211m[38;2;214;214;215m▄[48;2;212;212;212m[38;2;215;215;215m▄[48;2;212;212;212m[38;2;215;215;215m▄[48;2;212;212;212m[38;2;215;215;215m▄[48;2;212;212;212m[38;2;215;215;215m▄[48;2;213;213;213m[38;2;215;215;215m▄[48;2;213;212;213m[38;2;215;214;215m▄[48;2;213;213;213m[38;2;215;215;216m▄[48;2;213;213;213m[38;2;215;215;215m▄[48;2;214;214;214m[38;2;215;215;216m▄[48;2;214;214;216m[38;2;215;215;215m▄[48;2;202;192;182m[38;2;216;218;221m▄[48;2;198;187;172m[38;2;215;216;219m▄[48;2;200;195;183m[38;2;214;215;218m▄[48;2;205;204;202m[38;2;213;213;213m▄[48;2;210;211;214m[38;2;213;212;212m▄[48;2;213;217;217m[38;2;213;213;213m▄[48;2;185;137;150m[38;2;214;218;217m▄[48;2;159;59;86m[38;2;203;190;193m▄[48;2;186;76;101m[38;2;181;137;149m▄[48;2;199;97;118m[38;2;172;109;126m▄[48;2;193;89;108m[38;2;174;111;127m▄[48;2;183;76;100m[38;2;176;130;142m▄[48;2;197;100;120m[38;2;167;99;115m▄[48;2;187;97;116m[38;2;166;71;94m▄[48;2;161;59;83m[38;2;181;79;105m▄[48;2;167;87;107m[38;2;187;90;113m▄[48;2;174;123;135m[38;2;185;82;106m▄[48;2;171;103;120m[38;2;193;89;112m▄[48;2;195;100;120m[38;2;182;78;103m▄[48;2;182;82;105m[38;2;158;77;101m▄[48;2;183;157;164m[38;2;195;194;196m▄[48;2;208;209;204m[38;2;207;208;209m▄[48;2;205;201;201m[38;2;210;210;211m▄[48;2;203;198;194m[38;2;209;211;212m▄[48;2;202;194;183m[38;2;209;211;213m▄[48;2;205;197;189m[38;2;209;210;212m▄[48;2;207;206;205m[38;2;208;208;208m▄[48;2;207;207;207m[38;2;209;208;209m▄[48;2;207;207;207m[38;2;209;208;209m▄[48;2;207;207;207m[38;2;209;209;209m▄[48;2;206;206;206m[38;2;208;208;208m▄[48;2;207;207;207m[38;2;208;208;207m▄[48;2;206;206;207m[38;2;208;207;209m▄[48;2;206;206;206m[38;2;208;207;208m▄[48;2;206;206;206m[38;2;207;207;207m▄[48;2;204;204;204m[38;2;207;207;207m▄[48;2;204;204;204m[38;2;207;207;207m▄[48;2;204;204;204m[38;2;206;206;206m▄[48;2;202;203;202m[38;2;205;205;205m▄[48;2;203;202;203m[38;2;205;205;205m▄[48;2;203;203;204m[38;2;204;204;204m▄[48;2;202;202;202m[38;2;203;203;203m▄[48;2;202;202;202m[38;2;203;203;203m▄[48;2;202;201;202m[38;2;203;202;203m▄[48;2;201;201;201m[38;2;202;202;203m▄[48;2;201;201;201m[38;2;202;202;202m▄[0m
[48;2;215;215;215m[38;2;216;216;216m▄[48;2;216;216;216m[38;2;217;217;217m▄[48;2;216;216;216m[38;2;217;217;217m▄[48;2;216;216;216m[38;2;217;217;217m▄[48;2;216;216;216m[38;2;217;217;217m▄[48;2;216;216;216m[38;2;217;217;217m▄[48;2;216;216;216m[38;2;218;218;218m▄[48;2;216;216;216m[38;2;218;218;218m▄[48;2;216;216;216m[38;2;218;218;218m▄[48;2;217;217;216m[38;2;218;218;218m▄[48;2;216;216;216m[38;2;218;218;218m▄[48;2;216;216;216m[38;2;218;218;218m▄[48;2;216;217;216m[38;2;218;218;218m▄[48;2;216;216;217m[38;2;218;218;218m▄[48;2;217;217;217m[38;2;218;218;218m▄[48;2;217;217;216m[38;2;217;217;217m▄[48;2;217;217;217m[38;2;217;217;217m▄[48;2;217;217;217m[38;2;215;215;215m▄[48;2;217;217;217m[38;2;213;213;213m▄[48;2;218;217;217m[38;2;211;211;211m▄[48;2;218;218;217m[38;2;210;210;210m▄[48;2;218;218;218m[38;2;208;208;209m▄[48;2;218;218;218m[38;2;203;203;203m▄[48;2;217;217;217m[38;2;204;204;204m▄[48;2;213;212;212m[38;2;205;205;205m▄[48;2;206;209;208m[38;2;203;202;202m▄[48;2;199;205;203m[38;2;204;202;202m▄[48;2;192;196;194m[38;2;198;196;196m▄[48;2;186;189;188m[38;2;200;196;197m▄[48;2;184;188;187m[38;2;198;191;194m▄[48;2;187;184;187m[38;2;194;190;192m▄[48;2;179;155;162m[38;2;196;197;196m▄[48;2;169;115;128m[38;2;194;198;197m▄[48;2;163;90;107m[38;2;192;192;192m▄[48;2;162;83;102m[38;2;190;185;186m▄[48;2;160;83;103m[38;2;191;191;190m▄[48;2;166;111;126m[38;2;190;196;193m▄[48;2;185;176;178m[38;2;190;191;190m▄[48;2;192;194;194m[38;2;197;196;197m▄[48;2;207;206;207m[38;2;199;199;199m▄[48;2;211;212;211m[38;2;206;206;206m▄[48;2;212;212;212m[38;2;210;210;210m▄[48;2;212;212;212m[38;2;210;210;210m▄[48;2;212;212;211m[38;2;209;209;209m▄[48;2;211;210;210m[38;2;210;209;210m▄[48;2;210;210;211m[38;2;210;210;211m▄[48;2;210;210;211m[38;2;210;210;210m▄[48;2;210;210;210m[38;2;210;210;210m▄[48;2;210;210;210m[38;2;211;211;211m▄[48;2;210;210;210m[38;2;211;211;211m▄[48;2;210;210;211m[38;2;210;210;211m▄[48;2;209;209;210m[38;2;211;211;211m▄[48;2;209;209;209m[38;2;210;210;211m▄[48;2;209;209;209m[38;2;210;210;210m▄[48;2;209;209;209m[38;2;210;210;210m▄[48;2;208;208;208m[38;2;210;210;210m▄[48;2;208;208;208m[38;2;210;210;210m▄[48;2;207;207;207m[38;2;209;209;209m▄[48;2;211;211;212m[38;2;216;216;216m▄[48;2;214;214;214m[38;2;220;220;221m▄[48;2;206;206;207m[38;2;209;209;209m▄[48;2;206;206;206m[38;2;208;208;207m▄[48;2;206;206;206m[38;2;208;208;208m▄[48;2;206;206;206m[38;2;208;208;208m▄[0m
[48;2;221;221;221m[38;2;223;223;223m▄[48;2;220;220;221m[38;2;223;223;223m▄[48;2;222;222;222m[38;2;224;224;224m▄[48;2;221;221;221m[38;2;224;224;224m▄[48;2;221;221;221m[38;2;224;224;224m▄[48;2;222;222;222m[38;2;224;224;224m▄[48;2;222;222;222m[38;2;224;224;224m▄[48;2;222;222;222m[38;2;224;224;224m▄[48;2;222;222;222m[38;2;225;225;225m▄[48;2;222;222;222m[38;2;224;224;224m▄[48;2;222;222;222m[38;2;225;225;225m▄[48;2;223;223;223m[38;2;224;224;224m▄[48;2;223;223;223m[38;2;224;224;224m▄[48;2;222;222;223m[38;2;224;224;224m▄[48;2;222;222;222m[38;2;224;224;224m▄[48;2;219;219;219m[38;2;224;224;224m▄[48;2;215;215;215m[38;2;222;222;222m▄[48;2;209;209;209m[38;2;220;220;220m▄[48;2;201;201;201m[38;2;217;217;217m▄[48;2;195;195;196m[38;2;212;212;212m▄[48;2;192;192;192m[38;2;209;209;209m▄[48;2;189;189;190m[38;2;209;209;209m▄[48;2;185;184;184m[38;2;207;206;206m▄[48;2;185;185;185m[38;2;202;202;202m▄[48;2;184;184;185m[38;2;196;196;196m▄[48;2;184;183;184m[38;2;192;192;192m▄[48;2;192;191;191m[38;2;190;190;190m▄[48;2;190;190;190m[38;2;188;188;188m▄[48;2;194;193;194m[38;2;188;188;188m▄[48;2;194;192;193m[38;2;190;190;191m▄[48;2;192;190;191m[38;2;191;190;191m▄[48;2;193;192;192m[38;2;187;187;187m▄[48;2;192;191;192m[38;2;185;185;185m▄[48;2;190;189;191m[38;2;186;186;185m▄[48;2;185;184;185m[38;2;186;185;185m▄[48;2;187;186;187m[38;2;185;185;185m▄[48;2;186;185;185m[38;2;185;185;185m▄[48;2;187;186;187m[38;2;189;188;188m▄[48;2;184;184;184m[38;2;196;196;196m▄[48;2;181;181;181m[38;2;200;200;200m▄[48;2;184;184;185m[38;2;201;201;201m▄[48;2;188;188;189m[38;2;201;201;201m▄[48;2;190;190;189m[38;2;201;201;201m▄[48;2;190;190;191m[38;2;202;202;202m▄[48;2;195;195;196m[38;2;206;206;206m▄[48;2;203;203;204m[38;2;210;210;210m▄[48;2;209;209;209m[38;2;213;213;213m▄[48;2;212;212;213m[38;2;215;216;215m▄[48;2;214;214;214m[38;2;216;216;216m▄[48;2;214;214;214m[38;2;216;215;216m▄[48;2;214;213;214m[38;2;216;216;216m▄[48;2;213;213;213m[38;2;215;215;215m▄[48;2;213;213;213m[38;2;215;215;215m▄[48;2;212;212;212m[38;2;215;215;215m▄[48;2;211;211;211m[38;2;214;214;214m▄[48;2;210;210;210m[38;2;213;213;213m▄[48;2;210;210;210m[38;2;213;213;213m▄[48;2;210;210;210m[38;2;212;212;212m▄[48;2;210;210;210m[38;2;211;211;211m▄[48;2;211;211;211m[38;2;211;211;211m▄[48;2;209;209;209m[38;2;211;211;211m▄[48;2;210;210;209m[38;2;211;211;211m▄[48;2;209;209;209m[38;2;210;210;210m▄[48;2;209;209;209m[38;2;210;210;210m▄[0m
[48;2;225;225;225m[38;2;228;228;228m▄[48;2;225;225;225m[38;2;227;227;227m▄[48;2;225;225;225m[38;2;228;228;228m▄[48;2;226;226;226m[38;2;228;228;228m▄[48;2;226;226;226m[38;2;229;229;229m▄[48;2;227;227;227m[38;2;229;229;229m▄[48;2;226;226;226m[38;2;229;229;229m▄[48;2;225;225;225m[38;2;229;229;229m▄[48;2;227;227;227m[38;2;229;229;229m▄[48;2;226;226;226m[38;2;229;229;229m▄[48;2;226;226;226m[38;2;228;228;228m▄[48;2;226;226;226m[38;2;228;228;228m▄[48;2;226;226;226m[38;2;228;228;228m▄[48;2;226;226;226m[38;2;228;228;228m▄[48;2;225;225;225m[38;2;227;227;227m▄[48;2;225;225;225m[38;2;227;227;227m▄[48;2;225;225;225m[38;2;227;227;227m▄[48;2;226;226;226m[38;2;227;227;227m▄[48;2;227;226;227m[38;2;227;227;227m▄[48;2;224;224;225m[38;2;227;227;227m▄[48;2;222;222;222m[38;2;227;227;227m▄[48;2;221;221;221m[38;2;225;225;225m▄[48;2;222;222;222m[38;2;225;225;225m▄[48;2;222;222;222m[38;2;226;226;226m▄[48;2;222;222;222m[38;2;226;226;226m▄[48;2;218;218;218m[38;2;226;226;226m▄[48;2;216;215;216m[38;2;226;226;226m▄[48;2;217;217;218m[38;2;225;225;226m▄[48;2;217;216;216m[38;2;225;224;225m▄[48;2;215;215;215m[38;2;225;225;224m▄[48;2;214;214;215m[38;2;225;225;225m▄[48;2;210;209;210m[38;2;225;224;225m▄[48;2;210;210;210m[38;2;225;225;225m▄[48;2;206;207;207m[38;2;224;224;224m▄[48;2;206;206;206m[38;2;224;224;224m▄[48;2;206;206;206m[38;2;224;224;224m▄[48;2;208;208;208m[38;2;224;224;224m▄[48;2;211;211;211m[38;2;224;224;224m▄[48;2;215;215;215m[38;2;223;223;223m▄[48;2;217;217;217m[38;2;221;221;221m▄[48;2;219;219;219m[38;2;220;220;220m▄[48;2;218;218;218m[38;2;220;220;220m▄[48;2;216;216;216m[38;2;220;220;220m▄[48;2;217;217;217m[38;2;219;219;219m▄[48;2;218;218;218m[38;2;218;218;218m▄[48;2;219;219;219m[38;2;217;217;217m▄[48;2;217;217;217m[38;2;217;217;217m▄[48;2;216;216;216m[38;2;217;217;217m▄[48;2;216;216;216m[38;2;217;217;217m▄[48;2;216;216;216m[38;2;216;216;216m▄[48;2;216;216;216m[38;2;216;216;216m▄[48;2;216;216;216m[38;2;217;217;217m▄[48;2;215;215;215m[38;2;217;217;217m▄[48;2;215;215;215m[38;2;216;216;216m▄[48;2;215;215;215m[38;2;216;216;216m▄[48;2;215;215;215m[38;2;215;215;215m▄[48;2;215;215;215m[38;2;216;216;216m▄[48;2;215;215;215m[38;2;216;216;216m▄[48;2;215;214;215m[38;2;216;216;216m▄[48;2;214;214;214m[38;2;216;216;216m▄[48;2;214;214;214m[38;2;215;215;215m▄[48;2;213;213;213m[38;2;214;214;214m▄[48;2;211;211;211m[38;2;214;214;214m▄[48;2;211;211;211m[38;2;213;213;213m▄[0m
