[48;2;218;218;218m[38;2;218;218;218m▄[48;2;220;220;220m[38;2;220;220;220m▄[48;2;222;222;222m[38;2;221;221;221m▄[48;2;222;222;222m[38;2;221;221;221m▄[48;2;222;222;222m[38;2;222;222;222m▄[48;2;223;223;223m[38;2;223;223;223m▄[48;2;224;224;224m[38;2;224;224;224m▄[48;2;225;225;225m[38;2;224;224;224m▄[48;2;224;224;224m[38;2;225;225;225m▄[48;2;225;225;225m[38;2;224;224;224m▄[48;2;224;224;224m[38;2;225;225;225m▄[48;2;225;225;225m[38;2;224;224;224m▄[48;2;227;227;227m[38;2;225;225;225m▄[48;2;228;228;228m[38;2;226;226;226m▄[48;2;228;228;228m[38;2;225;225;225m▄[48;2;228;228;228m[38;2;227;227;227m▄[48;2;227;227;227m[38;2;227;227;227m▄[48;2;227;227;227m[38;2;227;227;227m▄[48;2;227;227;227m[38;2;227;227;227m▄[48;2;227;227;227m[38;2;227;227;227m▄[48;2;228;228;228m[38;2;227;227;227m▄[48;2;228;228;228m[38;2;227;227;227m▄[48;2;228;228;228m[38;2;227;227;227m▄[48;2;227;227;227m[38;2;227;227;227m▄[48;2;227;227;227m[38;2;227;227;227m▄[48;2;227;227;227m[38;2;226;226;226m▄[48;2;229;229;229m[38;2;226;226;226m▄[48;2;226;226;226m[38;2;225;225;225m▄[48;2;224;224;224m[38;2;225;225;225m▄[48;2;225;225;225m[38;2;225;225;225m▄[48;2;225;225;225m[38;2;224;224;224m▄[48;2;224;224;224m[38;2;224;224;224m▄[48;2;225;225;225m[38;2;224;224;224m▄[48;2;224;224;224m[38;2;223;223;223m▄[48;2;223;223;223m[38;2;223;223;223m▄[48;2;223;223;223m[38;2;223;223;223m▄[48;2;223;223;223m[38;2;223;223;223m▄[48;2;222;222;222m[38;2;222;222;222m▄[48;2;221;221;221m[38;2;222;222;222m▄[48;2;221;221;221m[38;2;220;220;220m▄[48;2;220;220;220m[38;2;219;219;219m▄[48;2;218;218;218m[38;2;218;218;218m▄[48;2;217;217;217m[38;2;217;217;217m▄[48;2;217;217;217m[38;2;217;217;217m▄[48;2;216;216;216m[38;2;216;216;216m▄[48;2;216;216;216m[38;2;216;216;216m▄[48;2;216;216;216m[38;2;216;216;216m▄[48;2;215;215;215m[38;2;216;216;216m▄[48;2;216;216;216m[38;2;216;216;216m▄[48;2;215;215;215m[38;2;215;215;215m▄[48;2;214;214;214m[38;2;214;214;214m▄[48;2;214;214;214m[38;2;213;213;213m▄[48;2;212;212;214m[38;2;212;212;212m▄[48;2;211;211;211m[38;2;211;211;211m▄[48;2;211;211;211m[38;2;211;211;211m▄[48;2;210;210;210m[38;2;210;210;210m▄[48;2;210;210;210m[38;2;210;210;210m▄[48;2;209;209;209m[38;2;210;210;210m▄[48;2;208;208;210m[38;2;209;208;209m▄[48;2;209;209;209m[38;2;209;208;209m▄[48;2;208;208;208m[38;2;208;208;208m▄[48;2;208;208;208m[38;2;207;207;208m▄[48;2;207;207;207m[38;2;207;207;207m▄[48;2;206;206;206m[38;2;205;205;205m▄[0m
[48;2;218;218;218m[38;2;217;217;217m▄[48;2;219;219;219m[38;2;218;218;218m▄[48;2;220;220;220m[38;2;219;219;219m▄[48;2;221;221;221m[38;2;221;221;221m▄[48;2;222;222;222m[38;2;222;222;222m▄[48;2;223;223;223m[38;2;222;222;222m▄[48;2;223;223;223m[38;2;223;223;223m▄[48;2;223;223;223m[38;2;223;223;223m▄[48;2;224;224;224m[38;2;224;224;224m▄[48;2;225;225;225m[38;2;224;224;224m▄[48;2;225;225;225m[38;2;224;224;224m▄[48;2;224;224;224m[38;2;224;224;224m▄[48;2;224;224;224m[38;2;224;224;224m▄[48;2;225;225;225m[38;2;224;224;224m▄[48;2;224;224;224m[38;2;224;224;224m▄[48;2;227;227;227m[38;2;224;224;224m▄[48;2;227;227;227m[38;2;225;225;225m▄[48;2;227;227;227m[38;2;226;226;226m▄[48;2;227;227;227m[38;2;226;226;226m▄[48;2;227;227;227m[38;2;227;227;227m▄[48;2;227;227;227m[38;2;227;227;227m▄[48;2;227;227;227m[38;2;226;226;226m▄[48;2;227;227;227m[38;2;226;226;226m▄[48;2;227;227;227m[38;2;226;226;226m▄[48;2;225;225;225m[38;2;225;225;225m▄[48;2;225;225;225m[38;2;224;224;224m▄[48;2;224;224;224m[38;2;225;225;225m▄[48;2;225;225;225m[38;2;225;225;225m▄[48;2;224;225;224m[38;2;231;228;233m▄[48;2;223;224;222m[38;2;231;227;232m▄[48;2;222;223;222m[38;2;232;228;232m▄[48;2;224;224;224m[38;2;224;224;223m▄[48;2;223;223;223m[38;2;223;223;223m▄[48;2;223;223;223m[38;2;222;223;222m▄[48;2;222;222;222m[38;2;228;226;229m▄[48;2;221;222;221m[38;2;230;226;232m▄[48;2;222;222;222m[38;2;224;223;224m▄[48;2;222;222;222m[38;2;221;221;221m▄[48;2;221;221;221m[38;2;221;221;221m▄[48;2;220;220;220m[38;2;220;220;220m▄[48;2;220;220;220m[38;2;218;218;218m▄[48;2;217;217;217m[38;2;217;217;217m▄[48;2;217;217;217m[38;2;216;216;216m▄[48;2;216;216;216m[38;2;216;216;216m▄[48;2;216;216;216m[38;2;216;216;216m▄[48;2;216;216;216m[38;2;217;217;217m▄[48;2;216;216;216m[38;2;215;215;215m▄[48;2;216;216;216m[38;2;215;215;215m▄[48;2;215;215;216m[38;2;215;215;215m▄[48;2;215;215;215m[38;2;214;214;214m▄[48;2;214;214;214m[38;2;213;213;213m▄[48;2;213;213;213m[38;2;212;212;212m▄[48;2;212;212;212m[38;2;211;211;211m▄[48;2;211;211;211m[38;2;211;211;211m▄[48;2;210;210;210m[38;2;210;210;210m▄[48;2;210;210;210m[38;2;210;210;210m▄[48;2;210;210;210m[38;2;210;210;210m▄[48;2;210;210;210m[38;2;209;209;209m▄[48;2;209;209;209m[38;2;208;208;208m▄[48;2;208;208;208m[38;2;208;208;208m▄[48;2;208;208;208m[38;2;207;207;207m▄[48;2;207;207;207m[38;2;207;207;207m▄[48;2;207;207;207m[38;2;207;207;207m▄[48;2;206;206;206m[38;2;207;207;207m▄[0m
[48;2;217;217;217m[38;2;217;217;217m▄[48;2;217;217;217m[38;2;218;218;218m▄[48;2;220;220;220m[38;2;220;220;220m▄[48;2;220;220;220m[38;2;221;221;221m▄[48;2;221;221;221m[38;2;221;221;221m▄[48;2;221;221;221m[38;2;221;221;221m▄[48;2;222;222;222m[38;2;223;223;223m▄[48;2;223;223;223m[38;2;223;223;223m▄[48;2;223;223;223m[38;2;224;224;224m▄[48;2;224;224;224m[38;2;224;224;224m▄[48;2;225;225;225m[38;2;224;224;224m▄[48;2;225;225;225m[38;2;224;224;224m▄[48;2;224;224;224m[38;2;224;224;224m▄[48;2;224;224;224m[38;2;224;224;224m▄[48;2;225;225;225m[38;2;224;224;224m▄[48;2;225;225;225m[38;2;224;224;224m▄[48;2;225;225;225m[38;2;224;224;224m▄[48;2;224;224;224m[38;2;224;224;224m▄[48;2;226;226;226m[38;2;225;225;225m▄[48;2;225;225;225m[38;2;224;224;224m▄[48;2;225;225;225m[38;2;224;224;224m▄[48;2;225;225;225m[38;2;224;224;224m▄[48;2;225;225;225m[38;2;224;224;224m▄[48;2;225;225;225m[38;2;224;224;224m▄[48;2;225;225;225m[38;2;225;225;225m▄[48;2;224;224;224m[38;2;224;224;224m▄[48;2;226;226;226m[38;2;225;225;225m▄[48;2;224;224;224m[38;2;219;220;221m▄[48;2;158;188;150m[38;2;139;182;119m▄[48;2;159;190;151m[38;2;152;194;99m▄[48;2;187;203;187m[38;2;132;178;89m▄[48;2;226;225;228m[38;2;147;180;136m▄[48;2;223;223;223m[38;2;231;228;232m▄[48;2;231;228;231m[38;2;196;207;196m▄[48;2;187;202;184m[38;2;116;168;84m▄[48;2;144;180;132m[38;2;109;163;82m▄[48;2;214;218;214m[38;2;200;207;201m▄[48;2;224;223;224m[38;2;221;221;221m▄[48;2;220;220;220m[38;2;220;220;219m▄[48;2;220;220;220m[38;2;220;220;220m▄[48;2;218;218;218m[38;2;217;217;217m▄[48;2;217;217;217m[38;2;217;217;217m▄[48;2;217;217;217m[38;2;217;217;217m▄[48;2;216;216;216m[38;2;216;216;216m▄[48;2;216;216;216m[38;2;216;216;216m▄[48;2;215;215;215m[38;2;215;215;215m▄[48;2;215;215;215m[38;2;215;215;215m▄[48;2;215;215;215m[38;2;215;215;215m▄[48;2;214;214;214m[38;2;215;215;215m▄[48;2;214;214;214m[38;2;214;214;214m▄[48;2;213;213;214m[38;2;214;214;214m▄[48;2;213;212;213m[38;2;213;213;213m▄[48;2;212;212;212m[38;2;212;212;212m▄[48;2;210;210;210m[38;2;210;210;211m▄[48;2;210;210;210m[38;2;211;211;211m▄[48;2;210;210;210m[38;2;211;211;211m▄[48;2;210;210;210m[38;2;210;210;210m▄[48;2;208;208;208m[38;2;209;210;209m▄[48;2;208;207;208m[38;2;209;208;209m▄[48;2;208;208;208m[38;2;208;208;209m▄[48;2;207;207;207m[38;2;208;208;208m▄[48;2;207;207;207m[38;2;207;207;207m▄[48;2;207;207;207m[38;2;207;207;207m▄[48;2;207;207;207m[38;2;207;207;207m▄[0m
[48;2;217;217;217m[38;2;217;217;217m▄[48;2;217;217;217m[38;2;217;217;217m▄[48;2;218;218;218m[38;2;217;217;217m▄[48;2;220;220;220m[38;2;218;218;218m▄[48;2;221;221;221m[38;2;220;220;220m▄[48;2;222;222;222m[38;2;221;221;221m▄[48;2;222;222;222m[38;2;221;221;221m▄[48;2;223;223;223m[38;2;222;222;222m▄[48;2;223;223;223m[38;2;223;223;223m▄[48;2;224;224;224m[38;2;223;223;223m▄[48;2;224;224;224m[38;2;224;224;224m▄[48;2;224;224;224m[38;2;224;224;224m▄[48;2;225;225;224m[38;2;224;224;224m▄[48;2;224;224;224m[38;2;224;224;224m▄[48;2;224;224;224m[38;2;224;224;224m▄[48;2;225;225;225m[38;2;225;225;225m▄[48;2;224;224;224m[38;2;224;224;224m▄[48;2;224;224;224m[38;2;224;224;224m▄[48;2;224;224;224m[38;2;224;224;224m▄[48;2;224;224;224m[38;2;224;224;224m▄[48;2;224;224;224m[38;2;224;224;224m▄[48;2;225;225;225m[38;2;224;224;224m▄[48;2;224;224;224m[38;2;224;224;224m▄[48;2;224;224;224m[38;2;224;224;224m▄[48;2;224;224;224m[38;2;224;224;224m▄[48;2;224;224;224m[38;2;224;224;224m▄[48;2;223;224;223m[38;2;223;223;223m▄[48;2;231;228;232m[38;2;230;226;228m▄[48;2;151;183;142m[38;2;202;214;207m▄[48;2;141;184;82m[38;2;123;177;97m▄[48;2;141;186;84m[38;2;123;180;73m▄[48;2;122;175;68m[38;2;110;164;71m▄[48;2;164;187;160m[38;2;104;159;77m▄[48;2;133;173;117m[38;2;101;153;89m▄[48;2;129;169;109m[38;2;160;183;157m▄[48;2;204;204;209m[38;2;156;183;144m▄[48;2;217;213;219m[38;2;153;182;144m▄[48;2;224;221;224m[38;2;177;195;177m▄[48;2;220;220;220m[38;2;222;221;225m▄[48;2;219;219;219m[38;2;223;221;223m▄[48;2;218;218;218m[38;2;216;217;216m▄[48;2;217;217;217m[38;2;217;217;217m▄[48;2;217;217;217m[38;2;217;217;217m▄[48;2;217;217;217m[38;2;216;216;216m▄[48;2;216;216;216m[38;2;216;216;216m▄[48;2;215;215;215m[38;2;215;215;215m▄[48;2;215;215;215m[38;2;215;215;215m▄[48;2;215;215;215m[38;2;215;215;215m▄[48;2;214;214;214m[38;2;214;214;214m▄[48;2;214;214;214m[38;2;213;213;213m▄[48;2;213;213;213m[38;2;212;212;212m▄[48;2;212;212;212m[38;2;212;212;212m▄[48;2;212;212;212m[38;2;211;211;211m▄[48;2;211;211;211m[38;2;210;210;210m▄[48;2;210;210;210m[38;2;210;210;210m▄[48;2;210;210;210m[38;2;211;211;211m▄[48;2;210;210;210m[38;2;210;210;210m▄[48;2;209;209;209m[38;2;208;208;208m▄[48;2;208;208;208m[38;2;208;208;208m▄[48;2;208;208;208m[38;2;209;209;209m▄[48;2;208;208;208m[38;2;208;208;208m▄[48;2;207;207;207m[38;2;207;207;207m▄[48;2;207;207;207m[38;2;206;206;206m▄[48;2;206;205;207m[38;2;205;205;206m▄[0m
[48;2;216;216;216m[38;2;216;216;216m▄[48;2;216;216;216m[38;2;216;216;216m▄[48;2;217;217;217m[38;2;217;217;217m▄[48;2;218;218;218m[38;2;218;218;218m▄[48;2;219;219;219m[38;2;218;218;218m▄[48;2;221;221;221m[38;2;219;219;219m▄[48;2;221;221;221m[38;2;220;220;220m▄[48;2;222;222;222m[38;2;221;221;221m▄[48;2;223;223;223m[38;2;222;222;222m▄[48;2;223;223;223m[38;2;222;222;222m▄[48;2;222;222;222m[38;2;222;222;222m▄[48;2;223;223;223m[38;2;223;223;223m▄[48;2;224;224;224m[38;2;223;223;223m▄[48;2;223;223;223m[38;2;223;223;223m▄[48;2;224;224;224m[38;2;223;223;223m▄[48;2;224;224;224m[38;2;223;223;223m▄[48;2;224;224;224m[38;2;224;224;224m▄[48;2;224;224;224m[38;2;224;224;224m▄[48;2;224;224;224m[38;2;224;224;224m▄[48;2;224;224;225m[38;2;224;224;224m▄[48;2;224;224;224m[38;2;223;223;223m▄[48;2;224;224;224m[38;2;224;224;224m▄[48;2;224;224;224m[38;2;223;223;224m▄[48;2;224;224;224m[38;2;223;223;223m▄[48;2;224;224;224m[38;2;223;222;223m▄[48;2;224;223;223m[38;2;224;225;225m▄[48;2;225;226;226m[38;2;222;221;221m▄[48;2;223;229;227m[38;2;211;151;164m▄[48;2;225;205;212m[38;2;222;142;155m▄[48;2;186;167;164m[38;2;231;138;152m▄[48;2;119;154;96m[38;2;219;118;139m▄[48;2;94;163;82m[38;2;187;120;130m▄[48;2;64;136;53m[38;2;174;134;126m▄[48;2;79;143;70m[38;2;104;149;82m▄[48;2;114;166;84m[38;2;91;162;63m▄[48;2;125;177;79m[38;2;116;176;69m▄[48;2;142;186;91m[38;2;131;185;71m▄[48;2;142;186;99m[38;2;127;179;69m▄[48;2;135;174;119m[38;2;118;164;98m▄[48;2;207;212;208m[38;2;198;203;199m▄[48;2;220;219;220m[38;2;218;217;218m▄[48;2;216;216;216m[38;2;215;216;215m▄[48;2;216;216;216m[38;2;216;216;216m▄[48;2;216;216;216m[38;2;216;216;216m▄[48;2;216;216;216m[38;2;215;215;215m▄[48;2;216;216;216m[38;2;215;215;215m▄[48;2;215;215;215m[38;2;215;215;215m▄[48;2;215;215;215m[38;2;214;214;214m▄[48;2;214;214;214m[38;2;213;213;213m▄[48;2;213;213;213m[38;2;212;212;212m▄[48;2;213;213;213m[38;2;211;211;211m▄[48;2;211;211;211m[38;2;211;211;211m▄[48;2;210;210;210m[38;2;211;211;211m▄[48;2;210;210;210m[38;2;210;210;210m▄[48;2;210;210;210m[38;2;210;210;210m▄[48;2;210;210;210m[38;2;210;210;210m▄[48;2;210;210;209m[38;2;210;210;210m▄[48;2;208;208;208m[38;2;208;208;208m▄[48;2;208;208;208m[38;2;208;208;208m▄[48;2;208;208;208m[38;2;207;207;207m▄[48;2;207;207;207m[38;2;207;207;207m▄[48;2;207;207;207m[38;2;207;207;207m▄[48;2;206;206;206m[38;2;206;206;206m▄[48;2;206;206;206m[38;2;205;205;205m▄[0m
[48;2;216;216;216m[38;2;216;216;216m▄[48;2;216;216;216m[38;2;216;216;216m▄[48;2;216;216;216m[38;2;216;216;216m▄[48;2;217;217;217m[38;2;216;216;216m▄[48;2;217;217;217m[38;2;217;217;217m▄[48;2;218;218;218m[38;2;217;217;217m▄[48;2;219;219;219m[38;2;218;218;218m▄[48;2;220;220;220m[38;2;220;219;220m▄[48;2;221;221;221m[38;2;220;220;220m▄[48;2;221;221;221m[38;2;221;221;221m▄[48;2;222;222;222m[38;2;221;221;221m▄[48;2;223;223;223m[38;2;222;222;222m▄[48;2;222;222;222m[38;2;222;222;222m▄[48;2;223;223;223m[38;2;222;222;222m▄[48;2;223;223;223m[38;2;222;222;222m▄[48;2;223;223;223m[38;2;221;221;222m▄[48;2;224;224;224m[38;2;223;223;223m▄[48;2;224;224;224m[38;2;223;223;223m▄[48;2;224;224;224m[38;2;223;223;223m▄[48;2;223;223;223m[38;2;223;223;223m▄[48;2;223;223;223m[38;2;223;223;223m▄[48;2;224;223;224m[38;2;223;224;223m▄[48;2;223;223;223m[38;2;223;223;223m▄[48;2;223;223;223m[38;2;222;221;221m▄[48;2;223;222;223m[38;2;225;231;230m▄[48;2;224;228;227m[38;2;214;184;191m▄[48;2;209;147;161m[38;2;221;140;154m▄[48;2;227;146;157m[38;2;234;150;159m▄[48;2;233;147;157m[38;2;227;129;140m▄[48;2;224;120;134m[38;2;214;99;121m▄[48;2;212;101;120m[38;2;222;142;156m▄[48;2;230;140;156m[38;2;233;150;158m▄[48;2;244;150;166m[38;2;224;128;139m▄[48;2;223;135;145m[38;2;230;133;146m▄[48;2;164;140;114m[38;2;238;133;151m▄[48;2;143;156;98m[38;2;237;141;158m▄[48;2;143;161;107m[38;2;222;153;169m▄[48;2;151;178;148m[38;2;205;202;210m▄[48;2;195;194;197m[38;2;205;205;205m▄[48;2;207;205;207m[38;2;211;211;211m▄[48;2;213;214;213m[38;2;215;215;216m▄[48;2;216;216;216m[38;2;216;215;215m▄[48;2;216;216;216m[38;2;216;216;216m▄[48;2;216;216;216m[38;2;215;215;215m▄[48;2;215;215;215m[38;2;215;215;215m▄[48;2;215;215;215m[38;2;215;215;215m▄[48;2;215;215;215m[38;2;214;214;214m▄[48;2;214;214;214m[38;2;214;214;214m▄[48;2;214;214;214m[38;2;214;214;214m▄[48;2;212;212;212m[38;2;212;212;212m▄[48;2;212;212;212m[38;2;211;211;211m▄[48;2;212;212;212m[38;2;211;211;211m▄[48;2;211;211;211m[38;2;211;211;211m▄[48;2;210;210;210m[38;2;210;210;210m▄[48;2;210;210;210m[38;2;210;210;210m▄[48;2;210;210;210m[38;2;209;209;209m▄[48;2;209;210;209m[38;2;209;209;209m▄[48;2;208;208;208m[38;2;208;208;208m▄[48;2;208;208;208m[38;2;208;208;208m▄[48;2;208;208;208m[38;2;208;208;208m▄[48;2;207;207;207m[38;2;207;207;207m▄[48;2;207;207;207m[38;2;207;207;207m▄[48;2;207;207;207m[38;2;206;206;206m▄[48;2;205;205;205m[38;2;205;205;205m▄[0m
[48;2;216;216;216m[38;2;215;215;215m▄[48;2;216;216;216m[38;2;216;216;216m▄[48;2;216;216;216m[38;2;216;216;216m▄[48;2;215;215;215m[38;2;216;216;216m▄[48;2;216;216;216m[38;2;216;216;216m▄[48;2;216;216;216m[38;2;217;217;217m▄[48;2;217;217;217m[38;2;217;217;217m▄[48;2;218;218;218m[38;2;218;218;218m▄[48;2;218;218;218m[38;2;218;218;218m▄[48;2;219;219;219m[38;2;218;218;218m▄[48;2;220;220;220m[38;2;219;219;219m▄[48;2;221;221;221m[38;2;220;220;220m▄[48;2;220;220;220m[38;2;220;220;220m▄[48;2;221;221;221m[38;2;221;221;221m▄[48;2;222;222;222m[38;2;220;220;220m▄[48;2;222;222;222m[38;2;221;221;221m▄[48;2;222;222;222m[38;2;221;221;221m▄[48;2;222;222;222m[38;2;221;221;221m▄[48;2;222;222;222m[38;2;221;221;221m▄[48;2;222;222;222m[38;2;221;221;221m▄[48;2;223;223;223m[38;2;221;221;221m▄[48;2;223;223;223m[38;2;222;222;222m▄[48;2;222;222;222m[38;2;222;222;222m▄[48;2;222;220;220m[38;2;222;222;221m▄[48;2;224;229;228m[38;2;221;221;222m▄[48;2;210;151;165m[38;2;210;144;159m▄[48;2;231;153;163m[38;2;232;149;159m▄[48;2;226;131;143m[38;2;226;130;143m▄[48;2;227;133;144m[38;2;227;133;146m▄[48;2;219;123;138m[38;2;230;148;157m▄[48;2;231;151;161m[38;2;228;137;148m▄[48;2;228;130;143m[38;2;228;133;146m▄[48;2;228;135;146m[38;2;229;138;149m▄[48;2;227;134;145m[38;2;231;152;161m▄[48;2;225;131;142m[38;2;227;135;145m▄[48;2;228;147;152m[38;2;229;144;150m▄[48;2;214;113;127m[38;2;220;107;124m▄[48;2;200;150;159m[38;2;205;113;130m▄[48;2;215;223;221m[38;2;209;211;211m▄[48;2;216;215;215m[38;2;217;217;217m▄[48;2;221;222;223m[38;2;217;213;210m▄[48;2;218;218;219m[38;2;215;208;199m▄[48;2;216;215;214m[38;2;214;205;193m▄[48;2;215;215;214m[38;2;212;198;181m▄[48;2;217;219;221m[38;2;211;202;189m▄[48;2;217;216;216m[38;2;215;215;217m▄[48;2;214;214;214m[38;2;214;214;214m▄[48;2;214;214;214m[38;2;214;214;214m▄[48;2;213;213;213m[38;2;213;213;214m▄[48;2;212;212;212m[38;2;213;212;213m▄[48;2;212;212;212m[38;2;212;211;212m▄[48;2;211;211;211m[38;2;211;211;211m▄[48;2;211;211;211m[38;2;210;210;210m▄[48;2;210;210;210m[38;2;211;211;211m▄[48;2;210;210;209m[38;2;211;211;211m▄[48;2;209;208;210m[38;2;209;209;209m▄[48;2;208;208;210m[38;2;208;207;209m▄[48;2;208;208;208m[38;2;209;208;209m▄[48;2;208;208;208m[38;2;208;208;208m▄[48;2;208;208;208m[38;2;207;207;207m▄[48;2;207;207;207m[38;2;207;207;207m▄[48;2;206;206;206m[38;2;207;207;207m▄[48;2;206;206;206m[38;2;206;205;206m▄[48;2;204;204;204m[38;2;204;204;205m▄[0m
[48;2;214;214;214m[38;2;215;215;215m▄[48;2;215;216;215m[38;2;215;215;215m▄[48;2;216;216;216m[38;2;215;215;215m▄[48;2;216;216;216m[38;2;216;216;216m▄[48;2;216;216;216m[38;2;216;216;216m▄[48;2;216;216;216m[38;2;216;216;216m▄[48;2;217;217;217m[38;2;216;216;216m▄[48;2;217;217;217m[38;2;216;216;216m▄[48;2;217;217;217m[38;2;216;216;216m▄[48;2;217;217;217m[38;2;216;216;216m▄[48;2;218;218;218m[38;2;217;217;217m▄[48;2;218;218;218m[38;2;217;217;217m▄[48;2;219;218;219m[38;2;218;218;218m▄[48;2;219;219;219m[38;2;219;219;219m▄[48;2;220;220;220m[38;2;219;219;219m▄[48;2;220;220;220m[38;2;218;218;219m▄[48;2;220;220;220m[38;2;219;219;219m▄[48;2;221;221;221m[38;2;220;220;220m▄[48;2;221;221;221m[38;2;220;220;220m▄[48;2;220;220;220m[38;2;220;220;220m▄[48;2;221;221;221m[38;2;220;220;220m▄[48;2;221;221;221m[38;2;220;220;220m▄[48;2;221;221;221m[38;2;220;220;220m▄[48;2;221;221;221m[38;2;220;218;218m▄[48;2;220;222;222m[38;2;222;229;227m▄[48;2;209;144;156m[38;2;207;156;167m▄[48;2;233;151;160m[38;2;217;129;141m▄[48;2;226;131;143m[38;2;227;136;147m▄[48;2;229;135;149m[38;2;228;133;145m▄[48;2;229;137;149m[38;2;227;131;143m▄[48;2;229;137;149m[38;2;228;134;146m▄[48;2;229;136;148m[38;2;227;132;144m▄[48;2;229;138;149m[38;2;228;136;147m▄[48;2;228;134;145m[38;2;225;131;142m▄[48;2;228;137;147m[38;2;228;135;146m▄[48;2;227;137;147m[38;2;223;126;139m▄[48;2;221;109;126m[38;2;214;100;118m▄[48;2;206;117;133m[38;2;199;134;147m▄[48;2;201;200;201m[38;2;201;205;205m▄[48;2;215;216;215m[38;2;214;212;212m▄[48;2;217;213;211m[38;2;217;217;218m▄[48;2;216;214;213m[38;2;215;216;215m▄[48;2;215;216;216m[38;2;215;214;212m▄[48;2;214;215;217m[38;2;215;215;217m▄[48;2;208;195;178m[38;2;211;210;209m▄[48;2;210;202;192m[38;2;206;193;173m▄[48;2;215;216;218m[38;2;214;215;218m▄[48;2;213;212;212m[38;2;212;212;211m▄[48;2;212;212;213m[38;2;212;212;212m▄[48;2;212;212;212m[38;2;212;213;213m▄[48;2;210;210;210m[38;2;211;211;211m▄[48;2;210;210;210m[38;2;210;210;210m▄[48;2;210;210;210m[38;2;210;210;210m▄[48;2;211;211;211m[38;2;210;211;210m▄[48;2;210;210;210m[38;2;209;209;209m▄[48;2;210;210;210m[38;2;208;208;208m▄[48;2;208;208;209m[38;2;208;208;208m▄[48;2;208;208;209m[38;2;208;208;208m▄[48;2;208;208;208m[38;2;207;207;207m▄[48;2;207;207;207m[38;2;206;206;207m▄[48;2;206;206;206m[38;2;206;206;207m▄[48;2;206;206;205m[38;2;205;205;205m▄[48;2;204;204;205m[38;2;203;203;203m▄[48;2;204;204;204m[38;2;204;204;204m▄[0m
[48;2;214;214;214m[38;2;214;214;214m▄[48;2;215;215;215m[38;2;214;214;214m▄[48;2;216;216;215m[38;2;215;215;215m▄[48;2;215;215;215m[38;2;215;215;215m▄[48;2;216;216;216m[38;2;215;215;215m▄[48;2;216;216;216m[38;2;215;215;215m▄[48;2;216;216;216m[38;2;216;216;216m▄[48;2;216;216;216m[38;2;216;216;216m▄[48;2;216;216;216m[38;2;216;216;216m▄[48;2;216;216;216m[38;2;216;216;216m▄[48;2;216;216;216m[38;2;216;216;216m▄[48;2;217;217;217m[38;2;216;216;216m▄[48;2;217;217;217m[38;2;217;217;217m▄[48;2;217;217;217m[38;2;216;216;216m▄[48;2;217;217;217m[38;2;217;217;217m▄[48;2;218;218;219m[38;2;217;217;217m▄[48;2;219;218;219m[38;2;217;217;217m▄[48;2;219;219;219m[38;2;217;216;217m▄[48;2;219;219;219m[38;2;217;217;217m▄[48;2;219;218;218m[38;2;218;225;224m▄[48;2;220;218;218m[38;2;218;223;222m▄[48;2;219;219;219m[38;2;218;216;217m▄[48;2;218;220;220m[38;2;217;211;212m▄[48;2;218;218;219m[38;2;217;214;214m▄[48;2;219;219;219m[38;2;217;221;221m▄[48;2;214;208;209m[38;2;220;233;230m▄[48;2;196;112;129m[38;2;202;152;163m▄[48;2;228;128;140m[38;2;212;90;109m▄[48;2;230;143;155m[38;2;226;131;144m▄[48;2;227;134;145m[38;2;230;140;151m▄[48;2;225;129;141m[38;2;231;144;153m▄[48;2;228;142;152m[38;2;232;148;159m▄[48;2;228;142;153m[38;2;227;128;142m▄[48;2;227;139;149m[38;2;224;124;137m▄[48;2;224;127;142m[38;2;219;111;128m▄[48;2;218;105;120m[38;2;217;93;112m▄[48;2;204;105;121m[38;2;197;131;143m▄[48;2;189;178;182m[38;2;196;210;207m▄[48;2;204;208;208m[38;2;209;198;199m▄[48;2;215;220;220m[38;2;216;186;188m▄[48;2;215;215;215m[38;2;214;210;210m▄[48;2;214;214;213m[38;2;218;221;223m▄[48;2;216;217;219m[38;2;208;200;190m▄[48;2;216;217;220m[38;2;198;181;158m▄[48;2;206;194;176m[38;2;211;200;186m▄[48;2;205;196;180m[38;2;217;217;217m▄[48;2;213;214;218m[38;2;211;208;204m▄[48;2;217;216;216m[38;2;215;215;216m▄[48;2;218;218;218m[38;2;213;212;213m▄[48;2;213;214;214m[38;2;210;209;209m▄[48;2;212;212;212m[38;2;210;210;210m▄[48;2;210;210;210m[38;2;210;210;210m▄[48;2;210;210;210m[38;2;210;210;210m▄[48;2;210;210;211m[38;2;210;209;210m▄[48;2;209;209;209m[38;2;208;208;209m▄[48;2;208;207;208m[38;2;208;208;208m▄[48;2;208;208;208m[38;2;207;207;207m▄[48;2;207;207;208m[38;2;207;207;208m▄[48;2;207;206;207m[38;2;207;206;207m▄[48;2;206;206;206m[38;2;206;206;206m▄[48;2;206;206;206m[38;2;206;206;206m▄[48;2;205;205;205m[38;2;204;204;204m▄[48;2;204;204;204m[38;2;204;204;204m▄[48;2;204;204;204m[38;2;203;203;203m▄[0m
[48;2;214;214;214m[38;2;214;214;214m▄[48;2;214;214;214m[38;2;214;214;214m▄[48;2;215;215;215m[38;2;214;214;214m▄[48;2;215;215;215m[38;2;214;214;214m▄[48;2;215;215;215m[38;2;215;215;215m▄[48;2;215;215;215m[38;2;215;215;215m▄[48;2;216;216;216m[38;2;215;215;215m▄[48;2;216;216;216m[38;2;216;216;216m▄[48;2;216;216;216m[38;2;216;216;216m▄[48;2;216;216;216m[38;2;216;216;216m▄[48;2;216;216;216m[38;2;216;216;216m▄[48;2;216;216;216m[38;2;216;216;216m▄[48;2;216;216;216m[38;2;216;216;216m▄[48;2;216;216;216m[38;2;216;216;216m▄[48;2;217;217;217m[38;2;216;216;216m▄[48;2;217;217;217m[38;2;216;215;215m▄[48;2;216;215;215m[38;2;217;221;220m▄[48;2;217;220;219m[38;2;215;203;204m▄[48;2;217;218;218m[38;2;217;137;149m▄[48;2;215;179;183m[38;2;233;170;177m▄[48;2;222;160;167m[38;2;226;147;156m▄[48;2;226;156;162m[38;2;219;128;138m▄[48;2;227;159;165m[38;2;219;122;132m▄[48;2;228;160;166m[38;2;225;137;148m▄[48;2;220;158;163m[38;2;239;171;180m▄[48;2;217;203;205m[38;2;221;135;145m▄[48;2;212;208;210m[38;2;217;211;211m▄[48;2;196;96;115m[38;2;207;199;202m▄[48;2;221;104;121m[38;2;195;130;145m▄[48;2;216;101;119m[38;2;197;114;131m▄[48;2;220;118;135m[38;2;193;132;143m▄[48;2;228;157;165m[38;2;217;149;155m▄[48;2;216;130;142m[38;2;220;151;157m▄[48;2;215;97;117m[38;2;202;131;146m▄[48;2;217;91;112m[38;2;191;117;134m▄[48;2;195;86;107m[38;2;200;182;186m▄[48;2;188;178;181m[38;2;201;212;209m▄[48;2;203;191;191m[38;2;212;144;152m▄[48;2;224;146;154m[38;2;236;168;176m▄[48;2;236;159;165m[38;2;224;158;166m▄[48;2;221;164;171m[38;2;218;141;149m▄[48;2;201;199;187m[38;2;201;195;186m▄[48;2;200;192;173m[38;2;216;192;198m▄[48;2;209;212;211m[38;2;224;178;183m▄[48;2;212;217;221m[38;2;217;200;202m▄[48;2;215;211;204m[38;2;211;207;199m▄[48;2;218;213;203m[38;2;220;217;214m▄[48;2;211;212;216m[38;2;213;213;214m▄[48;2;213;213;213m[38;2;212;212;212m▄[48;2;211;211;211m[38;2;210;210;210m▄[48;2;212;212;212m[38;2;210;210;211m▄[48;2;210;210;210m[38;2;210;209;210m▄[48;2;209;209;209m[38;2;211;211;211m▄[48;2;208;208;208m[38;2;209;209;209m▄[48;2;208;208;208m[38;2;208;208;208m▄[48;2;208;208;208m[38;2;208;208;208m▄[48;2;207;207;208m[38;2;207;207;207m▄[48;2;207;207;207m[38;2;207;206;207m▄[48;2;207;207;207m[38;2;206;206;206m▄[48;2;206;206;206m[38;2;206;206;206m▄[48;2;205;205;205m[38;2;205;205;205m▄[48;2;203;203;203m[38;2;204;204;204m▄[48;2;203;203;203m[38;2;203;203;203m▄[48;2;203;203;203m[38;2;203;203;203m▄[0m
[48;2;214;214;214m[38;2;213;213;213m▄[48;2;214;214;214m[38;2;214;214;214m▄[48;2;214;214;214m[38;2;214;214;214m▄[48;2;214;214;214m[38;2;214;214;214m▄[48;2;215;215;215m[38;2;214;214;214m▄[48;2;214;214;214m[38;2;214;214;214m▄[48;2;215;215;215m[38;2;215;215;215m▄[48;2;215;215;215m[38;2;215;215;215m▄[48;2;215;215;215m[38;2;215;215;215m▄[48;2;215;215;215m[38;2;215;215;215m▄[48;2;216;216;216m[38;2;216;216;216m▄[48;2;216;216;217m[38;2;216;216;216m▄[48;2;217;217;216m[38;2;216;216;216m▄[48;2;216;216;216m[38;2;217;217;217m▄[48;2;216;216;216m[38;2;217;216;216m▄[48;2;217;217;217m[38;2;218;222;221m▄[48;2;216;217;217m[38;2;211;193;196m▄[48;2;214;139;149m[38;2;212;131;144m▄[48;2;240;196;202m[38;2;238;193;200m▄[48;2;215;140;148m[38;2;194;88;105m▄[48;2;206;90;106m[38;2;220;140;152m▄[48;2;238;174;183m[38;2;232;166;177m▄[48;2;217;127;138m[38;2;192;101;116m▄[48;2;203;115;125m[38;2;206;130;142m▄[48;2;233;168;178m[38;2;243;185;192m▄[48;2;233;156;165m[38;2;208;115;130m▄[48;2;206;171;175m[38;2;201;111;124m▄[48;2;211;215;215m[38;2;215;140;151m▄[48;2;211;214;213m[38;2;210;124;138m▄[48;2;205;221;218m[38;2;207;140;151m▄[48;2;210;186;187m[38;2;207;143;152m▄[48;2;232;159;165m[38;2;211;115;127m▄[48;2;225;144;153m[38;2;201;111;123m▄[48;2;206;181;182m[38;2;202;151;157m▄[48;2;200;212;209m[38;2;216;148;157m▄[48;2;207;204;203m[38;2;213;138;148m▄[48;2;205;193;194m[38;2;206;133;143m▄[48;2;224;154;162m[38;2;232;172;181m▄[48;2;232;180;184m[38;2;228;175;181m▄[48;2;213;126;134m[38;2;212;136;144m▄[48;2;206;139;148m[38;2;217;144;152m▄[48;2;204;213;212m[38;2;210;185;187m▄[48;2;224;156;164m[38;2;207;125;134m▄[48;2;242;178;185m[38;2;207;110;124m▄[48;2;213;138;147m[38;2;202;147;155m▄[48;2;209;213;214m[38;2;203;209;209m▄[48;2;212;212;212m[38;2;212;210;211m▄[48;2;210;210;210m[38;2;209;209;210m▄[48;2;210;210;210m[38;2;210;210;211m▄[48;2;210;210;210m[38;2;210;210;210m▄[48;2;210;209;211m[38;2;210;210;211m▄[48;2;210;210;211m[38;2;210;209;210m▄[48;2;209;210;210m[38;2;209;208;210m▄[48;2;208;208;208m[38;2;208;208;209m▄[48;2;208;208;208m[38;2;208;208;208m▄[48;2;208;208;208m[38;2;208;208;208m▄[48;2;207;207;208m[38;2;207;207;206m▄[48;2;206;206;206m[38;2;206;206;206m▄[48;2;205;205;205m[38;2;205;205;205m▄[48;2;205;205;205m[38;2;204;204;204m▄[48;2;204;204;204m[38;2;204;204;204m▄[48;2;203;203;203m[38;2;203;203;203m▄[48;2;203;203;203m[38;2;203;203;203m▄[48;2;203;203;203m[38;2;203;203;203m▄[0m
[48;2;212;212;212m[38;2;211;211;211m▄[48;2;212;212;212m[38;2;211;211;211m▄[48;2;214;214;214m[38;2;213;213;213m▄[48;2;214;214;214m[38;2;213;213;213m▄[48;2;214;214;214m[38;2;213;213;213m▄[48;2;214;214;214m[38;2;213;213;213m▄[48;2;214;214;214m[38;2;214;214;214m▄[48;2;214;214;214m[38;2;214;214;214m▄[48;2;214;214;214m[38;2;214;214;214m▄[48;2;215;215;215m[38;2;215;215;215m▄[48;2;215;215;215m[38;2;215;215;215m▄[48;2;215;215;215m[38;2;215;215;215m▄[48;2;215;215;215m[38;2;215;215;215m▄[48;2;216;215;216m[38;2;216;216;216m▄[48;2;215;215;215m[38;2;215;215;215m▄[48;2;215;216;216m[38;2;215;214;215m▄[48;2;216;215;215m[38;2;216;219;218m▄[48;2;199;115;131m[38;2;214;204;206m▄[48;2;196;90;109m[38;2;196;153;161m▄[48;2;185;72;94m[38;2;189;92;111m▄[48;2;232;159;170m[38;2;232;144;159m▄[48;2;217;133;147m[38;2;204;118;135m▄[48;2;201;100;117m[38;2;236;158;170m▄[48;2;229;160;170m[38;2;181;86;104m▄[48;2;203;113;128m[38;2;180;83;102m▄[48;2;189;78;99m[38;2;221;135;149m▄[48;2;232;166;176m[38;2;202;113;130m▄[48;2;198;109;124m[38;2;168;56;79m▄[48;2;240;179;188m[38;2;239;170;180m▄[48;2;209;115;131m[38;2;171;59;83m▄[48;2;194;88;106m[38;2;213;130;144m▄[48;2;239;188;193m[38;2;217;149;159m▄[48;2;190;94;110m[38;2;173;63;85m▄[48;2;221;153;162m[38;2;237;174;182m▄[48;2;220;154;162m[38;2;199;120;133m▄[48;2;220;154;163m[38;2;178;76;95m▄[48;2;209;126;137m[38;2;186;87;106m▄[48;2;235;183;191m[38;2;239;168;178m▄[48;2;209;144;154m[38;2;191;105;123m▄[48;2;220;153;163m[38;2;205;121;135m▄[48;2;238;173;181m[38;2;214;131;144m▄[48;2;184;75;92m[38;2;165;54;76m▄[48;2;229;159;168m[38;2;239;169;177m▄[48;2;216;132;145m[38;2;186;87;107m▄[48;2;188;162;167m[38;2;178;81;100m▄[48;2;202;211;210m[38;2;201;170;175m▄[48;2;212;211;211m[38;2;212;218;217m▄[48;2;212;212;212m[38;2;211;210;211m▄[48;2;209;209;209m[38;2;211;211;211m▄[48;2;211;211;211m[38;2;210;210;210m▄[48;2;210;210;210m[38;2;210;210;210m▄[48;2;209;210;212m[38;2;207;208;210m▄[48;2;209;209;214m[38;2;207;207;213m▄[48;2;208;207;210m[38;2;208;207;210m▄[48;2;208;208;208m[38;2;208;208;209m▄[48;2;208;208;208m[38;2;208;208;207m▄[48;2;207;207;203m[38;2;207;208;201m▄[48;2;206;206;203m[38;2;206;207;204m▄[48;2;205;205;205m[38;2;205;205;206m▄[48;2;203;203;204m[38;2;203;203;204m▄[48;2;204;204;204m[38;2;203;203;203m▄[48;2;203;203;204m[38;2;202;202;203m▄[48;2;203;203;204m[38;2;203;203;203m▄[48;2;203;202;204m[38;2;203;203;203m▄[0m
[48;2;211;211;211m[38;2;211;211;211m▄[48;2;211;211;211m[38;2;210;210;210m▄[48;2;211;211;211m[38;2;210;210;210m▄[48;2;211;211;212m[38;2;210;210;210m▄[48;2;212;212;212m[38;2;211;211;211m▄[48;2;212;212;212m[38;2;212;212;212m▄[48;2;213;213;213m[38;2;212;212;212m▄[48;2;213;213;213m[38;2;212;212;212m▄[48;2;214;214;214m[38;2;213;213;213m▄[48;2;214;214;214m[38;2;214;214;214m▄[48;2;214;214;214m[38;2;214;214;214m▄[48;2;214;214;214m[38;2;214;214;214m▄[48;2;214;214;214m[38;2;214;214;214m▄[48;2;214;214;214m[38;2;214;214;214m▄[48;2;215;215;215m[38;2;214;214;214m▄[48;2;215;215;215m[38;2;214;214;214m▄[48;2;215;214;214m[38;2;213;211;212m▄[48;2;216;223;220m[38;2;210;207;196m▄[48;2;193;177;182m[38;2;184;140;151m▄[48;2;200;94;117m[38;2;204;91;114m▄[48;2;219;124;141m[38;2;200;95;117m▄[48;2;150;43;68m[38;2;169;114;126m▄[48;2;221;125;142m[38;2;180;82;104m▄[48;2;206;116;132m[38;2;236;134;153m▄[48;2;160;68;90m[38;2;165;63;85m▄[48;2;234;137;154m[38;2;187;82;104m▄[48;2;195;97;115m[38;2;213;109;129m▄[48;2;209;117;134m[38;2;177;75;100m▄[48;2;231;135;152m[38;2;213;113;132m▄[48;2;180;82;105m[38;2;184;82;105m▄[48;2;242;156;167m[38;2;191;87;108m▄[48;2;197;98;116m[38;2;206;106;125m▄[48;2;202;114;132m[38;2;170;71;94m▄[48;2;235;138;153m[38;2;198;100;118m▄[48;2;174;82;101m[38;2;208;111;128m▄[48;2;180;95;113m[38;2;183;84;105m▄[48;2;220;129;145m[38;2;181;81;102m▄[48;2;236;141;157m[38;2;196;94;114m▄[48;2;156;47;72m[38;2;160;66;88m▄[48;2;226;137;151m[38;2;195;91;111m▄[48;2;202;110;128m[38;2;199;92;113m▄[48;2;209;122;139m[38;2;176;73;94m▄[48;2;230;135;151m[38;2;214;115;132m▄[48;2;173;73;95m[38;2;191;88;110m▄[48;2;185;83;104m[38;2;177;93;113m▄[48;2;187;142;152m[38;2;190;189;190m▄[48;2;208;216;214m[38;2;203;203;204m▄[48;2;213;211;212m[38;2;209;209;209m▄[48;2;213;213;213m[38;2;208;208;208m▄[48;2;209;209;209m[38;2;208;208;208m▄[48;2;209;208;209m[38;2;208;208;208m▄[48;2;215;215;215m[38;2;212;212;212m▄[48;2;211;211;213m[38;2;209;209;209m▄[48;2;207;207;208m[38;2;207;207;208m▄[48;2;208;208;208m[38;2;207;207;205m▄[48;2;208;208;208m[38;2;207;207;204m▄[48;2;206;208;203m[38;2;206;207;203m▄[48;2;203;207;201m[38;2;204;205;202m▄[48;2;204;205;205m[38;2;202;204;204m▄[48;2;203;203;203m[38;2;202;203;204m▄[48;2;202;202;202m[38;2;202;202;203m▄[48;2;202;202;202m[38;2;202;202;202m▄[48;2;202;202;202m[38;2;202;202;203m▄[48;2;202;203;202m[38;2;202;202;202m▄[0m
[48;2;210;210;210m[38;2;209;209;209m▄[48;2;210;210;210m[38;2;210;210;210m▄[48;2;210;210;210m[38;2;210;210;210m▄[48;2;210;210;210m[38;2;211;211;211m▄[48;2;210;210;210m[38;2;210;210;210m▄[48;2;211;211;211m[38;2;210;210;210m▄[48;2;211;211;211m[38;2;210;210;210m▄[48;2;212;212;212m[38;2;210;210;210m▄[48;2;213;213;213m[38;2;211;211;211m▄[48;2;213;213;213m[38;2;211;211;211m▄[48;2;213;212;214m[38;2;211;211;211m▄[48;2;213;213;214m[38;2;211;211;211m▄[48;2;214;214;214m[38;2;211;211;211m▄[48;2;214;214;214m[38;2;211;211;212m▄[48;2;213;213;213m[38;2;212;212;212m▄[48;2;215;215;217m[38;2;212;212;212m▄[48;2;209;204;200m[38;2;212;212;212m▄[48;2;203;195;181m[38;2;194;178;161m▄[48;2;206;189;198m[38;2;207;204;198m▄[48;2;169;67;90m[38;2;203;184;187m▄[48;2;170;64;91m[38;2;189;161;159m▄[48;2;192;184;189m[38;2;189;179;164m▄[48;2;173;112;122m[38;2;204;192;183m▄[48;2;194;82;105m[38;2;163;80;101m▄[48;2;233;129;148m[38;2;193;79;103m▄[48;2;154;45;72m[38;2;234;135;152m▄[48;2;162;68;91m[38;2;194;101;120m▄[48;2;167;76;98m[38;2;163;68;90m▄[48;2;153;44;71m[38;2;179;83;105m▄[48;2;180;116;131m[38;2;182;114;128m▄[48;2;180;120;135m[38;2;178;119;135m▄[48;2;172;85;104m[38;2;179;99;118m▄[48;2;182;112;125m[38;2;178;93;114m▄[48;2;164;68;91m[38;2;184;101;120m▄[48;2;163;66;89m[38;2;183;97;116m▄[48;2;167;72;93m[38;2;180;93;113m▄[48;2;166;66;88m[38;2;188;104;122m▄[48;2;164;72;95m[38;2;184;97;115m▄[48;2;195;177;180m[38;2;187;174;178m▄[48;2;177;115;131m[38;2;204;207;197m▄[48;2;176;106;124m[38;2;190;183;166m▄[48;2;179;121;136m[38;2;190;185;168m▄[48;2;168;78;102m[38;2;194;185;178m▄[48;2;178;102;122m[38;2;192;191;186m▄[48;2;188;177;181m[38;2;191;189;179m▄[48;2;192;195;194m[38;2;202;201;201m▄[48;2;205;205;205m[38;2;207;208;208m▄[48;2;209;209;209m[38;2;208;208;208m▄[48;2;209;209;209m[38;2;208;207;208m▄[48;2;208;208;208m[38;2;207;207;207m▄[48;2;208;208;208m[38;2;207;207;207m▄[48;2;206;206;206m[38;2;207;207;207m▄[48;2;207;207;207m[38;2;206;206;206m▄[48;2;207;207;207m[38;2;206;206;206m▄[48;2;206;206;205m[38;2;204;204;204m▄[48;2;206;205;204m[38;2;203;203;203m▄[48;2;205;204;205m[38;2;203;203;203m▄[48;2;204;204;205m[38;2;203;203;202m▄[48;2;203;203;203m[38;2;203;202;203m▄[48;2;202;203;203m[38;2;202;202;202m▄[48;2;201;201;202m[38;2;201;201;201m▄[48;2;201;201;201m[38;2;201;201;201m▄[48;2;202;202;202m[38;2;202;202;202m▄[48;2;202;202;201m[38;2;202;202;202m▄[0m
[48;2;208;209;209m[38;2;212;212;212m▄[48;2;210;210;210m[38;2;212;212;212m▄[48;2;210;210;210m[38;2;212;212;212m▄[48;2;210;210;210m[38;2;213;213;213m▄[48;2;210;210;210m[38;2;213;213;213m▄[48;2;210;210;210m[38;2;213;213;214m▄[48;2;210;210;210m[38;2;213;213;213m▄[48;2;210;210;211m[38;2;214;214;214m▄[48;2;211;211;211m[38;2;214;214;214m▄[48;2;211;211;211m[38;2;214;214;214m▄[48;2;211;211;211m[38;2;214;214;214m▄[48;2;212;212;212m[38;2;215;215;215m▄[48;2;212;212;212m[38;2;215;215;215m▄[48;2;211;211;211m[38;2;214;214;214m▄[48;2;212;212;212m[38;2;214;214;214m▄[48;2;211;211;211m[38;2;215;215;215m▄[48;2;213;214;215m[38;2;214;214;214m▄[48;2;209;205;203m[38;2;215;215;216m▄[48;2;196;180;164m[38;2;214;216;218m▄[48;2;195;185;170m[38;2;212;212;215m▄[48;2;196;190;177m[38;2;212;213;216m▄[48;2;202;197;195m[38;2;212;213;214m▄[48;2;210;213;216m[38;2;212;211;211m▄[48;2;209;202;204m[38;2;213;214;216m▄[48;2;170;98;116m[38;2;211;211;211m▄[48;2;165;57;82m[38;2;190;154;164m▄[48;2;200;85;108m[38;2;169;103;121m▄[48;2;205;99;122m[38;2;164;84;106m▄[48;2;197;95;116m[38;2;166;86;107m▄[48;2;190;81;104m[38;2;170;100;117m▄[48;2;200;100;121m[38;2;166;80;99m▄[48;2;182;93;111m[38;2;171;72;94m▄[48;2;152;48;73m[38;2;185;80;105m▄[48;2;165;83;103m[38;2;188;90;112m▄[48;2;176;127;137m[38;2;186;89;112m▄[48;2;168;105;119m[38;2;195;94;116m▄[48;2;181;86;107m[38;2;199;98;119m▄[48;2;193;90;113m[38;2;158;59;84m▄[48;2;176;136;147m[38;2;187;175;178m▄[48;2;208;208;200m[38;2;205;208;209m▄[48;2;201;194;190m[38;2;209;209;211m▄[48;2;198;190;182m[38;2;208;209;212m▄[48;2;198;188;172m[38;2;207;208;211m▄[48;2;200;189;175m[38;2;207;208;211m▄[48;2;204;200;196m[38;2;209;210;211m▄[48;2;206;207;207m[38;2;208;208;207m▄[48;2;207;207;207m[38;2;207;207;207m▄[48;2;207;207;207m[38;2;216;216;216m▄[48;2;207;207;207m[38;2;212;212;212m▄[48;2;207;207;207m[38;2;208;208;208m▄[48;2;208;207;208m[38;2;210;210;211m▄[48;2;205;205;205m[38;2;206;206;207m▄[48;2;205;205;205m[38;2;207;207;208m▄[48;2;204;204;204m[38;2;207;207;207m▄[48;2;203;203;203m[38;2;206;206;206m▄[48;2;202;202;202m[38;2;206;206;206m▄[48;2;202;202;202m[38;2;205;205;205m▄[48;2;202;202;202m[38;2;204;204;204m▄[48;2;202;201;203m[38;2;203;203;203m▄[48;2;201;201;202m[38;2;203;203;203m▄[48;2;202;201;202m[38;2;202;202;203m▄[48;2;201;201;201m[38;2;202;202;202m▄[48;2;201;201;201m[38;2;202;202;202m▄[48;2;201;201;201m[38;2;202;202;202m▄[0m
[48;2;214;214;214m[38;2;216;216;216m▄[48;2;215;215;215m[38;2;216;216;216m▄[48;2;215;215;215m[38;2;216;216;216m▄[48;2;216;216;216m[38;2;216;216;216m▄[48;2;216;216;216m[38;2;217;217;217m▄[48;2;216;216;216m[38;2;217;217;217m▄[48;2;215;215;215m[38;2;216;217;217m▄[48;2;215;215;215m[38;2;217;216;216m▄[48;2;215;215;216m[38;2;217;217;217m▄[48;2;215;215;215m[38;2;217;217;217m▄[48;2;216;216;216m[38;2;217;217;217m▄[48;2;216;216;216m[38;2;217;217;217m▄[48;2;216;216;216m[38;2;217;217;217m▄[48;2;216;216;216m[38;2;217;217;217m▄[48;2;216;216;216m[38;2;217;217;217m▄[48;2;216;216;216m[38;2;217;217;217m▄[48;2;216;216;216m[38;2;216;216;216m▄[48;2;216;216;216m[38;2;216;216;216m▄[48;2;216;216;215m[38;2;215;215;215m▄[48;2;216;215;215m[38;2;214;214;214m▄[48;2;216;215;215m[38;2;213;213;213m▄[48;2;217;216;216m[38;2;212;212;212m▄[48;2;217;218;218m[38;2;212;212;212m▄[48;2;216;215;215m[38;2;211;211;211m▄[48;2;210;210;210m[38;2;210;210;210m▄[48;2;203;208;207m[38;2;208;206;207m▄[48;2;197;197;197m[38;2;205;201;203m▄[48;2;189;185;186m[38;2;201;197;198m▄[48;2;185;179;181m[38;2;197;192;194m▄[48;2;185;184;182m[38;2;196;189;190m▄[48;2;184;170;171m[38;2;194;190;190m▄[48;2;172;124;136m[38;2;195;196;195m▄[48;2;163;88;107m[38;2;194;193;192m▄[48;2;165;75;98m[38;2;190;179;180m▄[48;2;167;71;95m[38;2;189;172;176m▄[48;2;169;75;97m[38;2;192;179;182m▄[48;2;159;81;100m[38;2;193;193;192m▄[48;2;181;154;159m[38;2;191;194;192m▄[48;2;189;193;191m[38;2;198;197;199m▄[48;2;202;201;201m[38;2;205;205;205m▄[48;2;209;208;209m[38;2;208;208;208m▄[48;2;214;213;213m[38;2;211;211;211m▄[48;2;213;212;211m[38;2;213;213;213m▄[48;2;210;209;209m[38;2;213;213;213m▄[48;2;210;210;210m[38;2;210;210;210m▄[48;2;209;209;209m[38;2;210;210;210m▄[48;2;210;210;210m[38;2;210;210;210m▄[48;2;211;211;211m[38;2;210;210;210m▄[48;2;210;210;210m[38;2;210;210;210m▄[48;2;208;208;208m[38;2;209;209;210m▄[48;2;208;208;208m[38;2;209;209;210m▄[48;2;209;208;210m[38;2;209;209;209m▄[48;2;208;208;209m[38;2;210;210;210m▄[48;2;208;208;208m[38;2;209;209;209m▄[48;2;208;208;208m[38;2;209;209;209m▄[48;2;208;207;208m[38;2;209;209;210m▄[48;2;207;207;207m[38;2;209;209;209m▄[48;2;206;206;207m[38;2;208;208;209m▄[48;2;211;210;211m[38;2;216;215;217m▄[48;2;214;214;214m[38;2;220;220;220m▄[48;2;205;205;206m[38;2;209;208;209m▄[48;2;205;205;205m[38;2;207;207;208m▄[48;2;205;205;206m[38;2;207;207;207m▄[48;2;204;204;204m[38;2;207;207;207m▄[0m
[48;2;219;219;219m[38;2;223;223;223m▄[48;2;219;219;219m[38;2;223;223;223m▄[48;2;219;219;219m[38;2;223;223;223m▄[48;2;219;219;219m[38;2;223;223;223m▄[48;2;220;220;220m[38;2;224;224;224m▄[48;2;220;220;220m[38;2;223;223;223m▄[48;2;221;221;221m[38;2;223;223;223m▄[48;2;221;221;221m[38;2;224;224;224m▄[48;2;221;221;221m[38;2;224;224;224m▄[48;2;221;221;221m[38;2;224;224;224m▄[48;2;221;221;221m[38;2;224;224;224m▄[48;2;222;222;222m[38;2;224;224;224m▄[48;2;222;222;222m[38;2;223;223;223m▄[48;2;221;221;221m[38;2;223;223;223m▄[48;2;220;220;220m[38;2;223;223;223m▄[48;2;217;217;217m[38;2;222;222;222m▄[48;2;212;212;213m[38;2;218;218;218m▄[48;2;206;206;206m[38;2;214;214;214m▄[48;2;199;199;199m[38;2;209;209;209m▄[48;2;194;193;194m[38;2;204;204;204m▄[48;2;191;191;191m[38;2;202;202;203m▄[48;2;190;190;190m[38;2;202;202;202m▄[48;2;189;189;190m[38;2;200;200;200m▄[48;2;189;188;190m[38;2;195;195;195m▄[48;2;190;190;190m[38;2;190;190;190m▄[48;2;193;193;193m[38;2;187;187;187m▄[48;2;197;197;197m[38;2;185;185;185m▄[48;2;199;199;199m[38;2;185;184;185m▄[48;2;200;200;200m[38;2;185;185;186m▄[48;2;199;200;200m[38;2;186;186;186m▄[48;2;198;198;199m[38;2;187;187;188m▄[48;2;196;194;196m[38;2;187;187;187m▄[48;2;194;193;195m[38;2;186;186;185m▄[48;2;195;196;197m[38;2;186;185;185m▄[48;2;194;196;197m[38;2;186;184;186m▄[48;2;192;194;195m[38;2;185;184;185m▄[48;2;191;191;191m[38;2;185;185;185m▄[48;2;191;190;191m[38;2;186;186;186m▄[48;2;188;188;189m[38;2;192;192;191m▄[48;2;186;186;186m[38;2;193;193;193m▄[48;2;188;188;188m[38;2;194;194;194m▄[48;2;202;201;202m[38;2;195;195;195m▄[48;2;194;193;195m[38;2;191;192;192m▄[48;2;191;191;192m[38;2;192;192;192m▄[48;2;195;195;195m[38;2;196;196;196m▄[48;2;202;202;202m[38;2;204;204;204m▄[48;2;207;207;207m[38;2;209;209;209m▄[48;2;210;210;211m[38;2;213;213;213m▄[48;2;213;213;213m[38;2;215;215;215m▄[48;2;213;213;213m[38;2;215;215;215m▄[48;2;212;212;214m[38;2;215;215;215m▄[48;2;213;213;213m[38;2;215;215;215m▄[48;2;212;212;212m[38;2;215;215;215m▄[48;2;211;211;212m[38;2;214;214;214m▄[48;2;210;210;210m[38;2;214;214;214m▄[48;2;210;210;210m[38;2;213;213;213m▄[48;2;210;210;210m[38;2;212;212;212m▄[48;2;210;210;210m[38;2;212;212;212m▄[48;2;210;210;210m[38;2;211;211;211m▄[48;2;210;210;210m[38;2;210;210;210m▄[48;2;209;209;209m[38;2;210;210;210m▄[48;2;209;209;210m[38;2;210;210;210m▄[48;2;209;208;209m[38;2;210;210;210m▄[48;2;209;209;210m[38;2;210;210;210m▄[0m
[48;2;225;225;225m[38;2;228;228;228m▄[48;2;225;225;225m[38;2;228;228;228m▄[48;2;225;225;225m[38;2;227;227;227m▄[48;2;225;225;225m[38;2;227;227;227m▄[48;2;226;226;226m[38;2;228;228;228m▄[48;2;225;225;225m[38;2;228;228;228m▄[48;2;226;226;226m[38;2;228;228;228m▄[48;2;227;227;227m[38;2;228;228;228m▄[48;2;226;226;226m[38;2;228;228;228m▄[48;2;226;226;226m[38;2;228;228;228m▄[48;2;227;227;227m[38;2;228;228;228m▄[48;2;226;226;226m[38;2;228;228;228m▄[48;2;226;226;226m[38;2;228;228;228m▄[48;2;226;226;226m[38;2;227;227;227m▄[48;2;226;226;226m[38;2;227;227;227m▄[48;2;225;225;225m[38;2;227;227;227m▄[48;2;225;225;225m[38;2;227;227;227m▄[48;2;225;225;225m[38;2;227;227;227m▄[48;2;225;225;225m[38;2;227;227;227m▄[48;2;225;225;225m[38;2;228;228;228m▄[48;2;226;226;226m[38;2;228;228;228m▄[48;2;225;225;225m[38;2;227;227;227m▄[48;2;224;224;224m[38;2;227;227;227m▄[48;2;222;222;222m[38;2;227;227;227m▄[48;2;219;219;219m[38;2;226;226;226m▄[48;2;215;215;215m[38;2;227;227;227m▄[48;2;213;213;213m[38;2;227;227;227m▄[48;2;212;212;212m[38;2;226;226;226m▄[48;2;211;211;212m[38;2;226;226;226m▄[48;2;210;210;211m[38;2;226;226;226m▄[48;2;210;210;209m[38;2;226;226;226m▄[48;2;207;207;207m[38;2;226;226;226m▄[48;2;204;204;204m[38;2;225;225;225m▄[48;2;202;202;202m[38;2;225;225;225m▄[48;2;200;200;200m[38;2;224;224;224m▄[48;2;201;201;201m[38;2;224;224;224m▄[48;2;202;203;203m[38;2;224;224;224m▄[48;2;206;206;206m[38;2;224;224;224m▄[48;2;211;211;211m[38;2;222;222;222m▄[48;2;216;216;216m[38;2;222;222;222m▄[48;2;219;219;219m[38;2;222;222;222m▄[48;2;218;218;218m[38;2;223;223;223m▄[48;2;216;217;217m[38;2;220;220;220m▄[48;2;216;216;216m[38;2;218;218;218m▄[48;2;216;216;216m[38;2;218;218;218m▄[48;2;216;216;216m[38;2;217;217;217m▄[48;2;217;217;217m[38;2;217;217;217m▄[48;2;216;216;216m[38;2;217;217;217m▄[48;2;216;216;216m[38;2;217;217;217m▄[48;2;216;216;216m[38;2;216;216;216m▄[48;2;216;216;216m[38;2;216;216;216m▄[48;2;215;215;215m[38;2;216;216;216m▄[48;2;216;216;216m[38;2;216;216;216m▄[48;2;216;216;216m[38;2;216;216;216m▄[48;2;215;215;215m[38;2;216;216;216m▄[48;2;215;215;215m[38;2;216;216;216m▄[48;2;215;215;215m[38;2;216;216;216m▄[48;2;215;215;215m[38;2;215;215;215m▄[48;2;214;214;215m[38;2;215;215;215m▄[48;2;213;213;213m[38;2;215;215;215m▄[48;2;212;212;212m[38;2;214;214;214m▄[48;2;211;211;211m[38;2;214;214;214m▄[48;2;211;211;211m[38;2;214;214;214m▄[48;2;210;210;210m[38;2;213;213;213m▄[0m
