[48;2;219;219;219m[38;2;218;218;218m▄[48;2;221;221;221m[38;2;219;219;219m▄[48;2;221;221;221m[38;2;221;221;221m▄[48;2;222;222;222m[38;2;222;222;222m▄[48;2;223;223;223m[38;2;223;223;223m▄[48;2;224;224;224m[38;2;223;223;223m▄[48;2;224;224;224m[38;2;224;224;224m▄[48;2;225;225;225m[38;2;224;224;224m▄[48;2;225;225;225m[38;2;225;225;225m▄[48;2;225;225;225m[38;2;224;224;224m▄[48;2;224;224;224m[38;2;224;224;224m▄[48;2;226;226;226m[38;2;224;224;224m▄[48;2;227;227;227m[38;2;225;225;225m▄[48;2;228;228;228m[38;2;226;226;226m▄[48;2;228;228;228m[38;2;227;227;227m▄[48;2;228;228;228m[38;2;227;227;227m▄[48;2;227;227;227m[38;2;227;227;227m▄[48;2;227;227;227m[38;2;227;227;227m▄[48;2;228;228;228m[38;2;227;227;227m▄[48;2;227;227;227m[38;2;227;227;227m▄[48;2;228;228;228m[38;2;227;227;227m▄[48;2;228;228;228m[38;2;227;227;227m▄[48;2;227;227;227m[38;2;227;227;227m▄[48;2;227;227;227m[38;2;227;227;227m▄[48;2;227;227;227m[38;2;228;228;228m▄[48;2;227;227;227m[38;2;227;227;227m▄[48;2;228;228;228m[38;2;226;226;226m▄[48;2;227;227;227m[38;2;225;225;225m▄[48;2;225;225;225m[38;2;225;225;225m▄[48;2;225;225;225m[38;2;224;224;224m▄[48;2;224;224;224m[38;2;224;224;224m▄[48;2;225;225;225m[38;2;224;224;224m▄[48;2;225;225;225m[38;2;224;224;224m▄[48;2;224;224;224m[38;2;224;224;224m▄[48;2;223;223;223m[38;2;223;223;223m▄[48;2;223;223;223m[38;2;223;223;223m▄[48;2;223;223;223m[38;2;223;223;223m▄[48;2;223;223;223m[38;2;222;222;222m▄[48;2;222;222;222m[38;2;222;222;222m▄[48;2;221;221;221m[38;2;221;221;221m▄[48;2;221;221;221m[38;2;220;220;220m▄[48;2;219;219;219m[38;2;218;218;218m▄[48;2;217;217;217m[38;2;217;217;217m▄[48;2;217;217;217m[38;2;217;217;217m▄[48;2;217;217;217m[38;2;217;217;217m▄[48;2;217;217;217m[38;2;217;217;217m▄[48;2;216;216;216m[38;2;216;216;216m▄[48;2;216;216;216m[38;2;215;215;216m▄[48;2;215;215;215m[38;2;215;215;215m▄[48;2;215;215;215m[38;2;214;214;214m▄[48;2;214;214;214m[38;2;214;214;214m▄[48;2;213;213;213m[38;2;213;213;213m▄[48;2;213;213;213m[38;2;213;213;213m▄[48;2;212;212;212m[38;2;211;211;212m▄[48;2;210;210;211m[38;2;210;210;211m▄[48;2;211;211;211m[38;2;210;211;210m▄[48;2;211;211;211m[38;2;210;210;211m▄[48;2;210;210;210m[38;2;210;210;211m▄[48;2;208;208;208m[38;2;209;209;209m▄[48;2;209;209;209m[38;2;208;208;208m▄[48;2;208;208;208m[38;2;208;208;208m▄[48;2;207;207;207m[38;2;207;207;207m▄[48;2;207;207;207m[38;2;207;207;207m▄[48;2;206;206;206m[38;2;206;206;206m▄[0m
[48;2;217;217;217m[38;2;217;217;217m▄[48;2;218;218;218m[38;2;218;218;218m▄[48;2;220;220;220m[38;2;219;219;219m▄[48;2;222;222;222m[38;2;221;221;221m▄[48;2;223;223;223m[38;2;223;223;223m▄[48;2;224;224;224m[38;2;223;223;223m▄[48;2;224;224;224m[38;2;224;224;224m▄[48;2;224;224;224m[38;2;224;224;224m▄[48;2;224;224;224m[38;2;224;224;224m▄[48;2;225;225;225m[38;2;225;225;225m▄[48;2;225;225;225m[38;2;224;224;224m▄[48;2;224;224;224m[38;2;224;224;224m▄[48;2;224;224;224m[38;2;224;224;224m▄[48;2;224;224;224m[38;2;224;224;224m▄[48;2;226;226;226m[38;2;224;224;224m▄[48;2;226;226;226m[38;2;224;224;224m▄[48;2;226;226;226m[38;2;225;225;225m▄[48;2;227;227;227m[38;2;226;226;226m▄[48;2;227;227;227m[38;2;227;227;227m▄[48;2;227;227;227m[38;2;227;227;227m▄[48;2;227;227;227m[38;2;227;227;227m▄[48;2;227;227;227m[38;2;226;226;226m▄[48;2;227;227;227m[38;2;227;227;227m▄[48;2;227;227;227m[38;2;226;226;226m▄[48;2;227;227;227m[38;2;224;224;224m▄[48;2;226;226;226m[38;2;225;225;225m▄[48;2;225;225;225m[38;2;225;225;225m▄[48;2;225;225;225m[38;2;224;224;224m▄[48;2;224;224;224m[38;2;229;227;229m▄[48;2;223;224;223m[38;2;230;228;230m▄[48;2;224;224;224m[38;2;225;225;224m▄[48;2;224;224;224m[38;2;223;223;223m▄[48;2;223;223;223m[38;2;224;224;224m▄[48;2;224;224;224m[38;2;222;222;222m▄[48;2;223;223;223m[38;2;226;225;226m▄[48;2;222;223;222m[38;2;226;225;227m▄[48;2;222;222;222m[38;2;222;222;222m▄[48;2;222;222;222m[38;2;222;222;222m▄[48;2;222;222;222m[38;2;221;221;221m▄[48;2;221;221;221m[38;2;221;221;220m▄[48;2;220;220;220m[38;2;219;219;219m▄[48;2;218;218;218m[38;2;218;217;219m▄[48;2;217;217;217m[38;2;217;217;216m▄[48;2;217;217;217m[38;2;217;217;217m▄[48;2;216;216;216m[38;2;216;216;216m▄[48;2;217;217;217m[38;2;216;216;216m▄[48;2;216;216;216m[38;2;216;216;216m▄[48;2;215;215;215m[38;2;215;215;215m▄[48;2;215;215;215m[38;2;215;214;215m▄[48;2;214;214;214m[38;2;214;214;214m▄[48;2;214;214;214m[38;2;214;214;214m▄[48;2;213;213;213m[38;2;213;213;213m▄[48;2;213;213;213m[38;2;213;213;213m▄[48;2;212;212;212m[38;2;211;211;211m▄[48;2;211;211;211m[38;2;211;211;211m▄[48;2;211;211;211m[38;2;210;210;210m▄[48;2;210;210;210m[38;2;210;210;210m▄[48;2;210;210;210m[38;2;209;209;209m▄[48;2;210;209;211m[38;2;209;209;209m▄[48;2;208;208;209m[38;2;208;208;208m▄[48;2;208;208;208m[38;2;208;208;208m▄[48;2;208;208;208m[38;2;207;207;207m▄[48;2;207;206;207m[38;2;207;207;207m▄[48;2;205;205;207m[38;2;206;206;206m▄[0m
[48;2;218;218;218m[38;2;217;217;217m▄[48;2;218;218;218m[38;2;218;218;218m▄[48;2;219;219;219m[38;2;220;220;220m▄[48;2;221;221;221m[38;2;221;221;221m▄[48;2;222;222;222m[38;2;221;221;221m▄[48;2;223;223;223m[38;2;222;222;222m▄[48;2;223;223;223m[38;2;223;223;223m▄[48;2;223;223;223m[38;2;223;223;223m▄[48;2;224;224;224m[38;2;224;224;224m▄[48;2;224;224;224m[38;2;224;224;224m▄[48;2;225;225;225m[38;2;224;224;224m▄[48;2;225;225;225m[38;2;224;224;224m▄[48;2;225;225;225m[38;2;224;224;224m▄[48;2;224;224;224m[38;2;224;224;224m▄[48;2;224;224;224m[38;2;225;225;225m▄[48;2;225;225;225m[38;2;225;225;225m▄[48;2;225;225;225m[38;2;224;224;224m▄[48;2;225;225;225m[38;2;225;225;225m▄[48;2;225;225;225m[38;2;225;225;225m▄[48;2;225;225;225m[38;2;225;225;225m▄[48;2;225;225;225m[38;2;224;224;224m▄[48;2;225;225;225m[38;2;225;225;225m▄[48;2;225;225;225m[38;2;224;224;224m▄[48;2;224;224;224m[38;2;224;224;224m▄[48;2;225;225;225m[38;2;225;225;225m▄[48;2;225;225;225m[38;2;224;225;224m▄[48;2;224;224;224m[38;2;224;225;224m▄[48;2;226;225;226m[38;2;227;225;228m▄[48;2;208;215;207m[38;2;145;184;132m▄[48;2;201;211;204m[38;2;143;187;111m▄[48;2;224;224;227m[38;2;146;185;126m▄[48;2;231;228;231m[38;2;191;205;191m▄[48;2;221;222;221m[38;2;233;229;234m▄[48;2;229;227;229m[38;2;211;216;213m▄[48;2;213;217;215m[38;2;132;177;107m▄[48;2;208;215;207m[38;2;122;171;100m▄[48;2;225;224;225m[38;2;221;220;223m▄[48;2;221;221;221m[38;2;221;222;221m▄[48;2;221;221;221m[38;2;221;221;221m▄[48;2;219;219;219m[38;2;219;219;219m▄[48;2;218;218;218m[38;2;217;217;217m▄[48;2;217;217;218m[38;2;218;218;218m▄[48;2;217;217;217m[38;2;217;217;217m▄[48;2;217;217;217m[38;2;217;217;217m▄[48;2;217;217;217m[38;2;217;217;217m▄[48;2;216;216;216m[38;2;216;216;216m▄[48;2;215;215;215m[38;2;215;215;215m▄[48;2;215;215;215m[38;2;215;215;215m▄[48;2;215;215;215m[38;2;214;214;214m▄[48;2;214;214;214m[38;2;214;214;214m▄[48;2;213;213;214m[38;2;214;214;214m▄[48;2;213;213;213m[38;2;212;212;213m▄[48;2;212;212;212m[38;2;211;211;211m▄[48;2;212;212;212m[38;2;211;211;211m▄[48;2;211;211;211m[38;2;211;211;211m▄[48;2;210;210;210m[38;2;211;210;211m▄[48;2;210;210;210m[38;2;210;210;210m▄[48;2;210;210;210m[38;2;210;210;211m▄[48;2;208;208;208m[38;2;209;209;210m▄[48;2;208;208;208m[38;2;209;209;208m▄[48;2;208;208;208m[38;2;208;208;208m▄[48;2;208;208;208m[38;2;207;207;207m▄[48;2;206;207;206m[38;2;207;207;207m▄[48;2;205;205;205m[38;2;206;205;207m▄[0m
[48;2;217;217;217m[38;2;217;217;217m▄[48;2;217;217;217m[38;2;217;217;217m▄[48;2;218;218;218m[38;2;217;217;217m▄[48;2;220;220;220m[38;2;218;218;218m▄[48;2;221;221;221m[38;2;221;221;221m▄[48;2;221;221;221m[38;2;221;221;221m▄[48;2;222;222;222m[38;2;222;222;222m▄[48;2;223;223;223m[38;2;223;223;223m▄[48;2;223;223;223m[38;2;222;222;222m▄[48;2;224;224;224m[38;2;223;223;223m▄[48;2;224;224;224m[38;2;224;224;224m▄[48;2;224;224;224m[38;2;224;224;224m▄[48;2;225;225;225m[38;2;224;224;224m▄[48;2;225;225;225m[38;2;224;224;224m▄[48;2;225;225;225m[38;2;224;224;224m▄[48;2;224;224;224m[38;2;224;224;224m▄[48;2;225;225;225m[38;2;224;224;224m▄[48;2;225;225;225m[38;2;225;225;225m▄[48;2;225;225;225m[38;2;225;225;225m▄[48;2;225;225;225m[38;2;224;224;224m▄[48;2;224;224;224m[38;2;224;224;224m▄[48;2;225;225;225m[38;2;224;224;224m▄[48;2;225;225;225m[38;2;224;224;224m▄[48;2;225;225;225m[38;2;225;225;225m▄[48;2;225;225;225m[38;2;225;225;225m▄[48;2;225;225;225m[38;2;224;224;224m▄[48;2;224;224;223m[38;2;223;224;223m▄[48;2;230;227;231m[38;2;232;228;231m▄[48;2;158;189;148m[38;2;191;204;192m▄[48;2;150;194;90m[38;2;123;175;84m▄[48;2;141;188;82m[38;2;133;183;78m▄[48;2;127;175;90m[38;2;127;177;79m▄[48;2;204;211;206m[38;2;122;168;101m▄[48;2;143;180;127m[38;2;113;163;96m▄[48;2;121;170;91m[38;2;173;189;173m▄[48;2;187;198;184m[38;2;181;193;180m▄[48;2;221;218;222m[38;2;183;196;183m▄[48;2;220;220;220m[38;2;217;217;220m▄[48;2;218;219;218m[38;2;227;224;228m▄[48;2;219;219;219m[38;2;218;218;218m▄[48;2;217;217;217m[38;2;218;218;218m▄[48;2;217;217;217m[38;2;217;217;217m▄[48;2;216;216;216m[38;2;217;217;217m▄[48;2;217;217;217m[38;2;217;217;217m▄[48;2;217;217;217m[38;2;216;216;216m▄[48;2;216;216;216m[38;2;216;216;216m▄[48;2;215;215;215m[38;2;215;215;215m▄[48;2;215;215;215m[38;2;215;215;215m▄[48;2;215;215;215m[38;2;214;214;214m▄[48;2;214;214;214m[38;2;214;214;214m▄[48;2;213;213;213m[38;2;213;213;214m▄[48;2;213;213;213m[38;2;213;213;213m▄[48;2;212;212;212m[38;2;212;212;212m▄[48;2;211;211;211m[38;2;211;211;211m▄[48;2;211;211;211m[38;2;210;210;210m▄[48;2;210;210;210m[38;2;211;211;211m▄[48;2;210;210;210m[38;2;211;211;211m▄[48;2;210;210;209m[38;2;209;209;209m▄[48;2;209;209;208m[38;2;209;209;209m▄[48;2;208;208;208m[38;2;208;208;208m▄[48;2;207;207;208m[38;2;208;208;208m▄[48;2;207;207;207m[38;2;207;207;207m▄[48;2;206;206;207m[38;2;206;206;206m▄[48;2;205;205;206m[38;2;205;205;205m▄[0m
[48;2;216;216;216m[38;2;216;216;216m▄[48;2;217;217;217m[38;2;216;216;216m▄[48;2;217;217;217m[38;2;217;217;217m▄[48;2;218;218;218m[38;2;217;217;217m▄[48;2;219;219;219m[38;2;217;218;217m▄[48;2;221;221;221m[38;2;219;219;220m▄[48;2;221;221;221m[38;2;220;220;221m▄[48;2;222;222;222m[38;2;221;221;221m▄[48;2;223;223;223m[38;2;222;222;222m▄[48;2;223;223;223m[38;2;222;222;222m▄[48;2;223;223;223m[38;2;223;223;223m▄[48;2;224;224;224m[38;2;223;223;223m▄[48;2;224;224;224m[38;2;224;224;224m▄[48;2;225;225;225m[38;2;224;224;224m▄[48;2;225;224;224m[38;2;224;224;224m▄[48;2;224;224;224m[38;2;224;224;224m▄[48;2;224;224;224m[38;2;224;224;224m▄[48;2;224;224;225m[38;2;224;224;224m▄[48;2;225;225;225m[38;2;224;224;224m▄[48;2;224;224;225m[38;2;224;224;224m▄[48;2;225;225;225m[38;2;225;225;225m▄[48;2;225;225;225m[38;2;224;224;224m▄[48;2;225;225;225m[38;2;224;224;224m▄[48;2;224;224;224m[38;2;224;224;224m▄[48;2;224;224;224m[38;2;223;223;223m▄[48;2;224;224;224m[38;2;224;223;223m▄[48;2;224;223;223m[38;2;225;229;228m▄[48;2;224;229;228m[38;2;220;199;202m▄[48;2;229;227;231m[38;2;224;150;158m▄[48;2;170;183;160m[38;2;235;147;161m▄[48;2;117;169;85m[38;2;209;142;149m▄[48;2;96;164;74m[38;2;169;145;128m▄[48;2;71;146;56m[38;2;143;143;107m▄[48;2;95;153;86m[38;2;86;151;69m▄[48;2;122;172;99m[38;2;95;167;67m▄[48;2;130;181;89m[38;2;122;180;75m▄[48;2;142;187;105m[38;2;144;194;78m▄[48;2;145;183;127m[38;2;122;176;67m▄[48;2;189;202;188m[38;2;136;172;128m▄[48;2;221;220;221m[38;2;221;218;223m▄[48;2;217;217;217m[38;2;215;215;214m▄[48;2;217;217;217m[38;2;216;216;216m▄[48;2;217;217;217m[38;2;217;217;217m▄[48;2;216;216;216m[38;2;217;217;216m▄[48;2;216;216;216m[38;2;216;216;216m▄[48;2;216;216;216m[38;2;215;215;215m▄[48;2;215;215;215m[38;2;215;215;215m▄[48;2;215;214;215m[38;2;214;214;215m▄[48;2;214;214;214m[38;2;214;214;214m▄[48;2;213;213;215m[38;2;213;213;213m▄[48;2;213;212;215m[38;2;213;213;213m▄[48;2;212;212;214m[38;2;212;212;212m▄[48;2;211;211;211m[38;2;211;211;211m▄[48;2;210;210;210m[38;2;210;210;210m▄[48;2;211;211;211m[38;2;211;211;211m▄[48;2;211;211;211m[38;2;211;211;211m▄[48;2;210;210;211m[38;2;210;210;210m▄[48;2;209;209;209m[38;2;209;209;209m▄[48;2;208;208;209m[38;2;208;208;208m▄[48;2;208;208;208m[38;2;208;208;208m▄[48;2;208;208;207m[38;2;207;207;207m▄[48;2;207;207;208m[38;2;207;207;207m▄[48;2;206;205;207m[38;2;206;206;206m▄[48;2;204;204;204m[38;2;205;204;205m▄[0m
[48;2;216;216;216m[38;2;216;216;216m▄[48;2;216;216;216m[38;2;216;216;216m▄[48;2;216;216;216m[38;2;216;216;216m▄[48;2;217;217;217m[38;2;217;217;217m▄[48;2;217;217;217m[38;2;217;217;217m▄[48;2;219;219;219m[38;2;218;218;218m▄[48;2;220;220;220m[38;2;218;218;218m▄[48;2;220;220;221m[38;2;220;220;220m▄[48;2;220;220;220m[38;2;220;220;221m▄[48;2;222;222;222m[38;2;221;220;222m▄[48;2;222;222;222m[38;2;222;221;223m▄[48;2;222;222;223m[38;2;222;222;223m▄[48;2;223;223;223m[38;2;222;222;222m▄[48;2;223;223;223m[38;2;222;222;222m▄[48;2;224;224;224m[38;2;223;223;223m▄[48;2;224;224;224m[38;2;223;223;223m▄[48;2;224;224;224m[38;2;223;223;223m▄[48;2;223;223;223m[38;2;223;223;223m▄[48;2;224;224;224m[38;2;223;223;223m▄[48;2;224;224;224m[38;2;223;223;223m▄[48;2;224;224;224m[38;2;223;223;223m▄[48;2;224;224;224m[38;2;223;223;223m▄[48;2;224;224;224m[38;2;223;223;223m▄[48;2;224;224;224m[38;2;223;223;223m▄[48;2;224;223;223m[38;2;223;221;221m▄[48;2;224;226;226m[38;2;226;234;233m▄[48;2;220;211;213m[38;2;213;177;182m▄[48;2;224;138;148m[38;2;218;116;131m▄[48;2;239;138;149m[38;2;227;132;145m▄[48;2;239;141;151m[38;2;221;120;134m▄[48;2;233;129;143m[38;2;220;130;140m▄[48;2;236;145;159m[38;2;240;167;173m▄[48;2;252;161;175m[38;2;236;154;161m▄[48;2;190;128;123m[38;2;234;133;148m▄[48;2;140;155;105m[38;2;242;146;163m▄[48;2;131;162;87m[38;2;232;144;156m▄[48;2;126;165;97m[38;2;202;162;172m▄[48;2;152;176;147m[38;2;207;212;215m▄[48;2;202;201;203m[38;2;208;205;206m▄[48;2;211;210;211m[38;2;214;214;214m▄[48;2;216;216;216m[38;2;216;216;216m▄[48;2;217;217;217m[38;2;216;216;217m▄[48;2;217;217;217m[38;2;217;217;217m▄[48;2;216;216;218m[38;2;216;215;216m▄[48;2;216;215;216m[38;2;216;216;216m▄[48;2;215;215;215m[38;2;215;215;215m▄[48;2;215;215;215m[38;2;214;214;214m▄[48;2;214;214;214m[38;2;214;214;214m▄[48;2;214;214;214m[38;2;214;214;214m▄[48;2;213;213;213m[38;2;213;213;214m▄[48;2;213;213;213m[38;2;213;212;213m▄[48;2;211;211;212m[38;2;211;211;212m▄[48;2;211;210;212m[38;2;210;210;212m▄[48;2;211;211;211m[38;2;211;211;211m▄[48;2;210;210;210m[38;2;211;211;211m▄[48;2;210;210;210m[38;2;210;210;210m▄[48;2;209;209;209m[38;2;209;209;209m▄[48;2;209;209;209m[38;2;209;209;209m▄[48;2;209;209;208m[38;2;208;208;209m▄[48;2;208;208;208m[38;2;208;208;208m▄[48;2;207;207;208m[38;2;207;207;207m▄[48;2;207;207;207m[38;2;207;206;208m▄[48;2;206;206;206m[38;2;205;205;205m▄[48;2;205;205;205m[38;2;205;205;204m▄[0m
[48;2;216;216;216m[38;2;216;216;216m▄[48;2;216;216;216m[38;2;216;215;216m▄[48;2;216;216;216m[38;2;216;216;216m▄[48;2;216;216;216m[38;2;216;216;216m▄[48;2;217;217;217m[38;2;217;217;217m▄[48;2;217;217;217m[38;2;217;217;217m▄[48;2;218;218;218m[38;2;217;217;217m▄[48;2;218;218;218m[38;2;217;217;217m▄[48;2;219;219;219m[38;2;218;218;218m▄[48;2;219;219;219m[38;2;219;219;219m▄[48;2;221;221;221m[38;2;220;219;221m▄[48;2;221;221;221m[38;2;220;220;220m▄[48;2;220;220;220m[38;2;220;220;220m▄[48;2;222;222;222m[38;2;220;220;220m▄[48;2;222;222;222m[38;2;221;221;221m▄[48;2;222;222;222m[38;2;221;221;221m▄[48;2;222;222;222m[38;2;221;221;221m▄[48;2;223;223;223m[38;2;222;222;222m▄[48;2;223;223;223m[38;2;222;222;222m▄[48;2;223;223;223m[38;2;222;222;222m▄[48;2;223;223;223m[38;2;222;222;223m▄[48;2;223;223;223m[38;2;222;222;222m▄[48;2;223;223;223m[38;2;222;222;222m▄[48;2;223;222;222m[38;2;222;221;221m▄[48;2;224;227;226m[38;2;224;231;230m▄[48;2;218;209;210m[38;2;209;160;169m▄[48;2;215;130;143m[38;2;228;120;134m▄[48;2;231;131;146m[38;2;233;123;138m▄[48;2;235;132;147m[38;2;215;94;113m▄[48;2;219;133;146m[38;2;213;143;155m▄[48;2;219;156;165m[38;2;255;255;255m▄[48;2;229;134;146m[38;2;224;174;182m▄[48;2;243;162;170m[38;2;221;131;144m▄[48;2;227;138;148m[38;2;225;133;144m▄[48;2;230;140;151m[38;2;227;143;152m▄[48;2;238;158;165m[38;2;218;125;138m▄[48;2;203;106;120m[38;2;221;100;116m▄[48;2;206;193;193m[38;2;206;147;157m▄[48;2;217;221;220m[38;2;215;222;221m▄[48;2;216;216;217m[38;2;216;212;210m▄[48;2;216;217;219m[38;2;214;209;202m▄[48;2;216;216;216m[38;2;213;206;195m▄[48;2;216;216;214m[38;2;213;203;188m▄[48;2;216;217;219m[38;2;212;202;186m▄[48;2;215;216;216m[38;2;215;215;214m▄[48;2;215;215;215m[38;2;215;215;216m▄[48;2;215;215;214m[38;2;214;214;215m▄[48;2;214;214;214m[38;2;214;213;215m▄[48;2;213;213;213m[38;2;213;213;213m▄[48;2;212;212;212m[38;2;212;212;212m▄[48;2;212;212;212m[38;2;212;212;212m▄[48;2;211;211;212m[38;2;211;211;211m▄[48;2;211;211;211m[38;2;211;211;211m▄[48;2;211;211;211m[38;2;211;211;211m▄[48;2;210;210;210m[38;2;210;210;210m▄[48;2;210;210;210m[38;2;209;209;209m▄[48;2;209;209;209m[38;2;209;209;209m▄[48;2;209;209;209m[38;2;209;209;209m▄[48;2;208;208;209m[38;2;208;208;208m▄[48;2;208;208;208m[38;2;207;207;207m▄[48;2;207;207;207m[38;2;207;207;207m▄[48;2;206;206;206m[38;2;206;205;206m▄[48;2;205;205;205m[38;2;205;204;205m▄[48;2;205;205;205m[38;2;205;205;205m▄[0m
[48;2;215;215;216m[38;2;215;215;215m▄[48;2;216;215;216m[38;2;215;215;215m▄[48;2;216;216;216m[38;2;216;216;216m▄[48;2;216;216;216m[38;2;216;216;216m▄[48;2;216;216;216m[38;2;216;216;216m▄[48;2;217;217;217m[38;2;216;216;216m▄[48;2;217;217;217m[38;2;216;216;216m▄[48;2;217;217;217m[38;2;216;216;216m▄[48;2;217;217;217m[38;2;217;217;217m▄[48;2;218;218;218m[38;2;217;217;217m▄[48;2;218;218;219m[38;2;218;218;218m▄[48;2;218;218;218m[38;2;218;218;218m▄[48;2;219;219;219m[38;2;217;217;217m▄[48;2;220;220;220m[38;2;219;219;219m▄[48;2;221;221;221m[38;2;219;219;219m▄[48;2;221;221;221m[38;2;220;220;220m▄[48;2;221;221;221m[38;2;220;220;220m▄[48;2;221;221;221m[38;2;220;220;220m▄[48;2;222;222;222m[38;2;220;220;220m▄[48;2;222;222;222m[38;2;221;221;221m▄[48;2;221;221;222m[38;2;220;220;220m▄[48;2;222;222;222m[38;2;220;220;220m▄[48;2;221;221;221m[38;2;221;220;220m▄[48;2;221;219;220m[38;2;220;218;219m▄[48;2;223;230;229m[38;2;223;228;227m▄[48;2;206;147;159m[38;2;211;184;191m▄[48;2;228;111;127m[38;2;200;86;107m▄[48;2;214;107;125m[38;2;217;111;128m▄[48;2;210;97;118m[38;2;219;100;120m▄[48;2;202;92;111m[38;2;219;107;124m▄[48;2;227;187;196m[38;2;214;104;122m▄[48;2;255;255;255m[38;2;214;151;165m▄[48;2;240;220;224m[38;2;247;243;245m▄[48;2;205;121;137m[38;2;215;142;156m▄[48;2;209;98;117m[38;2;228;110;126m▄[48;2;223;115;130m[38;2;233;127;141m▄[48;2;231;113;127m[38;2;215;98;116m▄[48;2;202;131;142m[38;2;193;158;165m▄[48;2;208;215;214m[38;2;209;214;213m▄[48;2;216;210;205m[38;2;216;214;216m▄[48;2;215;213;209m[38;2;216;216;217m▄[48;2;215;215;215m[38;2;215;214;214m▄[48;2;215;216;219m[38;2;215;215;215m▄[48;2;211;203;192m[38;2;216;218;222m▄[48;2;211;199;182m[38;2;207;192;171m▄[48;2;215;216;218m[38;2;213;212;212m▄[48;2;213;213;213m[38;2;213;214;214m▄[48;2;213;213;214m[38;2;213;212;213m▄[48;2;212;212;212m[38;2;211;211;211m▄[48;2;212;212;212m[38;2;211;211;211m▄[48;2;212;212;212m[38;2;211;211;211m▄[48;2;211;211;211m[38;2;211;211;211m▄[48;2;211;211;211m[38;2;211;211;211m▄[48;2;210;210;210m[38;2;210;210;210m▄[48;2;210;210;210m[38;2;209;209;209m▄[48;2;210;209;210m[38;2;209;209;209m▄[48;2;209;209;209m[38;2;209;209;209m▄[48;2;209;209;209m[38;2;209;209;209m▄[48;2;208;208;208m[38;2;208;208;208m▄[48;2;207;207;207m[38;2;207;207;207m▄[48;2;206;206;206m[38;2;206;206;207m▄[48;2;206;206;206m[38;2;205;205;205m▄[48;2;205;204;205m[38;2;204;204;204m▄[48;2;204;204;204m[38;2;204;204;204m▄[0m
[48;2;215;215;215m[38;2;215;215;215m▄[48;2;215;215;215m[38;2;215;215;215m▄[48;2;215;215;215m[38;2;215;215;215m▄[48;2;216;215;216m[38;2;215;214;216m▄[48;2;216;216;217m[38;2;216;215;216m▄[48;2;217;217;217m[38;2;216;216;217m▄[48;2;217;217;217m[38;2;217;216;218m▄[48;2;216;216;216m[38;2;217;217;216m▄[48;2;216;216;216m[38;2;216;216;216m▄[48;2;217;217;217m[38;2;216;216;216m▄[48;2;217;217;217m[38;2;217;217;217m▄[48;2;217;217;217m[38;2;216;216;216m▄[48;2;217;217;217m[38;2;217;217;217m▄[48;2;217;217;217m[38;2;217;217;217m▄[48;2;218;218;218m[38;2;217;217;217m▄[48;2;219;219;219m[38;2;217;217;217m▄[48;2;219;219;219m[38;2;218;218;218m▄[48;2;219;219;219m[38;2;218;217;217m▄[48;2;219;219;219m[38;2;217;217;217m▄[48;2;218;217;217m[38;2;219;225;224m▄[48;2;219;219;219m[38;2;216;219;219m▄[48;2;219;222;221m[38;2;218;208;209m▄[48;2;219;223;223m[38;2;219;202;203m▄[48;2;219;224;223m[38;2;218;199;201m▄[48;2;219;219;220m[38;2;217;208;209m▄[48;2;221;228;226m[38;2;222;233;231m▄[48;2;197;140;153m[38;2;208;190;195m▄[48;2;222;105;121m[38;2;208;92;112m▄[48;2;218;98;117m[38;2;227;109;125m▄[48;2;214;102;121m[38;2;207;94;113m▄[48;2;232;129;141m[38;2;232;128;140m▄[48;2;223;110;126m[38;2;221;111;126m▄[48;2;200;98;118m[38;2;202;78;101m▄[48;2;200;84;106m[38;2;214;91;112m▄[48;2;214;100;119m[38;2;214;92;114m▄[48;2;206;84;105m[38;2;202;74;97m▄[48;2;188;121;136m[38;2;188;162;169m▄[48;2;196;203;203m[38;2;204;210;209m▄[48;2;210;215;215m[38;2;217;178;179m▄[48;2;216;222;221m[38;2;218;185;187m▄[48;2;215;215;214m[38;2;218;219;222m▄[48;2;216;217;219m[38;2;210;203;193m▄[48;2;216;216;217m[38;2;197;184;159m▄[48;2;207;194;178m[38;2;205;195;179m▄[48;2;205;192;173m[38;2;214;213;213m▄[48;2;213;214;216m[38;2;207;203;197m▄[48;2;212;212;212m[38;2;212;212;212m▄[48;2;212;211;212m[38;2;211;211;211m▄[48;2;211;211;211m[38;2;211;211;211m▄[48;2;211;211;211m[38;2;211;211;211m▄[48;2;211;211;211m[38;2;211;211;211m▄[48;2;211;211;211m[38;2;211;211;211m▄[48;2;210;210;210m[38;2;210;210;210m▄[48;2;210;210;210m[38;2;209;209;209m▄[48;2;209;209;210m[38;2;208;208;210m▄[48;2;209;209;210m[38;2;209;208;211m▄[48;2;208;208;209m[38;2;208;208;209m▄[48;2;208;208;208m[38;2;208;208;208m▄[48;2;207;207;208m[38;2;207;207;208m▄[48;2;207;207;207m[38;2;207;206;207m▄[48;2;206;206;206m[38;2;205;205;204m▄[48;2;204;204;205m[38;2;204;204;205m▄[48;2;204;204;204m[38;2;204;203;204m▄[48;2;204;204;204m[38;2;203;203;203m▄[0m
[48;2;215;215;215m[38;2;214;214;214m▄[48;2;215;215;215m[38;2;214;214;214m▄[48;2;216;216;216m[38;2;215;215;215m▄[48;2;215;215;215m[38;2;215;215;215m▄[48;2;216;216;216m[38;2;215;215;216m▄[48;2;216;216;217m[38;2;215;215;215m▄[48;2;216;215;216m[38;2;216;216;215m▄[48;2;217;217;216m[38;2;216;216;216m▄[48;2;216;216;216m[38;2;216;215;216m▄[48;2;217;217;217m[38;2;217;216;217m▄[48;2;216;216;216m[38;2;217;217;217m▄[48;2;216;216;216m[38;2;216;216;216m▄[48;2;216;216;216m[38;2;217;217;217m▄[48;2;216;216;216m[38;2;217;217;217m▄[48;2;217;217;217m[38;2;217;217;217m▄[48;2;216;216;216m[38;2;216;216;216m▄[48;2;217;216;216m[38;2;217;216;216m▄[48;2;217;217;217m[38;2;218;223;222m▄[48;2;218;221;221m[38;2;213;154;162m▄[48;2;216;183;187m[38;2;231;164;170m▄[48;2;222;161;166m[38;2;226;159;166m▄[48;2;224;149;156m[38;2;220;128;137m▄[48;2;226;145;154m[38;2;224;138;147m▄[48;2;231;157;165m[38;2;215;114;125m▄[48;2;229;154;161m[38;2;232;168;177m▄[48;2;219;163;169m[38;2;234;154;162m▄[48;2;219;224;223m[38;2;214;177;179m▄[48;2;196;137;149m[38;2;217;235;232m▄[48;2;207;85;106m[38;2;199;177;184m▄[48;2;204;78;101m[38;2;191;151;162m▄[48;2;205;98;117m[38;2;192;146;155m▄[48;2;192;107;121m[38;2;230;160;166m▄[48;2;205;114;128m[38;2;226;153;159m▄[48;2;211;87;110m[38;2;191;141;151m▄[48;2;205;73;99m[38;2;188;164;172m▄[48;2;187;116;131m[38;2;195;209;208m▄[48;2;195;204;203m[38;2;201;182;184m▄[48;2;213;156;160m[38;2;229;149;158m▄[48;2;238;165;171m[38;2;230;170;179m▄[48;2;231;152;159m[38;2;219;133;142m▄[48;2;210;181;177m[38;2;206;183;179m▄[48;2;201;197;178m[38;2;211;184;187m▄[48;2;213;197;199m[38;2;233;148;158m▄[48;2;215;213;218m[38;2;220;149;157m▄[48;2;208;207;200m[38;2;208;202;199m▄[48;2;204;197;188m[38;2;210;210;209m▄[48;2;212;213;214m[38;2;210;210;210m▄[48;2;210;210;210m[38;2;210;210;210m▄[48;2;210;210;210m[38;2;211;211;211m▄[48;2;211;211;211m[38;2;211;211;211m▄[48;2;212;212;212m[38;2;211;211;211m▄[48;2;210;210;210m[38;2;209;209;209m▄[48;2;209;209;209m[38;2;209;209;209m▄[48;2;209;208;209m[38;2;208;208;208m▄[48;2;209;209;209m[38;2;208;208;208m▄[48;2;209;208;209m[38;2;208;208;208m▄[48;2;208;208;208m[38;2;208;208;208m▄[48;2;207;207;208m[38;2;207;207;208m▄[48;2;207;207;207m[38;2;207;207;207m▄[48;2;207;207;207m[38;2;206;206;206m▄[48;2;205;205;205m[38;2;204;204;204m▄[48;2;203;203;203m[38;2;203;203;203m▄[48;2;203;203;203m[38;2;203;203;203m▄[48;2;203;203;204m[38;2;203;203;203m▄[0m
[48;2;213;213;213m[38;2;212;212;212m▄[48;2;214;214;214m[38;2;213;213;213m▄[48;2;215;215;215m[38;2;214;214;214m▄[48;2;214;214;214m[38;2;214;214;214m▄[48;2;215;215;215m[38;2;215;215;215m▄[48;2;215;215;215m[38;2;215;215;215m▄[48;2;216;216;216m[38;2;214;214;214m▄[48;2;215;215;215m[38;2;216;215;216m▄[48;2;215;215;216m[38;2;216;216;216m▄[48;2;216;216;217m[38;2;216;216;216m▄[48;2;216;216;216m[38;2;216;216;216m▄[48;2;216;216;216m[38;2;216;216;216m▄[48;2;217;217;217m[38;2;216;216;216m▄[48;2;217;217;217m[38;2;216;216;217m▄[48;2;217;217;217m[38;2;216;216;216m▄[48;2;217;216;216m[38;2;216;214;215m▄[48;2;218;225;224m[38;2;219;227;225m▄[48;2;209;177;180m[38;2;207;167;173m▄[48;2;230;166;172m[38;2;216;135;148m▄[48;2;235;199;201m[38;2;209;125;139m▄[48;2;198;82;96m[38;2;198;102;119m▄[48;2;232;157;166m[38;2;238;181;190m▄[48;2;232;164;172m[38;2;191;93;108m▄[48;2;195;118;126m[38;2;204;120;132m▄[48;2;219;146;154m[38;2;239;184;191m▄[48;2;242;182;189m[38;2;201;107;124m▄[48;2;201;132;141m[38;2;206;111;125m▄[48;2;209;181;186m[38;2;221;148;159m▄[48;2;208;177;181m[38;2;221;143;154m▄[48;2;205;201;202m[38;2;212;126;138m▄[48;2;209;169;172m[38;2;199;107;122m▄[48;2;217;123;136m[38;2;221;139;150m▄[48;2;218;133;144m[38;2;195;108;121m▄[48;2;202;185;186m[38;2;206;129;142m▄[48;2;201;172;177m[38;2;225;143;155m▄[48;2;203;179;183m[38;2;217;137;148m▄[48;2;206;147;155m[38;2;206;113;126m▄[48;2;236;169;177m[38;2;238;185;192m▄[48;2;216;147;155m[38;2;209;135;146m▄[48;2;202;98;111m[38;2;227;153;164m▄[48;2;202;191;193m[38;2;203;122;133m▄[48;2;205;147;154m[38;2;204;125;136m▄[48;2;217;130;140m[38;2;219;127;139m▄[48;2;211;126;137m[38;2;195;143;149m▄[48;2;206;199;201m[38;2;201;214;210m▄[48;2;211;213;214m[38;2;210;207;208m▄[48;2;210;210;210m[38;2;211;211;211m▄[48;2;211;211;210m[38;2;211;211;210m▄[48;2;210;210;209m[38;2;211;211;210m▄[48;2;211;210;210m[38;2;210;211;210m▄[48;2;210;210;210m[38;2;209;210;212m▄[48;2;209;209;210m[38;2;210;209;214m▄[48;2;209;208;210m[38;2;209;208;213m▄[48;2;208;208;208m[38;2;209;208;210m▄[48;2;209;209;209m[38;2;208;209;208m▄[48;2;208;208;208m[38;2;208;208;208m▄[48;2;208;208;207m[38;2;208;207;204m▄[48;2;207;207;207m[38;2;207;207;203m▄[48;2;206;206;207m[38;2;206;206;205m▄[48;2;205;205;205m[38;2;204;204;204m▄[48;2;204;204;204m[38;2;203;203;204m▄[48;2;204;204;204m[38;2;203;203;203m▄[48;2;203;203;203m[38;2;203;203;203m▄[48;2;203;203;203m[38;2;203;203;203m▄[0m
[48;2;211;211;211m[38;2;211;211;211m▄[48;2;212;212;212m[38;2;211;211;211m▄[48;2;213;212;213m[38;2;212;212;212m▄[48;2;214;214;214m[38;2;213;213;213m▄[48;2;214;214;214m[38;2;214;214;214m▄[48;2;215;215;215m[38;2;214;214;214m▄[48;2;215;215;215m[38;2;214;214;214m▄[48;2;215;215;215m[38;2;214;214;214m▄[48;2;215;215;215m[38;2;214;214;214m▄[48;2;215;215;215m[38;2;215;215;215m▄[48;2;216;216;216m[38;2;215;215;215m▄[48;2;215;215;215m[38;2;215;215;215m▄[48;2;215;215;215m[38;2;215;215;215m▄[48;2;215;215;215m[38;2;215;215;215m▄[48;2;215;215;215m[38;2;215;215;215m▄[48;2;216;215;216m[38;2;215;216;215m▄[48;2;216;217;217m[38;2;216;215;215m▄[48;2;217;214;216m[38;2;215;215;215m▄[48;2;199;133;145m[38;2;218;230;228m▄[48;2;183;84;102m[38;2;184;139;149m▄[48;2;206;111;128m[38;2;221;127;143m▄[48;2;236;165;174m[38;2;192;97;116m▄[48;2;219;139;153m[38;2;205;115;132m▄[48;2;216;139;152m[38;2;217;132;144m▄[48;2;192;97;114m[38;2;166;80;100m▄[48;2;190;84;104m[38;2;219;132;146m▄[48;2;234;174;182m[38;2;206;115;131m▄[48;2;179;76;95m[38;2;179;77;98m▄[48;2;237;181;188m[38;2;238;159;170m▄[48;2;199;108;125m[38;2;170;63;86m▄[48;2;201;107;122m[38;2;233;152;162m▄[48;2;233;174;184m[38;2;190;96;114m▄[48;2;178;65;87m[38;2;203;112;129m▄[48;2;236;175;185m[38;2;225;138;152m▄[48;2;195;102;119m[38;2;164;72;92m▄[48;2;197;109;125m[38;2;175;75;96m▄[48;2;206;121;136m[38;2;228;142;156m▄[48;2;237;181;188m[38;2;221;137;152m▄[48;2;191;106;122m[38;2;175;73;96m▄[48;2;238;177;186m[38;2;229;145;157m▄[48;2;190;87;107m[38;2;171;73;93m▄[48;2;210;123;138m[38;2;235;152;164m▄[48;2;226;154;165m[38;2;184;89;108m▄[48;2;175;90;106m[38;2;182;76;98m▄[48;2;201;179;184m[38;2;190;124;137m▄[48;2;211;214;213m[38;2;211;218;217m▄[48;2;210;209;209m[38;2;210;208;209m▄[48;2;210;210;210m[38;2;210;210;210m▄[48;2;210;210;210m[38;2;209;209;209m▄[48;2;210;211;211m[38;2;210;210;210m▄[48;2;208;210;214m[38;2;208;209;212m▄[48;2;208;211;216m[38;2;207;209;213m▄[48;2;208;209;215m[38;2;208;208;213m▄[48;2;208;207;211m[38;2;208;207;210m▄[48;2;208;208;209m[38;2;208;208;208m▄[48;2;208;208;207m[38;2;208;208;206m▄[48;2;208;208;203m[38;2;208;208;203m▄[48;2;208;208;202m[38;2;206;208;202m▄[48;2;206;206;202m[38;2;205;206;202m▄[48;2;204;203;204m[38;2;204;204;204m▄[48;2;203;203;204m[38;2;203;202;204m▄[48;2;203;203;203m[38;2;203;202;203m▄[48;2;203;203;203m[38;2;202;202;203m▄[48;2;203;203;203m[38;2;203;203;203m▄[0m
[48;2;210;210;210m[38;2;211;211;211m▄[48;2;211;211;211m[38;2;211;211;211m▄[48;2;211;211;211m[38;2;211;210;211m▄[48;2;212;212;212m[38;2;210;210;210m▄[48;2;212;212;212m[38;2;212;212;212m▄[48;2;213;212;213m[38;2;212;212;212m▄[48;2;213;213;213m[38;2;212;212;212m▄[48;2;214;214;214m[38;2;213;213;214m▄[48;2;214;213;214m[38;2;213;213;214m▄[48;2;214;214;215m[38;2;214;214;214m▄[48;2;214;214;214m[38;2;215;214;215m▄[48;2;215;215;215m[38;2;214;214;214m▄[48;2;215;215;215m[38;2;214;214;214m▄[48;2;215;215;215m[38;2;215;215;215m▄[48;2;215;215;215m[38;2;215;215;214m▄[48;2;215;215;215m[38;2;214;214;213m▄[48;2;215;215;216m[38;2;216;217;219m▄[48;2;214;212;211m[38;2;205;198;188m▄[48;2;210;209;201m[38;2;210;210;200m▄[48;2;179;107;125m[38;2;180;112;132m▄[48;2;232;125;143m[38;2;182;63;89m▄[48;2;178;90;110m[38;2;177;114;131m▄[48;2;170;79;99m[38;2;181;150;160m▄[48;2;237;144;158m[38;2;186;76;100m▄[48;2;174;76;98m[38;2;238;145;159m▄[48;2;191;90;110m[38;2;155;51;75m▄[48;2;229;135;150m[38;2;169;64;89m▄[48;2;197;103;123m[38;2;171;76;100m▄[48;2;231;137;153m[38;2;165;59;85m▄[48;2;191;99;120m[38;2;178;95;114m▄[48;2;219;126;142m[38;2;173;91;113m▄[48;2;207;108;127m[38;2;180;88;110m▄[48;2;190;95;116m[38;2;170;88;108m▄[48;2;225;133;147m[38;2;169;69;94m▄[48;2;197;107;124m[38;2;180;83;105m▄[48;2;191;103;123m[38;2;163;62;86m▄[48;2;226;137;152m[38;2;155;46;73m▄[48;2;186;82;105m[38;2;176;102;119m▄[48;2;170;61;86m[38;2;179;121;133m▄[48;2;229;132;147m[38;2;173;74;99m▄[48;2;188;96;115m[38;2;172;89;113m▄[48;2;223;129;145m[38;2;170;78;102m▄[48;2;201;104;124m[38;2;176;79;101m▄[48;2;173;75;98m[38;2;181;139;150m▄[48;2;190;165;170m[38;2;191;196;195m▄[48;2;203;208;207m[38;2;203;202;203m▄[48;2;209;208;209m[38;2;209;208;209m▄[48;2;210;210;209m[38;2;208;208;208m▄[48;2;210;210;210m[38;2;209;209;209m▄[48;2;210;209;209m[38;2;208;208;209m▄[48;2;209;209;209m[38;2;208;208;208m▄[48;2;208;207;210m[38;2;208;207;208m▄[48;2;208;207;210m[38;2;208;207;208m▄[48;2;207;207;208m[38;2;207;207;207m▄[48;2;208;208;207m[38;2;207;207;205m▄[48;2;208;208;205m[38;2;208;208;203m▄[48;2;207;208;203m[38;2;207;208;202m▄[48;2;205;207;203m[38;2;204;207;202m▄[48;2;203;207;203m[38;2;202;205;202m▄[48;2;202;204;205m[38;2;202;203;205m▄[48;2;203;202;205m[38;2;203;202;206m▄[48;2;202;202;203m[38;2;202;202;203m▄[48;2;201;201;201m[38;2;202;202;202m▄[48;2;202;202;202m[38;2;202;202;202m▄[0m
[48;2;210;210;210m[38;2;209;209;209m▄[48;2;210;210;210m[38;2;210;210;210m▄[48;2;211;211;211m[38;2;210;210;210m▄[48;2;211;211;211m[38;2;210;210;210m▄[48;2;211;211;211m[38;2;210;210;210m▄[48;2;212;212;212m[38;2;210;210;210m▄[48;2;211;211;211m[38;2;211;211;211m▄[48;2;212;212;212m[38;2;210;211;210m▄[48;2;212;212;212m[38;2;210;210;211m▄[48;2;213;213;213m[38;2;211;210;212m▄[48;2;213;212;215m[38;2;212;212;212m▄[48;2;213;213;214m[38;2;212;212;212m▄[48;2;214;214;214m[38;2;212;212;212m▄[48;2;214;213;214m[38;2;212;212;212m▄[48;2;214;213;215m[38;2;213;213;213m▄[48;2;214;213;214m[38;2;213;212;213m▄[48;2;216;217;219m[38;2;212;212;212m▄[48;2;205;198;190m[38;2;213;214;216m▄[48;2;200;190;174m[38;2;199;188;172m▄[48;2;212;203;208m[38;2;197;184;165m▄[48;2;184;130;143m[38;2;200;194;175m▄[48;2;186;158;158m[38;2;195;187;172m▄[48;2;199;196;178m[38;2;203;199;196m▄[48;2;171;104;118m[38;2;210;209;211m▄[48;2;191;77;103m[38;2;173;106;124m▄[48;2;233;137;152m[38;2;175;70;94m▄[48;2;186;100;118m[38;2;210;100;121m▄[48;2;160;78;98m[38;2;205;104;124m▄[48;2;163;66;90m[38;2;201;106;126m▄[48;2;182;127;140m[38;2;195;91;114m▄[48;2;181;140;151m[38;2;200;106;125m▄[48;2;179;105;123m[38;2;184;94;115m▄[48;2;188;115;131m[38;2;158;53;81m▄[48;2;181;95;116m[38;2;171;96;114m▄[48;2;173;79;102m[38;2;181;133;144m▄[48;2;183;102;119m[38;2;161;88;107m▄[48;2;186;96;117m[38;2;196;101;121m▄[48;2;180;123;138m[38;2;181;96;117m▄[48;2;202;208;206m[38;2;193;187;183m▄[48;2;192;173;169m[38;2;200;195;183m▄[48;2;193;185;174m[38;2;198;188;176m▄[48;2;195;184;180m[38;2;198;187;169m▄[48;2;193;183;185m[38;2;200;190;174m▄[48;2;193;194;187m[38;2;204;195;185m▄[48;2;199;197;195m[38;2;206;206;206m▄[48;2;208;208;209m[38;2;207;207;207m▄[48;2;208;208;208m[38;2;208;208;208m▄[48;2;208;208;208m[38;2;208;208;208m▄[48;2;208;208;208m[38;2;207;207;207m▄[48;2;208;208;208m[38;2;207;207;207m▄[48;2;208;207;208m[38;2;207;207;207m▄[48;2;207;207;207m[38;2;206;206;206m▄[48;2;207;207;207m[38;2;206;206;206m▄[48;2;207;207;207m[38;2;205;205;205m▄[48;2;207;207;205m[38;2;204;204;203m▄[48;2;206;206;201m[38;2;204;204;203m▄[48;2;205;205;202m[38;2;203;203;203m▄[48;2;204;204;204m[38;2;203;203;203m▄[48;2;203;203;203m[38;2;203;203;203m▄[48;2;203;202;204m[38;2;202;202;203m▄[48;2;203;202;205m[38;2;202;201;203m▄[48;2;201;200;204m[38;2;202;201;202m▄[48;2;202;202;203m[38;2;201;201;201m▄[48;2;202;201;203m[38;2;201;201;202m▄[0m
[48;2;210;210;210m[38;2;213;213;213m▄[48;2;210;210;210m[38;2;214;214;214m▄[48;2;211;211;211m[38;2;214;214;215m▄[48;2;211;211;211m[38;2;215;215;215m▄[48;2;212;212;212m[38;2;215;215;215m▄[48;2;212;212;212m[38;2;215;215;215m▄[48;2;212;212;212m[38;2;215;215;215m▄[48;2;212;212;212m[38;2;215;215;215m▄[48;2;212;212;213m[38;2;216;215;216m▄[48;2;212;213;213m[38;2;216;216;216m▄[48;2;213;213;213m[38;2;216;216;216m▄[48;2;214;214;214m[38;2;216;216;216m▄[48;2;214;214;214m[38;2;216;216;216m▄[48;2;214;214;214m[38;2;216;215;217m▄[48;2;214;214;214m[38;2;216;216;217m▄[48;2;214;214;214m[38;2;216;216;216m▄[48;2;214;214;214m[38;2;216;216;216m▄[48;2;214;214;214m[38;2;216;216;216m▄[48;2;215;217;219m[38;2;216;215;215m▄[48;2;211;209;210m[38;2;216;215;216m▄[48;2;210;209;208m[38;2;215;215;215m▄[48;2;211;212;215m[38;2;214;214;213m▄[48;2;209;210;212m[38;2;217;218;217m▄[48;2;210;212;212m[38;2;218;218;218m▄[48;2;213;215;214m[38;2;214;214;214m▄[48;2;188;151;162m[38;2;211;218;216m▄[48;2;169;96;116m[38;2;202;204;204m▄[48;2;172;83;106m[38;2;194;187;189m▄[48;2;172;81;104m[38;2;188;179;182m▄[48;2;171;90;111m[38;2;190;189;190m▄[48;2;173;83;104m[38;2;185;167;172m▄[48;2;177;78;101m[38;2;168;111;127m▄[48;2;188;84;109m[38;2;166;85;105m▄[48;2;187;99;119m[38;2;170;78;101m▄[48;2;186;98;119m[38;2;171;76;99m▄[48;2;201;109;128m[38;2;166;74;97m▄[48;2;189;85;108m[38;2;164;96;114m▄[48;2;164;93;111m[38;2;186;174;176m▄[48;2;204;207;207m[38;2;199;201;202m▄[48;2;209;209;212m[38;2;210;210;209m▄[48;2;208;210;213m[38;2;210;209;209m▄[48;2;207;208;211m[38;2;211;210;210m▄[48;2;207;206;207m[38;2;210;210;210m▄[48;2;207;208;210m[38;2;209;209;209m▄[48;2;207;207;208m[38;2;210;210;210m▄[48;2;208;208;208m[38;2;209;209;210m▄[48;2;208;208;208m[38;2;209;209;209m▄[48;2;207;207;207m[38;2;209;209;209m▄[48;2;207;207;207m[38;2;208;208;208m▄[48;2;207;207;207m[38;2;209;209;209m▄[48;2;207;207;207m[38;2;209;209;209m▄[48;2;207;207;207m[38;2;208;208;208m▄[48;2;206;205;206m[38;2;208;208;209m▄[48;2;205;205;205m[38;2;208;208;208m▄[48;2;205;205;205m[38;2;207;207;208m▄[48;2;205;205;205m[38;2;207;207;208m▄[48;2;204;204;204m[38;2;206;206;206m▄[48;2;203;203;203m[38;2;206;206;206m▄[48;2;203;203;203m[38;2;205;205;207m▄[48;2;202;202;202m[38;2;204;204;205m▄[48;2;202;202;202m[38;2;204;204;204m▄[48;2;202;202;201m[38;2;203;203;204m▄[48;2;201;201;201m[38;2;203;203;203m▄[48;2;202;202;202m[38;2;203;203;203m▄[0m
[48;2;216;216;216m[38;2;218;218;218m▄[48;2;216;216;216m[38;2;218;218;218m▄[48;2;216;216;216m[38;2;218;218;218m▄[48;2;216;216;216m[38;2;219;219;219m▄[48;2;216;217;216m[38;2;220;220;220m▄[48;2;217;217;217m[38;2;220;220;220m▄[48;2;216;216;216m[38;2;220;220;220m▄[48;2;217;217;217m[38;2;220;220;220m▄[48;2;217;216;217m[38;2;220;220;220m▄[48;2;217;217;217m[38;2;220;220;220m▄[48;2;217;217;217m[38;2;221;221;221m▄[48;2;217;217;217m[38;2;221;221;221m▄[48;2;217;217;217m[38;2;221;221;221m▄[48;2;217;217;217m[38;2;221;221;221m▄[48;2;217;217;217m[38;2;221;221;221m▄[48;2;217;217;217m[38;2;220;220;220m▄[48;2;217;217;217m[38;2;217;217;217m▄[48;2;217;217;217m[38;2;212;212;212m▄[48;2;217;217;217m[38;2;206;206;206m▄[48;2;217;217;217m[38;2;201;201;201m▄[48;2;216;216;216m[38;2;197;197;196m▄[48;2;216;216;216m[38;2;196;196;195m▄[48;2;207;205;206m[38;2;170;165;168m▄[48;2;201;198;200m[38;2;166;159;162m▄[48;2;205;203;204m[38;2;180;175;177m▄[48;2;197;191;193m[38;2;158;146;151m▄[48;2;198;195;196m[38;2;183;177;179m▄[48;2;183;178;179m[38;2;169;158;160m▄[48;2;186;182;183m[38;2;189;183;185m▄[48;2;179;173;176m[38;2;174;164;167m▄[48;2;177;174;176m[38;2;166;153;157m▄[48;2;191;194;194m[38;2;194;191;192m▄[48;2;187;183;184m[38;2;195;195;196m▄[48;2;179;162;165m[38;2;179;177;177m▄[48;2;172;150;155m[38;2;160;150;154m▄[48;2;179;164;168m[38;2;177;173;174m▄[48;2;180;179;178m[38;2;168;158;160m▄[48;2;186;187;188m[38;2;179;172;174m▄[48;2;194;190;191m[38;2;174;165;167m▄[48;2;201;199;200m[38;2;172;164;166m▄[48;2;213;213;213m[38;2;190;188;190m▄[48;2;214;214;214m[38;2;197;196;197m▄[48;2;214;213;213m[38;2;198;198;198m▄[48;2;213;213;213m[38;2;200;200;200m▄[48;2;211;211;212m[38;2;203;203;204m▄[48;2;210;210;210m[38;2;208;208;209m▄[48;2;210;210;210m[38;2;210;210;211m▄[48;2;209;209;209m[38;2;212;212;212m▄[48;2;209;209;210m[38;2;213;213;213m▄[48;2;210;210;210m[38;2;213;213;213m▄[48;2;210;210;210m[38;2;213;213;214m▄[48;2;209;210;210m[38;2;212;212;212m▄[48;2;210;210;210m[38;2;212;212;212m▄[48;2;209;209;209m[38;2;211;211;211m▄[48;2;209;209;210m[38;2;210;210;210m▄[48;2;209;208;210m[38;2;210;210;210m▄[48;2;208;208;208m[38;2;210;210;210m▄[48;2;208;208;208m[38;2;209;209;209m▄[48;2;212;212;213m[38;2;217;217;217m▄[48;2;215;215;216m[38;2;221;221;221m▄[48;2;207;207;207m[38;2;209;209;211m▄[48;2;207;207;207m[38;2;209;208;209m▄[48;2;206;206;206m[38;2;208;208;208m▄[48;2;206;206;206m[38;2;208;208;208m▄[0m
[48;2;222;222;222m[38;2;224;224;224m▄[48;2;223;223;223m[38;2;224;224;224m▄[48;2;223;223;223m[38;2;225;225;225m▄[48;2;223;223;223m[38;2;224;224;224m▄[48;2;223;223;223m[38;2;225;225;225m▄[48;2;223;223;223m[38;2;225;225;225m▄[48;2;223;223;223m[38;2;225;225;225m▄[48;2;223;223;223m[38;2;224;224;224m▄[48;2;223;223;223m[38;2;225;225;225m▄[48;2;224;224;224m[38;2;226;226;226m▄[48;2;224;224;224m[38;2;226;226;226m▄[48;2;224;224;224m[38;2;226;226;226m▄[48;2;223;223;223m[38;2;226;226;226m▄[48;2;223;223;223m[38;2;225;225;225m▄[48;2;223;223;223m[38;2;225;225;225m▄[48;2;223;223;223m[38;2;226;226;226m▄[48;2;222;222;222m[38;2;226;226;226m▄[48;2;218;218;218m[38;2;226;226;226m▄[48;2;214;214;214m[38;2;227;227;227m▄[48;2;207;207;207m[38;2;221;222;222m▄[48;2;201;201;201m[38;2;203;197;199m▄[48;2;202;202;202m[38;2;200;193;196m▄[48;2;193;190;191m[38;2;202;197;199m▄[48;2;186;182;184m[38;2;205;200;202m▄[48;2;183;179;181m[38;2;209;204;206m▄[48;2;177;172;175m[38;2;202;197;199m▄[48;2;182;179;181m[38;2;189;183;186m▄[48;2;179;174;177m[38;2;195;191;194m▄[48;2;180;176;180m[38;2;196;191;194m▄[48;2;181;178;179m[38;2;201;198;199m▄[48;2;182;178;179m[38;2;201;197;199m▄[48;2;180;178;179m[38;2;187;179;182m▄[48;2;184;182;183m[38;2;198;194;196m▄[48;2;179;176;177m[38;2;190;185;187m▄[48;2;175;169;172m[38;2;186;182;184m▄[48;2;181;176;178m[38;2;184;176;178m▄[48;2;176;170;173m[38;2;186;179;182m▄[48;2;182;177;179m[38;2;201;198;199m▄[48;2;191;187;189m[38;2;206;203;204m▄[48;2;188;184;187m[38;2;201;196;198m▄[48;2;185;181;184m[38;2;207;203;205m▄[48;2;193;192;192m[38;2;200;194;196m▄[48;2;195;194;195m[38;2;195;188;191m▄[48;2;197;196;197m[38;2;203;199;201m▄[48;2;204;204;205m[38;2;218;218;218m▄[48;2;210;209;211m[38;2;218;218;218m▄[48;2;213;213;213m[38;2;217;217;217m▄[48;2;215;215;216m[38;2;217;217;217m▄[48;2;216;216;216m[38;2;216;216;216m▄[48;2;215;215;215m[38;2;216;216;216m▄[48;2;215;215;215m[38;2;216;216;216m▄[48;2;215;215;215m[38;2;215;215;215m▄[48;2;215;215;215m[38;2;215;215;215m▄[48;2;214;214;214m[38;2;215;215;215m▄[48;2;213;213;213m[38;2;216;216;216m▄[48;2;212;212;212m[38;2;215;215;215m▄[48;2;212;212;212m[38;2;214;214;214m▄[48;2;211;211;211m[38;2;214;214;214m▄[48;2;211;211;211m[38;2;213;213;214m▄[48;2;211;211;211m[38;2;212;212;212m▄[48;2;210;210;210m[38;2;212;212;212m▄[48;2;210;210;210m[38;2;211;211;211m▄[48;2;210;210;210m[38;2;211;211;211m▄[48;2;209;209;209m[38;2;210;210;210m▄[0m
[48;2;227;227;227m[38;2;229;229;229m▄[48;2;226;226;226m[38;2;229;229;229m▄[48;2;226;226;226m[38;2;229;229;229m▄[48;2;227;227;227m[38;2;229;229;229m▄[48;2;228;228;228m[38;2;230;230;230m▄[48;2;228;228;228m[38;2;230;230;230m▄[48;2;227;227;227m[38;2;230;230;230m▄[48;2;228;228;228m[38;2;230;230;230m▄[48;2;228;228;228m[38;2;230;230;230m▄[48;2;228;228;228m[38;2;230;230;230m▄[48;2;228;228;228m[38;2;230;230;230m▄[48;2;227;227;228m[38;2;230;230;230m▄[48;2;228;228;228m[38;2;229;229;229m▄[48;2;227;227;227m[38;2;229;229;229m▄[48;2;227;227;227m[38;2;229;229;229m▄[48;2;227;227;227m[38;2;229;229;229m▄[48;2;227;227;227m[38;2;228;228;228m▄[48;2;227;227;227m[38;2;228;228;228m▄[48;2;228;228;228m[38;2;228;228;228m▄[48;2;227;227;226m[38;2;228;228;228m▄[48;2;221;219;220m[38;2;228;229;229m▄[48;2;221;219;220m[38;2;229;229;229m▄[48;2;221;219;220m[38;2;229;229;229m▄[48;2;223;221;222m[38;2;228;228;228m▄[48;2;226;225;225m[38;2;227;228;228m▄[48;2;224;223;224m[38;2;228;228;228m▄[48;2;219;217;218m[38;2;229;229;229m▄[48;2;221;220;221m[38;2;227;227;227m▄[48;2;221;220;220m[38;2;225;225;225m▄[48;2;221;219;219m[38;2;225;226;226m▄[48;2;224;222;223m[38;2;225;225;225m▄[48;2;221;220;220m[38;2;225;225;225m▄[48;2;224;223;223m[38;2;224;225;225m▄[48;2;220;218;219m[38;2;225;225;225m▄[48;2;218;216;217m[38;2;225;225;225m▄[48;2;219;217;218m[38;2;224;224;224m▄[48;2;221;219;220m[38;2;224;224;224m▄[48;2;221;220;220m[38;2;223;224;223m▄[48;2;220;218;219m[38;2;223;224;223m▄[48;2;218;217;217m[38;2;223;224;223m▄[48;2;221;219;220m[38;2;222;222;222m▄[48;2;216;215;216m[38;2;222;223;222m▄[48;2;216;215;215m[38;2;223;223;223m▄[48;2;217;217;217m[38;2;221;221;221m▄[48;2;218;218;218m[38;2;219;219;219m▄[48;2;217;217;217m[38;2;218;218;218m▄[48;2;217;217;217m[38;2;218;218;218m▄[48;2;217;217;217m[38;2;218;218;218m▄[48;2;216;216;216m[38;2;217;217;217m▄[48;2;216;216;216m[38;2;216;216;216m▄[48;2;217;217;217m[38;2;216;216;216m▄[48;2;216;216;216m[38;2;216;216;216m▄[48;2;216;216;216m[38;2;216;216;216m▄[48;2;215;215;215m[38;2;216;216;216m▄[48;2;216;216;216m[38;2;216;216;216m▄[48;2;215;215;215m[38;2;216;216;216m▄[48;2;215;215;215m[38;2;216;216;216m▄[48;2;215;215;215m[38;2;216;216;216m▄[48;2;215;215;215m[38;2;216;216;216m▄[48;2;215;215;215m[38;2;216;216;216m▄[48;2;214;214;214m[38;2;216;216;216m▄[48;2;214;214;214m[38;2;215;215;215m▄[48;2;213;213;213m[38;2;215;215;215m▄[48;2;213;213;213m[38;2;214;214;214m▄[0m
