[48;2;219;219;219m[38;2;218;218;218m▄[48;2;220;220;220m[38;2;218;218;218m▄[48;2;221;221;221m[38;2;220;220;220m▄[48;2;222;222;222m[38;2;222;222;222m▄[48;2;222;222;222m[38;2;222;222;222m▄[48;2;223;223;223m[38;2;223;223;223m▄[48;2;223;223;223m[38;2;223;223;223m▄[48;2;224;224;224m[38;2;224;224;224m▄[48;2;224;224;224m[38;2;224;224;224m▄[48;2;225;225;225m[38;2;224;224;224m▄[48;2;226;226;226m[38;2;224;224;224m▄[48;2;225;225;225m[38;2;224;224;224m▄[48;2;225;225;225m[38;2;226;226;226m▄[48;2;227;227;227m[38;2;227;227;227m▄[48;2;227;227;227m[38;2;227;227;227m▄[48;2;227;227;227m[38;2;227;227;227m▄[48;2;227;227;227m[38;2;227;227;227m▄[48;2;227;227;227m[38;2;227;227;227m▄[48;2;227;227;227m[38;2;227;227;227m▄[48;2;228;228;228m[38;2;226;226;226m▄[48;2;228;228;228m[38;2;227;227;227m▄[48;2;228;228;228m[38;2;227;227;227m▄[48;2;227;227;227m[38;2;227;227;227m▄[48;2;227;227;227m[38;2;227;227;227m▄[48;2;226;226;226m[38;2;226;226;226m▄[48;2;227;227;227m[38;2;227;227;227m▄[48;2;227;227;227m[38;2;227;227;227m▄[48;2;228;228;228m[38;2;227;227;227m▄[48;2;228;228;228m[38;2;226;226;226m▄[48;2;225;225;225m[38;2;224;224;224m▄[48;2;224;224;224m[38;2;224;224;224m▄[48;2;225;225;225m[38;2;224;224;224m▄[48;2;226;226;226m[38;2;224;224;224m▄[48;2;225;225;225m[38;2;224;224;224m▄[48;2;223;223;223m[38;2;223;223;223m▄[48;2;223;223;223m[38;2;223;223;223m▄[48;2;223;223;223m[38;2;223;223;223m▄[48;2;223;223;223m[38;2;222;222;222m▄[48;2;221;221;221m[38;2;222;222;222m▄[48;2;221;221;221m[38;2;221;221;221m▄[48;2;219;219;219m[38;2;219;219;219m▄[48;2;217;217;217m[38;2;217;217;217m▄[48;2;217;217;217m[38;2;217;217;217m▄[48;2;216;216;216m[38;2;216;216;216m▄[48;2;216;216;216m[38;2;216;216;216m▄[48;2;217;217;217m[38;2;217;217;217m▄[48;2;216;216;216m[38;2;215;215;216m▄[48;2;216;216;216m[38;2;216;216;215m▄[48;2;216;216;216m[38;2;215;215;215m▄[48;2;215;215;215m[38;2;214;214;214m▄[48;2;214;214;214m[38;2;214;214;214m▄[48;2;213;213;213m[38;2;212;212;212m▄[48;2;212;212;212m[38;2;211;211;211m▄[48;2;211;211;211m[38;2;211;211;211m▄[48;2;211;211;211m[38;2;211;211;211m▄[48;2;210;210;210m[38;2;210;210;210m▄[48;2;209;209;209m[38;2;208;208;208m▄[48;2;208;208;208m[38;2;208;208;208m▄[48;2;208;208;208m[38;2;208;208;208m▄[48;2;208;208;208m[38;2;208;208;208m▄[48;2;208;208;208m[38;2;207;207;207m▄[48;2;207;207;207m[38;2;207;207;207m▄[48;2;206;206;206m[38;2;205;205;205m▄[48;2;204;204;204m[38;2;204;204;204m▄[0m
[48;2;217;217;217m[38;2;217;217;217m▄[48;2;217;217;217m[38;2;217;217;217m▄[48;2;219;219;219m[38;2;218;218;218m▄[48;2;221;221;221m[38;2;220;220;220m▄[48;2;222;222;222m[38;2;221;221;221m▄[48;2;222;222;222m[38;2;222;222;222m▄[48;2;223;223;223m[38;2;222;222;222m▄[48;2;223;223;223m[38;2;223;223;223m▄[48;2;223;223;223m[38;2;223;223;223m▄[48;2;224;224;224m[38;2;224;224;224m▄[48;2;224;224;224m[38;2;224;224;224m▄[48;2;225;225;225m[38;2;224;224;224m▄[48;2;225;225;225m[38;2;225;225;225m▄[48;2;224;224;224m[38;2;224;224;224m▄[48;2;225;225;225m[38;2;224;224;224m▄[48;2;227;227;227m[38;2;226;226;226m▄[48;2;227;227;227m[38;2;227;227;227m▄[48;2;226;226;226m[38;2;227;227;227m▄[48;2;227;227;227m[38;2;227;227;227m▄[48;2;227;227;227m[38;2;226;226;226m▄[48;2;227;227;227m[38;2;226;226;226m▄[48;2;227;227;227m[38;2;227;227;227m▄[48;2;227;227;227m[38;2;227;227;227m▄[48;2;226;226;226m[38;2;226;226;226m▄[48;2;226;226;226m[38;2;226;226;226m▄[48;2;227;227;227m[38;2;226;226;226m▄[48;2;227;227;227m[38;2;225;225;225m▄[48;2;226;226;226m[38;2;225;225;225m▄[48;2;224;224;224m[38;2;224;224;224m▄[48;2;224;224;224m[38;2;223;224;223m▄[48;2;224;224;224m[38;2;224;224;223m▄[48;2;224;224;224m[38;2;224;224;224m▄[48;2;224;224;224m[38;2;224;224;224m▄[48;2;224;224;224m[38;2;224;224;224m▄[48;2;223;223;223m[38;2;221;222;221m▄[48;2;223;223;223m[38;2;222;222;222m▄[48;2;223;223;223m[38;2;222;222;222m▄[48;2;223;223;223m[38;2;222;222;222m▄[48;2;221;221;221m[38;2;221;221;221m▄[48;2;221;221;221m[38;2;221;221;221m▄[48;2;219;219;219m[38;2;218;218;218m▄[48;2;217;217;217m[38;2;217;217;217m▄[48;2;217;217;217m[38;2;216;216;216m▄[48;2;216;216;216m[38;2;216;216;216m▄[48;2;216;216;216m[38;2;216;216;216m▄[48;2;216;216;216m[38;2;216;216;216m▄[48;2;215;215;215m[38;2;215;215;215m▄[48;2;215;215;215m[38;2;215;215;215m▄[48;2;215;215;215m[38;2;214;214;214m▄[48;2;214;214;214m[38;2;214;214;214m▄[48;2;213;213;213m[38;2;213;213;213m▄[48;2;212;212;212m[38;2;212;212;212m▄[48;2;211;211;211m[38;2;211;211;212m▄[48;2;211;211;211m[38;2;210;210;210m▄[48;2;210;210;210m[38;2;210;210;210m▄[48;2;210;210;210m[38;2;210;210;210m▄[48;2;209;209;209m[38;2;209;209;209m▄[48;2;208;208;208m[38;2;208;208;208m▄[48;2;209;209;209m[38;2;208;208;208m▄[48;2;208;208;208m[38;2;208;208;208m▄[48;2;207;207;207m[38;2;207;207;207m▄[48;2;206;206;206m[38;2;206;206;206m▄[48;2;204;204;204m[38;2;205;205;205m▄[48;2;204;204;204m[38;2;204;204;204m▄[0m
[48;2;217;217;217m[38;2;216;216;216m▄[48;2;217;217;217m[38;2;217;217;217m▄[48;2;217;217;217m[38;2;217;217;217m▄[48;2;219;219;219m[38;2;219;219;219m▄[48;2;221;221;221m[38;2;221;221;221m▄[48;2;222;222;222m[38;2;221;221;221m▄[48;2;223;223;223m[38;2;223;223;223m▄[48;2;223;223;223m[38;2;223;223;223m▄[48;2;223;223;223m[38;2;223;223;223m▄[48;2;224;224;224m[38;2;224;224;224m▄[48;2;224;224;224m[38;2;224;224;224m▄[48;2;225;225;225m[38;2;225;225;225m▄[48;2;225;225;225m[38;2;225;225;225m▄[48;2;225;225;225m[38;2;225;225;225m▄[48;2;224;224;224m[38;2;225;225;225m▄[48;2;225;225;225m[38;2;224;224;224m▄[48;2;225;225;225m[38;2;224;224;224m▄[48;2;226;226;226m[38;2;224;224;224m▄[48;2;226;226;226m[38;2;225;225;225m▄[48;2;226;226;226m[38;2;224;224;224m▄[48;2;227;227;227m[38;2;225;225;226m▄[48;2;226;226;226m[38;2;226;226;226m▄[48;2;226;226;226m[38;2;225;225;225m▄[48;2;225;225;225m[38;2;224;224;224m▄[48;2;225;225;225m[38;2;224;224;224m▄[48;2;224;224;224m[38;2;224;224;224m▄[48;2;224;224;224m[38;2;224;224;224m▄[48;2;224;224;224m[38;2;226;224;226m▄[48;2;226;225;227m[38;2;215;223;212m▄[48;2;228;225;229m[38;2;209;225;204m▄[48;2;227;225;226m[38;2;218;223;219m▄[48;2;223;223;223m[38;2;229;227;230m▄[48;2;223;224;224m[38;2;225;225;224m▄[48;2;223;224;223m[38;2;226;225;228m▄[48;2;231;228;232m[38;2;180;198;175m▄[48;2;225;224;226m[38;2;206;214;204m▄[48;2;222;222;222m[38;2;225;224;226m▄[48;2;221;221;221m[38;2;221;221;221m▄[48;2;221;221;221m[38;2;221;221;221m▄[48;2;219;219;219m[38;2;219;219;219m▄[48;2;217;217;217m[38;2;218;218;218m▄[48;2;217;217;217m[38;2;217;217;217m▄[48;2;216;216;216m[38;2;216;216;216m▄[48;2;216;216;216m[38;2;217;217;217m▄[48;2;217;217;217m[38;2;216;216;216m▄[48;2;216;216;216m[38;2;216;216;216m▄[48;2;215;215;215m[38;2;216;216;216m▄[48;2;215;215;215m[38;2;215;215;215m▄[48;2;215;215;215m[38;2;215;214;215m▄[48;2;214;214;214m[38;2;214;214;214m▄[48;2;213;213;213m[38;2;213;213;214m▄[48;2;212;212;212m[38;2;212;212;212m▄[48;2;211;211;212m[38;2;211;211;211m▄[48;2;210;210;210m[38;2;210;210;210m▄[48;2;210;210;210m[38;2;210;210;210m▄[48;2;210;210;210m[38;2;211;211;211m▄[48;2;209;209;209m[38;2;209;209;209m▄[48;2;208;208;208m[38;2;208;208;208m▄[48;2;208;208;208m[38;2;208;208;208m▄[48;2;207;207;207m[38;2;207;207;207m▄[48;2;207;207;207m[38;2;207;207;207m▄[48;2;207;207;207m[38;2;206;206;206m▄[48;2;204;204;204m[38;2;204;203;204m▄[48;2;204;203;204m[38;2;203;203;203m▄[0m
[48;2;216;216;216m[38;2;216;216;216m▄[48;2;216;216;216m[38;2;216;216;216m▄[48;2;217;217;217m[38;2;217;217;217m▄[48;2;219;219;219m[38;2;217;217;217m▄[48;2;220;220;220m[38;2;218;218;219m▄[48;2;221;221;221m[38;2;220;220;220m▄[48;2;222;222;222m[38;2;221;221;221m▄[48;2;223;223;223m[38;2;223;223;223m▄[48;2;223;223;223m[38;2;223;223;223m▄[48;2;224;224;224m[38;2;223;223;223m▄[48;2;224;224;224m[38;2;224;224;224m▄[48;2;224;224;224m[38;2;224;224;224m▄[48;2;224;224;224m[38;2;223;223;223m▄[48;2;225;225;225m[38;2;224;224;224m▄[48;2;225;225;225m[38;2;225;225;225m▄[48;2;224;224;224m[38;2;224;224;224m▄[48;2;225;225;225m[38;2;225;225;225m▄[48;2;225;225;225m[38;2;225;225;225m▄[48;2;224;224;224m[38;2;224;224;224m▄[48;2;224;224;224m[38;2;224;224;224m▄[48;2;224;224;224m[38;2;224;224;224m▄[48;2;225;225;225m[38;2;224;224;224m▄[48;2;224;224;224m[38;2;224;224;224m▄[48;2;224;224;224m[38;2;224;224;224m▄[48;2;224;224;224m[38;2;224;224;224m▄[48;2;224;224;224m[38;2;224;224;224m▄[48;2;223;224;223m[38;2;223;224;223m▄[48;2;228;225;230m[38;2;229;226;229m▄[48;2;192;215;183m[38;2;201;215;200m▄[48;2;192;231;149m[38;2;179;222;129m▄[48;2;180;219;147m[38;2;168;213;105m▄[48;2;182;204;177m[38;2;139;187;96m▄[48;2;233;227;237m[38;2;167;190;164m▄[48;2;167;192;155m[38;2;116;163;91m▄[48;2;97;156;58m[38;2;172;188;164m▄[48;2;173;194;167m[38;2;212;209;216m▄[48;2;227;224;227m[38;2;223;220;223m▄[48;2;219;220;218m[38;2;223;222;223m▄[48;2;220;220;220m[38;2;220;220;220m▄[48;2;219;219;219m[38;2;219;219;219m▄[48;2;217;217;217m[38;2;217;217;217m▄[48;2;217;217;217m[38;2;217;217;217m▄[48;2;217;217;217m[38;2;217;217;217m▄[48;2;217;217;217m[38;2;216;216;216m▄[48;2;217;217;217m[38;2;216;216;216m▄[48;2;216;216;216m[38;2;216;216;216m▄[48;2;215;215;215m[38;2;215;215;215m▄[48;2;214;214;214m[38;2;214;214;214m▄[48;2;215;215;215m[38;2;214;215;215m▄[48;2;214;214;214m[38;2;214;214;214m▄[48;2;213;213;213m[38;2;213;213;214m▄[48;2;212;212;212m[38;2;213;213;213m▄[48;2;211;211;211m[38;2;211;211;211m▄[48;2;210;210;210m[38;2;210;210;210m▄[48;2;210;210;210m[38;2;210;210;210m▄[48;2;210;210;210m[38;2;210;210;210m▄[48;2;209;209;209m[38;2;209;209;209m▄[48;2;208;208;208m[38;2;208;208;208m▄[48;2;208;208;208m[38;2;208;208;208m▄[48;2;207;207;207m[38;2;208;208;208m▄[48;2;207;207;207m[38;2;207;207;207m▄[48;2;206;206;206m[38;2;206;206;205m▄[48;2;204;203;204m[38;2;204;204;204m▄[48;2;203;203;204m[38;2;204;204;204m▄[0m
[48;2;216;216;216m[38;2;216;216;216m▄[48;2;216;216;216m[38;2;216;216;216m▄[48;2;217;217;217m[38;2;216;216;216m▄[48;2;217;217;218m[38;2;217;217;217m▄[48;2;218;218;217m[38;2;217;217;217m▄[48;2;219;219;219m[38;2;218;218;219m▄[48;2;221;221;221m[38;2;220;220;221m▄[48;2;222;222;222m[38;2;221;221;221m▄[48;2;222;222;222m[38;2;222;222;222m▄[48;2;223;223;223m[38;2;222;222;222m▄[48;2;223;223;223m[38;2;223;223;223m▄[48;2;223;223;223m[38;2;223;223;223m▄[48;2;223;223;223m[38;2;224;224;224m▄[48;2;224;224;224m[38;2;223;223;223m▄[48;2;224;224;224m[38;2;224;224;224m▄[48;2;224;224;224m[38;2;224;224;224m▄[48;2;224;224;224m[38;2;224;224;224m▄[48;2;224;224;224m[38;2;224;224;224m▄[48;2;224;224;224m[38;2;224;224;224m▄[48;2;224;224;225m[38;2;224;224;224m▄[48;2;224;224;224m[38;2;224;224;224m▄[48;2;224;224;224m[38;2;224;224;224m▄[48;2;224;224;224m[38;2;223;223;223m▄[48;2;224;224;224m[38;2;223;223;223m▄[48;2;224;224;224m[38;2;224;224;224m▄[48;2;224;224;224m[38;2;223;224;223m▄[48;2;224;224;224m[38;2;224;224;224m▄[48;2;225;225;224m[38;2;222;225;224m▄[48;2;221;224;227m[38;2;231;214;215m▄[48;2;165;203;150m[38;2;231;192;198m▄[48;2;137;200;92m[38;2;173;166;138m▄[48;2;114;177;78m[38;2;119;152;99m▄[48;2;84;146;65m[38;2;86;139;70m▄[48;2;119;160;111m[38;2;84;157;69m▄[48;2;157;185;143m[38;2;110;173;72m▄[48;2;150;184;129m[38;2;139;189;83m▄[48;2;164;189;159m[38;2;143;191;86m▄[48;2;211;215;212m[38;2;125;169;104m▄[48;2;222;221;222m[38;2;210;212;211m▄[48;2;217;217;217m[38;2;219;218;218m▄[48;2;217;217;217m[38;2;216;216;216m▄[48;2;217;217;217m[38;2;216;216;216m▄[48;2;217;217;217m[38;2;216;216;216m▄[48;2;217;217;217m[38;2;217;217;217m▄[48;2;216;216;216m[38;2;216;216;216m▄[48;2;216;216;216m[38;2;215;215;215m▄[48;2;215;215;215m[38;2;215;215;215m▄[48;2;215;214;215m[38;2;214;214;214m▄[48;2;214;214;214m[38;2;213;213;213m▄[48;2;214;214;214m[38;2;213;213;213m▄[48;2;213;214;214m[38;2;212;212;212m▄[48;2;211;212;212m[38;2;211;211;211m▄[48;2;210;210;210m[38;2;211;211;211m▄[48;2;210;210;210m[38;2;210;210;210m▄[48;2;211;211;211m[38;2;210;210;210m▄[48;2;210;210;210m[38;2;209;209;209m▄[48;2;209;209;209m[38;2;208;208;208m▄[48;2;208;208;208m[38;2;208;208;208m▄[48;2;208;208;208m[38;2;208;208;208m▄[48;2;208;208;208m[38;2;207;207;207m▄[48;2;207;207;207m[38;2;207;207;207m▄[48;2;206;206;206m[38;2;205;205;205m▄[48;2;204;204;205m[38;2;204;204;205m▄[48;2;204;204;204m[38;2;204;204;204m▄[0m
[48;2;216;216;216m[38;2;216;216;216m▄[48;2;216;216;216m[38;2;216;216;216m▄[48;2;216;216;216m[38;2;216;216;216m▄[48;2;216;216;216m[38;2;216;216;216m▄[48;2;217;217;217m[38;2;217;217;217m▄[48;2;218;218;218m[38;2;217;217;217m▄[48;2;218;218;218m[38;2;217;217;217m▄[48;2;220;220;220m[38;2;219;219;219m▄[48;2;221;221;221m[38;2;221;221;221m▄[48;2;221;221;221m[38;2;221;221;221m▄[48;2;222;222;222m[38;2;221;221;221m▄[48;2;222;222;222m[38;2;221;221;221m▄[48;2;223;223;223m[38;2;222;222;222m▄[48;2;223;223;223m[38;2;222;222;222m▄[48;2;223;223;223m[38;2;222;222;222m▄[48;2;223;223;223m[38;2;223;223;223m▄[48;2;223;223;223m[38;2;223;223;223m▄[48;2;223;223;223m[38;2;223;223;223m▄[48;2;224;224;224m[38;2;223;223;223m▄[48;2;223;223;223m[38;2;223;223;223m▄[48;2;223;223;223m[38;2;223;223;223m▄[48;2;223;223;223m[38;2;223;223;223m▄[48;2;223;223;223m[38;2;223;223;223m▄[48;2;223;223;223m[38;2;223;223;223m▄[48;2;223;223;223m[38;2;223;223;223m▄[48;2;223;223;223m[38;2;223;224;224m▄[48;2;222;225;225m[38;2;224;222;222m▄[48;2;236;208;208m[38;2;242;174;182m▄[48;2;250;183;185m[38;2;242;157;165m▄[48;2;251;164;172m[38;2;232;137;147m▄[48;2;239;136;153m[38;2;222;131;138m▄[48;2;231;146;163m[38;2;238;164;168m▄[48;2;218;151;152m[38;2;240;151;162m▄[48;2;128;134;88m[38;2;231;132;146m▄[48;2;110;164;80m[38;2;223;148;152m▄[48;2;123;174;77m[38;2;194;140;140m▄[48;2;126;170;92m[38;2;191;195;197m▄[48;2;162;183;157m[38;2;209;205;211m▄[48;2;209;209;210m[38;2;210;210;210m▄[48;2;216;216;216m[38;2;216;216;216m▄[48;2;216;216;216m[38;2;216;216;216m▄[48;2;217;217;217m[38;2;216;216;216m▄[48;2;217;217;217m[38;2;217;216;216m▄[48;2;216;216;216m[38;2;216;216;216m▄[48;2;216;216;216m[38;2;216;216;216m▄[48;2;215;215;215m[38;2;215;215;215m▄[48;2;214;214;214m[38;2;215;215;215m▄[48;2;214;214;214m[38;2;214;214;214m▄[48;2;213;213;213m[38;2;213;213;213m▄[48;2;213;213;213m[38;2;212;212;212m▄[48;2;213;213;213m[38;2;211;211;211m▄[48;2;211;211;211m[38;2;210;210;210m▄[48;2;210;210;210m[38;2;211;211;211m▄[48;2;210;210;210m[38;2;211;211;211m▄[48;2;210;210;210m[38;2;210;210;210m▄[48;2;208;208;208m[38;2;209;209;209m▄[48;2;209;209;209m[38;2;209;209;209m▄[48;2;208;208;208m[38;2;208;208;208m▄[48;2;208;208;208m[38;2;208;208;208m▄[48;2;207;207;207m[38;2;207;207;207m▄[48;2;207;207;207m[38;2;206;206;206m▄[48;2;205;205;205m[38;2;205;205;205m▄[48;2;204;204;204m[38;2;204;204;204m▄[48;2;203;203;203m[38;2;203;203;203m▄[0m
[48;2;216;216;216m[38;2;215;215;215m▄[48;2;216;216;216m[38;2;216;216;216m▄[48;2;216;216;216m[38;2;216;216;216m▄[48;2;216;216;216m[38;2;216;216;216m▄[48;2;216;216;216m[38;2;216;216;216m▄[48;2;217;217;217m[38;2;216;216;216m▄[48;2;217;217;217m[38;2;217;217;217m▄[48;2;218;218;218m[38;2;217;217;217m▄[48;2;219;219;219m[38;2;218;218;218m▄[48;2;220;220;220m[38;2;218;218;218m▄[48;2;221;221;221m[38;2;219;219;219m▄[48;2;221;221;221m[38;2;220;220;220m▄[48;2;221;221;221m[38;2;221;221;221m▄[48;2;222;222;222m[38;2;221;221;221m▄[48;2;223;223;223m[38;2;221;221;221m▄[48;2;223;223;223m[38;2;221;221;221m▄[48;2;222;222;222m[38;2;222;222;222m▄[48;2;223;223;223m[38;2;222;222;222m▄[48;2;223;223;223m[38;2;222;222;222m▄[48;2;223;223;223m[38;2;222;222;222m▄[48;2;223;223;223m[38;2;222;222;222m▄[48;2;223;223;223m[38;2;222;222;222m▄[48;2;223;223;223m[38;2;222;222;223m▄[48;2;223;223;223m[38;2;222;222;222m▄[48;2;230;229;229m[38;2;230;231;231m▄[48;2;233;237;237m[38;2;242;236;236m▄[48;2;235;201;206m[38;2;248;183;192m▄[48;2;244;165;174m[38;2;250;154;167m▄[48;2;243;155;164m[38;2;228;113;129m▄[48;2;224;134;146m[38;2;215;138;152m▄[48;2;218;146;155m[38;2;252;255;255m▄[48;2;231;142;151m[38;2;223;165;175m▄[48;2;239;161;167m[38;2;223;130;142m▄[48;2;223;131;142m[38;2;224;135;145m▄[48;2;243;156;166m[38;2;224;143;153m▄[48;2;226;131;144m[38;2;217;109;122m▄[48;2;201;157;164m[38;2;212;113;128m▄[48;2;213;219;218m[38;2;210;207;208m▄[48;2;217;216;217m[38;2;217;217;215m▄[48;2;217;217;219m[38;2;215;210;204m▄[48;2;216;216;217m[38;2;214;207;197m▄[48;2;216;216;216m[38;2;213;205;191m▄[48;2;217;219;221m[38;2;212;204;192m▄[48;2;216;216;216m[38;2;215;215;216m▄[48;2;216;216;216m[38;2;215;215;215m▄[48;2;215;215;215m[38;2;215;215;215m▄[48;2;215;215;215m[38;2;214;214;214m▄[48;2;214;214;214m[38;2;213;213;213m▄[48;2;213;213;213m[38;2;212;212;212m▄[48;2;212;212;212m[38;2;211;211;211m▄[48;2;211;211;211m[38;2;211;211;211m▄[48;2;211;211;211m[38;2;211;211;211m▄[48;2;211;211;211m[38;2;211;211;211m▄[48;2;210;210;210m[38;2;211;211;211m▄[48;2;210;210;210m[38;2;210;210;210m▄[48;2;209;209;209m[38;2;209;209;209m▄[48;2;208;208;208m[38;2;208;208;208m▄[48;2;208;208;208m[38;2;207;207;207m▄[48;2;207;206;208m[38;2;207;207;207m▄[48;2;206;206;207m[38;2;207;207;207m▄[48;2;206;206;206m[38;2;205;205;205m▄[48;2;204;204;204m[38;2;204;204;204m▄[48;2;204;204;204m[38;2;204;204;204m▄[48;2;203;203;203m[38;2;203;203;203m▄[0m
[48;2;214;214;214m[38;2;215;215;215m▄[48;2;215;215;215m[38;2;216;216;216m▄[48;2;217;217;217m[38;2;216;216;216m▄[48;2;216;216;216m[38;2;216;216;216m▄[48;2;216;216;216m[38;2;216;216;216m▄[48;2;216;216;216m[38;2;216;216;216m▄[48;2;216;216;216m[38;2;216;216;216m▄[48;2;216;216;216m[38;2;216;216;216m▄[48;2;217;217;217m[38;2;216;216;216m▄[48;2;218;218;218m[38;2;217;217;217m▄[48;2;218;218;218m[38;2;217;217;217m▄[48;2;218;218;218m[38;2;217;217;217m▄[48;2;219;219;219m[38;2;218;218;218m▄[48;2;219;219;219m[38;2;218;218;218m▄[48;2;220;220;220m[38;2;219;219;219m▄[48;2;221;221;221m[38;2;220;220;220m▄[48;2;221;221;221m[38;2;220;220;220m▄[48;2;221;221;221m[38;2;221;221;221m▄[48;2;221;221;221m[38;2;220;220;220m▄[48;2;221;221;221m[38;2;220;220;220m▄[48;2;221;221;221m[38;2;221;221;221m▄[48;2;221;221;221m[38;2;221;221;221m▄[48;2;221;221;221m[38;2;221;220;220m▄[48;2;221;221;221m[38;2;221;220;220m▄[48;2;222;224;224m[38;2;222;220;220m▄[48;2;224;215;215m[38;2;221;223;223m▄[48;2;245;158;168m[38;2;216;145;157m▄[48;2;233;128;144m[38;2;219;107;125m▄[48;2;215;106;124m[38;2;221;108;125m▄[48;2;203;93;114m[38;2;216;105;122m▄[48;2;225;182;190m[38;2;216;105;121m▄[48;2;255;255;255m[38;2;216;152;164m▄[48;2;238;213;217m[38;2;239;224;229m▄[48;2;204;109;126m[38;2;214;114;132m▄[48;2;214;104;122m[38;2;231;121;134m▄[48;2;230;119;133m[38;2;223;109;125m▄[48;2;212;108;124m[38;2;195;126;138m▄[48;2;202;193;196m[38;2;203;207;206m▄[48;2;216;216;211m[38;2;216;215;216m▄[48;2;215;212;208m[38;2;216;216;217m▄[48;2;215;215;215m[38;2;215;214;214m▄[48;2;214;216;217m[38;2;217;219;222m▄[48;2;209;200;186m[38;2;215;214;213m▄[48;2;212;203;191m[38;2;207;193;175m▄[48;2;216;217;219m[38;2;216;217;219m▄[48;2;214;214;214m[38;2;214;214;214m▄[48;2;213;213;214m[38;2;213;213;213m▄[48;2;212;212;212m[38;2;212;212;212m▄[48;2;211;211;211m[38;2;211;211;211m▄[48;2;211;211;211m[38;2;211;211;211m▄[48;2;211;211;211m[38;2;211;211;211m▄[48;2;211;211;211m[38;2;211;211;211m▄[48;2;211;211;211m[38;2;210;210;210m▄[48;2;211;211;211m[38;2;210;210;210m▄[48;2;209;209;209m[38;2;210;210;210m▄[48;2;209;209;209m[38;2;209;209;209m▄[48;2;208;208;208m[38;2;208;208;208m▄[48;2;208;208;208m[38;2;208;208;208m▄[48;2;207;207;207m[38;2;207;207;207m▄[48;2;207;207;207m[38;2;206;206;206m▄[48;2;204;204;204m[38;2;204;204;204m▄[48;2;204;204;204m[38;2;204;204;204m▄[48;2;203;203;203m[38;2;203;203;203m▄[48;2;203;203;203m[38;2;203;203;203m▄[0m
[48;2;214;214;214m[38;2;214;214;214m▄[48;2;215;215;215m[38;2;214;214;214m▄[48;2;215;215;215m[38;2;215;215;215m▄[48;2;215;215;215m[38;2;216;216;216m▄[48;2;216;216;216m[38;2;216;216;216m▄[48;2;217;217;217m[38;2;215;215;215m▄[48;2;216;216;216m[38;2;216;216;216m▄[48;2;216;216;216m[38;2;217;217;217m▄[48;2;217;217;217m[38;2;216;216;216m▄[48;2;216;216;216m[38;2;216;216;216m▄[48;2;216;216;216m[38;2;216;216;216m▄[48;2;216;216;216m[38;2;216;216;216m▄[48;2;217;217;217m[38;2;217;217;217m▄[48;2;217;217;217m[38;2;216;216;216m▄[48;2;217;217;217m[38;2;217;217;217m▄[48;2;218;218;218m[38;2;217;217;217m▄[48;2;218;218;218m[38;2;217;217;217m▄[48;2;219;219;219m[38;2;218;218;218m▄[48;2;219;219;219m[38;2;218;217;217m▄[48;2;219;219;219m[38;2;217;221;220m▄[48;2;219;219;219m[38;2;217;220;220m▄[48;2;218;221;221m[38;2;222;209;209m▄[48;2;218;221;221m[38;2;230;212;211m▄[48;2;217;220;220m[38;2;232;215;214m▄[48;2;217;220;220m[38;2;230;206;207m▄[48;2;220;228;227m[38;2;221;204;205m▄[48;2;208;194;198m[38;2;218;226;225m▄[48;2;211;108;123m[38;2;201;123;137m▄[48;2;222;106;123m[38;2;222;94;111m▄[48;2;208;96;116m[38;2;209;91;110m▄[48;2;230;130;141m[38;2;224;115;130m▄[48;2;224;114;128m[38;2;205;99;118m▄[48;2;194;80;103m[38;2;205;84;105m▄[48;2;204;88;110m[38;2;219;94;114m▄[48;2;210;93;114m[38;2;211;77;99m▄[48;2;193;85;108m[38;2;190;116;132m▄[48;2;191;188;190m[38;2;199;208;207m▄[48;2;209;215;215m[38;2;219;170;173m▄[48;2;215;217;217m[38;2;225;166;170m▄[48;2;216;218;218m[38;2;216;205;207m▄[48;2;217;217;220m[38;2;205;198;184m▄[48;2;211;206;200m[38;2;202;195;176m▄[48;2;203;187;166m[38;2;211;212;208m▄[48;2;210;204;196m[38;2;211;210;208m▄[48;2;213;214;215m[38;2;208;205;199m▄[48;2;213;213;213m[38;2;212;213;214m▄[48;2;213;213;213m[38;2;212;212;212m▄[48;2;212;212;212m[38;2;212;212;212m▄[48;2;211;211;211m[38;2;211;211;211m▄[48;2;211;211;211m[38;2;211;211;211m▄[48;2;211;211;211m[38;2;210;210;210m▄[48;2;211;211;211m[38;2;210;210;210m▄[48;2;210;210;210m[38;2;209;209;209m▄[48;2;209;209;209m[38;2;209;209;209m▄[48;2;209;209;209m[38;2;208;208;208m▄[48;2;208;208;208m[38;2;208;208;208m▄[48;2;208;208;208m[38;2;208;208;208m▄[48;2;207;207;207m[38;2;207;207;207m▄[48;2;206;207;206m[38;2;207;207;207m▄[48;2;205;205;205m[38;2;205;204;205m▄[48;2;203;203;203m[38;2;204;204;203m▄[48;2;203;203;203m[38;2;203;203;203m▄[48;2;203;203;203m[38;2;203;203;203m▄[48;2;203;203;203m[38;2;203;203;203m▄[0m
[48;2;213;213;213m[38;2;213;213;213m▄[48;2;214;214;214m[38;2;214;214;214m▄[48;2;215;215;215m[38;2;214;214;214m▄[48;2;215;215;215m[38;2;215;215;215m▄[48;2;215;215;215m[38;2;215;215;215m▄[48;2;215;215;215m[38;2;215;215;215m▄[48;2;216;216;216m[38;2;215;215;215m▄[48;2;216;216;216m[38;2;215;215;215m▄[48;2;216;216;216m[38;2;215;215;215m▄[48;2;217;217;217m[38;2;216;216;216m▄[48;2;217;217;217m[38;2;217;217;217m▄[48;2;216;216;216m[38;2;217;217;217m▄[48;2;216;216;216m[38;2;217;217;217m▄[48;2;216;216;216m[38;2;216;216;216m▄[48;2;217;217;217m[38;2;216;216;216m▄[48;2;217;217;217m[38;2;217;217;217m▄[48;2;217;217;217m[38;2;217;217;217m▄[48;2;217;216;216m[38;2;217;218;218m▄[48;2;217;221;220m[38;2;216;210;211m▄[48;2;218;203;204m[38;2;233;174;181m▄[48;2;235;187;190m[38;2;244;212;215m▄[48;2;246;209;211m[38;2;233;152;161m▄[48;2;243;191;193m[38;2;245;205;210m▄[48;2;244;185;188m[38;2;239;178;183m▄[48;2;244;190;193m[38;2;221;138;145m▄[48;2;238;169;173m[38;2;245;193;197m▄[48;2;222;183;185m[38;2;222;153;160m▄[48;2;209;206;207m[38;2;212;211;211m▄[48;2;198;118;133m[38;2;209;209;210m▄[48;2;198;90;111m[38;2;198;202;204m▄[48;2;192;106;123m[38;2;203;170;172m▄[48;2;207;133;141m[38;2;235;156;162m▄[48;2;211;133;142m[38;2;219;148;155m▄[48;2;198;91;111m[38;2;193;190;191m▄[48;2;190;112;128m[38;2;196;199;199m▄[48;2;191;193;193m[38;2;204;204;204m▄[48;2;209;168;171m[38;2;223;149;158m▄[48;2;235;164;169m[38;2;231;174;181m▄[48;2;231;160;168m[38;2;210;114;126m▄[48;2;211;167;164m[38;2;207;182;183m▄[48;2;203;198;187m[38;2;210;173;178m▄[48;2;220;174;180m[38;2;232;144;150m▄[48;2;216;194;197m[38;2;217;139;146m▄[48;2;206;203;194m[38;2;210;209;209m▄[48;2;210;207;204m[38;2;212;212;213m▄[48;2;212;212;213m[38;2;211;211;210m▄[48;2;211;211;211m[38;2;210;210;210m▄[48;2;211;211;211m[38;2;211;211;211m▄[48;2;211;211;211m[38;2;211;211;211m▄[48;2;211;211;211m[38;2;210;210;210m▄[48;2;210;210;210m[38;2;209;209;209m▄[48;2;209;209;209m[38;2;208;208;208m▄[48;2;209;209;209m[38;2;209;209;209m▄[48;2;208;208;208m[38;2;208;208;208m▄[48;2;208;208;208m[38;2;208;208;208m▄[48;2;208;208;208m[38;2;207;207;207m▄[48;2;207;207;207m[38;2;206;206;207m▄[48;2;206;206;206m[38;2;207;207;207m▄[48;2;206;206;207m[38;2;205;206;205m▄[48;2;204;204;205m[38;2;204;204;204m▄[48;2;203;203;203m[38;2;203;203;203m▄[48;2;203;203;203m[38;2;203;203;203m▄[48;2;203;203;203m[38;2;203;203;203m▄[48;2;203;203;203m[38;2;202;202;202m▄[0m
[48;2;213;213;213m[38;2;211;211;211m▄[48;2;214;214;214m[38;2;212;212;212m▄[48;2;214;214;214m[38;2;213;213;213m▄[48;2;214;214;214m[38;2;214;214;214m▄[48;2;214;214;214m[38;2;215;215;215m▄[48;2;215;215;215m[38;2;215;215;215m▄[48;2;215;215;215m[38;2;215;215;215m▄[48;2;216;216;216m[38;2;215;215;215m▄[48;2;215;215;215m[38;2;215;215;215m▄[48;2;215;215;215m[38;2;215;215;215m▄[48;2;217;217;217m[38;2;216;216;216m▄[48;2;217;217;217m[38;2;216;216;216m▄[48;2;216;216;216m[38;2;216;216;216m▄[48;2;216;216;216m[38;2;215;215;215m▄[48;2;217;217;217m[38;2;216;216;216m▄[48;2;217;217;217m[38;2;217;216;218m▄[48;2;217;216;216m[38;2;217;216;217m▄[48;2;217;224;224m[38;2;217;219;218m▄[48;2;214;181;185m[38;2;218;210;211m▄[48;2;237;191;194m[38;2;223;159;169m▄[48;2;235;191;196m[38;2;218;131;144m▄[48;2;228;148;157m[38;2;233;175;181m▄[48;2;247;228;228m[38;2;243;208;209m▄[48;2;215;139;148m[38;2;221;142;152m▄[48;2;225;160;167m[38;2;225;159;169m▄[48;2;242;185;192m[38;2;191;91;108m▄[48;2;198;103;116m[38;2;214;131;143m▄[48;2;213;145;155m[38;2;208;129;142m▄[48;2;215;141;151m[38;2;224;158;167m▄[48;2;209;148;157m[38;2;213;131;145m▄[48;2;204;135;144m[38;2;197;100;117m▄[48;2;208;111;122m[38;2;230;168;177m▄[48;2;200;123;133m[38;2;189;88;105m▄[48;2;205;149;157m[38;2;226;157;167m▄[48;2;221;148;158m[38;2;206;126;139m▄[48;2;205;125;137m[38;2;201;111;125m▄[48;2;229;159;167m[38;2;231;170;177m▄[48;2;223;167;173m[38;2;207;140;152m▄[48;2;211;119;132m[38;2;229;167;175m▄[48;2;205;145;153m[38;2;207;116;130m▄[48;2;204;139;147m[38;2;203;116;128m▄[48;2;211;112;124m[38;2;228;157;167m▄[48;2;202;151;158m[38;2;186;126;137m▄[48;2;205;213;213m[38;2;206;206;207m▄[48;2;211;209;209m[38;2;211;211;210m▄[48;2;210;210;210m[38;2;210;210;208m▄[48;2;210;210;210m[38;2;210;210;210m▄[48;2;210;210;210m[38;2;210;210;210m▄[48;2;210;210;210m[38;2;210;210;210m▄[48;2;210;210;210m[38;2;209;210;211m▄[48;2;210;210;211m[38;2;209;211;215m▄[48;2;209;208;210m[38;2;210;209;215m▄[48;2;208;208;208m[38;2;209;207;211m▄[48;2;208;208;208m[38;2;208;208;208m▄[48;2;208;208;208m[38;2;208;208;208m▄[48;2;208;207;207m[38;2;208;208;204m▄[48;2;207;207;205m[38;2;207;208;201m▄[48;2;206;206;205m[38;2;206;206;202m▄[48;2;204;204;204m[38;2;204;204;203m▄[48;2;203;203;203m[38;2;203;203;203m▄[48;2;203;203;203m[38;2;203;203;203m▄[48;2;202;202;202m[38;2;202;202;202m▄[48;2;202;202;202m[38;2;202;202;202m▄[48;2;201;201;202m[38;2;201;200;203m▄[0m
[48;2;211;211;211m[38;2;210;210;210m▄[48;2;211;211;211m[38;2;210;210;210m▄[48;2;213;213;213m[38;2;211;211;211m▄[48;2;213;213;213m[38;2;211;211;211m▄[48;2;214;214;214m[38;2;213;213;213m▄[48;2;214;214;214m[38;2;214;214;214m▄[48;2;215;215;215m[38;2;214;214;214m▄[48;2;215;215;215m[38;2;214;214;214m▄[48;2;215;215;215m[38;2;214;214;214m▄[48;2;215;215;215m[38;2;214;214;214m▄[48;2;215;215;215m[38;2;215;215;215m▄[48;2;215;215;215m[38;2;215;215;215m▄[48;2;215;215;215m[38;2;215;215;215m▄[48;2;215;215;215m[38;2;215;215;215m▄[48;2;215;215;215m[38;2;216;216;216m▄[48;2;216;216;216m[38;2;216;216;216m▄[48;2;215;215;216m[38;2;215;215;215m▄[48;2;216;215;215m[38;2;216;216;216m▄[48;2;216;217;218m[38;2;216;215;215m▄[48;2;215;218;218m[38;2;214;217;210m▄[48;2;207;158;166m[38;2;210;153;163m▄[48;2;240;179;187m[38;2;245;166;178m▄[48;2;210;136;149m[38;2;176;92;110m▄[48;2;235;166;174m[38;2;201;112;128m▄[48;2;187;97;114m[38;2;218;131;145m▄[48;2;186;95;112m[38;2;163;61;86m▄[48;2;228;149;161m[38;2;231;135;150m▄[48;2;170;63;84m[38;2;197;106;123m▄[48;2;232;156;167m[38;2;229;141;153m▄[48;2;179;78;100m[38;2;193;96;117m▄[48;2;221;139;151m[38;2;221;129;143m▄[48;2;191;97;116m[38;2;197;102;121m▄[48;2;211;123;139m[38;2;201;109;127m▄[48;2;209;127;141m[38;2;216;125;140m▄[48;2;167;66;87m[38;2;186;100;119m▄[48;2;191;92;113m[38;2;206;120;136m▄[48;2;241;168;179m[38;2;221;130;145m▄[48;2;183;89;110m[38;2;158;48;74m▄[48;2;221;136;150m[38;2;226;130;143m▄[48;2;182;87;105m[38;2;192;100;117m▄[48;2;220;137;150m[38;2;222;133;146m▄[48;2;191;98;116m[38;2;195;98;117m▄[48;2;180;70;93m[38;2;176;84;106m▄[48;2;199;155;164m[38;2;196;180;183m▄[48;2;212;220;218m[38;2;208;211;210m▄[48;2;210;208;208m[38;2;210;209;209m▄[48;2;210;210;210m[38;2;210;210;210m▄[48;2;210;210;210m[38;2;210;210;210m▄[48;2;210;210;210m[38;2;210;210;210m▄[48;2;209;210;211m[38;2;210;210;210m▄[48;2;208;212;217m[38;2;208;209;211m▄[48;2;208;209;216m[38;2;208;208;212m▄[48;2;209;208;213m[38;2;209;208;212m▄[48;2;208;208;209m[38;2;208;208;209m▄[48;2;208;208;208m[38;2;208;208;208m▄[48;2;208;208;207m[38;2;208;208;207m▄[48;2;208;208;203m[38;2;205;207;201m▄[48;2;206;207;202m[38;2;204;207;201m▄[48;2;203;204;201m[38;2;203;205;203m▄[48;2;202;203;203m[38;2;201;202;203m▄[48;2;203;203;203m[38;2;202;202;202m▄[48;2;202;202;203m[38;2;202;201;202m▄[48;2;201;201;201m[38;2;201;201;202m▄[48;2;201;201;201m[38;2;202;202;201m▄[0m
[48;2;210;210;210m[38;2;210;210;210m▄[48;2;210;210;210m[38;2;210;210;210m▄[48;2;210;210;210m[38;2;211;211;211m▄[48;2;211;211;211m[38;2;211;211;211m▄[48;2;211;211;211m[38;2;210;210;210m▄[48;2;211;211;211m[38;2;210;210;210m▄[48;2;212;212;213m[38;2;212;212;212m▄[48;2;213;213;213m[38;2;212;212;212m▄[48;2;213;213;213m[38;2;213;213;213m▄[48;2;214;214;214m[38;2;212;212;213m▄[48;2;215;215;215m[38;2;214;214;214m▄[48;2;215;215;215m[38;2;214;214;214m▄[48;2;215;215;215m[38;2;214;214;214m▄[48;2;215;215;215m[38;2;214;214;214m▄[48;2;214;214;214m[38;2;214;214;214m▄[48;2;215;215;215m[38;2;215;215;215m▄[48;2;215;215;215m[38;2;215;215;214m▄[48;2;215;216;218m[38;2;215;216;217m▄[48;2;213;208;201m[38;2;213;209;204m▄[48;2;214;213;203m[38;2;211;206;190m▄[48;2;203;143;158m[38;2;210;198;200m▄[48;2;200;96;116m[38;2;189;138;147m▄[48;2;187;150;162m[38;2;191;174;166m▄[48;2;170;107;122m[38;2;196;182;170m▄[48;2;219;117;134m[38;2;166;74;95m▄[48;2;196;98;118m[38;2;219;115;133m▄[48;2;158;52;77m[38;2;209;119;135m▄[48;2;176;83;105m[38;2;169;87;106m▄[48;2;166;60;86m[38;2;164;69;92m▄[48;2;180;94;113m[38;2;186;122;137m▄[48;2;176;94;113m[38;2;184;136;147m▄[48;2;184;93;113m[38;2;179;99;117m▄[48;2;170;78;100m[38;2;186;110;126m▄[48;2;177;78;100m[38;2;175;87;107m▄[48;2;179;80;103m[38;2;177;89;110m▄[48;2;158;55;80m[38;2;185;103;122m▄[48;2;169;72;95m[38;2;180;96;116m▄[48;2;181;128;139m[38;2;194;189;191m▄[48;2;177;84;106m[38;2;197;185;180m▄[48;2;179;90;113m[38;2;193;181;171m▄[48;2;174;83;107m[38;2;194;184;176m▄[48;2;181;87;110m[38;2;193;184;183m▄[48;2;185;151;160m[38;2;194;195;188m▄[48;2;195;200;199m[38;2;201;200;200m▄[48;2;206;205;205m[38;2;208;209;209m▄[48;2;209;209;209m[38;2;208;208;208m▄[48;2;210;210;210m[38;2;209;209;209m▄[48;2;209;208;209m[38;2;208;208;208m▄[48;2;209;209;209m[38;2;208;208;208m▄[48;2;209;209;209m[38;2;208;208;208m▄[48;2;208;208;209m[38;2;208;208;208m▄[48;2;208;207;209m[38;2;208;208;208m▄[48;2;208;208;208m[38;2;207;207;207m▄[48;2;207;207;207m[38;2;207;207;207m▄[48;2;207;207;205m[38;2;207;207;204m▄[48;2;207;207;202m[38;2;207;207;201m▄[48;2;206;207;202m[38;2;206;206;201m▄[48;2;203;206;201m[38;2;203;205;204m▄[48;2;202;205;204m[38;2;202;203;203m▄[48;2;202;202;203m[38;2;202;202;203m▄[48;2;202;202;203m[38;2;201;201;202m▄[48;2;201;201;201m[38;2;201;201;201m▄[48;2;201;201;201m[38;2;201;201;201m▄[48;2;201;201;201m[38;2;201;201;201m▄[0m
[48;2;210;210;210m[38;2;209;209;209m▄[48;2;210;210;210m[38;2;210;210;210m▄[48;2;211;211;211m[38;2;210;210;210m▄[48;2;211;211;211m[38;2;211;211;211m▄[48;2;210;210;210m[38;2;210;210;211m▄[48;2;211;211;211m[38;2;211;211;211m▄[48;2;211;211;211m[38;2;211;211;211m▄[48;2;211;211;211m[38;2;211;211;211m▄[48;2;211;211;211m[38;2;211;211;211m▄[48;2;211;211;211m[38;2;212;212;212m▄[48;2;211;211;211m[38;2;212;212;212m▄[48;2;211;211;211m[38;2;212;212;212m▄[48;2;212;212;212m[38;2;212;212;212m▄[48;2;213;213;213m[38;2;213;213;213m▄[48;2;213;213;213m[38;2;213;213;213m▄[48;2;213;213;213m[38;2;213;213;213m▄[48;2;213;213;213m[38;2;213;213;213m▄[48;2;214;213;214m[38;2;213;213;214m▄[48;2;213;214;216m[38;2;213;213;214m▄[48;2;209;203;195m[38;2;213;214;217m▄[48;2;206;197;179m[38;2;211;211;213m▄[48;2;199;196;179m[38;2;210;210;212m▄[48;2;198;191;183m[38;2;212;213;215m▄[48;2;210;212;212m[38;2;212;211;211m▄[48;2;201;187;190m[38;2;214;217;216m▄[48;2;169;88;108m[38;2;207;203;204m▄[48;2;189;81;105m[38;2;183;143;154m▄[48;2;202;97;119m[38;2;174;109;126m▄[48;2;196;100;122m[38;2;175;102;121m▄[48;2;190;83;106m[38;2;178;117;133m▄[48;2;193;98;117m[38;2;173;98;117m▄[48;2;179;90;111m[38;2;175;79;101m▄[48;2;162;62;88m[38;2;184;81;106m▄[48;2;178;111;128m[38;2;185;89;110m▄[48;2;179;122;136m[38;2;189;89;112m▄[48;2;180;93;113m[38;2;191;92;113m▄[48;2;191;93;114m[38;2;164;73;97m▄[48;2;181;149;156m[38;2;194;185;188m▄[48;2;206;209;199m[38;2;208;210;212m▄[48;2;201;194;187m[38;2;210;210;213m▄[48;2;199;192;179m[38;2;209;210;214m▄[48;2;200;193;178m[38;2;207;208;212m▄[48;2;205;200;195m[38;2;208;209;210m▄[48;2;207;207;208m[38;2;208;208;208m▄[48;2;208;208;208m[38;2;208;208;208m▄[48;2;208;208;208m[38;2;207;207;207m▄[48;2;208;208;208m[38;2;208;208;208m▄[48;2;208;208;208m[38;2;207;207;207m▄[48;2;207;207;207m[38;2;207;207;207m▄[48;2;207;207;207m[38;2;207;207;207m▄[48;2;207;207;207m[38;2;206;206;206m▄[48;2;206;206;206m[38;2;205;205;205m▄[48;2;206;206;206m[38;2;205;205;205m▄[48;2;205;205;205m[38;2;204;204;204m▄[48;2;204;204;201m[38;2;204;204;203m▄[48;2;204;204;201m[38;2;204;204;204m▄[48;2;203;203;202m[38;2;203;203;203m▄[48;2;203;203;203m[38;2;203;203;203m▄[48;2;203;203;203m[38;2;203;203;203m▄[48;2;202;202;203m[38;2;202;202;202m▄[48;2;201;201;202m[38;2;201;201;201m▄[48;2;200;200;201m[38;2;201;200;202m▄[48;2;200;200;201m[38;2;200;200;201m▄[48;2;201;201;201m[38;2;200;200;200m▄[0m
[48;2;212;212;212m[38;2;216;216;216m▄[48;2;213;213;213m[38;2;216;216;216m▄[48;2;214;214;214m[38;2;216;216;216m▄[48;2;214;214;215m[38;2;216;216;216m▄[48;2;214;214;214m[38;2;216;216;216m▄[48;2;214;214;215m[38;2;216;216;216m▄[48;2;215;215;215m[38;2;216;216;216m▄[48;2;215;215;215m[38;2;216;216;216m▄[48;2;215;215;215m[38;2;217;217;216m▄[48;2;215;215;215m[38;2;216;216;216m▄[48;2;216;216;216m[38;2;217;217;217m▄[48;2;216;216;216m[38;2;217;217;217m▄[48;2;215;215;215m[38;2;217;217;217m▄[48;2;215;215;215m[38;2;217;217;217m▄[48;2;216;215;216m[38;2;217;217;217m▄[48;2;216;216;216m[38;2;218;218;218m▄[48;2;216;216;216m[38;2;217;217;217m▄[48;2;216;216;216m[38;2;217;217;217m▄[48;2;216;216;216m[38;2;216;216;216m▄[48;2;217;216;216m[38;2;215;215;215m▄[48;2;217;216;216m[38;2;214;214;214m▄[48;2;216;216;215m[38;2;214;214;214m▄[48;2;217;217;216m[38;2;209;207;208m▄[48;2;219;221;220m[38;2;154;124;130m▄[48;2;217;217;218m[38;2;172;154;157m▄[48;2;217;219;219m[38;2;160;132;139m▄[48;2;212;220;218m[38;2;167;144;149m▄[48;2;206;213;211m[38;2;159;134;138m▄[48;2;200;205;202m[38;2;164;141;145m▄[48;2;198;204;201m[38;2;153;126;133m▄[48;2;196;196;195m[38;2;138;108;114m▄[48;2;178;150;156m[38;2;195;200;198m▄[48;2;171;113;127m[38;2;195;200;199m▄[48;2;172;101;118m[38;2;155;134;138m▄[48;2;171;98;115m[38;2;151;123;128m▄[48;2;170;112;125m[38;2;161;143;144m▄[48;2;188;174;177m[38;2;151;130;135m▄[48;2;196;201;200m[38;2;171;154;157m▄[48;2;211;212;212m[38;2;156;129;133m▄[48;2;211;212;211m[38;2;202;199;199m▄[48;2;211;210;210m[38;2;213;214;215m▄[48;2;211;210;210m[38;2;211;210;210m▄[48;2;211;211;211m[38;2;211;210;210m▄[48;2;210;210;210m[38;2;211;211;210m▄[48;2;209;209;209m[38;2;210;210;210m▄[48;2;209;209;209m[38;2;209;209;209m▄[48;2;210;210;210m[38;2;210;210;210m▄[48;2;210;210;210m[38;2;211;211;211m▄[48;2;209;209;209m[38;2;210;210;210m▄[48;2;208;208;209m[38;2;210;210;210m▄[48;2;208;208;208m[38;2;210;209;210m▄[48;2;207;207;207m[38;2;209;208;209m▄[48;2;208;207;208m[38;2;210;210;210m▄[48;2;207;207;207m[38;2;210;210;210m▄[48;2;207;207;207m[38;2;209;208;209m▄[48;2;207;207;207m[38;2;209;209;209m▄[48;2;206;206;206m[38;2;208;208;208m▄[48;2;205;205;205m[38;2;208;208;208m▄[48;2;205;205;205m[38;2;207;207;207m▄[48;2;204;204;204m[38;2;206;206;206m▄[48;2;203;203;204m[38;2;207;207;207m▄[48;2;203;203;203m[38;2;207;207;207m▄[48;2;202;202;202m[38;2;206;206;206m▄[48;2;202;202;202m[38;2;205;205;205m▄[0m
[48;2;219;219;219m[38;2;223;223;223m▄[48;2;219;219;219m[38;2;224;224;224m▄[48;2;219;220;219m[38;2;224;224;224m▄[48;2;219;219;219m[38;2;224;224;224m▄[48;2;220;220;220m[38;2;224;224;224m▄[48;2;220;220;220m[38;2;224;224;224m▄[48;2;220;220;220m[38;2;224;224;224m▄[48;2;220;220;220m[38;2;224;224;224m▄[48;2;220;220;220m[38;2;224;224;224m▄[48;2;220;220;220m[38;2;224;224;224m▄[48;2;221;221;221m[38;2;224;223;223m▄[48;2;222;222;222m[38;2;224;224;224m▄[48;2;222;222;222m[38;2;224;224;224m▄[48;2;222;222;222m[38;2;224;224;224m▄[48;2;222;222;222m[38;2;224;224;224m▄[48;2;222;222;222m[38;2;224;224;224m▄[48;2;221;220;221m[38;2;224;224;224m▄[48;2;218;218;218m[38;2;224;224;224m▄[48;2;212;212;212m[38;2;222;222;222m▄[48;2;205;205;206m[38;2;223;224;224m▄[48;2;200;201;201m[38;2;210;206;207m▄[48;2;201;204;204m[38;2;180;164;168m▄[48;2;197;197;198m[38;2;176;158;161m▄[48;2;144;115;119m[38;2;177;162;164m▄[48;2;160;142;143m[38;2;179;165;167m▄[48;2;144;118;123m[38;2;179;166;169m▄[48;2;156;135;139m[38;2;167;152;154m▄[48;2;154;129;134m[38;2;168;155;157m▄[48;2;161;139;143m[38;2;169;155;156m▄[48;2;157;137;140m[38;2;180;168;171m▄[48;2;144;119;123m[38;2;185;176;177m▄[48;2;188;180;181m[38;2;161;144;147m▄[48;2;196;195;194m[38;2;176;167;169m▄[48;2;151;128;131m[38;2;170;156;157m▄[48;2;147;119;123m[38;2;170;153;157m▄[48;2;163;142;148m[38;2;163;146;150m▄[48;2;152;126;131m[38;2;165;148;150m▄[48;2;166;151;151m[38;2;193;186;187m▄[48;2;154;129;132m[38;2;180;168;171m▄[48;2;172;160;162m[38;2;175;160;162m▄[48;2;192;191;191m[38;2;176;159;162m▄[48;2;201;204;205m[38;2;167;148;152m▄[48;2;200;201;201m[38;2;185;174;177m▄[48;2;202;202;202m[38;2;214;215;215m▄[48;2;209;209;209m[38;2;214;214;214m▄[48;2;211;211;212m[38;2;216;216;216m▄[48;2;213;213;213m[38;2;216;216;216m▄[48;2;214;214;214m[38;2;215;215;215m▄[48;2;214;214;214m[38;2;215;215;215m▄[48;2;213;213;213m[38;2;215;215;215m▄[48;2;212;212;213m[38;2;215;215;215m▄[48;2;211;211;211m[38;2;214;214;214m▄[48;2;212;212;212m[38;2;214;214;214m▄[48;2;210;210;211m[38;2;213;213;213m▄[48;2;210;210;210m[38;2;213;213;213m▄[48;2;210;210;210m[38;2;212;212;212m▄[48;2;210;210;210m[38;2;212;212;212m▄[48;2;209;209;209m[38;2;210;210;210m▄[48;2;213;213;213m[38;2;217;217;217m▄[48;2;216;216;216m[38;2;222;222;222m▄[48;2;209;209;209m[38;2;211;211;210m▄[48;2;208;208;208m[38;2;209;209;209m▄[48;2;208;208;208m[38;2;209;209;209m▄[48;2;207;207;207m[38;2;209;209;209m▄[0m
[48;2;224;224;224m[38;2;227;227;227m▄[48;2;224;224;224m[38;2;227;227;227m▄[48;2;225;225;225m[38;2;227;227;227m▄[48;2;226;226;226m[38;2;228;228;228m▄[48;2;226;226;226m[38;2;228;228;228m▄[48;2;226;226;226m[38;2;228;228;228m▄[48;2;226;226;226m[38;2;228;228;228m▄[48;2;227;227;227m[38;2;229;229;229m▄[48;2;227;227;227m[38;2;229;229;229m▄[48;2;226;226;226m[38;2;229;229;229m▄[48;2;227;227;227m[38;2;229;229;229m▄[48;2;227;227;227m[38;2;228;228;228m▄[48;2;226;226;226m[38;2;228;228;228m▄[48;2;226;226;226m[38;2;228;228;228m▄[48;2;226;226;226m[38;2;228;228;228m▄[48;2;226;226;226m[38;2;228;228;228m▄[48;2;226;226;226m[38;2;228;228;228m▄[48;2;227;227;227m[38;2;228;228;228m▄[48;2;227;227;227m[38;2;228;228;228m▄[48;2;229;230;230m[38;2;228;228;228m▄[48;2;220;217;218m[38;2;229;229;229m▄[48;2;190;174;178m[38;2;233;235;235m▄[48;2;186;169;172m[38;2;234;237;236m▄[48;2;195;181;184m[38;2;232;233;233m▄[48;2;204;191;195m[38;2;230;231;231m▄[48;2;209;202;204m[38;2;230;230;231m▄[48;2;188;172;175m[38;2;233;236;235m▄[48;2;195;179;182m[38;2;230;232;232m▄[48;2;197;182;186m[38;2;229;230;230m▄[48;2;194;181;183m[38;2;229;230;230m▄[48;2;206;196;198m[38;2;227;228;228m▄[48;2;194;178;182m[38;2;230;232;232m▄[48;2;206;198;201m[38;2;227;228;228m▄[48;2;195;183;185m[38;2;228;229;229m▄[48;2;192;178;180m[38;2;228;230;229m▄[48;2;193;178;180m[38;2;227;229;229m▄[48;2;197;186;187m[38;2;228;229;229m▄[48;2;211;205;206m[38;2;224;225;225m▄[48;2;194;180;183m[38;2;226;227;227m▄[48;2;205;197;198m[38;2;225;226;226m▄[48;2;193;178;181m[38;2;226;228;227m▄[48;2;187;170;173m[38;2;227;230;229m▄[48;2;204;195;197m[38;2;223;225;224m▄[48;2;221;221;221m[38;2;218;218;218m▄[48;2;217;216;216m[38;2;218;218;218m▄[48;2;217;217;217m[38;2;217;217;217m▄[48;2;216;216;216m[38;2;217;217;217m▄[48;2;216;216;216m[38;2;217;217;217m▄[48;2;216;216;216m[38;2;216;216;216m▄[48;2;215;215;215m[38;2;216;216;216m▄[48;2;214;214;214m[38;2;216;216;216m▄[48;2;214;214;214m[38;2;216;216;216m▄[48;2;215;215;215m[38;2;215;215;215m▄[48;2;214;214;214m[38;2;215;215;215m▄[48;2;215;215;215m[38;2;215;215;215m▄[48;2;214;214;214m[38;2;214;214;214m▄[48;2;214;214;214m[38;2;214;214;214m▄[48;2;213;213;213m[38;2;214;214;214m▄[48;2;212;212;212m[38;2;215;214;215m▄[48;2;212;212;212m[38;2;214;214;214m▄[48;2;211;211;211m[38;2;214;214;214m▄[48;2;211;211;211m[38;2;213;213;213m▄[48;2;210;210;210m[38;2;213;213;213m▄[48;2;210;210;210m[38;2;212;212;212m▄[0m
[48;2;230;230;230m[38;2;231;231;231m▄[48;2;230;230;230m[38;2;231;231;231m▄[48;2;230;230;230m[38;2;231;231;231m▄[48;2;230;230;230m[38;2;231;231;231m▄[48;2;230;230;230m[38;2;231;231;231m▄[48;2;230;230;230m[38;2;230;230;230m▄[48;2;230;230;230m[38;2;231;231;231m▄[48;2;230;230;230m[38;2;230;230;230m▄[48;2;230;230;230m[38;2;230;230;230m▄[48;2;230;230;230m[38;2;230;230;230m▄[48;2;230;230;230m[38;2;231;231;231m▄[48;2;230;230;230m[38;2;231;231;231m▄[48;2;230;230;230m[38;2;230;230;230m▄[48;2;230;230;230m[38;2;230;230;230m▄[48;2;230;230;230m[38;2;230;230;230m▄[48;2;230;230;230m[38;2;231;231;231m▄[48;2;229;229;229m[38;2;230;230;230m▄[48;2;229;229;229m[38;2;230;230;230m▄[48;2;229;229;229m[38;2;230;230;230m▄[48;2;230;230;230m[38;2;230;230;230m▄[48;2;229;229;229m[38;2;229;229;229m▄[48;2;228;228;228m[38;2;229;229;229m▄[48;2;227;227;227m[38;2;229;229;229m▄[48;2;228;227;227m[38;2;229;229;229m▄[48;2;227;226;226m[38;2;228;228;228m▄[48;2;226;226;226m[38;2;227;227;227m▄[48;2;226;225;225m[38;2;227;227;227m▄[48;2;226;226;226m[38;2;227;227;227m▄[48;2;226;226;226m[38;2;227;227;227m▄[48;2;227;227;227m[38;2;227;227;227m▄[48;2;226;226;226m[38;2;227;227;227m▄[48;2;225;225;225m[38;2;227;227;227m▄[48;2;223;223;223m[38;2;224;224;224m▄[48;2;223;223;223m[38;2;224;224;224m▄[48;2;223;223;223m[38;2;224;224;224m▄[48;2;223;222;222m[38;2;224;224;224m▄[48;2;222;222;222m[38;2;224;224;224m▄[48;2;223;223;223m[38;2;223;223;223m▄[48;2;222;222;222m[38;2;223;223;223m▄[48;2;222;222;222m[38;2;223;223;223m▄[48;2;221;221;221m[38;2;222;222;222m▄[48;2;221;221;221m[38;2;222;222;222m▄[48;2;221;221;221m[38;2;222;222;222m▄[48;2;221;221;221m[38;2;221;221;221m▄[48;2;220;220;220m[38;2;221;221;221m▄[48;2;220;220;220m[38;2;220;220;220m▄[48;2;218;218;218m[38;2;218;218;218m▄[48;2;217;217;217m[38;2;217;217;217m▄[48;2;216;216;216m[38;2;217;217;217m▄[48;2;216;216;216m[38;2;217;217;217m▄[48;2;216;216;216m[38;2;216;216;216m▄[48;2;216;216;216m[38;2;216;216;216m▄[48;2;216;216;216m[38;2;216;216;216m▄[48;2;216;216;216m[38;2;216;216;216m▄[48;2;216;216;216m[38;2;216;216;216m▄[48;2;215;215;215m[38;2;216;216;216m▄[48;2;215;215;215m[38;2;216;216;216m▄[48;2;215;215;215m[38;2;215;215;215m▄[48;2;215;215;215m[38;2;215;215;215m▄[48;2;216;216;216m[38;2;216;216;216m▄[48;2;215;215;215m[38;2;215;215;215m▄[48;2;215;215;215m[38;2;216;216;216m▄[48;2;215;215;215m[38;2;216;216;216m▄[48;2;215;215;215m[38;2;215;215;215m▄[0m
