[48;2;222;222;222m[38;2;221;221;221m▄[48;2;222;222;222m[38;2;222;222;222m▄[48;2;223;223;223m[38;2;223;223;223m▄[48;2;223;223;223m[38;2;223;223;223m▄[48;2;223;223;223m[38;2;223;223;223m▄[48;2;224;224;224m[38;2;224;224;224m▄[48;2;224;224;224m[38;2;225;225;222m▄[48;2;225;225;224m[38;2;224;224;220m▄[48;2;224;224;224m[38;2;223;223;220m▄[48;2;224;224;222m[38;2;224;224;219m▄[48;2;229;229;224m[38;2;225;225;220m▄[48;2;234;234;229m[38;2;227;227;222m▄[48;2;227;227;227m[38;2;226;226;224m▄[48;2;227;227;228m[38;2;226;226;225m▄[48;2;227;227;227m[38;2;226;226;225m▄[48;2;227;227;228m[38;2;227;227;226m▄[48;2;227;227;227m[38;2;227;227;226m▄[48;2;227;227;227m[38;2;227;227;225m▄[48;2;226;226;226m[38;2;226;226;225m▄[48;2;226;226;226m[38;2;227;227;227m▄[48;2;227;227;227m[38;2;226;226;226m▄[48;2;227;227;227m[38;2;226;226;226m▄[48;2;227;227;227m[38;2;226;226;226m▄[48;2;227;227;227m[38;2;226;226;226m▄[48;2;227;227;227m[38;2;227;227;227m▄[48;2;227;227;227m[38;2;226;226;226m▄[48;2;227;227;227m[38;2;226;226;226m▄[48;2;226;226;226m[38;2;225;225;225m▄[48;2;225;225;225m[38;2;225;225;225m▄[48;2;224;224;224m[38;2;224;224;224m▄[48;2;224;224;224m[38;2;224;224;224m▄[48;2;224;224;224m[38;2;224;224;224m▄[48;2;225;225;225m[38;2;225;225;225m▄[48;2;223;223;223m[38;2;223;223;223m▄[48;2;223;223;223m[38;2;223;223;223m▄[48;2;223;223;223m[38;2;223;223;223m▄[48;2;223;223;223m[38;2;223;223;223m▄[48;2;222;222;222m[38;2;222;222;222m▄[48;2;222;222;222m[38;2;221;221;221m▄[48;2;221;221;221m[38;2;221;221;221m▄[48;2;220;220;220m[38;2;220;220;220m▄[48;2;218;218;218m[38;2;218;218;218m▄[48;2;217;217;217m[38;2;217;217;217m▄[48;2;217;217;217m[38;2;217;217;217m▄[48;2;216;216;216m[38;2;216;216;216m▄[48;2;216;216;216m[38;2;216;216;216m▄[48;2;216;216;216m[38;2;216;216;216m▄[48;2;215;215;215m[38;2;215;215;215m▄[48;2;215;215;215m[38;2;216;216;216m▄[48;2;216;216;216m[38;2;215;215;215m▄[48;2;215;215;215m[38;2;214;214;214m▄[48;2;215;215;215m[38;2;214;214;214m▄[48;2;214;214;214m[38;2;213;213;213m▄[48;2;213;213;213m[38;2;214;214;214m▄[48;2;212;212;212m[38;2;212;212;212m▄[48;2;212;212;212m[38;2;211;211;211m▄[48;2;211;211;212m[38;2;211;211;211m▄[48;2;210;210;210m[38;2;210;210;210m▄[48;2;210;210;210m[38;2;210;210;210m▄[48;2;208;208;208m[38;2;209;209;209m▄[48;2;208;208;208m[38;2;208;208;208m▄[48;2;208;208;208m[38;2;209;209;209m▄[48;2;208;208;208m[38;2;208;208;208m▄[48;2;207;207;207m[38;2;207;207;207m▄[0m
[48;2;221;221;221m[38;2;221;221;221m▄[48;2;222;222;222m[38;2;222;222;222m▄[48;2;222;222;222m[38;2;222;222;222m▄[48;2;223;223;223m[38;2;223;223;223m▄[48;2;223;223;223m[38;2;223;223;223m▄[48;2;224;224;223m[38;2;223;223;222m▄[48;2;224;224;220m[38;2;223;223;219m▄[48;2;224;224;219m[38;2;224;224;219m▄[48;2;223;223;218m[38;2;224;223;219m▄[48;2;224;224;219m[38;2;226;225;221m▄[48;2;226;225;220m[38;2;227;225;221m▄[48;2;225;224;219m[38;2;225;223;219m▄[48;2;225;224;219m[38;2;226;223;219m▄[48;2;226;224;221m[38;2;227;225;222m▄[48;2;226;225;222m[38;2;226;225;221m▄[48;2;226;226;222m[38;2;225;225;222m▄[48;2;226;226;223m[38;2;225;225;221m▄[48;2;226;226;222m[38;2;226;226;222m▄[48;2;227;227;223m[38;2;228;228;226m▄[48;2;227;227;226m[38;2;227;227;227m▄[48;2;227;227;227m[38;2;227;227;227m▄[48;2;227;227;227m[38;2;227;227;227m▄[48;2;227;227;227m[38;2;226;226;226m▄[48;2;227;227;227m[38;2;227;227;227m▄[48;2;227;227;227m[38;2;227;227;227m▄[48;2;227;227;227m[38;2;225;225;225m▄[48;2;228;228;228m[38;2;225;225;225m▄[48;2;225;225;225m[38;2;225;225;225m▄[48;2;224;224;224m[38;2;224;224;224m▄[48;2;224;224;224m[38;2;224;224;224m▄[48;2;224;224;224m[38;2;224;224;224m▄[48;2;224;224;224m[38;2;224;224;224m▄[48;2;224;224;224m[38;2;223;223;223m▄[48;2;223;223;223m[38;2;223;223;223m▄[48;2;223;223;223m[38;2;223;223;223m▄[48;2;223;223;223m[38;2;223;223;223m▄[48;2;222;222;222m[38;2;222;222;222m▄[48;2;222;222;222m[38;2;222;222;222m▄[48;2;222;222;222m[38;2;221;221;221m▄[48;2;221;221;221m[38;2;221;221;221m▄[48;2;220;220;220m[38;2;220;220;220m▄[48;2;218;218;218m[38;2;218;218;218m▄[48;2;217;217;217m[38;2;217;217;217m▄[48;2;217;217;217m[38;2;216;216;216m▄[48;2;216;216;216m[38;2;216;216;216m▄[48;2;216;216;216m[38;2;216;216;217m▄[48;2;216;216;216m[38;2;216;216;216m▄[48;2;215;215;215m[38;2;215;215;215m▄[48;2;216;216;216m[38;2;215;215;215m▄[48;2;215;215;215m[38;2;215;215;215m▄[48;2;215;215;215m[38;2;215;215;215m▄[48;2;214;214;214m[38;2;214;214;214m▄[48;2;214;214;214m[38;2;213;213;213m▄[48;2;213;213;213m[38;2;212;212;213m▄[48;2;211;211;211m[38;2;211;211;212m▄[48;2;211;211;211m[38;2;211;210;211m▄[48;2;210;210;210m[38;2;210;210;210m▄[48;2;210;210;210m[38;2;210;210;210m▄[48;2;210;210;211m[38;2;209;209;210m▄[48;2;209;209;209m[38;2;208;208;208m▄[48;2;208;208;208m[38;2;208;208;208m▄[48;2;208;208;208m[38;2;208;208;208m▄[48;2;208;208;208m[38;2;208;208;208m▄[48;2;207;207;207m[38;2;208;208;208m▄[0m
[48;2;221;221;221m[38;2;221;221;221m▄[48;2;221;221;221m[38;2;221;221;221m▄[48;2;222;222;222m[38;2;222;222;222m▄[48;2;222;222;222m[38;2;222;222;222m▄[48;2;222;222;222m[38;2;224;224;221m▄[48;2;223;223;219m[38;2;223;223;219m▄[48;2;223;223;218m[38;2;223;222;218m▄[48;2;224;222;218m[38;2;224;222;218m▄[48;2;225;223;219m[38;2;225;223;219m▄[48;2;228;226;222m[38;2;225;223;220m▄[48;2;227;225;221m[38;2;227;224;220m▄[48;2;226;224;220m[38;2;228;225;221m▄[48;2;225;224;220m[38;2;226;225;221m▄[48;2;227;225;221m[38;2;226;224;221m▄[48;2;226;224;220m[38;2;226;224;221m▄[48;2;225;225;220m[38;2;225;224;220m▄[48;2;225;225;220m[38;2;224;224;220m▄[48;2;225;225;221m[38;2;225;225;220m▄[48;2;227;227;226m[38;2;226;226;225m▄[48;2;227;227;227m[38;2;227;227;227m▄[48;2;227;227;227m[38;2;226;226;225m▄[48;2;226;226;226m[38;2;224;224;224m▄[48;2;226;226;226m[38;2;226;226;226m▄[48;2;225;225;225m[38;2;224;224;224m▄[48;2;225;225;225m[38;2;224;224;224m▄[48;2;224;224;223m[38;2;224;224;224m▄[48;2;224;224;224m[38;2;224;224;224m▄[48;2;224;224;224m[38;2;223;223;223m▄[48;2;224;224;224m[38;2;223;224;223m▄[48;2;224;224;224m[38;2;224;224;224m▄[48;2;224;224;224m[38;2;224;224;224m▄[48;2;224;224;224m[38;2;223;223;223m▄[48;2;223;223;223m[38;2;223;223;223m▄[48;2;223;223;223m[38;2;223;223;223m▄[48;2;223;223;223m[38;2;223;223;223m▄[48;2;223;223;223m[38;2;221;222;221m▄[48;2;222;222;222m[38;2;222;222;222m▄[48;2;222;222;222m[38;2;222;222;222m▄[48;2;221;221;221m[38;2;221;221;221m▄[48;2;220;220;220m[38;2;221;221;220m▄[48;2;219;219;219m[38;2;219;219;219m▄[48;2;217;217;217m[38;2;217;217;217m▄[48;2;217;217;217m[38;2;217;217;217m▄[48;2;216;216;216m[38;2;216;216;216m▄[48;2;216;216;216m[38;2;216;216;216m▄[48;2;216;216;216m[38;2;216;216;216m▄[48;2;216;216;216m[38;2;215;215;215m▄[48;2;215;215;215m[38;2;215;215;215m▄[48;2;215;215;215m[38;2;215;215;215m▄[48;2;215;215;215m[38;2;214;214;214m▄[48;2;215;215;215m[38;2;214;215;215m▄[48;2;213;213;213m[38;2;213;213;213m▄[48;2;213;213;213m[38;2;213;213;213m▄[48;2;213;213;213m[38;2;213;213;213m▄[48;2;211;211;212m[38;2;211;211;211m▄[48;2;210;210;210m[38;2;210;210;210m▄[48;2;210;210;210m[38;2;210;210;210m▄[48;2;210;210;210m[38;2;211;211;211m▄[48;2;210;210;209m[38;2;210;210;210m▄[48;2;208;208;208m[38;2;209;209;209m▄[48;2;208;208;208m[38;2;208;208;208m▄[48;2;208;208;208m[38;2;208;208;208m▄[48;2;208;208;208m[38;2;208;208;208m▄[48;2;208;208;208m[38;2;207;207;207m▄[0m
[48;2;221;221;221m[38;2;220;220;220m▄[48;2;221;221;221m[38;2;221;221;221m▄[48;2;222;222;222m[38;2;222;222;222m▄[48;2;222;222;221m[38;2;222;222;219m▄[48;2;222;222;218m[38;2;221;221;218m▄[48;2;222;221;218m[38;2;222;221;216m▄[48;2;223;221;216m[38;2;223;221;217m▄[48;2;225;222;218m[38;2;226;222;218m▄[48;2;226;222;219m[38;2;231;225;221m▄[48;2;228;224;220m[38;2;233;227;221m▄[48;2;230;226;221m[38;2;235;227;220m▄[48;2;231;227;221m[38;2;240;233;222m▄[48;2;230;226;221m[38;2;245;239;227m▄[48;2;230;225;219m[38;2;248;243;230m▄[48;2;230;225;220m[38;2;248;242;230m▄[48;2;229;226;220m[38;2;245;240;228m▄[48;2;228;225;220m[38;2;243;236;227m▄[48;2;226;225;220m[38;2;240;233;224m▄[48;2;225;224;223m[38;2;237;230;221m▄[48;2;224;224;224m[38;2;233;228;220m▄[48;2;223;224;224m[38;2;228;224;220m▄[48;2;223;223;224m[38;2;225;223;222m▄[48;2;224;224;224m[38;2;223;224;223m▄[48;2;225;225;224m[38;2;224;224;224m▄[48;2;224;224;224m[38;2;224;224;224m▄[48;2;224;224;224m[38;2;224;224;224m▄[48;2;224;224;224m[38;2;226;225;226m▄[48;2;228;226;228m[38;2;209;216;208m▄[48;2;229;227;229m[38;2;202;211;203m▄[48;2;224;224;224m[38;2;223;223;224m▄[48;2;221;222;221m[38;2;232;228;232m▄[48;2;223;223;223m[38;2;222;223;222m▄[48;2;223;223;223m[38;2;222;223;222m▄[48;2;222;223;222m[38;2;225;224;225m▄[48;2;222;222;222m[38;2;223;222;224m▄[48;2;228;225;227m[38;2;200;209;201m▄[48;2;222;222;222m[38;2;224;223;224m▄[48;2;222;222;222m[38;2;222;222;222m▄[48;2;221;221;221m[38;2;221;221;221m▄[48;2;220;220;220m[38;2;220;220;220m▄[48;2;219;219;219m[38;2;218;218;218m▄[48;2;217;217;217m[38;2;217;217;217m▄[48;2;216;216;216m[38;2;216;216;216m▄[48;2;216;216;216m[38;2;216;216;216m▄[48;2;216;216;216m[38;2;217;217;217m▄[48;2;216;216;216m[38;2;216;216;216m▄[48;2;215;215;215m[38;2;215;215;215m▄[48;2;215;215;215m[38;2;215;215;215m▄[48;2;215;215;215m[38;2;215;215;215m▄[48;2;214;214;215m[38;2;215;215;215m▄[48;2;215;214;215m[38;2;214;214;215m▄[48;2;213;213;213m[38;2;214;214;214m▄[48;2;213;213;213m[38;2;213;213;213m▄[48;2;213;213;213m[38;2;213;213;213m▄[48;2;210;210;211m[38;2;210;210;210m▄[48;2;210;210;210m[38;2;211;211;211m▄[48;2;210;210;210m[38;2;211;211;211m▄[48;2;211;211;211m[38;2;211;211;211m▄[48;2;209;209;209m[38;2;209;209;211m▄[48;2;209;209;209m[38;2;208;208;209m▄[48;2;209;209;209m[38;2;208;208;208m▄[48;2;208;208;208m[38;2;208;208;208m▄[48;2;208;208;208m[38;2;208;208;208m▄[48;2;208;208;208m[38;2;207;207;207m▄[0m
[48;2;220;220;220m[38;2;220;220;220m▄[48;2;221;221;221m[38;2;221;221;221m▄[48;2;221;221;220m[38;2;220;220;219m▄[48;2;223;223;219m[38;2;222;221;217m▄[48;2;227;225;218m[38;2;225;222;218m▄[48;2;222;220;215m[38;2;228;224;218m▄[48;2;224;220;217m[38;2;225;221;216m▄[48;2;228;223;219m[38;2;229;224;219m▄[48;2;235;230;222m[38;2;238;230;222m▄[48;2;238;230;221m[38;2;244;235;222m▄[48;2;248;239;224m[38;2;255;252;242m▄[48;2;254;251;242m[38;2;255;255;255m▄[48;2;255;255;254m[38;2;254;254;248m▄[48;2;255;255;255m[38;2;250;248;233m▄[48;2;255;255;254m[38;2;248;244;229m▄[48;2;255;255;254m[38;2;248;243;230m▄[48;2;255;255;252m[38;2;247;242;230m▄[48;2;254;252;249m[38;2;246;241;232m▄[48;2;252;250;244m[38;2;248;243;235m▄[48;2;249;245;239m[38;2;251;248;242m▄[48;2;245;239;232m[38;2;254;252;245m▄[48;2;239;232;224m[38;2;253;251;245m▄[48;2;232;226;219m[38;2;249;246;240m▄[48;2;227;224;220m[38;2;243;238;230m▄[48;2;225;223;222m[38;2;237;231;223m▄[48;2;223;223;224m[38;2;229;225;219m▄[48;2;227;225;229m[38;2;229;224;226m▄[48;2;138;178;127m[38;2;156;189;144m▄[48;2;137;181;112m[38;2;159;200;103m▄[48;2;139;180;125m[38;2;149;193;89m▄[48;2;169;193;169m[38;2;128;176;87m▄[48;2;229;227;230m[38;2;151;182;145m▄[48;2;224;224;223m[38;2;237;231;240m▄[48;2;225;224;227m[38;2;159;187;155m▄[48;2;152;184;142m[38;2;111;168;68m▄[48;2;96;158;67m[38;2;116;164;94m▄[48;2;179;198;176m[38;2;190;200;190m▄[48;2;228;225;229m[38;2;217;216;217m▄[48;2;219;219;218m[38;2;217;218;216m▄[48;2;218;218;218m[38;2;218;218;218m▄[48;2;217;217;217m[38;2;217;217;217m▄[48;2;217;217;217m[38;2;216;216;216m▄[48;2;216;216;216m[38;2;216;216;216m▄[48;2;216;216;216m[38;2;216;216;216m▄[48;2;216;216;216m[38;2;216;216;216m▄[48;2;216;216;216m[38;2;216;216;216m▄[48;2;215;215;215m[38;2;215;215;215m▄[48;2;215;215;215m[38;2;215;215;215m▄[48;2;214;214;214m[38;2;215;215;215m▄[48;2;215;215;215m[38;2;214;214;214m▄[48;2;214;214;214m[38;2;213;213;213m▄[48;2;213;213;213m[38;2;213;213;213m▄[48;2;213;213;213m[38;2;212;212;212m▄[48;2;212;212;212m[38;2;211;211;211m▄[48;2;211;211;211m[38;2;210;210;210m▄[48;2;210;210;210m[38;2;210;210;210m▄[48;2;211;211;211m[38;2;210;210;210m▄[48;2;210;210;210m[38;2;209;209;209m▄[48;2;209;209;209m[38;2;208;208;208m▄[48;2;208;208;208m[38;2;208;209;208m▄[48;2;209;209;209m[38;2;209;209;209m▄[48;2;208;208;208m[38;2;208;208;208m▄[48;2;208;208;208m[38;2;208;208;208m▄[48;2;208;208;208m[38;2;208;208;208m▄[0m
[48;2;219;219;218m[38;2;218;218;218m▄[48;2;219;219;220m[38;2;219;219;219m▄[48;2;225;224;220m[38;2;222;221;218m▄[48;2;230;228;219m[38;2;224;222;216m▄[48;2;221;220;214m[38;2;222;220;215m▄[48;2;224;223;216m[38;2;221;220;216m▄[48;2;225;221;216m[38;2;223;220;216m▄[48;2;228;223;217m[38;2;227;222;217m▄[48;2;233;225;217m[38;2;232;226;219m▄[48;2;246;236;223m[38;2;238;230;220m▄[48;2;255;254;248m[38;2;246;238;227m▄[48;2;255;255;252m[38;2;247;240;228m▄[48;2;249;243;227m[38;2;238;229;221m▄[48;2;237;229;219m[38;2;232;226;221m▄[48;2;232;227;219m[38;2;230;224;219m▄[48;2;229;224;219m[38;2;227;222;219m▄[48;2;228;224;219m[38;2;225;223;219m▄[48;2;228;223;218m[38;2;224;222;219m▄[48;2;229;223;217m[38;2;223;222;218m▄[48;2;233;227;220m[38;2;223;221;218m▄[48;2;235;229;220m[38;2;222;221;220m▄[48;2;238;232;223m[38;2;223;222;221m▄[48;2;245;240;231m[38;2;224;222;220m▄[48;2;251;247;237m[38;2;229;224;219m▄[48;2;252;249;240m[38;2;240;233;224m▄[48;2;247;245;235m[38;2;243;237;226m▄[48;2;250;241;235m[38;2;250;245;234m▄[48;2;178;197;164m[38;2;244;244;235m▄[48;2;135;183;87m[38;2;135;181;116m▄[48;2;138;186;82m[38;2;130;183;73m▄[48;2;133;180;80m[38;2;117;171;77m▄[48;2;119;170;75m[38;2;121;173;78m▄[48;2;172;194;176m[38;2;91;149;73m▄[48;2;111;165;83m[38;2;104;155;90m▄[48;2;138;174;120m[38;2;167;188;166m▄[48;2;213;208;218m[38;2;143;176;136m▄[48;2;214;209;215m[38;2;143;176;135m▄[48;2;221;217;221m[38;2;164;187;162m▄[48;2;222;220;222m[38;2;202;208;204m▄[48;2;216;217;216m[38;2;226;222;227m▄[48;2;217;217;217m[38;2;216;216;216m▄[48;2;217;217;217m[38;2;216;216;216m▄[48;2;216;216;216m[38;2;216;216;216m▄[48;2;216;216;216m[38;2;216;216;216m▄[48;2;216;216;216m[38;2;216;216;216m▄[48;2;216;216;216m[38;2;216;216;216m▄[48;2;215;215;215m[38;2;215;215;215m▄[48;2;215;215;215m[38;2;214;214;214m▄[48;2;214;214;214m[38;2;214;214;214m▄[48;2;213;213;213m[38;2;214;213;214m▄[48;2;213;213;213m[38;2;212;212;212m▄[48;2;213;213;213m[38;2;211;211;211m▄[48;2;212;212;212m[38;2;211;211;211m▄[48;2;211;211;211m[38;2;210;210;210m▄[48;2;210;210;210m[38;2;210;210;210m▄[48;2;210;210;210m[38;2;210;210;210m▄[48;2;210;210;210m[38;2;210;210;210m▄[48;2;209;209;209m[38;2;209;209;209m▄[48;2;208;208;208m[38;2;209;209;209m▄[48;2;209;209;209m[38;2;209;209;209m▄[48;2;209;208;210m[38;2;209;208;209m▄[48;2;208;208;208m[38;2;208;208;209m▄[48;2;208;208;208m[38;2;208;208;208m▄[48;2;207;207;207m[38;2;207;207;207m▄[0m
[48;2;217;217;217m[38;2;217;217;217m▄[48;2;218;218;218m[38;2;217;217;217m▄[48;2;219;219;218m[38;2;220;220;219m▄[48;2;219;219;216m[38;2;221;220;216m▄[48;2;221;219;215m[38;2;220;219;215m▄[48;2;223;221;216m[38;2;235;233;222m▄[48;2;223;221;216m[38;2;232;228;221m▄[48;2;226;222;217m[38;2;227;223;218m▄[48;2;228;223;217m[38;2;227;222;216m▄[48;2;231;225;219m[38;2;229;223;217m▄[48;2;234;226;220m[38;2;228;223;218m▄[48;2;234;227;221m[38;2;228;223;218m▄[48;2;232;226;221m[38;2;228;223;218m▄[48;2;229;224;218m[38;2;226;222;217m▄[48;2;227;223;217m[38;2;224;221;217m▄[48;2;224;222;218m[38;2;223;221;217m▄[48;2;224;222;218m[38;2;224;221;217m▄[48;2;224;222;218m[38;2;223;222;217m▄[48;2;222;222;217m[38;2;222;222;219m▄[48;2;224;224;220m[38;2;223;223;221m▄[48;2;226;225;222m[38;2;224;223;221m▄[48;2;222;222;223m[38;2;222;222;223m▄[48;2;223;223;224m[38;2;223;222;223m▄[48;2;222;222;223m[38;2;222;222;222m▄[48;2;222;221;221m[38;2;222;221;221m▄[48;2;221;219;218m[38;2;224;231;230m▄[48;2;227;230;224m[38;2;214;182;190m▄[48;2;239;233;226m[38;2;212;136;150m▄[48;2;227;213;202m[38;2;226;142;157m▄[48;2;139;170;110m[38;2;228;137;154m▄[48;2;101;167;75m[38;2;194;149;144m▄[48;2;76;155;65m[38;2;166;148;123m▄[48;2;63;141;50m[38;2;115;126;82m▄[48;2;89;147;76m[38;2;70;149;62m▄[48;2;102;160;81m[38;2;100;165;70m▄[48;2;112;170;81m[38;2;118;173;73m▄[48;2;121;177;86m[38;2;128;180;74m▄[48;2;135;184;98m[38;2;149;196;81m▄[48;2;130;175;108m[38;2;118;174;67m▄[48;2;170;192;166m[38;2;127;169;118m▄[48;2;220;219;221m[38;2;220;217;220m▄[48;2;215;216;215m[38;2;215;216;215m▄[48;2;216;216;216m[38;2;216;216;216m▄[48;2;217;216;217m[38;2;216;216;216m▄[48;2;216;216;216m[38;2;215;215;215m▄[48;2;216;216;216m[38;2;215;215;215m▄[48;2;215;215;215m[38;2;214;214;214m▄[48;2;214;214;214m[38;2;214;214;214m▄[48;2;214;214;214m[38;2;213;213;213m▄[48;2;213;213;213m[38;2;213;213;213m▄[48;2;212;212;212m[38;2;212;212;212m▄[48;2;212;212;212m[38;2;212;212;212m▄[48;2;211;211;211m[38;2;211;211;211m▄[48;2;210;210;210m[38;2;210;210;210m▄[48;2;210;210;210m[38;2;210;210;210m▄[48;2;210;210;210m[38;2;211;211;211m▄[48;2;211;211;211m[38;2;210;210;210m▄[48;2;209;209;210m[38;2;209;209;210m▄[48;2;209;208;210m[38;2;209;209;209m▄[48;2;209;208;210m[38;2;208;208;208m▄[48;2;209;209;209m[38;2;208;208;208m▄[48;2;208;208;208m[38;2;207;207;207m▄[48;2;208;208;208m[38;2;207;207;207m▄[48;2;207;207;207m[38;2;207;207;207m▄[0m
[48;2;217;217;217m[38;2;216;216;216m▄[48;2;217;217;217m[38;2;216;216;216m▄[48;2;219;219;219m[38;2;217;217;217m▄[48;2;220;220;216m[38;2;218;218;217m▄[48;2;221;219;215m[38;2;220;220;215m▄[48;2;224;221;216m[38;2;219;218;214m▄[48;2;223;220;216m[38;2;220;219;214m▄[48;2;223;221;216m[38;2;221;219;215m▄[48;2;227;223;218m[38;2;225;222;217m▄[48;2;229;224;218m[38;2;222;220;215m▄[48;2;225;220;215m[38;2;222;220;214m▄[48;2;225;221;216m[38;2;222;220;215m▄[48;2;226;221;218m[38;2;223;220;216m▄[48;2;224;220;216m[38;2;222;220;216m▄[48;2;223;219;216m[38;2;222;220;216m▄[48;2;223;221;217m[38;2;223;221;217m▄[48;2;222;221;217m[38;2;223;220;217m▄[48;2;222;221;217m[38;2;222;221;217m▄[48;2;222;222;221m[38;2;222;222;220m▄[48;2;222;222;222m[38;2;222;222;221m▄[48;2;222;222;222m[38;2;222;222;220m▄[48;2;222;222;222m[38;2;222;222;222m▄[48;2;222;222;222m[38;2;222;221;221m▄[48;2;221;220;220m[38;2;223;227;226m▄[48;2;224;231;229m[38;2;216;198;201m▄[48;2;211;171;180m[38;2;214;128;144m▄[48;2;217;129;144m[38;2;237;171;177m▄[48;2;236;163;171m[38;2;228;136;145m▄[48;2;230;142;152m[38;2;223;121;133m▄[48;2;223;117;131m[38;2;209;94;115m▄[48;2;217;101;126m[38;2;226;153;164m▄[48;2;235;140;161m[38;2;232;154;161m▄[48;2;243;156;171m[38;2;227;133;144m▄[48;2;174;142;122m[38;2;239;135;153m▄[48;2;112;149;81m[38;2;226;134;148m▄[48;2;113;170;76m[38;2;200;128;131m▄[48;2;118;175;76m[38;2;197;148;144m▄[48;2;115;166;85m[38;2;204;207;201m▄[48;2;148;177;140m[38;2;210;204;207m▄[48;2;201;200;203m[38;2;205;205;203m▄[48;2;206;206;207m[38;2;217;217;215m▄[48;2;215;215;215m[38;2;216;216;216m▄[48;2;216;216;216m[38;2;216;216;216m▄[48;2;215;215;215m[38;2;215;215;215m▄[48;2;215;215;215m[38;2;215;215;215m▄[48;2;215;215;215m[38;2;215;215;215m▄[48;2;214;214;214m[38;2;214;214;215m▄[48;2;214;214;214m[38;2;214;214;214m▄[48;2;213;213;213m[38;2;213;213;213m▄[48;2;213;213;213m[38;2;212;212;212m▄[48;2;212;212;212m[38;2;212;212;212m▄[48;2;211;211;211m[38;2;211;211;211m▄[48;2;211;211;211m[38;2;211;211;211m▄[48;2;210;210;210m[38;2;210;210;210m▄[48;2;210;210;211m[38;2;210;210;211m▄[48;2;210;210;210m[38;2;210;210;210m▄[48;2;210;210;210m[38;2;209;209;209m▄[48;2;209;209;209m[38;2;209;209;209m▄[48;2;208;208;208m[38;2;208;208;208m▄[48;2;208;208;208m[38;2;208;208;208m▄[48;2;208;208;208m[38;2;207;207;207m▄[48;2;207;207;207m[38;2;207;207;207m▄[48;2;207;207;207m[38;2;207;207;207m▄[48;2;206;206;206m[38;2;206;206;206m▄[0m
[48;2;216;216;216m[38;2;216;216;216m▄[48;2;216;216;216m[38;2;216;216;216m▄[48;2;216;216;216m[38;2;216;216;216m▄[48;2;217;217;217m[38;2;217;217;217m▄[48;2;218;218;218m[38;2;217;217;217m▄[48;2;219;219;216m[38;2;217;218;217m▄[48;2;219;218;214m[38;2;225;223;218m▄[48;2;222;220;215m[38;2;220;220;216m▄[48;2;225;224;218m[38;2;220;219;215m▄[48;2;221;219;215m[38;2;220;219;216m▄[48;2;221;220;214m[38;2;220;220;216m▄[48;2;221;220;213m[38;2;220;220;215m▄[48;2;221;220;214m[38;2;220;220;216m▄[48;2;221;220;216m[38;2;221;221;217m▄[48;2;221;220;216m[38;2;221;221;219m▄[48;2;222;220;217m[38;2;220;220;218m▄[48;2;222;220;217m[38;2;220;220;217m▄[48;2;221;221;219m[38;2;220;220;219m▄[48;2;221;221;220m[38;2;220;220;219m▄[48;2;221;221;221m[38;2;221;221;220m▄[48;2;221;221;221m[38;2;221;221;221m▄[48;2;221;221;220m[38;2;222;222;222m▄[48;2;221;219;219m[38;2;221;222;222m▄[48;2;223;231;229m[38;2;219;217;218m▄[48;2;212;152;163m[38;2;214;141;154m▄[48;2;232;160;167m[38;2;235;166;171m▄[48;2;229;140;149m[38;2;232;148;154m▄[48;2;230;139;149m[38;2;231;143;151m▄[48;2;219;112;128m[38;2;223;125;139m▄[48;2;217;132;146m[38;2;227;150;159m▄[48;2;236;158;167m[38;2;230;138;149m▄[48;2;227;129;142m[38;2;229;136;148m▄[48;2;229;137;148m[38;2;229;136;147m▄[48;2;227;136;147m[38;2;229;137;148m▄[48;2;229;137;148m[38;2;228;137;148m▄[48;2;235;138;151m[38;2;228;137;148m▄[48;2;233;119;139m[38;2;222;115;130m▄[48;2;221;174;175m[38;2;212;106;123m▄[48;2;225;229;217m[38;2;241;225;213m▄[48;2;220;215;210m[38;2;239;234;221m▄[48;2;222;222;218m[38;2;219;214;212m▄[48;2;218;218;218m[38;2;216;217;216m▄[48;2;218;218;217m[38;2;216;216;215m▄[48;2;215;215;215m[38;2;215;215;215m▄[48;2;215;215;215m[38;2;214;214;214m▄[48;2;215;215;215m[38;2;214;213;214m▄[48;2;214;214;214m[38;2;214;214;214m▄[48;2;213;213;214m[38;2;214;214;214m▄[48;2;212;212;212m[38;2;212;212;213m▄[48;2;211;211;211m[38;2;211;211;212m▄[48;2;211;211;211m[38;2;211;211;211m▄[48;2;210;210;210m[38;2;210;210;211m▄[48;2;210;210;210m[38;2;210;210;210m▄[48;2;210;210;210m[38;2;210;210;210m▄[48;2;211;211;211m[38;2;211;211;211m▄[48;2;210;210;210m[38;2;209;209;209m▄[48;2;209;209;209m[38;2;209;209;209m▄[48;2;209;209;209m[38;2;209;209;209m▄[48;2;208;208;208m[38;2;208;208;208m▄[48;2;208;208;208m[38;2;207;207;207m▄[48;2;207;207;207m[38;2;207;207;207m▄[48;2;207;207;207m[38;2;206;206;206m▄[48;2;207;207;207m[38;2;206;206;206m▄[48;2;205;205;205m[38;2;205;205;205m▄[0m
[48;2;215;215;215m[38;2;215;215;215m▄[48;2;216;216;216m[38;2;216;216;216m▄[48;2;216;216;216m[38;2;216;216;216m▄[48;2;216;216;216m[38;2;216;216;216m▄[48;2;216;216;217m[38;2;217;217;217m▄[48;2;216;216;216m[38;2;216;216;216m▄[48;2;219;219;217m[38;2;216;216;216m▄[48;2;218;218;218m[38;2;217;217;217m▄[48;2;218;218;217m[38;2;217;217;217m▄[48;2;219;219;216m[38;2;217;217;217m▄[48;2;219;219;217m[38;2;217;217;217m▄[48;2;220;220;216m[38;2;217;217;217m▄[48;2;219;219;216m[38;2;218;218;218m▄[48;2;219;219;218m[38;2;217;217;217m▄[48;2;219;219;218m[38;2;217;217;218m▄[48;2;220;220;219m[38;2;219;219;219m▄[48;2;220;220;219m[38;2;219;219;218m▄[48;2;220;220;219m[38;2;218;218;219m▄[48;2;219;219;219m[38;2;217;217;218m▄[48;2;220;220;220m[38;2;218;218;218m▄[48;2;219;220;220m[38;2;217;217;217m▄[48;2;221;220;220m[38;2;218;218;218m▄[48;2;220;223;222m[38;2;218;220;219m▄[48;2;216;206;209m[38;2;214;207;209m▄[48;2;215;138;153m[38;2;215;138;153m▄[48;2;235;157;164m[38;2;234;156;164m▄[48;2;232;146;153m[38;2;228;130;143m▄[48;2;232;138;146m[38;2;230;135;146m▄[48;2;236;165;168m[38;2;234;153;159m▄[48;2;232;154;161m[38;2;232;143;153m▄[48;2;228;133;144m[38;2;229;135;146m▄[48;2;229;137;148m[38;2;230;138;149m▄[48;2;229;137;147m[38;2;229;138;148m▄[48;2;230;136;147m[38;2;231;136;149m▄[48;2;229;135;147m[38;2;230;135;147m▄[48;2;230;137;148m[38;2;229;138;149m▄[48;2;225;122;137m[38;2;223;118;132m▄[48;2;217;99;120m[38;2;219;102;122m▄[48;2;209;168;173m[38;2;202;160;169m▄[48;2;233;234;223m[38;2;207;214;210m▄[48;2;242;234;220m[38;2;223;219;213m▄[48;2;226;222;213m[38;2;241;234;221m▄[48;2;215;214;214m[38;2;234;226;216m▄[48;2;214;214;215m[38;2;215;212;211m▄[48;2;219;219;219m[38;2;219;219;220m▄[48;2;218;218;218m[38;2;217;218;217m▄[48;2;213;213;214m[38;2;216;214;214m▄[48;2;211;211;211m[38;2;226;225;220m▄[48;2;211;211;212m[38;2;217;218;215m▄[48;2;211;211;212m[38;2;209;209;209m▄[48;2;210;210;210m[38;2;210;210;210m▄[48;2;210;210;210m[38;2;210;210;210m▄[48;2;210;210;210m[38;2;210;210;210m▄[48;2;210;210;210m[38;2;209;209;209m▄[48;2;210;209;209m[38;2;208;208;208m▄[48;2;208;208;208m[38;2;208;208;208m▄[48;2;208;208;208m[38;2;208;208;208m▄[48;2;208;208;208m[38;2;208;208;208m▄[48;2;207;207;207m[38;2;208;208;208m▄[48;2;207;207;207m[38;2;206;206;207m▄[48;2;206;206;206m[38;2;206;206;206m▄[48;2;207;207;207m[38;2;207;207;207m▄[48;2;206;206;206m[38;2;205;205;205m▄[48;2;205;205;205m[38;2;204;204;204m▄[0m
[48;2;216;216;216m[38;2;215;215;215m▄[48;2;216;216;216m[38;2;215;215;215m▄[48;2;215;215;215m[38;2;216;216;216m▄[48;2;216;216;216m[38;2;216;216;216m▄[48;2;217;217;217m[38;2;216;216;216m▄[48;2;217;217;217m[38;2;216;216;216m▄[48;2;217;217;217m[38;2;216;216;216m▄[48;2;216;216;216m[38;2;217;217;217m▄[48;2;216;216;216m[38;2;217;217;217m▄[48;2;216;216;216m[38;2;217;217;217m▄[48;2;216;216;216m[38;2;216;216;216m▄[48;2;216;216;216m[38;2;216;216;216m▄[48;2;216;216;217m[38;2;216;216;216m▄[48;2;217;217;216m[38;2;216;216;216m▄[48;2;216;217;217m[38;2;216;216;216m▄[48;2;219;219;218m[38;2;217;216;217m▄[48;2;224;224;221m[38;2;218;217;217m▄[48;2;216;216;216m[38;2;216;216;216m▄[48;2;217;217;217m[38;2;216;216;216m▄[48;2;217;217;217m[38;2;216;216;216m▄[48;2;217;217;217m[38;2;216;216;216m▄[48;2;217;217;217m[38;2;216;216;216m▄[48;2;217;216;216m[38;2;216;215;215m▄[48;2;216;219;219m[38;2;217;223;222m▄[48;2;211;141;156m[38;2;213;181;189m▄[48;2;233;153;162m[38;2;233;164;172m▄[48;2;229;132;144m[38;2;230;139;150m▄[48;2;232;150;155m[38;2;229;138;147m▄[48;2;230;144;151m[38;2;230;139;149m▄[48;2;229;134;145m[38;2;228;135;147m▄[48;2;229;137;148m[38;2;228;136;147m▄[48;2;231;142;152m[38;2;229;136;147m▄[48;2;230;140;149m[38;2;229;135;147m▄[48;2;230;136;147m[38;2;231;142;151m▄[48;2;229;136;147m[38;2;233;148;157m▄[48;2;228;134;146m[38;2;222;117;132m▄[48;2;221;112;127m[38;2;222;111;127m▄[48;2;213;102;120m[38;2;206;118;134m▄[48;2;194;168;175m[38;2;195;194;195m▄[48;2;208;213;211m[38;2;207;208;207m▄[48;2;212;212;213m[38;2;214;214;213m▄[48;2;218;215;213m[38;2;220;220;218m▄[48;2;237;231;220m[38;2;215;213;213m▄[48;2;238;229;219m[38;2;224;219;212m▄[48;2;219;214;211m[38;2;236;228;215m▄[48;2;210;210;211m[38;2;219;214;210m▄[48;2;216;215;214m[38;2;209;208;210m▄[48;2;224;223;217m[38;2;208;208;209m▄[48;2;214;213;212m[38;2;210;210;210m▄[48;2;210;210;210m[38;2;210;210;210m▄[48;2;210;210;210m[38;2;209;209;209m▄[48;2;210;210;210m[38;2;210;210;210m▄[48;2;209;209;209m[38;2;209;209;209m▄[48;2;208;208;209m[38;2;208;208;208m▄[48;2;208;208;208m[38;2;208;208;208m▄[48;2;209;209;209m[38;2;208;208;208m▄[48;2;208;208;208m[38;2;208;208;208m▄[48;2;208;208;208m[38;2;208;208;208m▄[48;2;208;208;208m[38;2;207;207;207m▄[48;2;207;207;207m[38;2;207;207;207m▄[48;2;207;207;207m[38;2;206;206;206m▄[48;2;206;206;206m[38;2;205;205;206m▄[48;2;204;204;204m[38;2;204;204;204m▄[48;2;204;204;204m[38;2;203;203;204m▄[0m
[48;2;215;215;215m[38;2;214;214;214m▄[48;2;215;215;215m[38;2;214;214;214m▄[48;2;216;216;216m[38;2;215;215;215m▄[48;2;215;215;215m[38;2;215;215;215m▄[48;2;215;215;215m[38;2;215;215;215m▄[48;2;216;216;216m[38;2;215;215;215m▄[48;2;216;216;216m[38;2;215;215;215m▄[48;2;216;216;216m[38;2;215;215;215m▄[48;2;216;216;216m[38;2;217;217;217m▄[48;2;216;216;216m[38;2;216;216;217m▄[48;2;216;216;216m[38;2;216;215;217m▄[48;2;216;216;216m[38;2;216;216;216m▄[48;2;216;216;216m[38;2;216;216;216m▄[48;2;216;216;216m[38;2;216;216;216m▄[48;2;216;216;216m[38;2;216;216;216m▄[48;2;216;216;216m[38;2;217;217;217m▄[48;2;216;216;216m[38;2;217;217;217m▄[48;2;216;216;216m[38;2;216;216;216m▄[48;2;217;217;217m[38;2;217;217;217m▄[48;2;215;215;215m[38;2;230;228;220m▄[48;2;215;215;215m[38;2;225;224;218m▄[48;2;216;216;216m[38;2;215;215;216m▄[48;2;216;216;216m[38;2;217;217;217m▄[48;2;216;215;215m[38;2;216;215;215m▄[48;2;215;220;220m[38;2;217;223;223m▄[48;2;221;168;175m[38;2;205;164;175m▄[48;2;233;149;158m[38;2;217;126;138m▄[48;2;228;132;144m[38;2;232;146;154m▄[48;2;228;135;147m[38;2;230;140;151m▄[48;2;228;135;147m[38;2;227;135;146m▄[48;2;230;138;149m[38;2;224;128;141m▄[48;2;228;135;146m[38;2;231;140;150m▄[48;2;229;137;148m[38;2;226;126;139m▄[48;2;231;143;151m[38;2;221;113;129m▄[48;2;225;125;139m[38;2;220;112;127m▄[48;2;219;107;126m[38;2;222;107;125m▄[48;2;223;117;133m[38;2;198;122;139m▄[48;2;200;170;174m[38;2;193;200;198m▄[48;2;196;202;200m[38;2;207;205;205m▄[48;2;210;209;209m[38;2;212;212;211m▄[48;2;215;215;215m[38;2;213;213;214m▄[48;2;213;213;213m[38;2;212;212;212m▄[48;2;213;212;213m[38;2;210;210;210m▄[48;2;209;209;209m[38;2;210;210;211m▄[48;2;220;215;211m[38;2;208;208;209m▄[48;2;237;228;216m[38;2;217;213;209m▄[48;2;221;216;211m[38;2;237;227;216m▄[48;2;209;209;211m[38;2;217;212;208m▄[48;2;210;210;210m[38;2;209;209;209m▄[48;2;212;212;211m[38;2;218;218;215m▄[48;2;219;219;216m[38;2;215;215;212m▄[48;2;209;209;209m[38;2;209;209;209m▄[48;2;209;209;210m[38;2;209;209;211m▄[48;2;209;208;210m[38;2;208;207;210m▄[48;2;208;208;210m[38;2;208;207;209m▄[48;2;208;208;208m[38;2;208;208;208m▄[48;2;207;208;207m[38;2;208;208;208m▄[48;2;208;208;208m[38;2;207;207;207m▄[48;2;207;207;208m[38;2;207;207;206m▄[48;2;207;207;207m[38;2;207;207;205m▄[48;2;206;206;207m[38;2;206;206;205m▄[48;2;204;204;205m[38;2;205;205;205m▄[48;2;203;203;204m[38;2;204;204;204m▄[48;2;203;203;203m[38;2;203;203;203m▄[0m
[48;2;214;214;214m[38;2;212;212;212m▄[48;2;214;214;214m[38;2;213;213;213m▄[48;2;214;214;214m[38;2;214;214;214m▄[48;2;215;215;215m[38;2;215;215;215m▄[48;2;215;215;215m[38;2;215;215;215m▄[48;2;215;215;215m[38;2;215;215;215m▄[48;2;215;215;215m[38;2;215;215;215m▄[48;2;215;215;215m[38;2;215;215;215m▄[48;2;215;216;215m[38;2;215;215;215m▄[48;2;215;215;215m[38;2;215;215;215m▄[48;2;215;215;215m[38;2;215;215;215m▄[48;2;215;215;215m[38;2;215;215;215m▄[48;2;216;216;216m[38;2;216;216;216m▄[48;2;216;216;216m[38;2;215;215;215m▄[48;2;215;215;215m[38;2;215;215;215m▄[48;2;217;217;217m[38;2;216;216;216m▄[48;2;217;217;217m[38;2;216;216;216m▄[48;2;217;217;217m[38;2;216;216;216m▄[48;2;216;216;217m[38;2;216;216;216m▄[48;2;226;224;219m[38;2;216;216;216m▄[48;2;222;221;219m[38;2;216;215;217m▄[48;2;216;216;216m[38;2;216;216;217m▄[48;2;217;217;218m[38;2;216;216;216m▄[48;2;216;216;217m[38;2;216;216;217m▄[48;2;216;215;215m[38;2;215;215;215m▄[48;2;217;222;221m[38;2;215;215;216m▄[48;2;202;146;159m[38;2;213;219;219m▄[48;2;211;105;125m[38;2;201;176;183m▄[48;2;225;117;135m[38;2;196;140;153m▄[48;2;220;112;130m[38;2;195;146;157m▄[48;2;201;84;110m[38;2;197;175;179m▄[48;2;211;101;124m[38;2;194;172;177m▄[48;2;219;99;121m[38;2;196;141;154m▄[48;2;219;102;122m[38;2;196;134;148m▄[48;2;215;102;121m[38;2;193;155;163m▄[48;2;199;113;131m[38;2;191;192;193m▄[48;2;192;188;190m[38;2;197;199;199m▄[48;2;199;200;200m[38;2;207;205;205m▄[48;2;210;210;209m[38;2;210;210;211m▄[48;2;224;221;215m[38;2;216;215;212m▄[48;2;223;222;216m[38;2;216;215;212m▄[48;2;209;209;210m[38;2;209;209;210m▄[48;2;213;212;211m[38;2;215;216;213m▄[48;2;212;212;211m[38;2;214;213;212m▄[48;2;210;210;210m[38;2;207;207;209m▄[48;2;208;208;209m[38;2;211;211;211m▄[48;2;220;213;209m[38;2;208;207;207m▄[48;2;233;223;213m[38;2;226;218;210m▄[48;2;214;211;208m[38;2;226;219;211m▄[48;2;213;213;211m[38;2;207;206;207m▄[48;2;213;213;213m[38;2;214;214;213m▄[48;2;212;211;212m[38;2;212;211;211m▄[48;2;208;207;211m[38;2;211;211;211m▄[48;2;215;214;217m[38;2;212;212;211m▄[48;2;209;208;210m[38;2;208;208;208m▄[48;2;208;207;209m[38;2;208;208;208m▄[48;2;207;207;207m[38;2;207;207;207m▄[48;2;208;207;204m[38;2;207;207;203m▄[48;2;207;207;202m[38;2;207;207;202m▄[48;2;207;207;202m[38;2;206;207;201m▄[48;2;206;206;203m[38;2;205;206;202m▄[48;2;204;204;204m[38;2;203;204;204m▄[48;2;203;203;203m[38;2;202;202;203m▄[48;2;203;203;203m[38;2;203;203;203m▄[0m
[48;2;212;212;212m[38;2;211;211;211m▄[48;2;212;212;212m[38;2;211;211;211m▄[48;2;213;213;213m[38;2;212;212;212m▄[48;2;214;214;214m[38;2;213;213;213m▄[48;2;214;214;214m[38;2;212;212;212m▄[48;2;214;214;214m[38;2;213;213;213m▄[48;2;215;215;215m[38;2;214;214;214m▄[48;2;214;214;214m[38;2;215;214;215m▄[48;2;215;215;215m[38;2;214;214;214m▄[48;2;215;215;215m[38;2;214;214;214m▄[48;2;215;215;215m[38;2;214;214;214m▄[48;2;215;215;215m[38;2;215;215;215m▄[48;2;215;215;215m[38;2;215;215;215m▄[48;2;215;215;215m[38;2;215;215;215m▄[48;2;215;215;215m[38;2;215;215;215m▄[48;2;216;216;216m[38;2;215;215;215m▄[48;2;216;216;216m[38;2;215;215;215m▄[48;2;216;216;216m[38;2;215;215;215m▄[48;2;216;216;216m[38;2;215;215;215m▄[48;2;215;215;215m[38;2;215;215;215m▄[48;2;216;216;216m[38;2;215;215;215m▄[48;2;216;216;215m[38;2;215;215;215m▄[48;2;216;216;216m[38;2;215;215;215m▄[48;2;216;216;216m[38;2;215;215;215m▄[48;2;215;215;215m[38;2;214;214;214m▄[48;2;215;215;215m[38;2;215;215;215m▄[48;2;215;214;214m[38;2;215;215;215m▄[48;2;213;218;216m[38;2;213;212;213m▄[48;2;206;215;213m[38;2;212;211;211m▄[48;2;202;210;209m[38;2;212;210;211m▄[48;2;204;208;207m[38;2;215;213;213m▄[48;2;205;209;209m[38;2;215;213;214m▄[48;2;204;212;211m[38;2;211;209;210m▄[48;2;200;208;206m[38;2;211;209;209m▄[48;2;198;205;203m[38;2;210;208;208m▄[48;2;200;200;200m[38;2;210;209;209m▄[48;2;211;208;207m[38;2;212;211;210m▄[48;2;224;221;214m[38;2;216;214;211m▄[48;2;210;210;210m[38;2;211;210;210m▄[48;2;209;209;210m[38;2;212;211;211m▄[48;2;210;210;210m[38;2;210;210;210m▄[48;2;210;210;210m[38;2;209;210;210m▄[48;2;209;209;209m[38;2;208;208;209m▄[48;2;213;212;211m[38;2;214;214;211m▄[48;2;213;213;211m[38;2;215;214;210m▄[48;2;210;209;209m[38;2;208;207;209m▄[48;2;215;215;213m[38;2;212;210;210m▄[48;2;221;215;210m[38;2;219;215;208m▄[48;2;231;223;214m[38;2;230;221;210m▄[48;2;214;210;208m[38;2;213;208;207m▄[48;2;213;213;210m[38;2;215;213;210m▄[48;2;210;210;208m[38;2;215;214;211m▄[48;2;212;212;209m[38;2;208;208;208m▄[48;2;208;208;208m[38;2;207;206;207m▄[48;2;207;207;208m[38;2;207;206;208m▄[48;2;207;207;207m[38;2;206;206;207m▄[48;2;207;207;208m[38;2;207;207;207m▄[48;2;207;207;205m[38;2;207;207;206m▄[48;2;207;207;202m[38;2;206;206;202m▄[48;2;206;207;201m[38;2;205;206;203m▄[48;2;204;206;203m[38;2;203;206;204m▄[48;2;201;204;205m[38;2;200;203;204m▄[48;2;202;202;204m[38;2;201;201;204m▄[48;2;202;201;204m[38;2;202;201;204m▄[0m
[48;2;210;210;210m[38;2;210;210;210m▄[48;2;210;210;210m[38;2;210;210;210m▄[48;2;211;211;211m[38;2;210;210;210m▄[48;2;211;211;211m[38;2;210;210;210m▄[48;2;211;211;211m[38;2;211;211;211m▄[48;2;212;212;212m[38;2;211;211;211m▄[48;2;213;213;213m[38;2;211;211;211m▄[48;2;214;213;215m[38;2;212;212;212m▄[48;2;214;214;214m[38;2;212;212;212m▄[48;2;214;214;214m[38;2;212;212;214m▄[48;2;214;214;214m[38;2;213;213;213m▄[48;2;215;214;215m[38;2;213;213;213m▄[48;2;214;214;214m[38;2;213;213;213m▄[48;2;214;214;215m[38;2;213;213;214m▄[48;2;215;214;215m[38;2;213;213;214m▄[48;2;215;215;215m[38;2;214;214;214m▄[48;2;214;214;214m[38;2;214;214;214m▄[48;2;214;214;214m[38;2;214;214;214m▄[48;2;214;214;214m[38;2;213;213;214m▄[48;2;215;215;215m[38;2;213;213;214m▄[48;2;214;214;214m[38;2;213;213;213m▄[48;2;214;214;214m[38;2;214;214;214m▄[48;2;214;214;214m[38;2;214;214;214m▄[48;2;214;214;214m[38;2;213;213;213m▄[48;2;214;214;214m[38;2;213;213;213m▄[48;2;214;214;214m[38;2;213;213;213m▄[48;2;213;213;214m[38;2;213;213;214m▄[48;2;222;221;216m[38;2;220;219;217m▄[48;2;219;219;214m[38;2;223;221;216m▄[48;2;210;210;211m[38;2;215;214;213m▄[48;2;213;213;212m[38;2;211;211;212m▄[48;2;214;214;213m[38;2;212;211;212m▄[48;2;212;211;212m[38;2;213;212;212m▄[48;2;211;211;211m[38;2;213;212;211m▄[48;2;210;209;211m[38;2;211;211;211m▄[48;2;210;210;211m[38;2;210;210;211m▄[48;2;210;210;210m[38;2;210;210;210m▄[48;2;209;209;210m[38;2;210;209;210m▄[48;2;211;210;210m[38;2;209;209;209m▄[48;2;214;212;209m[38;2;210;210;210m▄[48;2;211;209;208m[38;2;212;211;210m▄[48;2;215;214;211m[38;2;212;211;208m▄[48;2;220;218;214m[38;2;214;211;209m▄[48;2;207;206;207m[38;2;213;210;208m▄[48;2;208;208;207m[38;2;215;211;208m▄[48;2;208;208;207m[38;2;217;212;207m▄[48;2;214;211;207m[38;2;222;216;208m▄[48;2;233;226;214m[38;2;221;215;209m▄[48;2;226;218;207m[38;2;209;207;207m▄[48;2;211;209;208m[38;2;207;208;208m▄[48;2;206;206;206m[38;2;216;215;212m▄[48;2;211;211;208m[38;2;207;206;207m▄[48;2;210;209;209m[38;2;205;206;206m▄[48;2;207;207;207m[38;2;206;206;206m▄[48;2;206;206;207m[38;2;205;205;205m▄[48;2;206;206;206m[38;2;204;204;204m▄[48;2;205;205;205m[38;2;204;204;204m▄[48;2;205;205;205m[38;2;203;203;203m▄[48;2;205;205;203m[38;2;203;203;203m▄[48;2;202;204;202m[38;2;202;202;202m▄[48;2;201;203;203m[38;2;203;203;203m▄[48;2;201;202;204m[38;2;203;203;203m▄[48;2;201;202;204m[38;2;202;202;202m▄[48;2;201;201;203m[38;2;202;202;202m▄[0m
[48;2;210;210;210m[38;2;210;210;210m▄[48;2;210;210;210m[38;2;211;211;211m▄[48;2;211;211;211m[38;2;211;211;211m▄[48;2;210;210;210m[38;2;210;210;211m▄[48;2;210;210;210m[38;2;211;211;211m▄[48;2;210;210;210m[38;2;212;212;212m▄[48;2;210;210;210m[38;2;212;212;212m▄[48;2;210;210;210m[38;2;213;213;213m▄[48;2;211;211;212m[38;2;213;213;214m▄[48;2;211;211;211m[38;2;213;213;214m▄[48;2;211;211;211m[38;2;213;213;213m▄[48;2;211;211;211m[38;2;213;213;213m▄[48;2;211;211;211m[38;2;214;214;214m▄[48;2;211;211;211m[38;2;214;214;214m▄[48;2;212;212;212m[38;2;214;214;214m▄[48;2;212;212;212m[38;2;213;214;213m▄[48;2;212;212;212m[38;2;214;214;214m▄[48;2;212;212;212m[38;2;214;214;214m▄[48;2;212;212;213m[38;2;214;214;214m▄[48;2;212;212;212m[38;2;214;214;214m▄[48;2;213;213;213m[38;2;214;214;214m▄[48;2;213;213;213m[38;2;214;214;214m▄[48;2;213;213;214m[38;2;213;213;213m▄[48;2;214;214;214m[38;2;211;211;212m▄[48;2;213;214;214m[38;2;209;207;207m▄[48;2;213;213;213m[38;2;206;202;203m▄[48;2;212;213;213m[38;2;201;196;197m▄[48;2;207;208;210m[38;2;197;191;192m▄[48;2;226;224;215m[38;2;195;185;185m▄[48;2;222;220;213m[38;2;193;184;184m▄[48;2;204;205;207m[38;2;190;181;182m▄[48;2;206;207;207m[38;2;190;181;182m▄[48;2;207;208;206m[38;2;189;180;180m▄[48;2;207;208;206m[38;2;192;182;182m▄[48;2;207;208;207m[38;2;199;190;186m▄[48;2;205;206;205m[38;2;188;182;180m▄[48;2;206;206;208m[38;2;192;185;184m▄[48;2;208;208;209m[38;2;191;185;185m▄[48;2;208;209;209m[38;2;205;200;197m▄[48;2;209;208;209m[38;2;224;221;210m▄[48;2;210;210;211m[38;2;201;199;200m▄[48;2;208;208;208m[38;2;205;204;204m▄[48;2;207;208;208m[38;2;207;206;206m▄[48;2;211;211;210m[38;2;210;210;210m▄[48;2;209;208;209m[38;2;209;209;209m▄[48;2;210;208;209m[38;2;210;210;210m▄[48;2;208;207;207m[38;2;210;210;210m▄[48;2;205;205;206m[38;2;211;211;210m▄[48;2;208;207;207m[38;2;216;214;210m▄[48;2;214;212;209m[38;2;221;218;213m▄[48;2;209;209;209m[38;2;205;206;207m▄[48;2;208;207;207m[38;2;207;207;207m▄[48;2;204;204;204m[38;2;206;206;206m▄[48;2;204;204;204m[38;2;205;205;205m▄[48;2;203;203;204m[38;2;204;204;204m▄[48;2;203;203;203m[38;2;204;203;204m▄[48;2;203;203;203m[38;2;204;203;204m▄[48;2;203;202;203m[38;2;202;202;202m▄[48;2;207;207;207m[38;2;211;211;211m▄[48;2;211;211;211m[38;2;216;216;216m▄[48;2;203;203;203m[38;2;203;203;203m▄[48;2;201;201;201m[38;2;202;202;202m▄[48;2;202;202;202m[38;2;202;202;202m▄[48;2;202;202;202m[38;2;201;201;202m▄[0m
[48;2;213;213;213m[38;2;216;216;216m▄[48;2;214;214;214m[38;2;216;216;216m▄[48;2;214;214;214m[38;2;215;215;215m▄[48;2;214;214;214m[38;2;215;215;215m▄[48;2;215;214;215m[38;2;215;215;215m▄[48;2;215;215;215m[38;2;216;216;216m▄[48;2;215;215;215m[38;2;216;216;216m▄[48;2;215;215;215m[38;2;215;215;215m▄[48;2;215;215;215m[38;2;216;216;216m▄[48;2;215;215;216m[38;2;216;216;216m▄[48;2;215;215;215m[38;2;216;216;216m▄[48;2;215;215;215m[38;2;216;216;217m▄[48;2;215;215;215m[38;2;216;216;217m▄[48;2;215;215;215m[38;2;216;216;216m▄[48;2;215;215;215m[38;2;216;216;216m▄[48;2;215;215;215m[38;2;216;216;216m▄[48;2;215;215;215m[38;2;215;215;215m▄[48;2;215;215;215m[38;2;216;216;216m▄[48;2;214;214;214m[38;2;215;215;215m▄[48;2;215;215;215m[38;2;215;215;216m▄[48;2;215;215;215m[38;2;215;215;216m▄[48;2;213;213;214m[38;2;216;216;215m▄[48;2;211;210;211m[38;2;216;215;216m▄[48;2;208;203;205m[38;2;215;214;215m▄[48;2;203;195;197m[38;2;214;213;213m▄[48;2;198;186;186m[38;2;212;210;210m▄[48;2;195;179;181m[38;2;211;207;207m▄[48;2;194;175;177m[38;2;209;205;205m▄[48;2;193;173;175m[38;2;208;202;202m▄[48;2;193;173;173m[38;2;208;201;202m▄[48;2;194;172;172m[38;2;207;201;200m▄[48;2;193;173;172m[38;2;207;200;200m▄[48;2;193;172;173m[38;2;206;200;200m▄[48;2;193;172;174m[38;2;206;199;200m▄[48;2;193;174;172m[38;2;206;199;199m▄[48;2;191;173;171m[38;2;207;201;201m▄[48;2;193;175;174m[38;2;208;204;204m▄[48;2;193;179;178m[38;2;211;208;207m▄[48;2;203;194;191m[38;2;213;212;210m▄[48;2;214;209;203m[38;2;210;210;210m▄[48;2;204;201;203m[38;2;213;212;214m▄[48;2;216;213;210m[38;2;215;215;213m▄[48;2;229;227;218m[38;2;220;219;215m▄[48;2;213;212;212m[38;2;213;212;213m▄[48;2;210;210;210m[38;2;211;211;211m▄[48;2;209;209;210m[38;2;211;211;211m▄[48;2;213;212;211m[38;2;211;211;210m▄[48;2;211;211;210m[38;2;211;211;210m▄[48;2;210;209;209m[38;2;209;209;209m▄[48;2;209;208;209m[38;2;209;209;209m▄[48;2;207;208;208m[38;2;209;209;209m▄[48;2;208;208;208m[38;2;209;209;209m▄[48;2;207;208;207m[38;2;209;209;209m▄[48;2;208;207;208m[38;2;209;209;209m▄[48;2;207;207;207m[38;2;208;208;209m▄[48;2;206;206;206m[38;2;208;208;208m▄[48;2;207;207;207m[38;2;208;208;208m▄[48;2;206;206;206m[38;2;208;208;208m▄[48;2;205;205;205m[38;2;207;208;208m▄[48;2;205;205;205m[38;2;207;207;207m▄[48;2;203;203;203m[38;2;207;207;207m▄[48;2;204;204;204m[38;2;207;207;207m▄[48;2;203;203;203m[38;2;206;206;206m▄[48;2;203;203;203m[38;2;206;206;206m▄[0m
[48;2;217;217;217m[38;2;218;218;218m▄[48;2;216;216;216m[38;2;218;218;218m▄[48;2;216;216;216m[38;2;219;219;219m▄[48;2;217;217;217m[38;2;219;219;219m▄[48;2;216;216;216m[38;2;219;219;219m▄[48;2;217;217;217m[38;2;220;220;220m▄[48;2;217;217;217m[38;2;220;220;220m▄[48;2;217;217;217m[38;2;220;220;220m▄[48;2;217;217;217m[38;2;220;220;220m▄[48;2;217;217;217m[38;2;220;220;220m▄[48;2;217;217;217m[38;2;220;220;220m▄[48;2;217;217;217m[38;2;221;221;221m▄[48;2;217;217;217m[38;2;221;221;221m▄[48;2;218;218;218m[38;2;221;221;221m▄[48;2;217;217;217m[38;2;221;221;221m▄[48;2;218;218;218m[38;2;221;221;221m▄[48;2;217;217;217m[38;2;220;220;220m▄[48;2;216;216;216m[38;2;220;220;220m▄[48;2;217;217;217m[38;2;220;220;220m▄[48;2;217;217;217m[38;2;221;221;221m▄[48;2;217;217;217m[38;2;220;220;220m▄[48;2;218;218;218m[38;2;221;221;221m▄[48;2;217;217;217m[38;2;220;220;220m▄[48;2;217;217;217m[38;2;219;219;219m▄[48;2;217;217;217m[38;2;219;219;219m▄[48;2;217;218;218m[38;2;219;219;219m▄[48;2;218;218;218m[38;2;218;218;218m▄[48;2;218;218;218m[38;2;218;217;217m▄[48;2;217;218;218m[38;2;217;216;217m▄[48;2;217;218;219m[38;2;217;216;216m▄[48;2;217;218;218m[38;2;216;216;216m▄[48;2;217;218;218m[38;2;216;216;216m▄[48;2;217;218;218m[38;2;216;216;216m▄[48;2;217;218;218m[38;2;216;216;216m▄[48;2;217;218;218m[38;2;216;216;215m▄[48;2;216;217;217m[38;2;216;215;215m▄[48;2;215;216;216m[38;2;216;215;215m▄[48;2;215;215;216m[38;2;215;215;215m▄[48;2;216;216;216m[38;2;215;215;215m▄[48;2;216;216;215m[38;2;215;215;215m▄[48;2;215;215;215m[38;2;215;215;215m▄[48;2;216;216;215m[38;2;216;216;216m▄[48;2;217;216;215m[38;2;215;216;215m▄[48;2;217;216;215m[38;2;222;222;219m▄[48;2;215;215;215m[38;2;217;217;216m▄[48;2;213;213;213m[38;2;215;215;215m▄[48;2;212;212;212m[38;2;215;215;215m▄[48;2;212;212;212m[38;2;215;215;215m▄[48;2;210;210;210m[38;2;213;213;213m▄[48;2;210;210;210m[38;2;213;213;213m▄[48;2;210;210;210m[38;2;212;212;212m▄[48;2;209;209;209m[38;2;211;211;211m▄[48;2;209;209;209m[38;2;210;210;210m▄[48;2;210;210;210m[38;2;210;210;210m▄[48;2;209;209;209m[38;2;209;209;209m▄[48;2;209;209;209m[38;2;209;209;209m▄[48;2;209;209;209m[38;2;209;209;209m▄[48;2;209;209;209m[38;2;209;209;209m▄[48;2;208;208;208m[38;2;209;209;209m▄[48;2;208;208;208m[38;2;209;209;209m▄[48;2;208;208;208m[38;2;209;209;209m▄[48;2;208;208;208m[38;2;208;208;208m▄[48;2;208;208;208m[38;2;207;207;207m▄[48;2;207;207;207m[38;2;208;208;208m▄[0m
