[48;2;218;218;218m[38;2;218;218;218m▄[48;2;219;219;219m[38;2;219;219;219m▄[48;2;221;221;221m[38;2;220;220;220m▄[48;2;222;222;222m[38;2;221;221;221m▄[48;2;222;222;222m[38;2;222;222;222m▄[48;2;223;223;223m[38;2;223;223;223m▄[48;2;223;223;223m[38;2;223;223;223m▄[48;2;224;224;224m[38;2;224;224;224m▄[48;2;225;225;225m[38;2;224;224;224m▄[48;2;225;225;225m[38;2;224;224;224m▄[48;2;225;225;225m[38;2;224;224;224m▄[48;2;225;225;225m[38;2;224;224;224m▄[48;2;225;225;225m[38;2;225;225;225m▄[48;2;227;227;227m[38;2;227;227;227m▄[48;2;228;228;228m[38;2;228;228;228m▄[48;2;228;228;228m[38;2;228;228;228m▄[48;2;227;227;227m[38;2;227;227;227m▄[48;2;228;228;228m[38;2;227;227;227m▄[48;2;228;228;228m[38;2;227;227;227m▄[48;2;227;227;227m[38;2;227;227;227m▄[48;2;229;229;229m[38;2;227;227;227m▄[48;2;228;228;228m[38;2;227;227;227m▄[48;2;227;227;227m[38;2;227;227;227m▄[48;2;227;227;227m[38;2;226;226;226m▄[48;2;227;227;227m[38;2;226;226;226m▄[48;2;227;227;227m[38;2;227;227;227m▄[48;2;227;227;227m[38;2;227;227;227m▄[48;2;227;227;227m[38;2;227;227;227m▄[48;2;227;227;227m[38;2;225;225;225m▄[48;2;225;225;225m[38;2;224;224;224m▄[48;2;224;224;224m[38;2;224;224;224m▄[48;2;225;225;225m[38;2;224;224;224m▄[48;2;227;227;227m[38;2;225;225;225m▄[48;2;225;225;225m[38;2;224;224;224m▄[48;2;223;223;223m[38;2;223;223;223m▄[48;2;223;223;223m[38;2;223;223;223m▄[48;2;223;223;223m[38;2;223;223;223m▄[48;2;222;222;222m[38;2;223;223;223m▄[48;2;221;221;221m[38;2;221;221;221m▄[48;2;221;221;221m[38;2;221;221;221m▄[48;2;219;219;219m[38;2;220;220;220m▄[48;2;218;218;218m[38;2;218;218;218m▄[48;2;218;218;218m[38;2;217;217;217m▄[48;2;217;217;217m[38;2;216;216;216m▄[48;2;216;216;216m[38;2;216;216;216m▄[48;2;217;217;217m[38;2;217;217;217m▄[48;2;216;216;216m[38;2;215;215;215m▄[48;2;215;215;215m[38;2;216;216;216m▄[48;2;215;215;215m[38;2;215;215;215m▄[48;2;215;215;215m[38;2;214;214;214m▄[48;2;214;214;214m[38;2;213;213;213m▄[48;2;213;213;213m[38;2;213;213;213m▄[48;2;211;212;211m[38;2;211;211;211m▄[48;2;211;211;211m[38;2;211;211;211m▄[48;2;211;211;211m[38;2;210;210;210m▄[48;2;210;210;210m[38;2;210;210;210m▄[48;2;209;209;209m[38;2;209;209;209m▄[48;2;209;209;209m[38;2;208;208;208m▄[48;2;208;208;208m[38;2;208;208;208m▄[48;2;207;207;207m[38;2;208;208;208m▄[48;2;207;207;207m[38;2;207;207;207m▄[48;2;206;206;206m[38;2;206;206;206m▄[48;2;205;205;205m[38;2;206;206;206m▄[48;2;204;204;206m[38;2;204;204;205m▄[0m
[48;2;217;217;217m[38;2;217;217;217m▄[48;2;218;218;218m[38;2;218;218;218m▄[48;2;219;219;219m[38;2;218;218;218m▄[48;2;220;220;220m[38;2;219;219;219m▄[48;2;222;222;222m[38;2;222;222;222m▄[48;2;223;223;223m[38;2;222;222;222m▄[48;2;223;223;223m[38;2;223;223;223m▄[48;2;223;223;223m[38;2;223;223;223m▄[48;2;224;224;224m[38;2;224;224;224m▄[48;2;225;225;225m[38;2;224;224;224m▄[48;2;224;224;224m[38;2;225;225;225m▄[48;2;224;224;224m[38;2;225;225;225m▄[48;2;224;224;224m[38;2;224;224;224m▄[48;2;225;225;225m[38;2;224;224;224m▄[48;2;226;226;226m[38;2;224;224;224m▄[48;2;227;227;227m[38;2;225;225;225m▄[48;2;227;227;227m[38;2;227;227;227m▄[48;2;227;227;227m[38;2;227;227;227m▄[48;2;227;227;227m[38;2;227;227;227m▄[48;2;227;227;227m[38;2;227;227;227m▄[48;2;227;227;227m[38;2;227;227;227m▄[48;2;227;227;227m[38;2;227;227;227m▄[48;2;227;227;227m[38;2;227;227;227m▄[48;2;226;226;226m[38;2;227;227;227m▄[48;2;226;226;226m[38;2;227;227;227m▄[48;2;226;226;226m[38;2;226;226;226m▄[48;2;226;226;226m[38;2;225;225;225m▄[48;2;227;227;227m[38;2;225;225;225m▄[48;2;225;225;225m[38;2;223;224;223m▄[48;2;225;225;225m[38;2;222;223;222m▄[48;2;225;225;225m[38;2;223;224;223m▄[48;2;224;224;224m[38;2;225;225;225m▄[48;2;224;224;224m[38;2;224;224;224m▄[48;2;224;224;224m[38;2;223;223;223m▄[48;2;223;223;223m[38;2;222;223;222m▄[48;2;223;223;223m[38;2;222;222;222m▄[48;2;223;223;223m[38;2;222;222;222m▄[48;2;222;222;222m[38;2;222;222;222m▄[48;2;221;221;221m[38;2;221;221;221m▄[48;2;220;220;220m[38;2;221;221;221m▄[48;2;218;218;218m[38;2;218;218;218m▄[48;2;217;217;217m[38;2;217;217;217m▄[48;2;217;217;217m[38;2;216;216;216m▄[48;2;216;216;216m[38;2;216;216;216m▄[48;2;217;217;217m[38;2;216;216;216m▄[48;2;216;216;216m[38;2;216;216;216m▄[48;2;215;215;215m[38;2;215;215;215m▄[48;2;215;215;215m[38;2;215;215;215m▄[48;2;215;215;215m[38;2;215;215;215m▄[48;2;214;214;214m[38;2;214;214;214m▄[48;2;213;213;213m[38;2;213;213;213m▄[48;2;212;212;212m[38;2;213;213;213m▄[48;2;211;211;211m[38;2;211;211;211m▄[48;2;210;210;210m[38;2;210;210;210m▄[48;2;210;210;210m[38;2;211;211;211m▄[48;2;210;210;210m[38;2;211;211;211m▄[48;2;208;208;208m[38;2;209;208;209m▄[48;2;208;208;208m[38;2;208;208;209m▄[48;2;208;208;208m[38;2;208;208;208m▄[48;2;207;207;207m[38;2;207;207;207m▄[48;2;207;207;207m[38;2;207;207;207m▄[48;2;206;206;206m[38;2;206;206;206m▄[48;2;205;205;205m[38;2;205;205;204m▄[48;2;204;204;205m[38;2;204;204;204m▄[0m
[48;2;216;216;216m[38;2;216;216;216m▄[48;2;217;217;217m[38;2;217;217;217m▄[48;2;217;217;217m[38;2;217;217;217m▄[48;2;219;219;219m[38;2;219;219;219m▄[48;2;221;221;221m[38;2;221;221;221m▄[48;2;221;221;221m[38;2;221;221;221m▄[48;2;222;222;222m[38;2;223;223;223m▄[48;2;223;223;223m[38;2;223;223;223m▄[48;2;224;224;224m[38;2;224;224;224m▄[48;2;224;224;224m[38;2;224;224;224m▄[48;2;224;224;224m[38;2;225;225;225m▄[48;2;225;225;225m[38;2;226;226;226m▄[48;2;225;225;225m[38;2;225;225;225m▄[48;2;225;225;225m[38;2;225;225;225m▄[48;2;225;225;225m[38;2;225;225;225m▄[48;2;225;225;225m[38;2;225;225;225m▄[48;2;225;225;225m[38;2;224;224;224m▄[48;2;225;225;225m[38;2;224;224;224m▄[48;2;226;226;226m[38;2;225;225;225m▄[48;2;226;226;226m[38;2;224;224;224m▄[48;2;227;227;227m[38;2;225;225;225m▄[48;2;226;226;226m[38;2;226;226;226m▄[48;2;226;226;226m[38;2;225;225;225m▄[48;2;226;226;226m[38;2;224;224;224m▄[48;2;225;225;225m[38;2;224;224;224m▄[48;2;224;224;224m[38;2;224;224;224m▄[48;2;225;225;225m[38;2;224;224;223m▄[48;2;224;224;224m[38;2;229;227;229m▄[48;2;229;227;230m[38;2;204;214;202m▄[48;2;233;230;234m[38;2;184;202;183m▄[48;2;228;227;228m[38;2;211;215;214m▄[48;2;223;223;223m[38;2;231;228;233m▄[48;2;223;223;223m[38;2;224;224;223m▄[48;2;223;224;223m[38;2;226;225;228m▄[48;2;231;227;232m[38;2;189;204;187m▄[48;2;225;223;226m[38;2;211;217;209m▄[48;2;222;222;222m[38;2;225;224;225m▄[48;2;222;222;222m[38;2;221;221;221m▄[48;2;222;222;222m[38;2;221;221;221m▄[48;2;220;220;220m[38;2;219;219;219m▄[48;2;218;218;218m[38;2;218;218;218m▄[48;2;217;217;217m[38;2;217;217;217m▄[48;2;217;217;217m[38;2;217;217;217m▄[48;2;217;217;217m[38;2;217;217;217m▄[48;2;217;217;217m[38;2;216;216;216m▄[48;2;216;216;216m[38;2;216;216;216m▄[48;2;215;215;215m[38;2;215;215;215m▄[48;2;215;215;215m[38;2;215;215;215m▄[48;2;215;215;215m[38;2;215;215;215m▄[48;2;213;213;214m[38;2;214;214;214m▄[48;2;214;214;214m[38;2;213;214;214m▄[48;2;213;213;213m[38;2;212;212;212m▄[48;2;212;212;212m[38;2;211;211;211m▄[48;2;211;211;210m[38;2;210;210;210m▄[48;2;211;211;211m[38;2;211;211;211m▄[48;2;210;210;210m[38;2;210;211;211m▄[48;2;209;209;209m[38;2;209;209;209m▄[48;2;209;209;209m[38;2;209;209;209m▄[48;2;208;208;208m[38;2;208;208;208m▄[48;2;207;207;207m[38;2;207;207;207m▄[48;2;207;207;207m[38;2;207;207;207m▄[48;2;207;207;207m[38;2;206;206;206m▄[48;2;205;205;205m[38;2;204;204;205m▄[48;2;204;204;205m[38;2;203;203;203m▄[0m
[48;2;216;216;216m[38;2;216;216;216m▄[48;2;217;217;217m[38;2;217;217;217m▄[48;2;217;217;217m[38;2;217;217;217m▄[48;2;219;219;219m[38;2;218;218;218m▄[48;2;221;221;221m[38;2;219;219;219m▄[48;2;221;221;221m[38;2;221;221;221m▄[48;2;222;222;222m[38;2;221;221;221m▄[48;2;223;223;223m[38;2;223;223;223m▄[48;2;223;223;223m[38;2;223;223;223m▄[48;2;224;224;224m[38;2;224;224;224m▄[48;2;224;224;224m[38;2;224;224;224m▄[48;2;225;225;225m[38;2;224;224;224m▄[48;2;225;225;225m[38;2;224;224;224m▄[48;2;225;225;225m[38;2;225;225;225m▄[48;2;225;225;225m[38;2;225;225;225m▄[48;2;225;225;225m[38;2;224;224;224m▄[48;2;225;225;225m[38;2;225;225;225m▄[48;2;225;225;225m[38;2;225;224;225m▄[48;2;225;225;225m[38;2;225;225;225m▄[48;2;224;224;224m[38;2;224;224;224m▄[48;2;224;224;224m[38;2;224;224;224m▄[48;2;224;224;224m[38;2;224;224;224m▄[48;2;224;224;224m[38;2;224;224;224m▄[48;2;224;224;224m[38;2;224;224;224m▄[48;2;224;224;224m[38;2;224;224;224m▄[48;2;224;224;224m[38;2;224;224;224m▄[48;2;222;223;222m[38;2;222;223;222m▄[48;2;232;229;234m[38;2;231;228;232m▄[48;2;162;190;153m[38;2;185;200;182m▄[48;2;140;184;97m[38;2;138;182;87m▄[48;2;140;182;109m[38;2;140;185;79m▄[48;2;174;196;170m[38;2;127;175;85m▄[48;2;235;229;239m[38;2;173;194;170m▄[48;2;173;196;163m[38;2;118;167;93m▄[48;2;100;159;62m[38;2;169;189;161m▄[48;2;174;196;168m[38;2;213;210;217m▄[48;2;228;224;228m[38;2;224;221;224m▄[48;2;219;220;219m[38;2;222;222;222m▄[48;2;221;221;221m[38;2;220;221;220m▄[48;2;219;219;219m[38;2;219;219;219m▄[48;2;217;217;217m[38;2;217;217;217m▄[48;2;217;217;217m[38;2;217;217;217m▄[48;2;217;217;217m[38;2;217;217;217m▄[48;2;217;217;217m[38;2;217;217;217m▄[48;2;217;217;217m[38;2;216;216;216m▄[48;2;216;216;216m[38;2;216;216;216m▄[48;2;215;215;215m[38;2;215;215;215m▄[48;2;215;215;215m[38;2;215;215;215m▄[48;2;215;215;215m[38;2;215;215;215m▄[48;2;214;214;214m[38;2;213;213;213m▄[48;2;213;213;213m[38;2;213;213;213m▄[48;2;212;212;212m[38;2;213;213;213m▄[48;2;211;211;211m[38;2;211;211;211m▄[48;2;211;211;211m[38;2;211;211;211m▄[48;2;210;210;210m[38;2;210;210;210m▄[48;2;210;209;211m[38;2;209;209;210m▄[48;2;210;209;210m[38;2;209;209;209m▄[48;2;209;209;209m[38;2;209;209;209m▄[48;2;208;208;208m[38;2;208;208;208m▄[48;2;207;207;207m[38;2;207;207;208m▄[48;2;207;206;207m[38;2;207;207;207m▄[48;2;206;206;206m[38;2;205;205;205m▄[48;2;204;204;204m[38;2;204;204;204m▄[48;2;203;203;204m[38;2;204;204;204m▄[0m
[48;2;216;216;216m[38;2;216;216;216m▄[48;2;216;216;216m[38;2;216;216;216m▄[48;2;217;217;217m[38;2;216;216;216m▄[48;2;218;218;218m[38;2;217;217;217m▄[48;2;219;219;219m[38;2;218;218;218m▄[48;2;220;220;220m[38;2;219;219;220m▄[48;2;221;221;221m[38;2;220;220;221m▄[48;2;222;222;222m[38;2;221;222;221m▄[48;2;223;223;223m[38;2;222;222;222m▄[48;2;223;223;223m[38;2;222;222;222m▄[48;2;223;223;223m[38;2;223;223;223m▄[48;2;223;223;223m[38;2;223;223;223m▄[48;2;224;224;224m[38;2;224;224;224m▄[48;2;224;224;224m[38;2;223;223;223m▄[48;2;225;225;225m[38;2;224;224;224m▄[48;2;224;224;224m[38;2;224;224;224m▄[48;2;224;224;224m[38;2;225;225;225m▄[48;2;225;225;225m[38;2;225;225;225m▄[48;2;225;225;225m[38;2;224;224;224m▄[48;2;225;225;225m[38;2;224;224;224m▄[48;2;224;224;224m[38;2;224;224;224m▄[48;2;224;224;224m[38;2;224;224;224m▄[48;2;224;224;224m[38;2;224;224;224m▄[48;2;224;224;224m[38;2;224;224;224m▄[48;2;224;224;224m[38;2;224;224;224m▄[48;2;224;224;224m[38;2;224;224;224m▄[48;2;224;224;224m[38;2;224;224;224m▄[48;2;225;225;224m[38;2;222;226;226m▄[48;2;222;227;230m[38;2;223;196;201m▄[48;2;141;183;127m[38;2;220;171;179m▄[48;2;117;180;71m[38;2;159;153;122m▄[48;2;111;171;73m[38;2;113;149;94m▄[48;2;89;149;67m[38;2;86;143;72m▄[48;2;123;163;116m[38;2;88;159;74m▄[48;2;162;189;152m[38;2;113;174;76m▄[48;2;155;186;135m[38;2;141;191;86m▄[48;2;171;194;168m[38;2;145;195;90m▄[48;2;216;218;219m[38;2;145;184;126m▄[48;2;222;221;222m[38;2;215;216;217m▄[48;2;217;218;218m[38;2;218;218;217m▄[48;2;217;217;217m[38;2;216;216;216m▄[48;2;217;217;217m[38;2;216;216;216m▄[48;2;217;217;217m[38;2;217;217;217m▄[48;2;217;217;217m[38;2;216;216;216m▄[48;2;216;216;216m[38;2;216;216;216m▄[48;2;216;216;216m[38;2;215;215;215m▄[48;2;215;215;215m[38;2;215;215;215m▄[48;2;215;214;215m[38;2;214;214;214m▄[48;2;214;214;214m[38;2;213;213;213m▄[48;2;213;213;213m[38;2;213;213;213m▄[48;2;213;213;213m[38;2;212;212;212m▄[48;2;212;212;212m[38;2;211;211;211m▄[48;2;211;211;211m[38;2;211;211;211m▄[48;2;211;211;211m[38;2;211;211;211m▄[48;2;211;211;211m[38;2;210;210;210m▄[48;2;210;210;210m[38;2;209;209;209m▄[48;2;209;209;209m[38;2;209;209;209m▄[48;2;209;209;209m[38;2;209;209;209m▄[48;2;208;208;208m[38;2;207;207;207m▄[48;2;208;208;208m[38;2;207;207;207m▄[48;2;206;206;206m[38;2;206;206;206m▄[48;2;205;205;205m[38;2;205;204;205m▄[48;2;204;204;204m[38;2;204;204;204m▄[48;2;204;204;204m[38;2;203;203;204m▄[0m
[48;2;216;216;216m[38;2;216;216;216m▄[48;2;216;216;216m[38;2;216;216;216m▄[48;2;216;216;216m[38;2;216;216;216m▄[48;2;216;216;216m[38;2;216;216;216m▄[48;2;217;217;217m[38;2;217;217;217m▄[48;2;217;217;217m[38;2;217;217;217m▄[48;2;219;219;219m[38;2;217;217;217m▄[48;2;221;221;221m[38;2;219;219;219m▄[48;2;221;221;221m[38;2;221;221;221m▄[48;2;222;222;222m[38;2;221;221;221m▄[48;2;222;222;222m[38;2;221;221;221m▄[48;2;222;222;222m[38;2;222;222;222m▄[48;2;223;223;223m[38;2;222;222;222m▄[48;2;223;223;223m[38;2;223;223;223m▄[48;2;224;224;224m[38;2;223;223;223m▄[48;2;224;224;224m[38;2;223;223;223m▄[48;2;224;224;224m[38;2;223;223;223m▄[48;2;224;224;224m[38;2;223;223;223m▄[48;2;224;224;224m[38;2;224;224;224m▄[48;2;224;224;224m[38;2;223;223;223m▄[48;2;224;224;224m[38;2;224;224;224m▄[48;2;224;224;224m[38;2;223;223;223m▄[48;2;224;224;224m[38;2;223;223;223m▄[48;2;224;224;224m[38;2;224;224;224m▄[48;2;223;223;223m[38;2;223;223;223m▄[48;2;223;222;222m[38;2;224;225;225m▄[48;2;224;228;227m[38;2;221;220;220m▄[48;2;221;181;185m[38;2;217;131;142m▄[48;2;232;140;149m[38;2;230;132;143m▄[48;2;242;141;152m[38;2;225;128;140m▄[48;2;234;131;147m[38;2;222;132;140m▄[48;2;229;148;164m[38;2;240;166;173m▄[48;2;214;154;153m[38;2;242;152;166m▄[48;2;124;136;87m[38;2;230;133;147m▄[48;2;111;166;81m[38;2;220;150;152m▄[48;2;125;178;82m[38;2;194;144;143m▄[48;2;129;176;95m[38;2;188;192;195m▄[48;2;167;187;159m[38;2;207;203;210m▄[48;2;210;209;212m[38;2;211;210;211m▄[48;2;216;217;216m[38;2;216;216;216m▄[48;2;216;216;216m[38;2;216;216;216m▄[48;2;217;217;217m[38;2;216;216;216m▄[48;2;217;217;217m[38;2;217;217;216m▄[48;2;216;216;216m[38;2;216;216;216m▄[48;2;215;215;216m[38;2;216;216;216m▄[48;2;215;215;215m[38;2;215;215;215m▄[48;2;215;215;215m[38;2;215;215;215m▄[48;2;214;214;214m[38;2;214;214;214m▄[48;2;213;213;213m[38;2;213;213;213m▄[48;2;213;213;213m[38;2;213;213;213m▄[48;2;212;212;212m[38;2;212;212;212m▄[48;2;212;212;212m[38;2;211;211;211m▄[48;2;211;211;211m[38;2;211;211;211m▄[48;2;211;211;211m[38;2;211;211;212m▄[48;2;210;210;210m[38;2;210;210;211m▄[48;2;209;209;209m[38;2;209;209;209m▄[48;2;209;209;209m[38;2;209;209;209m▄[48;2;209;209;209m[38;2;208;208;208m▄[48;2;208;208;208m[38;2;208;208;208m▄[48;2;207;207;207m[38;2;207;207;207m▄[48;2;207;206;207m[38;2;206;206;206m▄[48;2;205;205;205m[38;2;205;205;205m▄[48;2;204;204;204m[38;2;205;205;205m▄[48;2;203;203;203m[38;2;204;204;204m▄[0m
[48;2;215;215;215m[38;2;214;214;214m▄[48;2;216;216;216m[38;2;215;215;215m▄[48;2;216;216;216m[38;2;216;216;216m▄[48;2;216;216;216m[38;2;216;216;216m▄[48;2;216;216;216m[38;2;216;216;216m▄[48;2;217;217;217m[38;2;216;216;216m▄[48;2;217;217;217m[38;2;217;217;217m▄[48;2;218;218;218m[38;2;217;217;217m▄[48;2;220;220;220m[38;2;218;218;218m▄[48;2;220;220;220m[38;2;219;219;219m▄[48;2;221;221;221m[38;2;220;220;220m▄[48;2;222;222;222m[38;2;220;220;220m▄[48;2;222;222;222m[38;2;220;221;220m▄[48;2;222;222;222m[38;2;221;221;222m▄[48;2;222;222;222m[38;2;222;222;222m▄[48;2;223;223;223m[38;2;222;222;222m▄[48;2;223;223;223m[38;2;222;222;222m▄[48;2;223;223;223m[38;2;223;223;223m▄[48;2;223;223;223m[38;2;222;222;222m▄[48;2;223;223;223m[38;2;223;222;223m▄[48;2;223;223;223m[38;2;223;223;223m▄[48;2;223;223;223m[38;2;222;222;222m▄[48;2;223;223;223m[38;2;222;222;222m▄[48;2;223;223;223m[38;2;223;222;223m▄[48;2;223;222;222m[38;2;224;226;226m▄[48;2;224;230;229m[38;2;217;209;211m▄[48;2;214;169;176m[38;2;220;129;141m▄[48;2;222;127;140m[38;2;237;128;143m▄[48;2;234;137;149m[38;2;221;103;121m▄[48;2;221;128;139m[38;2;214;135;149m▄[48;2;218;145;155m[38;2;252;255;255m▄[48;2;234;145;157m[38;2;225;167;176m▄[48;2;240;163;170m[38;2;225;133;144m▄[48;2;224;132;142m[38;2;224;136;146m▄[48;2;244;159;168m[38;2;227;149;157m▄[48;2;231;139;151m[38;2;228;122;135m▄[48;2;210;173;178m[38;2;233;148;159m▄[48;2;212;218;216m[38;2;212;213;213m▄[48;2;217;216;216m[38;2;218;217;216m▄[48;2;216;216;217m[38;2;219;216;211m▄[48;2;217;217;216m[38;2;219;214;204m▄[48;2;217;217;217m[38;2;216;208;195m▄[48;2;217;218;220m[38;2;214;207;197m▄[48;2;216;215;215m[38;2;215;216;217m▄[48;2;215;215;215m[38;2;215;215;215m▄[48;2;215;215;215m[38;2;214;214;214m▄[48;2;214;214;214m[38;2;214;214;214m▄[48;2;214;214;214m[38;2;214;214;214m▄[48;2;213;213;213m[38;2;213;213;213m▄[48;2;213;213;213m[38;2;212;212;212m▄[48;2;211;211;211m[38;2;211;211;211m▄[48;2;211;211;211m[38;2;211;211;211m▄[48;2;211;211;211m[38;2;211;211;211m▄[48;2;211;210;211m[38;2;212;212;212m▄[48;2;209;209;210m[38;2;209;209;209m▄[48;2;209;209;209m[38;2;209;208;209m▄[48;2;208;208;209m[38;2;208;208;209m▄[48;2;208;208;208m[38;2;208;208;208m▄[48;2;207;207;207m[38;2;207;207;207m▄[48;2;207;207;207m[38;2;207;207;207m▄[48;2;205;205;205m[38;2;205;205;205m▄[48;2;205;205;205m[38;2;204;204;204m▄[48;2;205;205;205m[38;2;204;204;204m▄[48;2;204;204;204m[38;2;203;203;203m▄[0m
[48;2;214;214;214m[38;2;214;214;214m▄[48;2;215;215;215m[38;2;215;215;215m▄[48;2;216;216;216m[38;2;215;215;215m▄[48;2;216;216;216m[38;2;215;215;215m▄[48;2;216;216;216m[38;2;216;216;216m▄[48;2;216;216;216m[38;2;217;217;217m▄[48;2;216;216;216m[38;2;217;217;217m▄[48;2;217;217;217m[38;2;216;216;216m▄[48;2;217;217;217m[38;2;216;216;216m▄[48;2;217;217;217m[38;2;217;217;217m▄[48;2;218;218;218m[38;2;217;217;217m▄[48;2;218;218;218m[38;2;218;218;218m▄[48;2;219;219;218m[38;2;218;218;218m▄[48;2;219;219;219m[38;2;218;218;218m▄[48;2;220;220;221m[38;2;219;219;219m▄[48;2;222;222;222m[38;2;221;221;221m▄[48;2;222;222;222m[38;2;220;220;220m▄[48;2;222;222;222m[38;2;221;221;221m▄[48;2;222;222;222m[38;2;221;221;221m▄[48;2;222;222;222m[38;2;221;221;221m▄[48;2;222;222;222m[38;2;221;221;221m▄[48;2;222;222;222m[38;2;221;221;221m▄[48;2;222;222;222m[38;2;222;220;221m▄[48;2;222;221;222m[38;2;222;220;220m▄[48;2;224;227;226m[38;2;222;220;220m▄[48;2;213;201;204m[38;2;220;223;223m▄[48;2;219;114;131m[38;2;200;123;138m▄[48;2;224;114;131m[38;2;213;99;118m▄[48;2;211;101;121m[38;2;223;109;126m▄[48;2;205;95;115m[38;2;218;107;124m▄[48;2;226;184;192m[38;2;219;109;125m▄[48;2;255;255;255m[38;2;218;154;166m▄[48;2;237;212;216m[38;2;239;225;228m▄[48;2;205;111;126m[38;2;219;117;134m▄[48;2;220;112;128m[38;2;240;132;147m▄[48;2;243;138;152m[38;2;242;138;153m▄[48;2;237;146;159m[38;2;214;153;163m▄[48;2;206;201;202m[38;2;202;207;205m▄[48;2;219;218;214m[38;2;216;215;216m▄[48;2;218;216;213m[38;2;216;216;216m▄[48;2;215;215;214m[38;2;215;214;214m▄[48;2;214;215;216m[38;2;217;220;224m▄[48;2;211;200;186m[38;2;214;211;207m▄[48;2;213;205;196m[38;2;208;195;178m▄[48;2;216;217;219m[38;2;216;218;221m▄[48;2;214;214;214m[38;2;215;214;214m▄[48;2;213;213;214m[38;2;213;213;214m▄[48;2;213;213;213m[38;2;212;212;212m▄[48;2;212;212;212m[38;2;211;211;211m▄[48;2;211;211;211m[38;2;211;211;211m▄[48;2;211;211;211m[38;2;211;211;211m▄[48;2;210;210;210m[38;2;210;210;210m▄[48;2;210;210;210m[38;2;210;210;210m▄[48;2;210;210;210m[38;2;209;209;210m▄[48;2;209;209;209m[38;2;209;209;209m▄[48;2;209;208;209m[38;2;208;209;208m▄[48;2;208;208;208m[38;2;208;208;208m▄[48;2;208;208;208m[38;2;207;207;207m▄[48;2;207;207;207m[38;2;207;206;208m▄[48;2;206;206;206m[38;2;206;206;206m▄[48;2;204;204;204m[38;2;204;204;204m▄[48;2;204;204;204m[38;2;203;203;203m▄[48;2;203;203;203m[38;2;203;203;203m▄[48;2;203;203;203m[38;2;203;203;203m▄[0m
[48;2;215;215;215m[38;2;214;214;214m▄[48;2;215;215;215m[38;2;214;214;214m▄[48;2;215;215;215m[38;2;215;215;215m▄[48;2;215;215;215m[38;2;215;215;215m▄[48;2;216;216;216m[38;2;216;216;216m▄[48;2;217;217;217m[38;2;216;216;216m▄[48;2;217;217;217m[38;2;215;215;215m▄[48;2;217;217;217m[38;2;216;216;216m▄[48;2;217;217;217m[38;2;217;217;217m▄[48;2;217;217;217m[38;2;217;217;217m▄[48;2;216;216;216m[38;2;217;217;217m▄[48;2;216;216;216m[38;2;216;216;216m▄[48;2;217;217;217m[38;2;216;216;216m▄[48;2;217;217;217m[38;2;216;216;216m▄[48;2;217;217;217m[38;2;217;217;217m▄[48;2;218;218;218m[38;2;217;217;217m▄[48;2;219;219;219m[38;2;217;217;217m▄[48;2;220;220;220m[38;2;218;218;218m▄[48;2;219;219;219m[38;2;218;217;217m▄[48;2;220;219;219m[38;2;219;222;222m▄[48;2;220;219;219m[38;2;218;223;222m▄[48;2;220;225;225m[38;2;217;197;199m▄[48;2;220;226;226m[38;2;222;187;191m▄[48;2;218;223;225m[38;2;224;185;188m▄[48;2;219;224;224m[38;2;223;183;186m▄[48;2;223;231;230m[38;2;218;195;197m▄[48;2;206;195;198m[38;2;218;227;225m▄[48;2;209;105;122m[38;2;202;126;140m▄[48;2;225;107;124m[38;2;223;94;113m▄[48;2;211;100;119m[38;2;211;93;113m▄[48;2;234;133;145m[38;2;226;118;134m▄[48;2;226;117;130m[38;2;207;102;121m▄[48;2;196;84;105m[38;2;208;87;108m▄[48;2;212;96;117m[38;2;229;109;127m▄[48;2;227;114;131m[38;2;236;109;130m▄[48;2;220;122;139m[38;2;208;146;158m▄[48;2;193;191;194m[38;2;198;205;204m▄[48;2;207;211;212m[38;2;232;197;199m▄[48;2;215;217;216m[38;2;237;194;195m▄[48;2;216;218;218m[38;2;218;208;209m▄[48;2;217;218;219m[38;2;204;196;182m▄[48;2;211;204;197m[38;2;204;197;180m▄[48;2;204;187;166m[38;2;213;214;211m▄[48;2;211;206;200m[38;2;211;208;204m▄[48;2;214;214;216m[38;2;210;206;201m▄[48;2;214;214;213m[38;2;213;214;215m▄[48;2;213;213;213m[38;2;212;212;212m▄[48;2;212;212;212m[38;2;211;211;211m▄[48;2;211;211;211m[38;2;211;211;211m▄[48;2;211;211;211m[38;2;211;211;211m▄[48;2;211;211;211m[38;2;211;211;211m▄[48;2;210;210;210m[38;2;209;209;209m▄[48;2;209;209;209m[38;2;209;209;209m▄[48;2;209;209;209m[38;2;209;209;209m▄[48;2;208;208;208m[38;2;208;208;208m▄[48;2;208;208;208m[38;2;208;208;208m▄[48;2;207;207;208m[38;2;207;207;207m▄[48;2;206;206;206m[38;2;206;206;206m▄[48;2;207;206;207m[38;2;206;205;207m▄[48;2;205;205;206m[38;2;204;203;206m▄[48;2;204;204;204m[38;2;204;204;204m▄[48;2;203;203;203m[38;2;203;203;203m▄[48;2;203;203;203m[38;2;203;203;203m▄[48;2;203;203;203m[38;2;203;203;203m▄[0m
[48;2;214;214;214m[38;2;214;214;214m▄[48;2;214;214;214m[38;2;214;214;214m▄[48;2;215;215;215m[38;2;214;214;214m▄[48;2;215;215;215m[38;2;215;215;215m▄[48;2;215;215;215m[38;2;215;215;215m▄[48;2;215;215;215m[38;2;215;215;215m▄[48;2;216;216;216m[38;2;215;215;215m▄[48;2;216;216;216m[38;2;215;215;215m▄[48;2;216;216;216m[38;2;216;216;216m▄[48;2;217;217;217m[38;2;216;216;217m▄[48;2;217;217;217m[38;2;217;217;216m▄[48;2;216;216;216m[38;2;217;217;217m▄[48;2;216;216;216m[38;2;217;217;217m▄[48;2;216;216;216m[38;2;217;217;217m▄[48;2;217;217;217m[38;2;216;216;216m▄[48;2;217;217;217m[38;2;217;217;217m▄[48;2;217;217;217m[38;2;217;217;217m▄[48;2;217;216;216m[38;2;217;218;218m▄[48;2;218;222;222m[38;2;215;212;213m▄[48;2;214;202;204m[38;2;220;155;162m▄[48;2;221;161;167m[38;2;236;187;194m▄[48;2;232;166;172m[38;2;213;111;122m▄[48;2;226;141;149m[38;2;232;159;167m▄[48;2;226;136;144m[38;2;227;145;154m▄[48;2;230;154;161m[38;2;209;118;128m▄[48;2;232;157;164m[38;2;242;189;196m▄[48;2;219;178;181m[38;2;223;154;160m▄[48;2;210;208;209m[38;2;211;206;206m▄[48;2;198;123;138m[38;2;209;208;208m▄[48;2;199;95;116m[38;2;198;203;204m▄[48;2;192;109;126m[38;2;203;171;172m▄[48;2;209;137;143m[38;2;236;158;164m▄[48;2;216;137;146m[38;2;225;159;167m▄[48;2;213;113;131m[38;2;196;193;194m▄[48;2;206;138;152m[38;2;198;200;199m▄[48;2;192;195;195m[38;2;206;202;202m▄[48;2;220;184;184m[38;2;238;183;186m▄[48;2;247;205;206m[38;2;238;203;207m▄[48;2;238;181;186m[38;2;217;127;135m▄[48;2;215;174;169m[38;2;208;189;188m▄[48;2;204;196;187m[38;2;211;167;173m▄[48;2;222;173;180m[38;2;232;143;151m▄[48;2;216;196;199m[38;2;214;142;149m▄[48;2;207;204;194m[38;2;210;213;212m▄[48;2;211;208;206m[38;2;211;211;211m▄[48;2;212;212;212m[38;2;210;210;209m▄[48;2;212;211;210m[38;2;211;211;210m▄[48;2;211;211;211m[38;2;211;211;211m▄[48;2;211;211;211m[38;2;211;211;211m▄[48;2;211;211;211m[38;2;211;211;211m▄[48;2;211;211;211m[38;2;210;210;210m▄[48;2;209;209;209m[38;2;209;209;209m▄[48;2;209;209;209m[38;2;209;209;208m▄[48;2;208;208;209m[38;2;208;208;208m▄[48;2;208;208;208m[38;2;208;208;208m▄[48;2;208;208;208m[38;2;207;207;207m▄[48;2;207;207;207m[38;2;207;207;207m▄[48;2;206;206;206m[38;2;206;206;206m▄[48;2;206;206;206m[38;2;205;205;205m▄[48;2;204;204;204m[38;2;204;204;204m▄[48;2;203;203;203m[38;2;203;203;203m▄[48;2;203;203;203m[38;2;203;203;203m▄[48;2;203;203;203m[38;2;203;203;203m▄[48;2;203;203;203m[38;2;203;203;203m▄[0m
[48;2;212;212;212m[38;2;211;211;211m▄[48;2;214;214;214m[38;2;213;213;213m▄[48;2;214;214;214m[38;2;213;213;213m▄[48;2;214;214;214m[38;2;214;214;214m▄[48;2;215;215;215m[38;2;215;215;215m▄[48;2;215;215;215m[38;2;215;215;215m▄[48;2;215;215;215m[38;2;215;215;215m▄[48;2;215;215;215m[38;2;215;215;215m▄[48;2;216;215;216m[38;2;215;215;215m▄[48;2;216;216;216m[38;2;216;216;216m▄[48;2;216;216;216m[38;2;216;216;216m▄[48;2;216;216;216m[38;2;216;216;216m▄[48;2;216;216;216m[38;2;216;216;216m▄[48;2;216;216;216m[38;2;216;216;216m▄[48;2;216;216;217m[38;2;216;216;216m▄[48;2;217;217;217m[38;2;216;216;217m▄[48;2;217;216;216m[38;2;216;216;216m▄[48;2;218;225;224m[38;2;217;218;218m▄[48;2;210;181;185m[38;2;217;213;214m▄[48;2;224;154;163m[38;2;204;130;142m▄[48;2;223;160;169m[38;2;191;83;101m▄[48;2;206;102;116m[38;2;212;124;137m▄[48;2;239;184;191m[38;2;234;170;178m▄[48;2;202;112;126m[38;2;210;122;135m▄[48;2;216;150;158m[38;2;219;150;161m▄[48;2;238;183;191m[38;2;189;90;107m▄[48;2;202;104;117m[38;2;216;136;146m▄[48;2;216;147;155m[38;2;208;132;143m▄[48;2;218;144;153m[38;2;223;159;169m▄[48;2;212;148;156m[38;2;215;135;148m▄[48;2;206;134;142m[38;2;201;105;121m▄[48;2;212;118;129m[38;2;234;179;186m▄[48;2;208;136;143m[38;2;205;114;128m▄[48;2;222;174;177m[38;2;239;197;201m▄[48;2;240;192;194m[38;2;221;163;170m▄[48;2;226;160;166m[38;2;217;142;152m▄[48;2;241;195;197m[38;2;240;196;201m▄[48;2;227;184;187m[38;2;210;150;160m▄[48;2;217;129;139m[38;2;235;175;183m▄[48;2;207;145;152m[38;2;203;107;121m▄[48;2;204;135;144m[38;2;207;122;133m▄[48;2;212;112;124m[38;2;223;149;158m▄[48;2;202;158;164m[38;2;185;128;138m▄[48;2;206;214;214m[38;2;207;208;208m▄[48;2;211;209;209m[38;2;211;212;210m▄[48;2;211;211;211m[38;2;211;210;209m▄[48;2;211;211;211m[38;2;211;211;209m▄[48;2;211;211;211m[38;2;211;211;210m▄[48;2;211;211;211m[38;2;211;211;211m▄[48;2;211;211;211m[38;2;209;211;211m▄[48;2;210;210;211m[38;2;209;212;217m▄[48;2;210;209;211m[38;2;209;209;215m▄[48;2;209;208;209m[38;2;208;207;211m▄[48;2;208;208;208m[38;2;208;208;208m▄[48;2;208;208;208m[38;2;208;208;208m▄[48;2;207;207;206m[38;2;208;208;205m▄[48;2;207;207;205m[38;2;207;207;202m▄[48;2;206;206;202m[38;2;207;207;201m▄[48;2;204;204;203m[38;2;204;205;202m▄[48;2;204;204;204m[38;2;203;203;203m▄[48;2;204;204;203m[38;2;202;202;202m▄[48;2;203;203;203m[38;2;203;203;203m▄[48;2;202;202;202m[38;2;203;203;203m▄[48;2;202;202;202m[38;2;202;202;202m▄[0m
[48;2;211;211;211m[38;2;210;210;210m▄[48;2;211;211;211m[38;2;210;210;210m▄[48;2;212;212;212m[38;2;211;211;211m▄[48;2;213;213;213m[38;2;212;212;212m▄[48;2;214;214;214m[38;2;213;213;213m▄[48;2;214;214;214m[38;2;213;214;213m▄[48;2;215;215;215m[38;2;214;213;215m▄[48;2;215;215;215m[38;2;214;214;215m▄[48;2;215;215;215m[38;2;215;215;215m▄[48;2;215;215;215m[38;2;215;215;215m▄[48;2;215;215;215m[38;2;215;214;216m▄[48;2;215;215;215m[38;2;215;215;216m▄[48;2;216;216;216m[38;2;216;216;216m▄[48;2;216;216;216m[38;2;215;215;215m▄[48;2;216;216;216m[38;2;216;216;216m▄[48;2;216;215;216m[38;2;216;216;216m▄[48;2;216;216;216m[38;2;216;216;216m▄[48;2;216;215;216m[38;2;216;216;216m▄[48;2;216;217;217m[38;2;215;213;213m▄[48;2;217;223;223m[38;2;211;214;206m▄[48;2;189;137;148m[38;2;184;119;133m▄[48;2;221;132;146m[38;2;228;125;142m▄[48;2;195;103;120m[38;2;169;82;101m▄[48;2;230;151;162m[38;2;195;105;120m▄[48;2;191;101;117m[38;2;225;139;152m▄[48;2;183;93;110m[38;2;163;63;87m▄[48;2;231;154;165m[38;2;228;134;147m▄[48;2;171;68;88m[38;2;199;110;125m▄[48;2;231;159;169m[38;2;226;142;154m▄[48;2;181;81;102m[38;2;197;108;126m▄[48;2;227;152;163m[38;2;226;143;156m▄[48;2;204;116;132m[38;2;212;133;148m▄[48;2;224;157;169m[38;2;215;144;157m▄[48;2;226;163;173m[38;2;232;162;173m▄[48;2;193;98;116m[38;2;202;127;144m▄[48;2;209;122;138m[38;2;212;135;150m▄[48;2;247;183;191m[38;2;220;132;144m▄[48;2;187;95;114m[38;2;161;53;76m▄[48;2;226;141;154m[38;2;226;130;143m▄[48;2;182;86;102m[38;2;190;97;115m▄[48;2;224;141;153m[38;2;219;129;143m▄[48;2;186;89;109m[38;2;191;92;111m▄[48;2;179;71;92m[38;2;175;88;109m▄[48;2;199;163;172m[38;2;197;188;191m▄[48;2;213;220;219m[38;2;208;210;210m▄[48;2;210;209;209m[38;2;211;210;211m▄[48;2;211;211;211m[38;2;210;210;210m▄[48;2;210;210;210m[38;2;210;210;210m▄[48;2;210;210;210m[38;2;210;210;210m▄[48;2;209;210;211m[38;2;209;209;210m▄[48;2;207;211;217m[38;2;207;208;211m▄[48;2;207;208;216m[38;2;207;208;211m▄[48;2;209;208;212m[38;2;209;207;212m▄[48;2;208;208;209m[38;2;208;207;209m▄[48;2;208;207;208m[38;2;208;208;207m▄[48;2;208;208;206m[38;2;208;208;207m▄[48;2;207;208;202m[38;2;206;207;202m▄[48;2;206;207;202m[38;2;204;207;202m▄[48;2;203;205;201m[38;2;202;207;205m▄[48;2;202;202;203m[38;2;202;203;204m▄[48;2;203;203;203m[38;2;203;202;203m▄[48;2;203;203;203m[38;2;201;201;202m▄[48;2;201;201;201m[38;2;201;201;201m▄[48;2;201;201;201m[38;2;201;201;201m▄[0m
[48;2;210;210;210m[38;2;210;210;210m▄[48;2;210;210;210m[38;2;210;210;210m▄[48;2;210;210;210m[38;2;210;210;210m▄[48;2;211;211;211m[38;2;210;210;210m▄[48;2;211;211;211m[38;2;210;210;210m▄[48;2;212;212;212m[38;2;211;211;211m▄[48;2;212;212;213m[38;2;212;212;212m▄[48;2;213;213;213m[38;2;213;213;213m▄[48;2;213;213;214m[38;2;213;213;213m▄[48;2;214;214;214m[38;2;213;213;213m▄[48;2;215;214;215m[38;2;213;213;213m▄[48;2;215;215;215m[38;2;214;214;214m▄[48;2;215;215;215m[38;2;214;214;214m▄[48;2;215;215;215m[38;2;214;214;214m▄[48;2;215;215;215m[38;2;215;215;215m▄[48;2;215;215;215m[38;2;215;215;215m▄[48;2;215;215;214m[38;2;215;215;215m▄[48;2;216;218;219m[38;2;216;216;217m▄[48;2;209;203;197m[38;2;211;207;204m▄[48;2;208;206;195m[38;2;199;189;170m▄[48;2;187;126;144m[38;2;208;199;199m▄[48;2;180;63;88m[38;2;185;140;147m▄[48;2;186;142;154m[38;2;190;172;162m▄[48;2;175;118;131m[38;2;202;192;182m▄[48;2;215;115;132m[38;2;168;81;103m▄[48;2;206;112;129m[38;2;216;114;131m▄[48;2;160;51;77m[38;2;220;131;144m▄[48;2;177;87;108m[38;2;178;94;112m▄[48;2;166;61;87m[38;2;174;83;102m▄[48;2;185;105;122m[38;2;194;135;147m▄[48;2;191;120;136m[38;2;198;155;164m▄[48;2;204;126;143m[38;2;201;132;146m▄[48;2;194;112;130m[38;2;204;145;155m▄[48;2;195;111;131m[38;2;194;124;138m▄[48;2;187;102;122m[38;2;190;112;130m▄[48;2;168;68;92m[38;2;189;111;129m▄[48;2;172;79;100m[38;2;183;101;119m▄[48;2;184;136;147m[38;2;193;189;190m▄[48;2;175;85;107m[38;2;198;188;181m▄[48;2;177;96;117m[38;2;194;184;172m▄[48;2;173;86;109m[38;2;194;186;177m▄[48;2;178;89;110m[38;2;194;188;184m▄[48;2;186;162;168m[38;2;195;195;186m▄[48;2;196;201;200m[38;2;204;203;203m▄[48;2;207;206;207m[38;2;209;209;210m▄[48;2;209;209;210m[38;2;208;208;209m▄[48;2;209;209;209m[38;2;208;208;209m▄[48;2;209;208;210m[38;2;208;208;208m▄[48;2;209;209;210m[38;2;208;208;208m▄[48;2;209;208;208m[38;2;207;207;207m▄[48;2;208;207;208m[38;2;207;207;207m▄[48;2;208;207;208m[38;2;207;207;207m▄[48;2;208;207;209m[38;2;207;207;207m▄[48;2;207;207;208m[38;2;207;207;207m▄[48;2;207;207;205m[38;2;206;206;205m▄[48;2;208;208;202m[38;2;207;207;202m▄[48;2;207;207;202m[38;2;206;206;201m▄[48;2;204;207;203m[38;2;204;205;204m▄[48;2;202;206;207m[38;2;202;203;204m▄[48;2;202;202;203m[38;2;202;202;202m▄[48;2;201;201;202m[38;2;201;201;201m▄[48;2;201;201;201m[38;2;201;201;201m▄[48;2;202;202;202m[38;2;201;201;201m▄[48;2;201;201;201m[38;2;201;201;201m▄[0m
[48;2;210;210;210m[38;2;209;209;209m▄[48;2;210;210;210m[38;2;210;210;210m▄[48;2;210;210;210m[38;2;211;211;211m▄[48;2;210;210;210m[38;2;211;211;211m▄[48;2;211;211;211m[38;2;211;211;211m▄[48;2;212;212;212m[38;2;212;212;212m▄[48;2;211;211;211m[38;2;212;212;212m▄[48;2;211;211;211m[38;2;212;212;213m▄[48;2;211;211;211m[38;2;212;212;213m▄[48;2;211;211;211m[38;2;212;212;213m▄[48;2;211;211;212m[38;2;213;213;213m▄[48;2;213;213;213m[38;2;213;213;213m▄[48;2;213;213;213m[38;2;213;213;213m▄[48;2;212;212;212m[38;2;213;213;213m▄[48;2;213;213;213m[38;2;213;213;213m▄[48;2;213;213;213m[38;2;214;214;214m▄[48;2;214;214;214m[38;2;214;214;214m▄[48;2;214;213;213m[38;2;214;214;215m▄[48;2;214;215;217m[38;2;213;213;213m▄[48;2;206;199;192m[38;2;214;216;217m▄[48;2;199;188;171m[38;2;213;214;217m▄[48;2;200;197;181m[38;2;211;211;213m▄[48;2;200;195;186m[38;2;211;212;214m▄[48;2;209;211;211m[38;2;212;211;212m▄[48;2;206;197;200m[38;2;213;216;215m▄[48;2;172;98;117m[38;2;210;210;210m▄[48;2;187;79;103m[38;2;189;156;167m▄[48;2;204;102;122m[38;2;179;121;138m▄[48;2;201;112;131m[38;2;184;122;138m▄[48;2;205;112;131m[38;2;192;145;157m▄[48;2;211;138;152m[38;2;192;134;147m▄[48;2;198;131;144m[38;2;192;115;131m▄[48;2;186;100;120m[38;2;198;112;131m▄[48;2;192;130;146m[38;2;194;103;122m▄[48;2;182;128;143m[38;2;193;93;112m▄[48;2;185;99;117m[38;2;188;89;109m▄[48;2;187;89;111m[38;2;167;83;105m▄[48;2;181;153;159m[38;2;196;192;194m▄[48;2;207;208;200m[38;2;208;210;211m▄[48;2;201;195;189m[38;2;209;209;213m▄[48;2;199;193;181m[38;2;208;209;212m▄[48;2;202;194;181m[38;2;207;208;212m▄[48;2;207;202;198m[38;2;207;208;209m▄[48;2;208;208;209m[38;2;208;208;207m▄[48;2;209;208;208m[38;2;208;208;208m▄[48;2;208;209;208m[38;2;207;207;207m▄[48;2;207;208;207m[38;2;207;207;207m▄[48;2;207;207;208m[38;2;207;207;207m▄[48;2;207;207;207m[38;2;207;207;207m▄[48;2;207;207;207m[38;2;207;206;207m▄[48;2;206;206;207m[38;2;206;205;207m▄[48;2;206;206;206m[38;2;205;205;206m▄[48;2;205;205;205m[38;2;205;205;205m▄[48;2;205;205;205m[38;2;205;205;205m▄[48;2;204;204;203m[38;2;204;204;204m▄[48;2;204;204;203m[38;2;203;203;204m▄[48;2;203;203;202m[38;2;203;203;203m▄[48;2;203;203;203m[38;2;203;203;203m▄[48;2;203;202;202m[38;2;202;202;202m▄[48;2;203;203;203m[38;2;202;202;202m▄[48;2;201;201;202m[38;2;201;201;202m▄[48;2;201;200;201m[38;2;201;200;201m▄[48;2;201;201;201m[38;2;201;201;201m▄[48;2;201;201;201m[38;2;202;202;202m▄[0m
[48;2;213;213;213m[38;2;216;216;216m▄[48;2;214;214;214m[38;2;216;216;216m▄[48;2;214;214;214m[38;2;216;216;216m▄[48;2;214;214;215m[38;2;216;216;216m▄[48;2;214;214;215m[38;2;216;216;216m▄[48;2;215;215;215m[38;2;217;217;217m▄[48;2;215;215;215m[38;2;217;217;217m▄[48;2;215;215;215m[38;2;217;217;217m▄[48;2;216;216;216m[38;2;217;217;217m▄[48;2;216;216;216m[38;2;217;217;217m▄[48;2;216;216;216m[38;2;217;217;217m▄[48;2;216;216;216m[38;2;218;218;218m▄[48;2;216;216;216m[38;2;218;218;218m▄[48;2;216;216;216m[38;2;218;218;218m▄[48;2;216;216;216m[38;2;218;217;217m▄[48;2;216;216;216m[38;2;218;218;218m▄[48;2;216;216;216m[38;2;218;218;218m▄[48;2;217;217;217m[38;2;217;217;217m▄[48;2;217;218;217m[38;2;216;216;217m▄[48;2;217;217;217m[38;2;215;215;215m▄[48;2;217;217;216m[38;2;214;213;213m▄[48;2;217;216;216m[38;2;213;213;213m▄[48;2;218;218;217m[38;2;209;208;209m▄[48;2;217;217;217m[38;2;150;119;126m▄[48;2;216;214;215m[38;2;165;145;149m▄[48;2;215;216;215m[38;2;155;126;132m▄[48;2;211;217;215m[38;2;159;133;139m▄[48;2;205;211;209m[38;2;155;129;133m▄[48;2;198;203;200m[38;2;161;136;141m▄[48;2;190;196;193m[38;2;152;124;131m▄[48;2;191;192;191m[38;2;135;101;109m▄[48;2;185;166;169m[38;2;193;197;196m▄[48;2;179;136;144m[38;2;195;200;197m▄[48;2;176;114;129m[38;2;150;127;132m▄[48;2;172;105;120m[38;2;146;120;124m▄[48;2;172;120;133m[38;2;156;140;141m▄[48;2;188;179;181m[38;2;151;127;130m▄[48;2;195;199;199m[38;2;166;147;151m▄[48;2;210;209;210m[38;2;150;121;127m▄[48;2;212;212;212m[38;2;202;198;199m▄[48;2;210;209;210m[38;2;212;212;213m▄[48;2;210;210;209m[38;2;210;209;210m▄[48;2;210;210;210m[38;2;211;210;210m▄[48;2;210;210;210m[38;2;211;211;211m▄[48;2;210;210;210m[38;2;211;210;211m▄[48;2;209;210;210m[38;2;210;210;210m▄[48;2;210;210;210m[38;2;210;210;210m▄[48;2;209;209;209m[38;2;211;211;211m▄[48;2;209;209;209m[38;2;211;211;211m▄[48;2;209;209;209m[38;2;211;211;211m▄[48;2;209;209;209m[38;2;211;211;210m▄[48;2;209;208;209m[38;2;209;209;209m▄[48;2;208;208;208m[38;2;209;209;209m▄[48;2;207;207;207m[38;2;209;209;209m▄[48;2;207;207;207m[38;2;209;209;209m▄[48;2;207;207;207m[38;2;209;208;209m▄[48;2;206;206;206m[38;2;208;208;208m▄[48;2;206;206;206m[38;2;208;208;208m▄[48;2;205;205;205m[38;2;207;207;207m▄[48;2;204;204;204m[38;2;207;207;207m▄[48;2;203;203;204m[38;2;207;206;207m▄[48;2;203;203;203m[38;2;206;206;206m▄[48;2;202;202;202m[38;2;206;206;206m▄[48;2;203;203;203m[38;2;205;205;205m▄[0m
[48;2;219;219;219m[38;2;224;224;224m▄[48;2;219;219;219m[38;2;224;224;224m▄[48;2;220;220;220m[38;2;224;224;224m▄[48;2;220;220;220m[38;2;224;224;224m▄[48;2;220;220;220m[38;2;224;224;224m▄[48;2;221;221;221m[38;2;224;224;224m▄[48;2;221;221;221m[38;2;224;224;224m▄[48;2;221;221;221m[38;2;225;225;225m▄[48;2;221;221;221m[38;2;224;224;224m▄[48;2;221;221;221m[38;2;224;224;224m▄[48;2;222;222;222m[38;2;226;226;226m▄[48;2;222;222;222m[38;2;225;225;225m▄[48;2;222;222;222m[38;2;225;225;225m▄[48;2;222;222;222m[38;2;224;224;224m▄[48;2;222;222;222m[38;2;225;225;225m▄[48;2;222;223;223m[38;2;225;225;225m▄[48;2;221;221;222m[38;2;225;225;225m▄[48;2;218;218;219m[38;2;225;225;225m▄[48;2;213;213;213m[38;2;223;223;223m▄[48;2;206;206;207m[38;2;225;226;225m▄[48;2;200;200;200m[38;2;213;209;210m▄[48;2;200;202;202m[38;2;178;160;166m▄[48;2;199;199;199m[38;2;173;152;156m▄[48;2;151;124;128m[38;2;177;159;163m▄[48;2;160;142;145m[38;2;180;165;169m▄[48;2;150;127;131m[38;2;183;169;172m▄[48;2;160;139;143m[38;2;167;149;152m▄[48;2;158;137;141m[38;2;169;152;156m▄[48;2;164;143;146m[38;2;172;155;158m▄[48;2;163;145;147m[38;2;181;169;172m▄[48;2;152;128;132m[38;2;186;178;180m▄[48;2;187;179;181m[38;2;161;141;146m▄[48;2;194;193;192m[38;2;178;168;170m▄[48;2;156;133;137m[38;2;174;158;161m▄[48;2;151;125;130m[38;2;171;153;157m▄[48;2;166;147;151m[38;2;165;147;149m▄[48;2;159;134;137m[38;2;167;150;153m▄[48;2;169;155;156m[38;2;197;189;192m▄[48;2;160;138;141m[38;2;181;165;170m▄[48;2;175;161;163m[38;2;178;161;165m▄[48;2;192;192;193m[38;2;173;156;160m▄[48;2;200;203;204m[38;2;163;143;146m▄[48;2;200;201;200m[38;2;187;176;180m▄[48;2;203;203;203m[38;2;217;218;218m▄[48;2;209;209;209m[38;2;214;214;214m▄[48;2;212;212;213m[38;2;216;216;217m▄[48;2;214;214;215m[38;2;216;216;217m▄[48;2;214;214;214m[38;2;216;215;216m▄[48;2;214;214;214m[38;2;216;216;216m▄[48;2;214;214;214m[38;2;216;216;216m▄[48;2;213;213;213m[38;2;216;215;216m▄[48;2;212;212;212m[38;2;215;215;215m▄[48;2;211;211;211m[38;2;215;215;215m▄[48;2;211;211;211m[38;2;214;214;214m▄[48;2;210;210;210m[38;2;213;213;213m▄[48;2;210;210;210m[38;2;212;212;212m▄[48;2;210;210;210m[38;2;211;211;211m▄[48;2;209;209;209m[38;2;210;210;210m▄[48;2;214;214;214m[38;2;217;217;217m▄[48;2;216;216;216m[38;2;222;222;222m▄[48;2;209;209;208m[38;2;211;211;210m▄[48;2;208;208;209m[38;2;210;209;210m▄[48;2;208;208;209m[38;2;210;210;210m▄[48;2;208;208;208m[38;2;209;209;209m▄[0m
[48;2;226;226;226m[38;2;228;228;228m▄[48;2;226;226;226m[38;2;228;228;228m▄[48;2;226;226;226m[38;2;228;228;228m▄[48;2;227;227;227m[38;2;229;229;229m▄[48;2;226;226;226m[38;2;229;229;229m▄[48;2;226;226;226m[38;2;229;229;229m▄[48;2;227;227;227m[38;2;228;228;228m▄[48;2;227;227;227m[38;2;229;229;229m▄[48;2;227;227;227m[38;2;229;229;229m▄[48;2;227;227;227m[38;2;229;229;229m▄[48;2;228;228;228m[38;2;229;229;229m▄[48;2;228;228;228m[38;2;229;229;229m▄[48;2;227;227;227m[38;2;229;229;229m▄[48;2;227;227;227m[38;2;229;229;229m▄[48;2;227;227;227m[38;2;229;229;229m▄[48;2;227;227;227m[38;2;229;229;229m▄[48;2;228;228;228m[38;2;229;229;229m▄[48;2;228;228;228m[38;2;229;229;229m▄[48;2;227;227;227m[38;2;229;229;229m▄[48;2;229;230;230m[38;2;229;228;229m▄[48;2;224;222;222m[38;2;229;229;229m▄[48;2;198;185;189m[38;2;233;235;234m▄[48;2;194;180;182m[38;2;234;236;236m▄[48;2;201;187;190m[38;2;232;234;234m▄[48;2;207;195;200m[38;2;230;232;231m▄[48;2;214;208;210m[38;2;229;230;230m▄[48;2;195;183;185m[38;2;233;235;235m▄[48;2;199;186;190m[38;2;231;233;233m▄[48;2;204;192;195m[38;2;230;231;231m▄[48;2;199;188;191m[38;2;229;231;230m▄[48;2;209;202;205m[38;2;227;228;228m▄[48;2;201;188;192m[38;2;230;232;231m▄[48;2;211;203;206m[38;2;227;228;228m▄[48;2;200;190;192m[38;2;228;230;229m▄[48;2;198;186;187m[38;2;228;230;230m▄[48;2;201;189;191m[38;2;228;229;229m▄[48;2;204;194;196m[38;2;227;228;228m▄[48;2;212;208;210m[38;2;224;225;225m▄[48;2;200;188;191m[38;2;226;228;228m▄[48;2;209;202;204m[38;2;225;226;226m▄[48;2;196;184;187m[38;2;227;229;228m▄[48;2;193;181;184m[38;2;227;229;229m▄[48;2;209;203;205m[38;2;223;224;224m▄[48;2;220;221;221m[38;2;219;219;219m▄[48;2;217;217;217m[38;2;218;218;218m▄[48;2;218;218;218m[38;2;218;218;218m▄[48;2;217;217;217m[38;2;217;218;218m▄[48;2;217;217;217m[38;2;217;217;217m▄[48;2;217;217;217m[38;2;216;216;216m▄[48;2;216;216;216m[38;2;216;216;216m▄[48;2;216;215;217m[38;2;216;216;216m▄[48;2;215;215;215m[38;2;216;216;216m▄[48;2;216;216;215m[38;2;216;216;216m▄[48;2;215;215;215m[38;2;215;215;215m▄[48;2;215;215;215m[38;2;215;215;215m▄[48;2;214;214;214m[38;2;215;215;215m▄[48;2;214;214;214m[38;2;215;215;215m▄[48;2;214;214;214m[38;2;215;215;215m▄[48;2;213;213;213m[38;2;214;214;215m▄[48;2;213;213;213m[38;2;214;214;214m▄[48;2;211;211;211m[38;2;214;214;214m▄[48;2;211;211;211m[38;2;213;213;213m▄[48;2;210;210;210m[38;2;213;213;213m▄[48;2;210;210;210m[38;2;213;213;213m▄[0m
[48;2;230;230;230m[38;2;231;231;231m▄[48;2;231;231;231m[38;2;231;231;231m▄[48;2;230;230;230m[38;2;231;231;231m▄[48;2;230;230;230m[38;2;231;231;231m▄[48;2;231;231;231m[38;2;232;232;232m▄[48;2;230;230;230m[38;2;232;232;232m▄[48;2;230;230;230m[38;2;231;231;231m▄[48;2;230;230;230m[38;2;231;231;231m▄[48;2;230;230;230m[38;2;231;231;231m▄[48;2;231;231;231m[38;2;232;232;232m▄[48;2;231;231;231m[38;2;231;231;231m▄[48;2;231;231;231m[38;2;231;231;231m▄[48;2;230;230;230m[38;2;231;231;231m▄[48;2;230;230;230m[38;2;230;230;230m▄[48;2;230;230;230m[38;2;230;230;230m▄[48;2;230;230;230m[38;2;231;231;231m▄[48;2;230;230;230m[38;2;230;230;230m▄[48;2;230;230;230m[38;2;230;230;230m▄[48;2;230;230;230m[38;2;231;231;231m▄[48;2;230;230;230m[38;2;230;230;230m▄[48;2;230;230;230m[38;2;230;230;230m▄[48;2;229;229;229m[38;2;229;229;229m▄[48;2;228;227;227m[38;2;229;229;229m▄[48;2;228;227;227m[38;2;229;229;229m▄[48;2;227;227;227m[38;2;229;229;229m▄[48;2;227;226;226m[38;2;227;227;227m▄[48;2;226;226;226m[38;2;228;228;228m▄[48;2;226;226;226m[38;2;227;227;227m▄[48;2;226;226;226m[38;2;227;227;227m▄[48;2;227;227;227m[38;2;227;227;227m▄[48;2;227;227;227m[38;2;227;227;227m▄[48;2;225;224;224m[38;2;226;226;226m▄[48;2;223;223;223m[38;2;226;226;226m▄[48;2;223;223;223m[38;2;225;225;225m▄[48;2;223;223;223m[38;2;224;224;224m▄[48;2;223;223;223m[38;2;225;225;225m▄[48;2;223;223;223m[38;2;224;224;224m▄[48;2;223;223;223m[38;2;226;226;226m▄[48;2;222;222;222m[38;2;223;223;223m▄[48;2;223;222;222m[38;2;223;223;223m▄[48;2;222;221;221m[38;2;223;223;223m▄[48;2;221;221;221m[38;2;222;222;222m▄[48;2;222;222;222m[38;2;222;222;222m▄[48;2;221;221;221m[38;2;222;222;222m▄[48;2;221;221;221m[38;2;221;221;221m▄[48;2;220;220;220m[38;2;220;220;220m▄[48;2;218;218;218m[38;2;218;218;218m▄[48;2;217;217;217m[38;2;217;217;217m▄[48;2;217;217;217m[38;2;217;217;217m▄[48;2;217;217;217m[38;2;217;217;217m▄[48;2;216;216;216m[38;2;217;217;217m▄[48;2;216;216;216m[38;2;216;216;216m▄[48;2;216;216;216m[38;2;216;216;216m▄[48;2;216;216;216m[38;2;216;216;216m▄[48;2;216;216;216m[38;2;216;216;216m▄[48;2;216;216;216m[38;2;217;217;217m▄[48;2;216;216;216m[38;2;216;216;216m▄[48;2;215;215;215m[38;2;216;216;216m▄[48;2;215;215;215m[38;2;215;215;215m▄[48;2;215;215;215m[38;2;215;215;215m▄[48;2;215;215;215m[38;2;216;216;216m▄[48;2;215;215;215m[38;2;215;215;215m▄[48;2;215;215;215m[38;2;215;215;215m▄[48;2;215;215;215m[38;2;215;215;215m▄[0m
