[48;2;222;222;222m[38;2;222;222;222m▄[48;2;223;223;223m[38;2;223;223;223m▄[48;2;223;223;223m[38;2;223;223;223m▄[48;2;223;223;223m[38;2;223;223;223m▄[48;2;224;224;224m[38;2;224;224;224m▄[48;2;225;225;225m[38;2;224;224;224m▄[48;2;224;224;224m[38;2;224;224;224m▄[48;2;225;225;225m[38;2;224;224;224m▄[48;2;225;225;225m[38;2;224;224;224m▄[48;2;225;225;225m[38;2;224;224;224m▄[48;2;226;226;226m[38;2;225;225;226m▄[48;2;227;227;227m[38;2;227;227;227m▄[48;2;227;227;227m[38;2;227;227;227m▄[48;2;227;227;227m[38;2;227;227;227m▄[48;2;227;227;227m[38;2;226;226;226m▄[48;2;227;227;227m[38;2;227;227;226m▄[48;2;227;227;227m[38;2;227;227;227m▄[48;2;227;227;227m[38;2;227;227;227m▄[48;2;227;227;227m[38;2;227;227;227m▄[48;2;227;227;227m[38;2;227;227;227m▄[48;2;226;226;226m[38;2;226;226;226m▄[48;2;227;227;227m[38;2;227;227;227m▄[48;2;227;227;227m[38;2;226;226;226m▄[48;2;227;227;227m[38;2;226;226;226m▄[48;2;227;227;227m[38;2;227;227;227m▄[48;2;227;227;227m[38;2;226;226;226m▄[48;2;227;227;227m[38;2;226;226;226m▄[48;2;228;228;228m[38;2;226;226;226m▄[48;2;225;225;225m[38;2;224;224;224m▄[48;2;224;224;224m[38;2;224;224;224m▄[48;2;224;224;224m[38;2;224;224;224m▄[48;2;224;224;224m[38;2;224;224;224m▄[48;2;224;224;224m[38;2;224;224;224m▄[48;2;223;223;223m[38;2;223;223;223m▄[48;2;223;223;223m[38;2;223;223;223m▄[48;2;223;223;223m[38;2;223;223;223m▄[48;2;223;223;223m[38;2;222;222;222m▄[48;2;222;222;222m[38;2;222;222;222m▄[48;2;222;222;222m[38;2;222;222;222m▄[48;2;221;221;221m[38;2;221;221;221m▄[48;2;221;221;221m[38;2;220;220;220m▄[48;2;219;219;219m[38;2;219;219;219m▄[48;2;217;217;217m[38;2;217;217;217m▄[48;2;217;217;217m[38;2;217;217;217m▄[48;2;216;216;216m[38;2;216;216;216m▄[48;2;216;216;216m[38;2;216;216;216m▄[48;2;217;217;217m[38;2;216;216;216m▄[48;2;216;216;217m[38;2;216;216;217m▄[48;2;216;216;216m[38;2;215;215;215m▄[48;2;216;216;216m[38;2;215;215;215m▄[48;2;215;215;215m[38;2;214;214;215m▄[48;2;214;214;214m[38;2;214;214;214m▄[48;2;214;214;214m[38;2;214;214;214m▄[48;2;214;214;214m[38;2;214;213;213m▄[48;2;213;213;213m[38;2;212;212;212m▄[48;2;211;211;211m[38;2;211;211;211m▄[48;2;210;210;210m[38;2;210;210;210m▄[48;2;210;210;210m[38;2;211;211;211m▄[48;2;210;210;210m[38;2;210;210;210m▄[48;2;210;210;210m[38;2;210;210;210m▄[48;2;209;209;209m[38;2;209;209;209m▄[48;2;208;208;208m[38;2;208;208;208m▄[48;2;208;208;208m[38;2;208;208;208m▄[48;2;207;207;207m[38;2;208;208;208m▄[0m
[48;2;222;222;222m[38;2;222;222;222m▄[48;2;222;222;222m[38;2;222;222;222m▄[48;2;223;223;223m[38;2;223;223;223m▄[48;2;223;223;223m[38;2;223;223;223m▄[48;2;224;224;224m[38;2;223;223;223m▄[48;2;224;224;224m[38;2;224;224;224m▄[48;2;224;224;224m[38;2;224;224;224m▄[48;2;224;224;224m[38;2;224;224;224m▄[48;2;224;224;224m[38;2;224;224;224m▄[48;2;225;225;224m[38;2;227;227;226m▄[48;2;225;226;225m[38;2;232;232;227m▄[48;2;225;224;224m[38;2;224;224;224m▄[48;2;226;226;226m[38;2;226;226;226m▄[48;2;226;226;226m[38;2;225;225;226m▄[48;2;226;226;226m[38;2;232;231;229m▄[48;2;226;226;226m[38;2;234;234;230m▄[48;2;226;226;226m[38;2;226;226;226m▄[48;2;226;226;226m[38;2;227;227;227m▄[48;2;226;226;226m[38;2;227;227;227m▄[48;2;226;226;226m[38;2;227;227;227m▄[48;2;226;226;226m[38;2;226;226;226m▄[48;2;226;226;226m[38;2;226;226;226m▄[48;2;227;227;227m[38;2;226;226;226m▄[48;2;227;227;227m[38;2;227;227;227m▄[48;2;227;227;227m[38;2;226;226;226m▄[48;2;227;227;227m[38;2;225;225;225m▄[48;2;225;225;225m[38;2;224;224;224m▄[48;2;224;224;224m[38;2;225;225;225m▄[48;2;224;224;224m[38;2;224;224;224m▄[48;2;224;224;224m[38;2;224;224;224m▄[48;2;224;224;224m[38;2;224;224;224m▄[48;2;224;224;224m[38;2;224;224;224m▄[48;2;224;224;224m[38;2;223;223;223m▄[48;2;223;223;223m[38;2;223;223;223m▄[48;2;223;223;223m[38;2;223;223;223m▄[48;2;223;223;223m[38;2;222;222;222m▄[48;2;222;222;222m[38;2;222;222;222m▄[48;2;222;222;222m[38;2;222;222;222m▄[48;2;222;222;222m[38;2;221;221;221m▄[48;2;221;221;221m[38;2;220;220;220m▄[48;2;221;221;221m[38;2;220;220;220m▄[48;2;219;219;219m[38;2;218;218;218m▄[48;2;217;217;217m[38;2;217;217;217m▄[48;2;216;216;216m[38;2;216;216;216m▄[48;2;216;216;216m[38;2;216;216;216m▄[48;2;216;216;216m[38;2;216;216;216m▄[48;2;216;216;216m[38;2;216;216;216m▄[48;2;215;215;215m[38;2;215;215;215m▄[48;2;215;215;215m[38;2;215;215;215m▄[48;2;214;214;214m[38;2;214;214;214m▄[48;2;214;214;214m[38;2;215;215;215m▄[48;2;214;214;214m[38;2;214;214;214m▄[48;2;214;214;214m[38;2;213;213;213m▄[48;2;213;213;213m[38;2;213;213;213m▄[48;2;212;212;212m[38;2;212;212;212m▄[48;2;211;211;211m[38;2;211;211;211m▄[48;2;210;210;210m[38;2;210;210;211m▄[48;2;210;210;210m[38;2;210;210;210m▄[48;2;210;210;210m[38;2;210;210;210m▄[48;2;210;210;210m[38;2;210;210;210m▄[48;2;209;209;209m[38;2;208;208;209m▄[48;2;208;208;208m[38;2;208;208;208m▄[48;2;208;208;208m[38;2;208;208;208m▄[48;2;208;208;208m[38;2;208;208;208m▄[0m
[48;2;222;222;222m[38;2;221;221;221m▄[48;2;222;222;222m[38;2;221;221;221m▄[48;2;222;222;222m[38;2;222;222;222m▄[48;2;223;223;223m[38;2;223;223;222m▄[48;2;223;223;223m[38;2;223;223;223m▄[48;2;224;224;224m[38;2;223;223;224m▄[48;2;225;225;224m[38;2;226;226;225m▄[48;2;227;226;225m[38;2;228;226;223m▄[48;2;225;224;224m[38;2;234;229;223m▄[48;2;226;224;222m[38;2;239;236;227m▄[48;2;227;224;222m[38;2;241;237;229m▄[48;2;226;224;224m[38;2;240;234;227m▄[48;2;230;228;227m[38;2;239;234;226m▄[48;2;230;227;225m[38;2;239;234;225m▄[48;2;229;227;225m[38;2;236;232;226m▄[48;2;228;227;225m[38;2;231;228;224m▄[48;2;225;225;226m[38;2;228;226;224m▄[48;2;226;226;226m[38;2;226;225;225m▄[48;2;227;227;227m[38;2;226;226;227m▄[48;2;228;228;227m[38;2;229;229;229m▄[48;2;228;228;227m[38;2;228;228;228m▄[48;2;227;227;227m[38;2;226;226;226m▄[48;2;226;226;226m[38;2;228;228;227m▄[48;2;226;226;226m[38;2;227;227;226m▄[48;2;225;225;225m[38;2;224;224;224m▄[48;2;224;224;224m[38;2;224;224;224m▄[48;2;224;224;224m[38;2;224;224;224m▄[48;2;224;224;224m[38;2;223;224;223m▄[48;2;224;224;224m[38;2;223;224;223m▄[48;2;224;224;224m[38;2;222;223;222m▄[48;2;224;224;224m[38;2;224;224;224m▄[48;2;224;224;224m[38;2;224;224;224m▄[48;2;223;223;223m[38;2;223;223;223m▄[48;2;224;224;224m[38;2;223;223;223m▄[48;2;224;224;224m[38;2;222;222;222m▄[48;2;223;223;223m[38;2;222;222;222m▄[48;2;222;222;222m[38;2;221;222;221m▄[48;2;222;222;222m[38;2;222;222;222m▄[48;2;222;222;221m[38;2;221;221;222m▄[48;2;221;221;221m[38;2;221;221;221m▄[48;2;219;219;219m[38;2;218;219;218m▄[48;2;217;217;217m[38;2;218;218;217m▄[48;2;217;217;217m[38;2;217;217;216m▄[48;2;216;216;216m[38;2;216;216;216m▄[48;2;216;216;216m[38;2;217;217;217m▄[48;2;216;216;216m[38;2;217;217;217m▄[48;2;215;215;215m[38;2;215;215;215m▄[48;2;215;215;215m[38;2;215;215;215m▄[48;2;215;215;215m[38;2;215;215;215m▄[48;2;215;215;215m[38;2;215;215;215m▄[48;2;215;215;215m[38;2;214;214;214m▄[48;2;214;214;214m[38;2;213;214;214m▄[48;2;213;213;213m[38;2;213;213;213m▄[48;2;212;212;212m[38;2;211;211;211m▄[48;2;212;212;212m[38;2;211;211;211m▄[48;2;211;211;211m[38;2;211;211;211m▄[48;2;210;210;211m[38;2;210;210;210m▄[48;2;210;210;210m[38;2;210;210;210m▄[48;2;210;210;210m[38;2;210;210;210m▄[48;2;210;210;210m[38;2;210;210;210m▄[48;2;209;209;209m[38;2;208;208;208m▄[48;2;209;209;209m[38;2;208;208;208m▄[48;2;209;209;209m[38;2;208;208;208m▄[48;2;208;208;208m[38;2;208;208;208m▄[0m
[48;2;221;221;221m[38;2;220;220;220m▄[48;2;221;221;221m[38;2;221;221;221m▄[48;2;222;222;222m[38;2;221;221;221m▄[48;2;223;222;223m[38;2;222;222;222m▄[48;2;223;223;223m[38;2;223;222;223m▄[48;2;222;222;224m[38;2;222;222;223m▄[48;2;226;224;223m[38;2;230;227;222m▄[48;2;244;238;226m[38;2;245;240;228m▄[48;2;250;248;235m[38;2;250;246;236m▄[48;2;244;239;228m[38;2;230;225;218m▄[48;2;232;226;222m[38;2;221;221;222m▄[48;2;235;230;224m[38;2;228;228;225m▄[48;2;231;228;224m[38;2;225;225;224m▄[48;2;227;225;224m[38;2;222;222;223m▄[48;2;231;227;224m[38;2;223;223;224m▄[48;2;234;229;225m[38;2;223;223;224m▄[48;2;234;229;225m[38;2;224;224;224m▄[48;2;233;230;226m[38;2;226;225;225m▄[48;2;232;228;225m[38;2;230;228;226m▄[48;2;228;226;225m[38;2;228;226;223m▄[48;2;226;226;226m[38;2;228;227;224m▄[48;2;225;226;226m[38;2;227;226;225m▄[48;2;226;227;225m[38;2;231;228;230m▄[48;2;225;225;224m[38;2;228;227;228m▄[48;2;224;224;224m[38;2;222;223;221m▄[48;2;224;225;224m[38;2;228;227;228m▄[48;2;226;225;225m[38;2;211;217;210m▄[48;2;228;226;229m[38;2;131;174;120m▄[48;2;229;226;230m[38;2;146;185;136m▄[48;2;234;230;234m[38;2;167;193;165m▄[48;2;226;225;226m[38;2;213;217;215m▄[48;2;222;222;222m[38;2;230;227;229m▄[48;2;224;223;224m[38;2;220;221;220m▄[48;2;222;222;222m[38;2;232;228;231m▄[48;2;228;226;228m[38;2;195;207;196m▄[48;2;226;224;228m[38;2;122;169;108m▄[48;2;227;225;228m[38;2;172;196;164m▄[48;2;222;222;221m[38;2;228;225;229m▄[48;2;221;221;222m[38;2;218;219;218m▄[48;2;220;220;220m[38;2;225;223;226m▄[48;2;226;222;226m[38;2;172;195;169m▄[48;2;219;218;222m[38;2;117;172;85m▄[48;2;220;218;222m[38;2;146;185;127m▄[48;2;217;217;217m[38;2;218;217;220m▄[48;2;216;216;216m[38;2;217;216;216m▄[48;2;217;217;217m[38;2;216;216;216m▄[48;2;215;215;215m[38;2;216;216;216m▄[48;2;215;215;215m[38;2;216;216;216m▄[48;2;215;215;215m[38;2;215;215;215m▄[48;2;214;214;214m[38;2;215;215;215m▄[48;2;214;214;214m[38;2;214;215;214m▄[48;2;214;214;214m[38;2;215;215;215m▄[48;2;213;213;213m[38;2;213;213;213m▄[48;2;212;212;212m[38;2;213;213;213m▄[48;2;212;212;212m[38;2;212;212;212m▄[48;2;211;211;211m[38;2;211;211;211m▄[48;2;210;210;211m[38;2;210;210;210m▄[48;2;211;211;211m[38;2;210;210;210m▄[48;2;211;211;211m[38;2;210;210;210m▄[48;2;209;209;209m[38;2;209;209;209m▄[48;2;209;209;209m[38;2;209;209;209m▄[48;2;209;209;209m[38;2;208;208;208m▄[48;2;208;208;208m[38;2;208;208;208m▄[48;2;207;207;207m[38;2;208;208;208m▄[0m
[48;2;219;219;219m[38;2;217;217;217m▄[48;2;220;220;220m[38;2;219;219;219m▄[48;2;221;221;221m[38;2;221;221;221m▄[48;2;222;222;222m[38;2;221;221;221m▄[48;2;222;222;222m[38;2;221;221;222m▄[48;2;222;222;222m[38;2;222;222;222m▄[48;2;235;232;224m[38;2;221;220;221m▄[48;2;240;233;223m[38;2;241;235;222m▄[48;2;252;249;239m[38;2;254;252;239m▄[48;2;238;231;221m[38;2;245;237;226m▄[48;2;223;222;223m[38;2;230;225;221m▄[48;2;223;223;224m[38;2;222;223;223m▄[48;2;223;223;224m[38;2;224;224;224m▄[48;2;224;223;224m[38;2;224;224;224m▄[48;2;224;224;224m[38;2;223;223;223m▄[48;2;223;223;223m[38;2;224;224;224m▄[48;2;223;223;223m[38;2;224;223;223m▄[48;2;223;223;224m[38;2;223;223;223m▄[48;2;223;224;223m[38;2;223;223;223m▄[48;2;223;223;223m[38;2;222;223;222m▄[48;2;224;224;224m[38;2;229;226;231m▄[48;2;229;226;227m[38;2;158;191;146m▄[48;2;207;214;204m[38;2;137;186;88m▄[48;2;215;218;214m[38;2;135;180;86m▄[48;2;233;228;236m[38;2;160;189;138m▄[48;2;231;228;231m[38;2;226;225;224m▄[48;2;199;209;199m[38;2;219;220;218m▄[48;2;136;181;110m[38;2;134;176;116m▄[48;2;188;217;130m[38;2;169;204;104m▄[48;2;149;192;99m[38;2;150;192;86m▄[48;2;122;169;105m[38;2;149;193;86m▄[48;2;197;209;198m[38;2;112;163;89m▄[48;2;234;230;234m[38;2;219;219;223m▄[48;2;201;210;204m[38;2;139;177;125m▄[48;2;131;176;106m[38;2;105;163;66m▄[48;2;97;161;55m[38;2;154;182;147m▄[48;2;133;172;124m[38;2;212;210;213m▄[48;2;226;222;227m[38;2;215;213;214m▄[48;2;218;219;218m[38;2;217;218;216m▄[48;2;222;221;222m[38;2;219;220;219m▄[48;2;203;211;202m[38;2;223;221;223m▄[48;2;163;193;153m[38;2;228;221;230m▄[48;2;163;191;152m[38;2;221;215;226m▄[48;2;214;213;215m[38;2;215;212;216m▄[48;2;216;216;217m[38;2;216;215;217m▄[48;2;216;216;216m[38;2;216;216;216m▄[48;2;216;216;216m[38;2;215;215;215m▄[48;2;215;215;215m[38;2;215;215;215m▄[48;2;215;215;215m[38;2;215;215;215m▄[48;2;215;215;215m[38;2;214;214;215m▄[48;2;214;214;215m[38;2;214;214;214m▄[48;2;214;214;214m[38;2;213;213;213m▄[48;2;213;213;213m[38;2;212;212;212m▄[48;2;213;213;213m[38;2;212;212;212m▄[48;2;212;211;212m[38;2;211;211;211m▄[48;2;210;210;210m[38;2;210;210;210m▄[48;2;210;210;210m[38;2;210;210;210m▄[48;2;210;210;210m[38;2;210;210;210m▄[48;2;209;209;209m[38;2;209;209;210m▄[48;2;209;209;209m[38;2;208;208;209m▄[48;2;209;209;209m[38;2;208;208;208m▄[48;2;208;208;208m[38;2;208;208;208m▄[48;2;208;208;208m[38;2;208;208;208m▄[48;2;208;208;208m[38;2;208;208;208m▄[0m
[48;2;218;218;218m[38;2;217;217;217m▄[48;2;218;218;218m[38;2;217;217;217m▄[48;2;220;220;220m[38;2;219;219;219m▄[48;2;220;220;220m[38;2;219;219;219m▄[48;2;222;222;221m[38;2;220;220;220m▄[48;2;222;222;222m[38;2;221;221;221m▄[48;2;221;221;222m[38;2;221;221;222m▄[48;2;231;227;221m[38;2;225;222;221m▄[48;2;246;241;227m[38;2;242;234;222m▄[48;2;251;248;239m[38;2;244;239;230m▄[48;2;241;234;221m[38;2;248;245;238m▄[48;2;227;224;220m[38;2;236;227;219m▄[48;2;222;222;222m[38;2;234;230;225m▄[48;2;224;224;223m[38;2;222;222;223m▄[48;2;223;223;223m[38;2;223;223;223m▄[48;2;224;224;224m[38;2;223;223;223m▄[48;2;224;224;224m[38;2;223;223;223m▄[48;2;224;224;224m[38;2;223;223;223m▄[48;2;224;224;224m[38;2;224;224;224m▄[48;2;223;224;222m[38;2;223;223;223m▄[48;2;229;226;231m[38;2;223;223;223m▄[48;2;166;194;158m[38;2;228;226;230m▄[48;2;119;175;84m[38;2;215;215;223m▄[48;2;138;184;111m[38;2;186;197;188m▄[48;2;138;181;117m[38;2;196;203;196m▄[48;2;181;199;176m[38;2;222;220;222m▄[48;2;236;229;238m[38;2;223;223;223m▄[48;2;159;185;149m[38;2;221;227;227m▄[48;2;131;178;81m[38;2;126;173;118m▄[48;2;137;184;81m[38;2;124;185;75m▄[48;2;117;171;74m[38;2;112;173;74m▄[48;2;128;179;75m[38;2;104;159;72m▄[48;2;128;168;125m[38;2;83;146;61m▄[48;2;105;161;81m[38;2;96;150;88m▄[48;2;161;185;155m[38;2;139;176;130m▄[48;2;200;201;205m[38;2;127;174;102m▄[48;2;181;192;182m[38;2;135;181;106m▄[48;2;199;205;202m[38;2;135;179;115m▄[48;2;225;222;226m[38;2;144;178;138m▄[48;2;228;224;228m[38;2;202;208;203m▄[48;2;197;207;197m[38;2;228;223;228m▄[48;2;121;167;105m[38;2;183;199;180m▄[48;2;146;183;118m[38;2;121;172;74m▄[48;2;179;196;178m[38;2;131;181;76m▄[48;2;218;217;220m[38;2;175;196;171m▄[48;2;215;216;215m[38;2;223;219;224m▄[48;2;216;216;216m[38;2;214;215;213m▄[48;2;215;215;215m[38;2;216;216;216m▄[48;2;215;215;215m[38;2;215;215;215m▄[48;2;214;214;214m[38;2;214;214;214m▄[48;2;214;214;214m[38;2;214;214;214m▄[48;2;213;213;213m[38;2;212;212;212m▄[48;2;213;213;213m[38;2;212;212;212m▄[48;2;212;212;212m[38;2;212;212;212m▄[48;2;211;211;211m[38;2;210;210;210m▄[48;2;210;211;211m[38;2;210;210;210m▄[48;2;210;210;210m[38;2;210;210;210m▄[48;2;210;210;210m[38;2;209;209;209m▄[48;2;209;209;210m[38;2;209;209;209m▄[48;2;208;208;209m[38;2;209;209;208m▄[48;2;208;209;208m[38;2;209;209;209m▄[48;2;208;208;208m[38;2;208;208;208m▄[48;2;208;208;208m[38;2;208;208;208m▄[48;2;207;207;207m[38;2;207;207;207m▄[0m
[48;2;217;217;217m[38;2;217;217;217m▄[48;2;217;217;217m[38;2;217;217;217m▄[48;2;217;217;217m[38;2;217;217;217m▄[48;2;219;219;219m[38;2;217;217;217m▄[48;2;219;219;219m[38;2;218;218;218m▄[48;2;221;221;220m[38;2;220;220;220m▄[48;2;220;221;221m[38;2;220;220;220m▄[48;2;224;222;221m[38;2;221;221;221m▄[48;2;234;229;224m[38;2;219;219;220m▄[48;2;232;225;217m[38;2;228;226;223m▄[48;2;243;240;232m[38;2;235;227;217m▄[48;2;247;243;235m[38;2;244;239;231m▄[48;2;238;229;220m[38;2;248;246;237m▄[48;2;233;230;225m[38;2;239;232;220m▄[48;2;222;222;221m[38;2;230;226;220m▄[48;2;223;223;223m[38;2;223;222;222m▄[48;2;223;223;223m[38;2;223;223;223m▄[48;2;223;223;223m[38;2;223;223;223m▄[48;2;223;223;223m[38;2;223;223;223m▄[48;2;223;223;223m[38;2;223;223;223m▄[48;2;223;223;223m[38;2;223;223;223m▄[48;2;225;223;227m[38;2;226;224;227m▄[48;2;155;189;136m[38;2;170;197;159m▄[48;2;108;165;78m[38;2;188;202;181m▄[48;2;181;195;178m[38;2;224;224;230m▄[48;2;226;228;229m[38;2;212;199;201m▄[48;2;220;223;221m[38;2;209;130;147m▄[48;2;217;188;195m[38;2;222;139;152m▄[48;2;212;168;178m[38;2;229;141;154m▄[48;2;143;140;114m[38;2;232;129;149m▄[48;2;105;160;90m[38;2;212;131;143m▄[48;2;85;157;75m[38;2;188;127;132m▄[48;2;60;133;50m[38;2;163;136;117m▄[48;2;79;145;65m[38;2;89;152;74m▄[48;2;102;162;74m[38;2;92;163;66m▄[48;2;118;171;77m[38;2;124;179;76m▄[48;2;126;178;78m[38;2;134;185;78m▄[48;2;149;194;91m[38;2;140;189;77m▄[48;2;154;196;101m[38;2;122;177;67m▄[48;2;111;164;87m[38;2;112;163;94m▄[48;2;181;196;181m[38;2;190;198;191m▄[48;2;232;224;234m[38;2;217;216;216m▄[48;2;186;198;184m[38;2;219;218;219m▄[48;2;126;170;104m[38;2;216;212;221m▄[48;2;180;195;177m[38;2;207;205;209m▄[48;2;218;216;219m[38;2;210;210;210m▄[48;2;214;215;214m[38;2;216;216;216m▄[48;2;215;215;215m[38;2;215;215;215m▄[48;2;215;215;215m[38;2;214;214;214m▄[48;2;214;214;214m[38;2;214;214;214m▄[48;2;213;213;213m[38;2;213;213;214m▄[48;2;212;212;212m[38;2;213;212;213m▄[48;2;212;212;212m[38;2;212;212;212m▄[48;2;212;212;212m[38;2;211;211;211m▄[48;2;210;210;210m[38;2;211;211;211m▄[48;2;210;210;210m[38;2;211;211;211m▄[48;2;211;211;211m[38;2;210;210;210m▄[48;2;209;209;209m[38;2;209;209;209m▄[48;2;208;208;209m[38;2;209;209;209m▄[48;2;208;208;208m[38;2;208;208;208m▄[48;2;209;209;209m[38;2;209;209;209m▄[48;2;208;208;208m[38;2;208;208;208m▄[48;2;208;208;208m[38;2;208;208;208m▄[48;2;207;207;207m[38;2;207;207;207m▄[0m
[48;2;217;217;217m[38;2;217;217;217m▄[48;2;217;217;217m[38;2;216;216;216m▄[48;2;217;217;217m[38;2;217;217;217m▄[48;2;217;217;217m[38;2;217;217;217m▄[48;2;217;217;217m[38;2;217;217;217m▄[48;2;218;218;218m[38;2;217;217;217m▄[48;2;219;219;219m[38;2;218;218;218m▄[48;2;220;220;220m[38;2;219;219;219m▄[48;2;221;221;221m[38;2;219;219;219m▄[48;2;220;220;220m[38;2;220;220;220m▄[48;2;225;222;218m[38;2;219;219;218m▄[48;2;231;225;216m[38;2;235;232;226m▄[48;2;244;240;231m[38;2;235;227;217m▄[48;2;249;247;240m[38;2;244;239;230m▄[48;2;240;232;222m[38;2;253;252;243m▄[48;2;232;225;220m[38;2;241;235;225m▄[48;2;223;223;221m[38;2;233;226;219m▄[48;2;222;222;222m[38;2;224;222;221m▄[48;2;222;222;222m[38;2;221;221;221m▄[48;2;223;222;222m[38;2;223;223;222m▄[48;2;223;222;223m[38;2;223;223;222m▄[48;2;223;223;222m[38;2;222;222;222m▄[48;2;229;225;231m[38;2;220;220;219m▄[48;2;219;219;223m[38;2;219;227;224m▄[48;2;210;199;201m[38;2;208;136;151m▄[48;2;210;119;138m[38;2;233;161;171m▄[48;2;234;163;171m[38;2;232;149;158m▄[48;2;234;156;164m[38;2;228;133;144m▄[48;2;228;131;142m[38;2;223;116;129m▄[48;2;219;108;121m[38;2;211;103;122m▄[48;2;213;107;125m[38;2;233;169;175m▄[48;2;236;156;170m[38;2;230;144;152m▄[48;2;246;156;172m[38;2;226;134;142m▄[48;2;212;140;140m[38;2;235;138;151m▄[48;2;140;141;99m[38;2;239;138;154m▄[48;2;117;155;81m[38;2;224;134;145m▄[48;2;119;165;80m[38;2;216;132;141m▄[48;2;115;164;95m[38;2;205;187;192m▄[48;2;138;169;134m[38;2;207;208;213m▄[48;2;194;195;197m[38;2;204;202;202m▄[48;2;206;204;206m[38;2;208;209;208m▄[48;2;210;211;210m[38;2;216;216;214m▄[48;2;216;216;216m[38;2;216;216;215m▄[48;2;214;215;214m[38;2;216;216;214m▄[48;2;212;212;213m[38;2;216;216;213m▄[48;2;214;214;214m[38;2;215;215;214m▄[48;2;215;215;215m[38;2;215;215;215m▄[48;2;215;215;215m[38;2;214;214;214m▄[48;2;215;215;215m[38;2;214;214;214m▄[48;2;214;214;214m[38;2;213;213;213m▄[48;2;212;212;212m[38;2;213;213;213m▄[48;2;211;211;211m[38;2;212;212;212m▄[48;2;211;211;211m[38;2;211;211;211m▄[48;2;210;210;210m[38;2;210;210;210m▄[48;2;210;210;210m[38;2;210;210;210m▄[48;2;210;210;210m[38;2;210;210;210m▄[48;2;211;211;211m[38;2;210;210;210m▄[48;2;209;209;209m[38;2;209;209;209m▄[48;2;208;208;208m[38;2;208;208;208m▄[48;2;209;209;209m[38;2;208;208;208m▄[48;2;208;208;208m[38;2;208;208;208m▄[48;2;208;208;208m[38;2;207;207;207m▄[48;2;207;207;207m[38;2;206;207;206m▄[48;2;206;206;206m[38;2;206;206;206m▄[0m
[48;2;216;216;216m[38;2;216;216;216m▄[48;2;216;216;216m[38;2;216;216;216m▄[48;2;216;216;216m[38;2;216;216;216m▄[48;2;217;217;217m[38;2;216;216;216m▄[48;2;217;217;217m[38;2;217;217;217m▄[48;2;217;217;217m[38;2;217;217;217m▄[48;2;217;217;217m[38;2;217;217;217m▄[48;2;217;217;217m[38;2;218;218;218m▄[48;2;218;218;218m[38;2;217;217;217m▄[48;2;218;218;218m[38;2;217;217;217m▄[48;2;219;219;219m[38;2;218;218;218m▄[48;2;221;220;220m[38;2;218;219;219m▄[48;2;225;221;220m[38;2;218;219;219m▄[48;2;240;233;222m[38;2;223;221;219m▄[48;2;243;238;227m[38;2;235;229;219m▄[48;2;251;249;241m[38;2;239;231;220m▄[48;2;243;240;230m[38;2;250;248;238m▄[48;2;237;231;221m[38;2;254;252;241m▄[48;2;231;228;222m[38;2;243;235;222m▄[48;2;220;220;220m[38;2;231;223;217m▄[48;2;222;222;222m[38;2;224;222;220m▄[48;2;222;221;221m[38;2;220;219;220m▄[48;2;223;228;227m[38;2;224;232;230m▄[48;2;216;195;200m[38;2;211;164;174m▄[48;2;217;135;148m[38;2;226;149;160m▄[48;2;237;166;172m[38;2;233;149;158m▄[48;2;227;130;141m[38;2;228;135;145m▄[48;2;233;143;152m[38;2;231;138;147m▄[48;2;217;108;123m[38;2;224;128;140m▄[48;2;224;151;162m[38;2;231;156;163m▄[48;2;234;151;158m[38;2;229;136;147m▄[48;2;228;133;143m[38;2;231;139;150m▄[48;2;231;140;150m[38;2;231;138;149m▄[48;2;229;138;148m[38;2;231;138;148m▄[48;2;228;137;146m[38;2;230;137;146m▄[48;2;230;139;148m[38;2;230;139;148m▄[48;2;233;125;138m[38;2;226;128;140m▄[48;2;216;128;140m[38;2;217;96;114m▄[48;2;203;201;201m[38;2;205;152;163m▄[48;2;214;215;214m[38;2;215;223;218m▄[48;2;217;216;214m[38;2;216;214;212m▄[48;2;217;217;216m[38;2;216;216;215m▄[48;2;216;216;213m[38;2;215;215;212m▄[48;2;216;216;213m[38;2;215;215;210m▄[48;2;215;215;212m[38;2;215;215;212m▄[48;2;215;215;212m[38;2;215;215;213m▄[48;2;214;214;213m[38;2;214;214;213m▄[48;2;214;214;214m[38;2;214;214;213m▄[48;2;213;213;213m[38;2;214;214;211m▄[48;2;213;213;213m[38;2;212;212;211m▄[48;2;212;212;212m[38;2;211;211;212m▄[48;2;211;211;211m[38;2;211;211;210m▄[48;2;211;211;211m[38;2;211;210;209m▄[48;2;210;210;210m[38;2;210;210;210m▄[48;2;211;211;211m[38;2;210;210;210m▄[48;2;210;210;210m[38;2;210;210;210m▄[48;2;209;209;209m[38;2;209;209;209m▄[48;2;209;209;209m[38;2;208;208;208m▄[48;2;209;209;209m[38;2;208;208;208m▄[48;2;208;208;208m[38;2;208;208;208m▄[48;2;208;208;208m[38;2;207;207;207m▄[48;2;207;206;207m[38;2;207;207;208m▄[48;2;206;206;206m[38;2;207;206;207m▄[48;2;206;206;206m[38;2;207;207;206m▄[0m
[48;2;216;216;216m[38;2;215;215;215m▄[48;2;216;216;216m[38;2;216;216;216m▄[48;2;216;216;216m[38;2;216;216;216m▄[48;2;216;216;216m[38;2;216;216;216m▄[48;2;217;217;217m[38;2;216;216;216m▄[48;2;216;216;216m[38;2;216;216;216m▄[48;2;217;217;217m[38;2;217;217;217m▄[48;2;217;217;217m[38;2;217;217;217m▄[48;2;217;217;217m[38;2;217;217;217m▄[48;2;218;218;218m[38;2;217;217;217m▄[48;2;218;218;218m[38;2;217;217;217m▄[48;2;217;217;217m[38;2;217;217;217m▄[48;2;218;218;218m[38;2;217;217;218m▄[48;2;217;218;217m[38;2;217;217;217m▄[48;2;231;228;222m[38;2;216;216;217m▄[48;2;232;226;219m[38;2;217;216;218m▄[48;2;241;235;221m[38;2;224;220;217m▄[48;2;246;241;230m[38;2;231;222;213m▄[48;2;252;251;241m[38;2;240;232;223m▄[48;2;249;244;230m[38;2;251;249;240m▄[48;2;238;229;218m[38;2;254;252;240m▄[48;2;227;222;219m[38;2;243;233;221m▄[48;2;222;230;229m[38;2;231;232;224m▄[48;2;210;156;166m[38;2;214;158;168m▄[48;2;230;154;163m[38;2;229;153;162m▄[48;2;230;141;150m[38;2;230;142;150m▄[48;2;229;137;147m[38;2;229;136;146m▄[48;2;228;134;143m[38;2;229;136;146m▄[48;2;233;155;162m[38;2;229;140;150m▄[48;2;231;146;154m[38;2;230;140;150m▄[48;2;230;135;147m[38;2;230;137;147m▄[48;2;231;138;149m[38;2;230;137;147m▄[48;2;229;138;148m[38;2;230;138;149m▄[48;2;230;138;148m[38;2;231;138;148m▄[48;2;231;138;147m[38;2;230;137;147m▄[48;2;231;140;148m[38;2;231;140;149m▄[48;2;227;130;140m[38;2;226;126;138m▄[48;2;223;108;123m[38;2;223;110;125m▄[48;2;204;122;138m[38;2;204;119;135m▄[48;2;209;213;211m[38;2;204;206;205m▄[48;2;216;215;213m[38;2;215;215;212m▄[48;2;215;215;211m[38;2;216;216;211m▄[48;2;215;215;211m[38;2;215;215;210m▄[48;2;215;215;211m[38;2;215;215;210m▄[48;2;215;215;211m[38;2;215;215;210m▄[48;2;215;215;211m[38;2;214;214;210m▄[48;2;215;215;211m[38;2;214;214;209m▄[48;2;214;214;211m[38;2;213;213;209m▄[48;2;213;213;210m[38;2;213;213;209m▄[48;2;212;212;210m[38;2;212;212;209m▄[48;2;211;211;210m[38;2;211;211;208m▄[48;2;211;211;208m[38;2;211;209;207m▄[48;2;210;210;209m[38;2;210;210;208m▄[48;2;210;210;210m[38;2;210;210;207m▄[48;2;210;210;210m[38;2;209;209;207m▄[48;2;209;209;209m[38;2;209;208;206m▄[48;2;208;208;208m[38;2;208;208;206m▄[48;2;208;208;208m[38;2;208;208;207m▄[48;2;208;208;208m[38;2;208;208;208m▄[48;2;208;207;208m[38;2;208;208;208m▄[48;2;207;207;207m[38;2;207;207;207m▄[48;2;207;207;207m[38;2;207;207;207m▄[48;2;206;206;206m[38;2;206;206;206m▄[48;2;206;205;205m[38;2;205;205;205m▄[0m
[48;2;215;215;215m[38;2;216;216;216m▄[48;2;216;216;216m[38;2;215;215;215m▄[48;2;216;216;216m[38;2;216;216;216m▄[48;2;215;215;215m[38;2;216;216;216m▄[48;2;216;216;216m[38;2;216;216;216m▄[48;2;217;217;217m[38;2;216;216;216m▄[48;2;217;217;217m[38;2;216;216;216m▄[48;2;216;216;216m[38;2;216;216;216m▄[48;2;216;216;216m[38;2;216;216;216m▄[48;2;216;216;216m[38;2;216;216;216m▄[48;2;217;217;217m[38;2;217;217;217m▄[48;2;217;217;217m[38;2;217;217;217m▄[48;2;217;217;217m[38;2;217;217;217m▄[48;2;217;217;217m[38;2;217;217;217m▄[48;2;218;218;218m[38;2;216;216;216m▄[48;2;217;217;218m[38;2;216;216;217m▄[48;2;216;216;217m[38;2;217;217;216m▄[48;2;217;217;217m[38;2;216;216;216m▄[48;2;225;220;214m[38;2;216;217;217m▄[48;2;235;227;217m[38;2;221;218;215m▄[48;2;247;243;232m[38;2;233;223;214m▄[48;2;252;250;239m[38;2;247;240;226m▄[48;2;247;246;235m[38;2;253;251;242m▄[48;2;234;196;186m[38;2;252;247;234m▄[48;2;235;163;160m[38;2;247;217;193m▄[48;2;231;145;155m[38;2;242;182;166m▄[48;2;228;134;146m[38;2;233;141;144m▄[48;2;230;137;146m[38;2;230;135;147m▄[48;2;230;136;145m[38;2;230;136;146m▄[48;2;230;137;147m[38;2;231;138;148m▄[48;2;230;137;147m[38;2;231;137;147m▄[48;2;230;137;146m[38;2;231;138;147m▄[48;2;231;138;147m[38;2;231;137;146m▄[48;2;231;138;148m[38;2;232;136;147m▄[48;2;230;136;146m[38;2;231;138;147m▄[48;2;231;140;149m[38;2;228;133;142m▄[48;2;224;118;131m[38;2;222;112;125m▄[48;2;223;110;125m[38;2;219;107;122m▄[48;2;202;127;141m[38;2;196;155;161m▄[48;2;202;209;206m[38;2;203;210;205m▄[48;2;214;213;210m[38;2;214;212;209m▄[48;2;216;216;212m[38;2;216;216;210m▄[48;2;216;216;211m[38;2;215;215;210m▄[48;2;215;215;210m[38;2;215;215;210m▄[48;2;215;215;210m[38;2;215;215;209m▄[48;2;214;215;209m[38;2;214;215;207m▄[48;2;214;214;208m[38;2;214;214;208m▄[48;2;214;214;209m[38;2;214;214;208m▄[48;2;213;213;209m[38;2;214;213;208m▄[48;2;213;213;210m[38;2;212;212;207m▄[48;2;211;211;208m[38;2;212;209;205m▄[48;2;210;210;206m[38;2;211;210;206m▄[48;2;210;209;207m[38;2;211;209;207m▄[48;2;209;209;206m[38;2;210;209;206m▄[48;2;208;208;205m[38;2;209;208;203m▄[48;2;208;208;204m[38;2;208;208;203m▄[48;2;208;208;205m[38;2;208;208;207m▄[48;2;208;208;206m[38;2;208;208;206m▄[48;2;208;208;208m[38;2;208;208;206m▄[48;2;207;207;207m[38;2;208;208;206m▄[48;2;207;207;207m[38;2;207;206;207m▄[48;2;206;206;206m[38;2;206;206;206m▄[48;2;206;206;206m[38;2;205;205;205m▄[48;2;204;204;204m[38;2;204;204;205m▄[0m
[48;2;215;215;215m[38;2;214;214;214m▄[48;2;216;216;216m[38;2;215;215;215m▄[48;2;216;216;216m[38;2;215;215;215m▄[48;2;216;216;216m[38;2;216;216;216m▄[48;2;216;216;216m[38;2;216;216;216m▄[48;2;215;215;215m[38;2;216;216;216m▄[48;2;216;216;216m[38;2;216;216;216m▄[48;2;216;216;216m[38;2;216;216;216m▄[48;2;216;216;216m[38;2;216;216;216m▄[48;2;216;216;216m[38;2;216;216;216m▄[48;2;216;216;216m[38;2;216;216;216m▄[48;2;216;216;216m[38;2;216;216;216m▄[48;2;217;217;217m[38;2;216;216;216m▄[48;2;216;216;216m[38;2;216;216;216m▄[48;2;217;217;217m[38;2;217;217;217m▄[48;2;217;217;216m[38;2;217;217;217m▄[48;2;216;216;216m[38;2;216;216;216m▄[48;2;216;216;216m[38;2;217;217;217m▄[48;2;217;217;217m[38;2;216;216;216m▄[48;2;215;215;215m[38;2;217;217;217m▄[48;2;223;220;217m[38;2;216;216;215m▄[48;2;238;231;220m[38;2;217;216;215m▄[48;2;236;227;214m[38;2;219;216;214m▄[48;2;248;242;233m[38;2;236;228;217m▄[48;2;254;255;241m[38;2;252;243;221m▄[48;2;251;243;211m[38;2;252;238;199m▄[48;2;247;200;167m[38;2;253;255;224m▄[48;2;239;162;148m[38;2;252;241;199m▄[48;2;231;139;144m[38;2;248;206;164m▄[48;2;229;135;145m[38;2;240;162;145m▄[48;2;230;137;146m[38;2;232;138;146m▄[48;2;232;137;147m[38;2;230;134;147m▄[48;2;230;138;148m[38;2;229;135;146m▄[48;2;232;139;148m[38;2;227;129;140m▄[48;2;230;138;147m[38;2;221;110;124m▄[48;2;220;112;125m[38;2;224;117;129m▄[48;2;227;115;129m[38;2;215;103;121m▄[48;2;216;133;144m[38;2;197;169;173m▄[48;2;194;195;191m[38;2;199;205;200m▄[48;2;206;206;201m[38;2;210;208;204m▄[48;2;214;214;209m[38;2;216;215;211m▄[48;2;216;215;209m[38;2;215;215;210m▄[48;2;215;216;209m[38;2;215;215;209m▄[48;2;215;215;209m[38;2;215;215;207m▄[48;2;214;214;209m[38;2;214;215;208m▄[48;2;214;214;208m[38;2;215;214;208m▄[48;2;213;213;209m[38;2;214;214;208m▄[48;2;214;214;208m[38;2;214;213;207m▄[48;2;214;213;207m[38;2;214;212;207m▄[48;2;213;211;207m[38;2;215;212;207m▄[48;2;213;211;206m[38;2;214;213;207m▄[48;2;211;209;206m[38;2;212;210;204m▄[48;2;210;208;205m[38;2;210;209;203m▄[48;2;210;208;204m[38;2;210;208;203m▄[48;2;209;207;203m[38;2;209;208;203m▄[48;2;208;208;203m[38;2;208;208;203m▄[48;2;208;208;205m[38;2;208;208;202m▄[48;2;208;208;205m[38;2;208;208;204m▄[48;2;208;208;205m[38;2;207;207;203m▄[48;2;207;207;204m[38;2;207;207;203m▄[48;2;206;206;206m[38;2;206;206;204m▄[48;2;206;206;206m[38;2;206;206;206m▄[48;2;204;204;204m[38;2;204;204;205m▄[48;2;204;203;204m[38;2;203;203;203m▄[0m
[48;2;214;214;214m[38;2;212;212;212m▄[48;2;214;214;214m[38;2;214;214;214m▄[48;2;215;215;215m[38;2;215;215;215m▄[48;2;215;215;215m[38;2;215;215;215m▄[48;2;215;215;215m[38;2;215;215;215m▄[48;2;216;216;216m[38;2;216;216;216m▄[48;2;216;216;216m[38;2;216;216;216m▄[48;2;216;216;216m[38;2;215;215;215m▄[48;2;216;216;216m[38;2;215;215;215m▄[48;2;216;216;216m[38;2;216;216;216m▄[48;2;216;216;216m[38;2;216;216;216m▄[48;2;216;216;216m[38;2;215;215;215m▄[48;2;215;215;215m[38;2;215;215;215m▄[48;2;216;216;216m[38;2;215;215;215m▄[48;2;216;216;216m[38;2;215;215;215m▄[48;2;217;217;217m[38;2;216;216;216m▄[48;2;216;216;216m[38;2;216;216;216m▄[48;2;216;216;216m[38;2;215;215;215m▄[48;2;216;216;216m[38;2;215;215;215m▄[48;2;216;216;216m[38;2;215;216;216m▄[48;2;216;216;216m[38;2;216;215;216m▄[48;2;216;216;216m[38;2;216;216;216m▄[48;2;215;215;216m[38;2;216;216;216m▄[48;2;224;221;216m[38;2;216;216;215m▄[48;2;244;241;227m[38;2;216;214;213m▄[48;2;237;211;185m[38;2;217;219;219m▄[48;2;249;212;166m[38;2;222;195;180m▄[48;2;255;249;210m[38;2;237;187;144m▄[48;2;253;255;226m[38;2;252;217;172m▄[48;2;251;238;187m[38;2;254;248;208m▄[48;2;247;204;148m[38;2;253;253;212m▄[48;2;241;172;148m[38;2;252;247;202m▄[48;2;227;118;129m[38;2;250;217;166m▄[48;2;221;101;124m[38;2;241;165;133m▄[48;2;225;113;128m[38;2;217;122;124m▄[48;2;216;101;117m[38;2;198;148;156m▄[48;2;196;135;147m[38;2;193;198;194m▄[48;2;195;200;196m[38;2;200;199;194m▄[48;2;205;202;200m[38;2;211;210;205m▄[48;2;214;213;209m[38;2;215;214;208m▄[48;2;216;215;210m[38;2;216;214;209m▄[48;2;215;214;210m[38;2;215;214;208m▄[48;2;215;213;209m[38;2;215;214;209m▄[48;2;216;214;208m[38;2;216;213;209m▄[48;2;216;214;208m[38;2;217;213;208m▄[48;2;216;213;208m[38;2;217;214;208m▄[48;2;217;213;207m[38;2;218;213;207m▄[48;2;216;213;207m[38;2;217;213;207m▄[48;2;217;213;207m[38;2;217;213;207m▄[48;2;216;212;206m[38;2;217;212;206m▄[48;2;215;212;206m[38;2;215;211;205m▄[48;2;212;210;205m[38;2;213;210;206m▄[48;2;210;208;204m[38;2;212;209;204m▄[48;2;210;208;204m[38;2;211;209;203m▄[48;2;209;208;202m[38;2;209;207;203m▄[48;2;209;207;202m[38;2;208;206;202m▄[48;2;208;207;202m[38;2;208;207;203m▄[48;2;207;207;202m[38;2;207;207;203m▄[48;2;207;207;202m[38;2;207;207;202m▄[48;2;207;207;202m[38;2;207;207;202m▄[48;2;206;206;201m[38;2;206;206;202m▄[48;2;205;205;203m[38;2;205;205;203m▄[48;2;204;204;204m[38;2;204;204;205m▄[48;2;203;203;203m[38;2;204;204;204m▄[0m
[48;2;212;212;212m[38;2;211;211;211m▄[48;2;213;213;213m[38;2;212;212;212m▄[48;2;214;214;214m[38;2;212;212;212m▄[48;2;215;215;215m[38;2;213;213;213m▄[48;2;215;215;215m[38;2;214;214;214m▄[48;2;215;215;215m[38;2;214;214;214m▄[48;2;215;215;215m[38;2;215;215;215m▄[48;2;215;215;215m[38;2;215;215;215m▄[48;2;215;215;215m[38;2;215;215;214m▄[48;2;215;215;215m[38;2;214;214;214m▄[48;2;215;215;215m[38;2;215;215;215m▄[48;2;215;215;215m[38;2;215;215;215m▄[48;2;215;215;215m[38;2;215;215;215m▄[48;2;215;215;215m[38;2;214;214;214m▄[48;2;215;215;215m[38;2;215;215;215m▄[48;2;215;215;215m[38;2;215;215;215m▄[48;2;216;216;216m[38;2;215;215;215m▄[48;2;215;215;216m[38;2;214;214;215m▄[48;2;215;215;216m[38;2;215;215;215m▄[48;2;215;216;216m[38;2;215;215;215m▄[48;2;215;215;216m[38;2;215;215;215m▄[48;2;215;215;215m[38;2;215;215;215m▄[48;2;216;216;216m[38;2;214;214;215m▄[48;2;215;215;216m[38;2;215;215;215m▄[48;2;215;215;215m[38;2;215;215;215m▄[48;2;215;215;215m[38;2;215;215;215m▄[48;2;213;217;218m[38;2;215;215;214m▄[48;2;208;206;206m[38;2;214;215;213m▄[48;2;217;202;188m[38;2;209;210;210m▄[48;2;239;226;200m[38;2;212;210;208m▄[48;2;252;246;226m[38;2;222;215;204m▄[48;2;254;253;242m[38;2;237;228;209m▄[48;2;255;255;245m[38;2;251;246;226m▄[48;2;254;253;226m[38;2;255;254;245m▄[48;2;250;244;213m[38;2;255;255;252m▄[48;2;237;233;206m[38;2;255;255;242m▄[48;2;221;212;196m[38;2;255;251;230m▄[48;2;215;209;201m[38;2;249;242;218m▄[48;2;215;211;206m[38;2;240;231;211m▄[48;2;215;212;208m[38;2;231;222;208m▄[48;2;215;214;208m[38;2;223;214;205m▄[48;2;216;213;207m[38;2;219;212;206m▄[48;2;217;214;208m[38;2;218;212;207m▄[48;2;217;214;208m[38;2;218;212;207m▄[48;2;218;214;208m[38;2;220;213;208m▄[48;2;219;214;208m[38;2;223;215;209m▄[48;2;220;214;208m[38;2;224;217;210m▄[48;2;220;213;207m[38;2;225;217;210m▄[48;2;219;213;206m[38;2;224;216;208m▄[48;2;217;213;205m[38;2;220;214;208m▄[48;2;216;212;205m[38;2;218;212;207m▄[48;2;214;211;205m[38;2;214;210;205m▄[48;2;212;209;203m[38;2;212;208;203m▄[48;2;211;208;203m[38;2;210;208;203m▄[48;2;209;207;203m[38;2;209;207;203m▄[48;2;208;206;202m[38;2;208;206;202m▄[48;2;208;206;202m[38;2;208;206;202m▄[48;2;207;208;203m[38;2;207;207;202m▄[48;2;207;208;201m[38;2;207;207;201m▄[48;2;207;207;202m[38;2;207;207;202m▄[48;2;207;207;202m[38;2;207;207;202m▄[48;2;206;206;202m[38;2;206;207;202m▄[48;2;206;206;204m[38;2;204;205;204m▄[48;2;203;204;203m[38;2;202;203;205m▄[0m
[48;2;211;210;211m[38;2;210;210;210m▄[48;2;211;211;212m[38;2;210;210;210m▄[48;2;211;211;211m[38;2;211;211;211m▄[48;2;212;212;212m[38;2;212;212;212m▄[48;2;213;213;213m[38;2;211;211;211m▄[48;2;213;213;213m[38;2;212;212;212m▄[48;2;214;214;214m[38;2;212;212;212m▄[48;2;215;215;215m[38;2;213;213;213m▄[48;2;214;214;214m[38;2;214;213;214m▄[48;2;214;214;214m[38;2;213;213;214m▄[48;2;214;214;214m[38;2;214;214;214m▄[48;2;215;214;215m[38;2;214;214;214m▄[48;2;214;214;214m[38;2;214;214;214m▄[48;2;214;214;214m[38;2;214;214;215m▄[48;2;215;215;215m[38;2;214;214;214m▄[48;2;215;215;215m[38;2;214;214;214m▄[48;2;215;215;215m[38;2;215;215;215m▄[48;2;215;215;215m[38;2;214;214;214m▄[48;2;215;215;215m[38;2;214;214;214m▄[48;2;215;215;214m[38;2;214;214;214m▄[48;2;215;214;214m[38;2;214;214;214m▄[48;2;215;214;215m[38;2;214;214;215m▄[48;2;214;214;215m[38;2;214;214;214m▄[48;2;215;215;215m[38;2;214;214;214m▄[48;2;215;215;215m[38;2;214;214;214m▄[48;2;215;215;215m[38;2;214;214;214m▄[48;2;215;215;215m[38;2;214;214;214m▄[48;2;215;215;215m[38;2;214;214;214m▄[48;2;215;215;215m[38;2;213;213;213m▄[48;2;214;214;214m[38;2;213;213;213m▄[48;2;212;213;213m[38;2;213;213;213m▄[48;2;213;211;209m[38;2;213;213;211m▄[48;2;220;216;206m[38;2;211;212;211m▄[48;2;233;227;210m[38;2;211;210;209m▄[48;2;247;242;222m[38;2;217;211;205m▄[48;2;254;253;241m[38;2;230;222;207m▄[48;2;255;255;250m[38;2;238;230;211m▄[48;2;255;255;253m[38;2;248;243;225m▄[48;2;255;255;249m[38;2;254;252;240m▄[48;2;254;252;239m[38;2;255;255;251m▄[48;2;249;243;226m[38;2;255;255;255m▄[48;2;244;235;217m[38;2;255;255;252m▄[48;2;238;228;211m[38;2;255;255;246m▄[48;2;233;223;208m[38;2;253;252;241m▄[48;2;232;221;207m[38;2;252;250;237m▄[48;2;233;222;208m[38;2;252;249;236m▄[48;2;237;225;211m[38;2;253;249;238m▄[48;2;237;225;209m[38;2;253;248;231m▄[48;2;233;222;210m[38;2;243;232;213m▄[48;2;224;216;209m[38;2;226;217;208m▄[48;2;219;213;207m[38;2;219;213;207m▄[48;2;215;210;205m[38;2;215;210;205m▄[48;2;213;208;203m[38;2;213;209;203m▄[48;2;211;207;203m[38;2;211;208;202m▄[48;2;209;208;201m[38;2;209;207;200m▄[48;2;208;207;202m[38;2;208;207;202m▄[48;2;207;207;202m[38;2;207;206;202m▄[48;2;206;206;201m[38;2;206;206;201m▄[48;2;206;206;202m[38;2;205;205;200m▄[48;2;206;206;202m[38;2;204;204;200m▄[48;2;206;206;202m[38;2;205;205;203m▄[48;2;206;206;202m[38;2;204;204;203m▄[48;2;203;204;203m[38;2;203;203;204m▄[48;2;202;203;205m[38;2;202;203;205m▄[0m
[48;2;210;210;210m[38;2;210;210;210m▄[48;2;210;210;210m[38;2;210;210;210m▄[48;2;211;211;211m[38;2;210;210;210m▄[48;2;211;211;211m[38;2;211;211;211m▄[48;2;210;211;211m[38;2;210;210;210m▄[48;2;211;211;211m[38;2;210;210;210m▄[48;2;212;212;212m[38;2;210;210;210m▄[48;2;213;213;213m[38;2;210;210;211m▄[48;2;212;212;212m[38;2;211;211;211m▄[48;2;213;212;213m[38;2;212;212;211m▄[48;2;212;212;212m[38;2;212;212;212m▄[48;2;213;213;213m[38;2;212;212;212m▄[48;2;213;213;213m[38;2;211;211;211m▄[48;2;213;213;213m[38;2;212;212;212m▄[48;2;213;213;214m[38;2;213;213;213m▄[48;2;214;214;214m[38;2;213;213;213m▄[48;2;214;214;214m[38;2;213;213;213m▄[48;2;213;213;213m[38;2;213;213;213m▄[48;2;213;213;213m[38;2;213;213;213m▄[48;2;213;213;213m[38;2;213;213;213m▄[48;2;214;214;214m[38;2;212;212;212m▄[48;2;214;214;215m[38;2;211;211;211m▄[48;2;214;214;214m[38;2;210;210;210m▄[48;2;215;215;215m[38;2;209;210;209m▄[48;2;214;214;214m[38;2;209;210;210m▄[48;2;214;214;214m[38;2;209;210;211m▄[48;2;214;214;214m[38;2;208;209;208m▄[48;2;214;214;214m[38;2;205;206;205m▄[48;2;214;214;214m[38;2;203;203;202m▄[48;2;214;214;214m[38;2;202;201;200m▄[48;2;213;213;213m[38;2;201;201;201m▄[48;2;213;213;213m[38;2;202;202;201m▄[48;2;212;212;212m[38;2;203;203;201m▄[48;2;212;212;211m[38;2;203;203;202m▄[48;2;212;212;211m[38;2;202;202;200m▄[48;2;211;209;209m[38;2;202;201;198m▄[48;2;214;209;205m[38;2;203;202;199m▄[48;2;220;211;203m[38;2;206;204;201m▄[48;2;230;221;206m[38;2;209;205;200m▄[48;2;240;232;212m[38;2;213;207;201m▄[48;2;247;241;222m[38;2;219;210;201m▄[48;2;252;250;235m[38;2;225;216;202m▄[48;2;255;254;244m[38;2;233;223;206m▄[48;2;255;255;250m[38;2;239;230;211m▄[48;2;255;255;253m[38;2;244;237;216m▄[48;2;255;255;255m[38;2;248;242;222m▄[48;2;255;255;255m[38;2;250;244;226m▄[48;2;255;255;254m[38;2;247;239;218m▄[48;2;247;238;220m[38;2;236;224;210m▄[48;2;228;217;207m[38;2;225;215;208m▄[48;2;220;213;207m[38;2;219;212;206m▄[48;2;214;210;204m[38;2;214;210;204m▄[48;2;213;208;203m[38;2;211;208;202m▄[48;2;210;208;201m[38;2;209;208;201m▄[48;2;208;207;200m[38;2;208;207;201m▄[48;2;207;207;202m[38;2;208;206;201m▄[48;2;206;206;201m[38;2;205;203;199m▄[48;2;205;205;200m[38;2;202;202;199m▄[48;2;208;208;204m[38;2;211;211;208m▄[48;2;211;211;209m[38;2;216;216;213m▄[48;2;202;203;203m[38;2;202;203;203m▄[48;2;203;203;203m[38;2;202;202;202m▄[48;2;203;203;203m[38;2;203;203;203m▄[48;2;203;202;203m[38;2;202;201;203m▄[0m
[48;2;210;210;210m[38;2;212;212;212m▄[48;2;210;210;210m[38;2;213;213;213m▄[48;2;211;211;211m[38;2;214;214;214m▄[48;2;211;211;211m[38;2;214;214;214m▄[48;2;212;212;212m[38;2;215;215;215m▄[48;2;212;212;213m[38;2;215;215;215m▄[48;2;212;212;213m[38;2;215;215;215m▄[48;2;213;213;213m[38;2;215;215;215m▄[48;2;213;213;213m[38;2;215;215;215m▄[48;2;213;213;213m[38;2;215;215;215m▄[48;2;214;214;214m[38;2;215;215;215m▄[48;2;214;214;214m[38;2;215;215;215m▄[48;2;213;213;213m[38;2;215;215;215m▄[48;2;213;213;214m[38;2;215;215;215m▄[48;2;214;214;214m[38;2;215;215;215m▄[48;2;214;214;214m[38;2;215;215;215m▄[48;2;215;215;215m[38;2;215;215;215m▄[48;2;215;214;215m[38;2;216;216;216m▄[48;2;214;214;214m[38;2;216;216;216m▄[48;2;214;214;214m[38;2;216;216;216m▄[48;2;213;213;213m[38;2;215;215;215m▄[48;2;210;209;211m[38;2;212;212;210m▄[48;2;207;206;207m[38;2;210;206;205m▄[48;2;205;202;202m[38;2;207;200;198m▄[48;2;203;198;198m[38;2;202;191;191m▄[48;2;202;194;194m[38;2;199;182;183m▄[48;2;200;189;190m[38;2;196;177;177m▄[48;2;198;185;185m[38;2;195;175;173m▄[48;2;195;181;180m[38;2;196;174;173m▄[48;2;192;179;179m[38;2;196;174;173m▄[48;2;192;179;177m[38;2;196;173;173m▄[48;2;191;178;177m[38;2;196;173;172m▄[48;2;191;178;176m[38;2;195;174;173m▄[48;2;191;177;176m[38;2;196;173;172m▄[48;2;191;178;175m[38;2;196;173;171m▄[48;2;192;179;177m[38;2;196;174;173m▄[48;2;194;181;179m[38;2;198;177;175m▄[48;2;196;184;181m[38;2;200;181;178m▄[48;2;199;190;185m[38;2;203;187;184m▄[48;2;202;196;191m[38;2;206;194;191m▄[48;2;207;200;195m[38;2;210;202;198m▄[48;2;211;204;200m[38;2;214;209;203m▄[48;2;216;208;203m[38;2;217;212;207m▄[48;2;220;211;205m[38;2;220;214;208m▄[48;2;224;215;206m[38;2;221;215;210m▄[48;2;229;218;206m[38;2;224;217;210m▄[48;2;232;220;207m[38;2;225;218;210m▄[48;2;231;219;207m[38;2;224;217;210m▄[48;2;226;216;208m[38;2;221;215;208m▄[48;2;221;214;207m[38;2;219;214;208m▄[48;2;218;212;207m[38;2;217;213;207m▄[48;2;214;210;204m[38;2;215;211;206m▄[48;2;213;209;203m[38;2;212;209;205m▄[48;2;210;208;202m[38;2;210;208;204m▄[48;2;209;207;202m[38;2;210;208;203m▄[48;2;208;206;202m[38;2;208;208;202m▄[48;2;206;206;202m[38;2;207;208;202m▄[48;2;206;206;202m[38;2;207;207;202m▄[48;2;205;205;201m[38;2;207;207;203m▄[48;2;204;204;203m[38;2;206;206;205m▄[48;2;202;202;202m[38;2;206;206;206m▄[48;2;203;203;203m[38;2;204;204;204m▄[48;2;203;203;203m[38;2;203;203;203m▄[48;2;203;203;203m[38;2;203;203;203m▄[0m
[48;2;215;215;215m[38;2;216;216;216m▄[48;2;215;215;215m[38;2;216;216;216m▄[48;2;215;215;215m[38;2;216;216;216m▄[48;2;215;215;215m[38;2;217;217;217m▄[48;2;215;215;215m[38;2;217;217;217m▄[48;2;215;215;215m[38;2;217;217;217m▄[48;2;216;216;216m[38;2;217;217;217m▄[48;2;216;216;216m[38;2;217;217;217m▄[48;2;216;216;216m[38;2;217;217;217m▄[48;2;216;216;216m[38;2;217;217;217m▄[48;2;216;216;216m[38;2;217;217;217m▄[48;2;216;216;216m[38;2;217;217;217m▄[48;2;216;216;216m[38;2;217;217;217m▄[48;2;216;216;216m[38;2;217;217;217m▄[48;2;217;217;217m[38;2;217;217;217m▄[48;2;217;217;217m[38;2;217;217;217m▄[48;2;216;216;216m[38;2;217;217;217m▄[48;2;216;216;216m[38;2;217;217;217m▄[48;2;217;217;217m[38;2;217;217;217m▄[48;2;216;216;216m[38;2;217;217;217m▄[48;2;216;216;216m[38;2;217;217;217m▄[48;2;216;216;215m[38;2;217;217;217m▄[48;2;215;215;215m[38;2;217;217;218m▄[48;2;215;213;213m[38;2;217;217;218m▄[48;2;213;211;211m[38;2;217;218;218m▄[48;2;211;208;208m[38;2;217;218;218m▄[48;2;210;205;204m[38;2;217;218;217m▄[48;2;208;202;201m[38;2;217;218;218m▄[48;2;207;200;199m[38;2;217;217;218m▄[48;2;208;200;199m[38;2;217;218;219m▄[48;2;208;200;199m[38;2;217;218;216m▄[48;2;208;199;197m[38;2;217;218;215m▄[48;2;207;198;197m[38;2;217;218;216m▄[48;2;205;197;195m[38;2;216;218;214m▄[48;2;206;197;195m[38;2;216;217;212m▄[48;2;207;198;195m[38;2;217;217;213m▄[48;2;209;202;200m[38;2;217;215;212m▄[48;2;211;205;203m[38;2;217;215;211m▄[48;2;213;208;204m[38;2;217;215;211m▄[48;2;215;211;208m[38;2;217;215;211m▄[48;2;217;214;208m[38;2;217;215;211m▄[48;2;219;214;208m[38;2;218;215;210m▄[48;2;219;215;209m[38;2;219;215;209m▄[48;2;219;215;209m[38;2;219;215;209m▄[48;2;220;215;210m[38;2;219;215;209m▄[48;2;220;215;210m[38;2;219;215;209m▄[48;2;221;215;210m[38;2;219;215;209m▄[48;2;220;215;210m[38;2;219;215;209m▄[48;2;219;215;209m[38;2;218;215;208m▄[48;2;218;214;208m[38;2;216;215;208m▄[48;2;217;213;208m[38;2;216;214;207m▄[48;2;214;212;206m[38;2;215;213;207m▄[48;2;212;210;205m[38;2;214;212;208m▄[48;2;211;209;204m[38;2;212;210;205m▄[48;2;210;208;204m[38;2;210;208;205m▄[48;2;209;208;203m[38;2;210;209;206m▄[48;2;208;208;202m[38;2;209;208;205m▄[48;2;208;207;203m[38;2;209;208;206m▄[48;2;207;207;204m[38;2;208;208;206m▄[48;2;208;208;207m[38;2;208;208;208m▄[48;2;207;207;207m[38;2;208;208;208m▄[48;2;207;207;207m[38;2;207;207;207m▄[48;2;207;207;207m[38;2;208;208;208m▄[48;2;206;206;206m[38;2;207;207;207m▄[0m
