[48;2;222;222;222m[38;2;222;222;222m▄[48;2;223;223;223m[38;2;223;223;223m▄[48;2;223;223;223m[38;2;223;223;223m▄[48;2;224;224;224m[38;2;223;223;223m▄[48;2;224;224;224m[38;2;224;224;224m▄[48;2;225;225;225m[38;2;224;224;224m▄[48;2;224;224;224m[38;2;224;224;224m▄[48;2;224;224;224m[38;2;224;224;224m▄[48;2;226;226;226m[38;2;225;225;225m▄[48;2;227;227;227m[38;2;226;226;226m▄[48;2;227;227;227m[38;2;227;227;227m▄[48;2;227;227;227m[38;2;226;226;226m▄[48;2;227;227;227m[38;2;226;226;226m▄[48;2;227;227;227m[38;2;226;226;226m▄[48;2;228;228;227m[38;2;226;226;226m▄[48;2;228;228;228m[38;2;227;227;226m▄[48;2;227;227;227m[38;2;227;227;227m▄[48;2;227;227;227m[38;2;226;226;226m▄[48;2;227;227;227m[38;2;227;227;227m▄[48;2;227;227;227m[38;2;226;226;226m▄[48;2;227;227;227m[38;2;226;226;226m▄[48;2;227;227;227m[38;2;227;227;227m▄[48;2;227;227;227m[38;2;227;227;227m▄[48;2;227;227;227m[38;2;227;227;227m▄[48;2;227;227;227m[38;2;227;227;227m▄[48;2;228;228;228m[38;2;226;226;226m▄[48;2;228;228;228m[38;2;227;227;227m▄[48;2;228;228;228m[38;2;226;226;226m▄[48;2;225;225;225m[38;2;225;225;225m▄[48;2;224;224;224m[38;2;224;224;224m▄[48;2;224;224;224m[38;2;224;224;224m▄[48;2;224;224;224m[38;2;224;224;224m▄[48;2;224;224;224m[38;2;224;224;224m▄[48;2;223;223;223m[38;2;223;223;223m▄[48;2;223;223;223m[38;2;223;223;223m▄[48;2;223;223;223m[38;2;223;223;223m▄[48;2;223;223;223m[38;2;222;222;222m▄[48;2;222;222;222m[38;2;222;222;222m▄[48;2;221;221;221m[38;2;222;222;222m▄[48;2;221;221;221m[38;2;221;221;221m▄[48;2;221;221;221m[38;2;220;220;220m▄[48;2;219;219;219m[38;2;219;219;219m▄[48;2;218;218;218m[38;2;217;217;217m▄[48;2;217;217;217m[38;2;217;217;217m▄[48;2;216;216;216m[38;2;216;216;216m▄[48;2;216;216;216m[38;2;216;216;216m▄[48;2;217;217;217m[38;2;216;216;216m▄[48;2;216;216;216m[38;2;216;216;216m▄[48;2;215;215;215m[38;2;215;215;215m▄[48;2;215;215;215m[38;2;215;215;215m▄[48;2;215;215;214m[38;2;214;214;215m▄[48;2;214;214;214m[38;2;215;215;215m▄[48;2;213;213;213m[38;2;214;214;214m▄[48;2;214;214;214m[38;2;213;213;214m▄[48;2;213;213;213m[38;2;212;212;212m▄[48;2;212;212;212m[38;2;212;212;211m▄[48;2;210;210;210m[38;2;210;210;210m▄[48;2;210;210;210m[38;2;210;210;210m▄[48;2;210;210;210m[38;2;210;210;210m▄[48;2;210;210;210m[38;2;209;209;209m▄[48;2;209;209;209m[38;2;209;209;209m▄[48;2;208;208;208m[38;2;208;208;208m▄[48;2;208;208;208m[38;2;208;208;208m▄[48;2;208;208;208m[38;2;208;208;208m▄[0m
[48;2;221;221;221m[38;2;221;221;221m▄[48;2;222;222;222m[38;2;222;222;222m▄[48;2;223;223;223m[38;2;223;223;223m▄[48;2;223;223;223m[38;2;223;223;223m▄[48;2;224;224;224m[38;2;223;223;223m▄[48;2;224;224;225m[38;2;224;224;224m▄[48;2;224;224;224m[38;2;224;224;224m▄[48;2;224;224;224m[38;2;224;224;224m▄[48;2;224;224;224m[38;2;224;223;223m▄[48;2;224;224;225m[38;2;226;225;224m▄[48;2;225;225;226m[38;2;228;225;223m▄[48;2;224;224;224m[38;2;230;227;224m▄[48;2;226;226;226m[38;2;227;226;225m▄[48;2;226;226;226m[38;2;226;225;226m▄[48;2;226;226;226m[38;2;225;225;225m▄[48;2;226;226;226m[38;2;226;226;226m▄[48;2;226;226;226m[38;2;226;226;225m▄[48;2;226;226;226m[38;2;227;227;227m▄[48;2;226;226;226m[38;2;227;227;227m▄[48;2;227;227;227m[38;2;227;227;227m▄[48;2;226;226;226m[38;2;226;226;226m▄[48;2;226;226;226m[38;2;226;226;225m▄[48;2;227;227;227m[38;2;227;227;227m▄[48;2;227;227;227m[38;2;227;227;227m▄[48;2;227;227;227m[38;2;227;227;227m▄[48;2;226;226;226m[38;2;225;225;225m▄[48;2;225;225;225m[38;2;224;224;224m▄[48;2;224;224;224m[38;2;224;224;224m▄[48;2;224;224;224m[38;2;224;224;224m▄[48;2;224;224;224m[38;2;224;224;224m▄[48;2;224;224;224m[38;2;224;224;224m▄[48;2;225;225;225m[38;2;224;224;224m▄[48;2;224;224;224m[38;2;224;224;224m▄[48;2;223;223;223m[38;2;223;223;223m▄[48;2;223;223;223m[38;2;223;223;223m▄[48;2;223;223;223m[38;2;222;222;222m▄[48;2;222;222;222m[38;2;222;222;222m▄[48;2;222;222;222m[38;2;222;222;222m▄[48;2;222;222;222m[38;2;221;221;221m▄[48;2;221;221;221m[38;2;221;221;221m▄[48;2;221;221;221m[38;2;220;220;220m▄[48;2;219;219;219m[38;2;217;217;217m▄[48;2;217;217;217m[38;2;217;217;217m▄[48;2;216;216;216m[38;2;216;216;216m▄[48;2;216;216;216m[38;2;216;216;216m▄[48;2;216;216;216m[38;2;216;216;216m▄[48;2;216;216;216m[38;2;216;216;216m▄[48;2;215;215;215m[38;2;215;215;215m▄[48;2;215;215;215m[38;2;215;215;215m▄[48;2;215;215;215m[38;2;214;214;214m▄[48;2;214;214;214m[38;2;215;215;215m▄[48;2;214;214;214m[38;2;214;214;214m▄[48;2;213;213;213m[38;2;214;214;214m▄[48;2;213;213;214m[38;2;213;213;213m▄[48;2;212;212;213m[38;2;213;213;213m▄[48;2;211;211;211m[38;2;211;211;211m▄[48;2;210;210;210m[38;2;210;210;210m▄[48;2;210;210;210m[38;2;210;210;210m▄[48;2;210;210;210m[38;2;210;210;210m▄[48;2;210;210;210m[38;2;210;210;210m▄[48;2;209;209;209m[38;2;209;209;209m▄[48;2;208;208;208m[38;2;208;208;208m▄[48;2;208;208;208m[38;2;208;208;208m▄[48;2;208;208;208m[38;2;208;208;208m▄[0m
[48;2;221;221;221m[38;2;221;221;221m▄[48;2;222;222;222m[38;2;222;222;222m▄[48;2;223;223;223m[38;2;222;222;222m▄[48;2;223;223;223m[38;2;223;223;223m▄[48;2;223;223;223m[38;2;223;223;223m▄[48;2;223;223;224m[38;2;223;224;224m▄[48;2;224;223;223m[38;2;223;222;218m▄[48;2;227;224;222m[38;2;241;237;226m▄[48;2;236;230;221m[38;2;251;248;239m▄[48;2;237;230;222m[38;2;252;250;245m▄[48;2;239;233;225m[38;2;252;250;241m▄[48;2;243;237;227m[38;2;251;248;237m▄[48;2;239;231;224m[38;2;250;246;236m▄[48;2;234;228;223m[38;2;249;244;233m▄[48;2;231;227;223m[38;2;248;244;233m▄[48;2;230;226;223m[38;2;245;239;230m▄[48;2;235;233;229m[38;2;243;237;229m▄[48;2;228;227;226m[38;2;232;228;223m▄[48;2;227;227;227m[38;2;228;226;225m▄[48;2;227;227;227m[38;2;226;226;226m▄[48;2;227;227;227m[38;2;227;227;226m▄[48;2;226;226;226m[38;2;229;229;228m▄[48;2;227;227;227m[38;2;226;226;226m▄[48;2;226;226;226m[38;2;225;225;225m▄[48;2;225;225;225m[38;2;224;224;224m▄[48;2;224;224;224m[38;2;224;224;224m▄[48;2;224;224;224m[38;2;224;224;224m▄[48;2;224;224;223m[38;2;226;225;226m▄[48;2;224;224;224m[38;2;225;225;225m▄[48;2;225;225;225m[38;2;222;223;222m▄[48;2;224;224;224m[38;2;223;223;223m▄[48;2;224;224;224m[38;2;224;224;224m▄[48;2;223;223;223m[38;2;223;223;223m▄[48;2;223;223;223m[38;2;223;223;223m▄[48;2;223;223;223m[38;2;221;222;221m▄[48;2;222;223;222m[38;2;225;224;225m▄[48;2;222;222;222m[38;2;222;222;222m▄[48;2;222;222;222m[38;2;222;222;222m▄[48;2;221;221;221m[38;2;221;221;221m▄[48;2;220;220;220m[38;2;219;220;219m▄[48;2;218;218;218m[38;2;221;220;220m▄[48;2;216;216;216m[38;2;222;220;222m▄[48;2;217;217;217m[38;2;217;217;217m▄[48;2;216;216;216m[38;2;217;217;217m▄[48;2;216;216;216m[38;2;216;216;216m▄[48;2;216;216;216m[38;2;217;217;217m▄[48;2;215;215;215m[38;2;215;215;215m▄[48;2;215;215;215m[38;2;215;215;215m▄[48;2;215;215;215m[38;2;215;215;215m▄[48;2;215;215;215m[38;2;215;215;215m▄[48;2;215;215;215m[38;2;214;214;214m▄[48;2;215;215;215m[38;2;214;214;214m▄[48;2;213;213;213m[38;2;213;213;213m▄[48;2;212;212;212m[38;2;212;212;212m▄[48;2;213;213;213m[38;2;211;211;211m▄[48;2;212;212;212m[38;2;211;211;211m▄[48;2;210;210;211m[38;2;210;210;210m▄[48;2;210;210;210m[38;2;210;210;210m▄[48;2;210;210;210m[38;2;210;210;210m▄[48;2;210;210;210m[38;2;210;210;210m▄[48;2;209;209;209m[38;2;209;209;209m▄[48;2;209;209;209m[38;2;208;208;208m▄[48;2;208;208;208m[38;2;208;208;208m▄[48;2;208;208;208m[38;2;208;208;208m▄[0m
[48;2;221;221;221m[38;2;221;221;221m▄[48;2;222;222;222m[38;2;221;221;221m▄[48;2;222;222;222m[38;2;222;222;222m▄[48;2;223;223;223m[38;2;223;223;223m▄[48;2;223;223;223m[38;2;222;223;223m▄[48;2;222;222;222m[38;2;222;222;222m▄[48;2;232;228;219m[38;2;239;233;222m▄[48;2;253;252;243m[38;2;253;251;247m▄[48;2;255;255;249m[38;2;254;253;237m▄[48;2;246;241;228m[38;2;235;229;217m▄[48;2;235;227;221m[38;2;223;222;221m▄[48;2;233;227;221m[38;2;224;224;223m▄[48;2;235;231;224m[38;2;224;224;223m▄[48;2;243;237;228m[38;2;225;224;223m▄[48;2;236;229;223m[38;2;223;223;221m▄[48;2;240;233;227m[38;2;223;223;220m▄[48;2;242;237;228m[38;2;225;224;222m▄[48;2;243;237;228m[38;2;227;225;220m▄[48;2;240;235;227m[38;2;234;230;224m▄[48;2;235;229;224m[38;2;238;232;225m▄[48;2;232;228;224m[38;2;239;233;224m▄[48;2;229;229;226m[38;2;235;230;224m▄[48;2;225;226;225m[38;2;236;231;228m▄[48;2;226;226;225m[38;2;233;229;233m▄[48;2;223;223;223m[38;2;225;224;225m▄[48;2;224;224;224m[38;2;232;230;231m▄[48;2;224;224;224m[38;2;197;209;196m▄[48;2;215;219;217m[38;2;120;170;107m▄[48;2;219;220;221m[38;2;143;183;128m▄[48;2;233;229;234m[38;2;151;184;144m▄[48;2;229;227;229m[38;2;199;209;201m▄[48;2;221;222;221m[38;2;231;228;231m▄[48;2;223;223;223m[38;2;219;221;219m▄[48;2;222;222;221m[38;2;232;228;232m▄[48;2;229;227;229m[38;2;183;200;185m▄[48;2;213;217;216m[38;2;108;164;88m▄[48;2;222;222;223m[38;2;147;183;134m▄[48;2;223;223;223m[38;2;226;224;228m▄[48;2;220;221;220m[38;2;225;224;225m▄[48;2;230;225;231m[38;2;166;192;162m▄[48;2;214;216;217m[38;2;117;172;81m▄[48;2;201;209;201m[38;2;107;167;65m▄[48;2;216;216;216m[38;2;185;200;185m▄[48;2;216;216;216m[38;2;223;220;223m▄[48;2;216;216;216m[38;2;215;216;215m▄[48;2;217;216;216m[38;2;216;216;216m▄[48;2;216;216;216m[38;2;215;215;215m▄[48;2;215;215;215m[38;2;216;216;216m▄[48;2;215;215;215m[38;2;215;215;215m▄[48;2;215;215;215m[38;2;215;215;215m▄[48;2;214;214;214m[38;2;214;215;215m▄[48;2;214;214;214m[38;2;215;215;215m▄[48;2;213;213;213m[38;2;213;213;213m▄[48;2;212;212;212m[38;2;212;212;212m▄[48;2;212;212;212m[38;2;212;212;212m▄[48;2;211;211;211m[38;2;211;211;211m▄[48;2;210;210;210m[38;2;210;210;210m▄[48;2;211;211;211m[38;2;211;211;211m▄[48;2;210;210;210m[38;2;210;210;210m▄[48;2;209;209;209m[38;2;209;209;209m▄[48;2;209;209;209m[38;2;209;209;209m▄[48;2;208;208;208m[38;2;208;208;208m▄[48;2;208;208;208m[38;2;208;208;208m▄[48;2;208;208;208m[38;2;208;208;208m▄[0m
[48;2;219;219;219m[38;2;218;218;218m▄[48;2;221;221;221m[38;2;220;220;220m▄[48;2;221;221;221m[38;2;221;221;221m▄[48;2;222;222;222m[38;2;222;221;222m▄[48;2;222;222;222m[38;2;222;222;222m▄[48;2;223;222;223m[38;2;221;221;222m▄[48;2;238;230;220m[38;2;233;226;220m▄[48;2;249;245;239m[38;2;244;238;227m▄[48;2;255;255;246m[38;2;255;255;253m▄[48;2;239;236;220m[38;2;248;242;225m▄[48;2;222;221;221m[38;2;230;225;219m▄[48;2;223;223;224m[38;2;222;222;222m▄[48;2;223;223;223m[38;2;223;223;223m▄[48;2;223;223;223m[38;2;223;223;223m▄[48;2;224;224;224m[38;2;223;223;223m▄[48;2;224;224;224m[38;2;224;224;224m▄[48;2;223;223;224m[38;2;224;224;224m▄[48;2;223;223;223m[38;2;224;224;223m▄[48;2;223;223;220m[38;2;223;223;221m▄[48;2;224;223;220m[38;2;223;224;221m▄[48;2;226;224;221m[38;2;224;224;220m▄[48;2;232;227;223m[38;2;221;222;222m▄[48;2;219;223;205m[38;2;125;175;99m▄[48;2;207;216;182m[38;2;147;193;77m▄[48;2;224;223;212m[38;2;157;196;93m▄[48;2;238;231;238m[38;2;201;214;177m▄[48;2;189;204;189m[38;2;229;225;222m▄[48;2;144;188;116m[38;2;131;177;111m▄[48;2;165;202;106m[38;2;153;195;88m▄[48;2;146;189;95m[38;2;138;183;77m▄[48;2;118;168;93m[38;2;153;194;86m▄[48;2;184;201;183m[38;2;110;163;81m▄[48;2;237;231;237m[38;2;212;215;216m▄[48;2;194;205;196m[38;2;136;176;119m▄[48;2;127;174;97m[38;2;104;161;68m▄[48;2;103;164;61m[38;2;163;185;159m▄[48;2;132;173;126m[38;2;219;213;220m▄[48;2;224;221;225m[38;2;216;214;215m▄[48;2;208;214;208m[38;2;221;220;220m▄[48;2;155;186;150m[38;2;203;211;203m▄[48;2;171;196;162m[38;2;169;192;160m▄[48;2;176;195;169m[38;2;169;193;159m▄[48;2;214;213;214m[38;2;175;192;173m▄[48;2;216;215;216m[38;2;215;214;217m▄[48;2;216;216;217m[38;2;218;217;218m▄[48;2;216;216;216m[38;2;216;216;217m▄[48;2;216;216;215m[38;2;215;215;215m▄[48;2;215;215;215m[38;2;215;215;215m▄[48;2;215;215;215m[38;2;215;215;215m▄[48;2;215;215;215m[38;2;214;214;214m▄[48;2;214;214;215m[38;2;214;213;214m▄[48;2;213;213;213m[38;2;213;213;213m▄[48;2;213;213;213m[38;2;212;212;212m▄[48;2;212;212;212m[38;2;212;212;212m▄[48;2;211;211;212m[38;2;211;211;211m▄[48;2;210;210;210m[38;2;210;210;210m▄[48;2;210;210;210m[38;2;210;210;210m▄[48;2;210;210;210m[38;2;210;210;210m▄[48;2;209;209;209m[38;2;209;209;210m▄[48;2;209;209;209m[38;2;209;209;209m▄[48;2;209;209;209m[38;2;209;209;209m▄[48;2;208;208;208m[38;2;208;208;208m▄[48;2;208;208;208m[38;2;208;208;208m▄[48;2;208;208;208m[38;2;208;208;208m▄[0m
[48;2;218;218;218m[38;2;217;217;217m▄[48;2;219;219;219m[38;2;218;218;218m▄[48;2;221;221;221m[38;2;219;219;219m▄[48;2;220;220;220m[38;2;220;220;220m▄[48;2;221;221;221m[38;2;220;220;220m▄[48;2;221;221;221m[38;2;221;221;220m▄[48;2;224;223;222m[38;2;220;221;221m▄[48;2;239;232;219m[38;2;229;225;219m▄[48;2;252;249;244m[38;2;245;237;223m▄[48;2;253;251;247m[38;2;255;254;252m▄[48;2;243;235;220m[38;2;253;250;243m▄[48;2;227;223;220m[38;2;242;234;219m▄[48;2;222;223;223m[38;2;226;222;220m▄[48;2;223;223;223m[38;2;222;223;223m▄[48;2;224;224;224m[38;2;223;223;223m▄[48;2;224;224;224m[38;2;223;223;223m▄[48;2;224;224;224m[38;2;223;223;224m▄[48;2;224;224;222m[38;2;224;224;223m▄[48;2;224;224;222m[38;2;223;224;223m▄[48;2;224;224;223m[38;2;224;224;224m▄[48;2;223;223;220m[38;2;223;223;221m▄[48;2;226;225;225m[38;2;223;223;219m▄[48;2;184;203;176m[38;2;225;223;224m▄[48;2;137;180;118m[38;2;175;197;164m▄[48;2;141;184;116m[38;2;145;180;135m▄[48;2;119;173;91m[38;2;187;197;185m▄[48;2;205;212;194m[38;2;209;216;206m▄[48;2;168;191;154m[38;2;228;233;230m▄[48;2;133;181;81m[38;2;130;176;120m▄[48;2;143;188;82m[38;2;122;184;75m▄[48;2;121;172;77m[38;2;111;174;72m▄[48;2;138;187;80m[38;2;102;158;70m▄[48;2;119;164;115m[38;2;83;147;61m▄[48;2;103;159;81m[38;2;94;149;85m▄[48;2;164;186;160m[38;2;131;172;119m▄[48;2;192;197;196m[38;2;127;176;98m▄[48;2;168;186;169m[38;2;139;185;103m▄[48;2;187;199;189m[38;2;137;181;110m▄[48;2;222;220;223m[38;2;132;173;123m▄[48;2;189;203;186m[38;2;188;200;188m▄[48;2;126;171;108m[38;2;233;224;236m▄[48;2;118;175;67m[38;2;177;194;173m▄[48;2;134;186;78m[38;2;126;171;97m▄[48;2;158;188;149m[38;2;161;186;152m▄[48;2;222;219;224m[38;2;219;216;221m▄[48;2;215;215;214m[38;2;215;215;214m▄[48;2;215;215;215m[38;2;215;215;215m▄[48;2;215;215;215m[38;2;215;215;215m▄[48;2;215;215;215m[38;2;215;215;215m▄[48;2;214;214;214m[38;2;214;214;214m▄[48;2;214;214;214m[38;2;214;214;214m▄[48;2;213;213;213m[38;2;213;213;212m▄[48;2;213;213;213m[38;2;213;213;213m▄[48;2;212;212;212m[38;2;211;211;211m▄[48;2;211;211;211m[38;2;210;210;210m▄[48;2;210;211;211m[38;2;210;210;210m▄[48;2;210;210;210m[38;2;210;210;210m▄[48;2;210;210;210m[38;2;209;209;209m▄[48;2;209;208;209m[38;2;209;209;209m▄[48;2;209;209;209m[38;2;208;208;208m▄[48;2;209;209;209m[38;2;208;208;209m▄[48;2;208;208;208m[38;2;208;208;209m▄[48;2;208;208;208m[38;2;208;208;208m▄[48;2;208;208;208m[38;2;208;208;208m▄[0m
[48;2;217;217;217m[38;2;217;217;217m▄[48;2;217;217;217m[38;2;217;217;217m▄[48;2;218;218;218m[38;2;217;217;217m▄[48;2;219;219;219m[38;2;217;217;217m▄[48;2;219;219;219m[38;2;219;219;218m▄[48;2;220;220;220m[38;2;220;220;220m▄[48;2;221;221;221m[38;2;220;220;220m▄[48;2;221;221;220m[38;2;221;221;220m▄[48;2;232;227;219m[38;2;221;220;220m▄[48;2;247;242;226m[38;2;233;228;218m▄[48;2;255;255;254m[38;2;249;244;228m▄[48;2;252;250;241m[38;2;255;255;254m▄[48;2;242;234;219m[38;2;253;251;242m▄[48;2;226;222;219m[38;2;244;237;221m▄[48;2;222;222;222m[38;2;227;222;216m▄[48;2;223;223;223m[38;2;222;221;220m▄[48;2;223;223;223m[38;2;222;222;220m▄[48;2;222;222;222m[38;2;222;222;220m▄[48;2;223;223;220m[38;2;223;222;219m▄[48;2;223;223;220m[38;2;223;223;220m▄[48;2;222;222;219m[38;2;223;223;219m▄[48;2;227;225;224m[38;2;222;223;217m▄[48;2;199;210;192m[38;2;224;224;219m▄[48;2;126;175;95m[38;2;219;217;218m▄[48;2;169;192;156m[38;2;221;224;226m▄[48;2;215;222;220m[38;2;211;182;189m▄[48;2;221;214;216m[38;2;212;126;142m▄[48;2;215;174;182m[38;2;226;146;156m▄[48;2;214;161;175m[38;2;229;143;155m▄[48;2;152;138;119m[38;2;233;131;150m▄[48;2;113;162;96m[38;2;217;130;145m▄[48;2;92;160;78m[38;2;197;125;135m▄[48;2;63;132;52m[38;2;177;139;124m▄[48;2;79;147;65m[38;2;97;154;78m▄[48;2;103;163;75m[38;2;91;163;65m▄[48;2;117;170;77m[38;2;124;181;77m▄[48;2;123;175;75m[38;2;135;188;79m▄[48;2;148;194;89m[38;2;138;190;76m▄[48;2;161;201;104m[38;2;119;177;65m▄[48;2;106;164;74m[38;2;111;163;90m▄[48;2;157;183;155m[38;2;183;194;184m▄[48;2;229;222;229m[38;2;216;215;216m▄[48;2;210;208;214m[38;2;214;215;213m▄[48;2;207;205;209m[38;2;212;212;212m▄[48;2;209;208;209m[38;2;214;214;214m▄[48;2;216;216;216m[38;2;216;216;216m▄[48;2;215;215;215m[38;2;215;215;215m▄[48;2;215;215;215m[38;2;215;215;215m▄[48;2;215;215;215m[38;2;214;214;214m▄[48;2;214;214;214m[38;2;214;214;214m▄[48;2;213;213;213m[38;2;213;213;213m▄[48;2;213;212;213m[38;2;212;212;213m▄[48;2;212;212;212m[38;2;212;212;212m▄[48;2;211;211;211m[38;2;211;211;211m▄[48;2;210;210;210m[38;2;210;210;210m▄[48;2;211;211;211m[38;2;210;210;210m▄[48;2;210;210;210m[38;2;210;210;210m▄[48;2;209;209;209m[38;2;209;209;209m▄[48;2;209;209;209m[38;2;209;209;209m▄[48;2;208;208;208m[38;2;209;209;208m▄[48;2;209;209;209m[38;2;208;208;209m▄[48;2;208;208;208m[38;2;208;208;208m▄[48;2;208;208;208m[38;2;208;208;208m▄[48;2;207;207;207m[38;2;207;207;207m▄[0m
[48;2;216;216;216m[38;2;217;217;217m▄[48;2;217;217;217m[38;2;216;216;216m▄[48;2;217;217;217m[38;2;217;217;217m▄[48;2;217;217;217m[38;2;217;217;217m▄[48;2;217;217;217m[38;2;217;217;217m▄[48;2;218;218;218m[38;2;218;218;218m▄[48;2;218;218;218m[38;2;218;218;218m▄[48;2;220;220;220m[38;2;219;219;219m▄[48;2;220;220;221m[38;2;220;220;220m▄[48;2;220;219;219m[38;2;220;220;219m▄[48;2;233;227;216m[38;2;220;219;218m▄[48;2;251;245;230m[38;2;232;226;215m▄[48;2;255;255;254m[38;2;251;245;228m▄[48;2;254;252;245m[38;2;255;255;252m▄[48;2;248;240;224m[38;2;254;255;249m▄[48;2;230;224;216m[38;2;251;247;229m▄[48;2;222;221;217m[38;2;235;228;216m▄[48;2;222;221;218m[38;2;224;220;214m▄[48;2;222;221;217m[38;2;222;221;216m▄[48;2;223;222;218m[38;2;222;222;217m▄[48;2;222;222;218m[38;2;223;222;217m▄[48;2;222;222;217m[38;2;223;221;217m▄[48;2;223;221;216m[38;2;223;222;216m▄[48;2;223;228;222m[38;2;223;223;217m▄[48;2;213;189;191m[38;2;215;134;148m▄[48;2;214;122;139m[38;2;239;176;181m▄[48;2;238;173;178m[38;2;235;148;155m▄[48;2;236;156;161m[38;2;232;140;147m▄[48;2;230;132;141m[38;2;225;121;130m▄[48;2;218;110;120m[38;2;214;112;128m▄[48;2;214;114;129m[38;2;235;173;178m▄[48;2;236;161;172m[38;2;232;144;150m▄[48;2;246;157;172m[38;2;229;137;144m▄[48;2;221;142;147m[38;2;235;141;151m▄[48;2;151;141;104m[38;2;242;140;155m▄[48;2;120;153;83m[38;2;231;137;149m▄[48;2;118;160;81m[38;2;221;131;142m▄[48;2;115;163;97m[38;2;209;181;188m▄[48;2;138;169;134m[38;2;208;210;214m▄[48;2;191;194;195m[38;2;204;202;202m▄[48;2;206;203;206m[38;2;207;208;207m▄[48;2;209;210;209m[38;2;215;215;215m▄[48;2;216;216;216m[38;2;216;216;216m▄[48;2;216;216;216m[38;2;216;216;216m▄[48;2;216;216;216m[38;2;215;215;215m▄[48;2;215;215;215m[38;2;215;215;215m▄[48;2;214;214;214m[38;2;214;214;214m▄[48;2;214;214;214m[38;2;214;214;214m▄[48;2;215;215;215m[38;2;213;213;213m▄[48;2;213;213;213m[38;2;213;213;213m▄[48;2;213;213;213m[38;2;213;213;213m▄[48;2;211;211;211m[38;2;212;212;212m▄[48;2;211;211;211m[38;2;210;210;210m▄[48;2;210;210;210m[38;2;210;210;210m▄[48;2;210;210;210m[38;2;210;210;210m▄[48;2;211;211;211m[38;2;210;210;210m▄[48;2;211;211;211m[38;2;210;210;210m▄[48;2;209;209;209m[38;2;209;209;209m▄[48;2;208;208;208m[38;2;208;208;208m▄[48;2;209;209;209m[38;2;208;208;208m▄[48;2;208;208;208m[38;2;208;208;208m▄[48;2;208;208;208m[38;2;208;208;208m▄[48;2;208;208;207m[38;2;207;207;207m▄[48;2;206;206;206m[38;2;206;205;207m▄[0m
[48;2;216;216;216m[38;2;216;216;216m▄[48;2;216;216;216m[38;2;216;216;216m▄[48;2;217;217;217m[38;2;216;216;216m▄[48;2;216;216;216m[38;2;216;216;216m▄[48;2;217;217;217m[38;2;217;217;217m▄[48;2;217;217;217m[38;2;216;216;216m▄[48;2;217;217;217m[38;2;217;217;217m▄[48;2;217;217;217m[38;2;217;217;217m▄[48;2;218;218;218m[38;2;217;217;217m▄[48;2;219;219;219m[38;2;218;218;218m▄[48;2;219;219;219m[38;2;219;219;219m▄[48;2;220;219;218m[38;2;220;220;219m▄[48;2;229;223;215m[38;2;219;218;216m▄[48;2;248;243;225m[38;2;226;220;213m▄[48;2;255;255;248m[38;2;244;238;221m▄[48;2;255;255;253m[38;2;255;254;243m▄[48;2;254;251;238m[38;2;255;255;255m▄[48;2;241;234;220m[38;2;254;253;245m▄[48;2;226;220;214m[38;2;246;240;226m▄[48;2;223;221;215m[38;2;232;224;215m▄[48;2;224;223;216m[38;2;226;221;215m▄[48;2;223;221;214m[38;2;225;221;215m▄[48;2;225;231;222m[38;2;226;232;223m▄[48;2;217;181;184m[38;2;217;159;166m▄[48;2;227;149;159m[38;2;235;166;170m▄[48;2;240;168;171m[38;2;236;153;154m▄[48;2;235;141;147m[38;2;236;148;150m▄[48;2;237;149;153m[38;2;237;146;150m▄[48;2;219;113;125m[38;2;227;134;143m▄[48;2;228;158;168m[38;2;234;160;165m▄[48;2;235;151;157m[38;2;233;141;147m▄[48;2;232;140;145m[38;2;233;144;149m▄[48;2;233;142;150m[38;2;233;142;148m▄[48;2;233;141;149m[38;2;233;142;149m▄[48;2;230;141;147m[38;2;233;141;150m▄[48;2;231;141;149m[38;2;232;141;150m▄[48;2;232;129;141m[38;2;228;132;144m▄[48;2;218;121;135m[38;2;219;99;118m▄[48;2;203;194;195m[38;2;204;138;151m▄[48;2;214;216;216m[38;2;215;222;220m▄[48;2;216;215;215m[38;2;216;214;215m▄[48;2;216;216;216m[38;2;216;216;216m▄[48;2;216;216;216m[38;2;216;216;216m▄[48;2;216;216;216m[38;2;215;215;215m▄[48;2;215;215;215m[38;2;215;215;215m▄[48;2;215;215;215m[38;2;215;215;215m▄[48;2;214;214;214m[38;2;214;214;214m▄[48;2;213;213;213m[38;2;214;214;214m▄[48;2;213;213;213m[38;2;213;213;213m▄[48;2;212;212;212m[38;2;212;212;212m▄[48;2;211;211;211m[38;2;211;211;211m▄[48;2;211;211;211m[38;2;211;211;211m▄[48;2;211;211;211m[38;2;211;211;211m▄[48;2;210;210;210m[38;2;210;210;210m▄[48;2;210;210;210m[38;2;210;210;210m▄[48;2;210;210;210m[38;2;209;209;209m▄[48;2;209;209;209m[38;2;209;209;209m▄[48;2;209;209;209m[38;2;209;209;209m▄[48;2;209;209;209m[38;2;208;208;208m▄[48;2;208;208;208m[38;2;208;208;208m▄[48;2;208;208;208m[38;2;207;207;207m▄[48;2;207;207;208m[38;2;207;207;207m▄[48;2;206;206;206m[38;2;207;207;207m▄[48;2;205;205;205m[38;2;206;206;206m▄[0m
[48;2;215;215;215m[38;2;215;215;215m▄[48;2;216;216;216m[38;2;215;215;215m▄[48;2;215;215;215m[38;2;215;215;215m▄[48;2;215;215;215m[38;2;215;215;215m▄[48;2;216;216;216m[38;2;216;216;216m▄[48;2;217;217;217m[38;2;216;216;216m▄[48;2;217;217;217m[38;2;216;216;216m▄[48;2;217;217;217m[38;2;217;217;217m▄[48;2;217;217;217m[38;2;216;216;216m▄[48;2;217;217;217m[38;2;216;216;216m▄[48;2;218;218;218m[38;2;217;217;217m▄[48;2;220;220;219m[38;2;218;218;217m▄[48;2;220;220;217m[38;2;219;219;216m▄[48;2;220;219;216m[38;2;219;218;216m▄[48;2;223;219;215m[38;2;220;218;216m▄[48;2;239;231;216m[38;2;221;218;214m▄[48;2;254;251;233m[38;2;233;226;213m▄[48;2;255;255;254m[38;2;250;245;229m▄[48;2;255;255;252m[38;2;255;255;249m▄[48;2;252;249;237m[38;2;254;255;255m▄[48;2;239;232;220m[38;2;254;254;245m▄[48;2;230;221;215m[38;2;247;241;225m▄[48;2;229;229;222m[38;2;237;234;220m▄[48;2;219;157;161m[38;2;227;164;165m▄[48;2;238;171;170m[38;2;242;177;171m▄[48;2;238;152;152m[38;2;240;159;153m▄[48;2;237;152;150m[38;2;239;155;152m▄[48;2;235;147;147m[38;2;238;152;151m▄[48;2;238;163;165m[38;2;236;151;154m▄[48;2;235;151;154m[38;2;236;147;150m▄[48;2;234;143;148m[38;2;235;145;148m▄[48;2;233;144;149m[38;2;234;143;150m▄[48;2;232;142;149m[38;2;233;142;150m▄[48;2;232;141;148m[38;2;233;142;149m▄[48;2;232;139;148m[38;2;233;140;146m▄[48;2;232;141;149m[38;2;232;141;149m▄[48;2;228;133;143m[38;2;227;128;141m▄[48;2;224;112;128m[38;2;224;111;129m▄[48;2;206;113;132m[38;2;207;111;130m▄[48;2;207;206;207m[38;2;202;197;199m▄[48;2;217;216;217m[38;2;214;215;215m▄[48;2;216;216;216m[38;2;215;215;215m▄[48;2;215;215;215m[38;2;214;214;214m▄[48;2;215;215;215m[38;2;215;215;215m▄[48;2;215;215;215m[38;2;215;215;215m▄[48;2;215;215;215m[38;2;214;214;214m▄[48;2;214;214;214m[38;2;213;213;213m▄[48;2;214;214;214m[38;2;213;213;213m▄[48;2;213;213;213m[38;2;212;212;212m▄[48;2;212;212;212m[38;2;212;211;212m▄[48;2;210;210;210m[38;2;210;210;210m▄[48;2;210;210;210m[38;2;210;210;210m▄[48;2;210;210;210m[38;2;210;210;210m▄[48;2;210;210;210m[38;2;211;210;210m▄[48;2;210;210;210m[38;2;210;210;210m▄[48;2;209;209;209m[38;2;209;209;209m▄[48;2;208;208;208m[38;2;208;208;208m▄[48;2;208;208;208m[38;2;208;208;208m▄[48;2;208;208;208m[38;2;208;208;208m▄[48;2;207;207;207m[38;2;207;207;207m▄[48;2;207;207;207m[38;2;207;207;208m▄[48;2;207;207;207m[38;2;207;207;207m▄[48;2;206;206;206m[38;2;205;205;205m▄[48;2;205;205;205m[38;2;204;204;204m▄[0m
[48;2;215;215;215m[38;2;215;215;215m▄[48;2;215;215;215m[38;2;215;215;215m▄[48;2;216;216;216m[38;2;216;216;216m▄[48;2;216;216;216m[38;2;216;216;216m▄[48;2;216;216;216m[38;2;215;216;215m▄[48;2;216;216;216m[38;2;215;215;215m▄[48;2;216;216;216m[38;2;216;216;215m▄[48;2;216;216;216m[38;2;216;216;215m▄[48;2;216;216;216m[38;2;216;216;216m▄[48;2;216;216;216m[38;2;216;216;216m▄[48;2;216;216;216m[38;2;216;216;216m▄[48;2;217;217;216m[38;2;216;216;216m▄[48;2;217;217;217m[38;2;217;217;216m▄[48;2;219;218;217m[38;2;218;218;215m▄[48;2;219;218;215m[38;2;219;218;214m▄[48;2;220;218;214m[38;2;220;217;213m▄[48;2;221;217;213m[38;2;222;218;214m▄[48;2;227;220;213m[38;2;222;219;213m▄[48;2;242;236;220m[38;2;224;218;212m▄[48;2;253;253;240m[38;2;233;226;215m▄[48;2;255;255;254m[38;2;250;245;230m▄[48;2;255;254;253m[38;2;255;255;247m▄[48;2;253;254;244m[38;2;255;255;255m▄[48;2;242;203;181m[38;2;254;253;242m▄[48;2;244;187;166m[38;2;252;241;207m▄[48;2;246;170;159m[38;2;251;199;168m▄[48;2;242;162;152m[38;2;247;172;151m▄[48;2;239;156;152m[38;2;241;161;153m▄[48;2;236;151;151m[38;2;238;153;151m▄[48;2;235;147;149m[38;2;235;149;148m▄[48;2;235;145;148m[38;2;233;146;148m▄[48;2;234;144;148m[38;2;233;145;148m▄[48;2;234;143;149m[38;2;234;143;147m▄[48;2;233;142;149m[38;2;232;141;147m▄[48;2;232;140;147m[38;2;233;141;150m▄[48;2;232;141;149m[38;2;230;137;146m▄[48;2;225;120;134m[38;2;220;111;124m▄[48;2;223;111;128m[38;2;221;108;125m▄[48;2;202;115;133m[38;2;197;139;152m▄[48;2;200;203;202m[38;2;200;209;207m▄[48;2;212;212;212m[38;2;212;210;211m▄[48;2;215;215;215m[38;2;215;215;215m▄[48;2;215;215;215m[38;2;214;214;214m▄[48;2;214;214;214m[38;2;213;213;213m▄[48;2;214;214;214m[38;2;214;214;214m▄[48;2;213;213;213m[38;2;213;213;212m▄[48;2;213;213;213m[38;2;212;212;212m▄[48;2;213;213;213m[38;2;212;211;212m▄[48;2;212;211;212m[38;2;211;211;211m▄[48;2;211;211;211m[38;2;210;210;210m▄[48;2;211;211;211m[38;2;210;210;210m▄[48;2;211;211;211m[38;2;210;210;210m▄[48;2;210;210;210m[38;2;210;210;210m▄[48;2;211;210;211m[38;2;210;210;210m▄[48;2;208;208;209m[38;2;208;208;209m▄[48;2;208;208;208m[38;2;208;208;208m▄[48;2;208;208;208m[38;2;208;208;208m▄[48;2;207;207;207m[38;2;208;208;208m▄[48;2;208;208;208m[38;2;208;208;208m▄[48;2;207;207;207m[38;2;207;207;207m▄[48;2;207;207;207m[38;2;206;206;207m▄[48;2;206;206;206m[38;2;205;205;205m▄[48;2;204;204;204m[38;2;203;203;203m▄[48;2;204;204;204m[38;2;204;204;204m▄[0m
[48;2;215;215;215m[38;2;215;215;215m▄[48;2;215;215;215m[38;2;215;215;215m▄[48;2;216;216;216m[38;2;215;215;215m▄[48;2;215;215;216m[38;2;216;216;215m▄[48;2;215;215;214m[38;2;216;216;216m▄[48;2;215;215;214m[38;2;215;215;216m▄[48;2;215;215;214m[38;2;216;215;215m▄[48;2;216;216;215m[38;2;216;216;213m▄[48;2;215;215;216m[38;2;216;216;213m▄[48;2;216;216;215m[38;2;216;216;213m▄[48;2;216;216;213m[38;2;215;215;212m▄[48;2;216;216;214m[38;2;215;215;212m▄[48;2;216;215;213m[38;2;216;216;213m▄[48;2;216;216;214m[38;2;216;216;213m▄[48;2;217;217;213m[38;2;217;216;212m▄[48;2;218;216;212m[38;2;218;216;212m▄[48;2;219;217;213m[38;2;218;216;213m▄[48;2;220;218;213m[38;2;219;217;214m▄[48;2;221;218;213m[38;2;221;218;214m▄[48;2;223;218;213m[38;2;223;219;214m▄[48;2;230;222;213m[38;2;224;220;214m▄[48;2;244;237;223m[38;2;229;220;214m▄[48;2;253;252;241m[38;2;240;231;217m▄[48;2;255;255;255m[38;2;250;246;231m▄[48;2;255;255;255m[38;2;254;252;244m▄[48;2;253;245;228m[38;2;254;255;241m▄[48;2;250;196;166m[38;2;253;226;195m▄[48;2;244;163;152m[38;2;244;163;148m▄[48;2;238;155;149m[38;2;237;154;149m▄[48;2;235;150;149m[38;2;234;147;146m▄[48;2;232;145;147m[38;2;234;150;152m▄[48;2;232;143;147m[38;2;232;147;150m▄[48;2;233;142;148m[38;2;232;141;147m▄[48;2;233;143;149m[38;2;230;135;144m▄[48;2;232;142;149m[38;2;222;114;128m▄[48;2;222;115;130m[38;2;223;115;129m▄[48;2;225;116;130m[38;2;220;107;124m▄[48;2;220;124;138m[38;2;200;157;166m▄[48;2;194;185;187m[38;2;196;204;202m▄[48;2;203;205;204m[38;2;208;206;206m▄[48;2;213;212;213m[38;2;214;214;214m▄[48;2;215;215;215m[38;2;214;214;214m▄[48;2;214;214;214m[38;2;213;213;213m▄[48;2;213;213;213m[38;2;213;213;213m▄[48;2;213;213;213m[38;2;212;212;212m▄[48;2;211;211;211m[38;2;211;211;211m▄[48;2;211;211;211m[38;2;211;211;211m▄[48;2;211;211;211m[38;2;210;210;210m▄[48;2;210;210;210m[38;2;210;210;210m▄[48;2;210;210;210m[38;2;210;210;210m▄[48;2;210;210;210m[38;2;210;210;210m▄[48;2;210;210;210m[38;2;209;209;209m▄[48;2;209;209;209m[38;2;209;209;209m▄[48;2;209;209;209m[38;2;208;208;208m▄[48;2;208;208;208m[38;2;208;208;208m▄[48;2;208;208;208m[38;2;208;208;208m▄[48;2;208;208;208m[38;2;208;208;208m▄[48;2;207;207;207m[38;2;207;207;207m▄[48;2;207;207;207m[38;2;207;207;207m▄[48;2;207;207;207m[38;2;206;206;206m▄[48;2;205;205;206m[38;2;204;204;205m▄[48;2;204;204;205m[38;2;204;204;204m▄[48;2;204;204;204m[38;2;204;204;204m▄[48;2;203;203;203m[38;2;203;203;203m▄[0m
[48;2;214;214;214m[38;2;214;214;214m▄[48;2;215;215;215m[38;2;215;215;215m▄[48;2;215;215;215m[38;2;215;215;215m▄[48;2;215;215;214m[38;2;215;215;215m▄[48;2;216;216;215m[38;2;215;215;215m▄[48;2;216;216;216m[38;2;215;215;215m▄[48;2;215;215;215m[38;2;216;216;216m▄[48;2;215;215;213m[38;2;215;215;214m▄[48;2;215;215;212m[38;2;215;215;215m▄[48;2;215;215;213m[38;2;215;215;215m▄[48;2;216;216;216m[38;2;215;215;214m▄[48;2;216;216;213m[38;2;216;216;214m▄[48;2;216;216;213m[38;2;215;215;213m▄[48;2;216;216;212m[38;2;216;215;211m▄[48;2;217;215;211m[38;2;216;216;211m▄[48;2;217;215;211m[38;2;216;216;211m▄[48;2;218;216;212m[38;2;217;215;211m▄[48;2;219;217;213m[38;2;218;216;212m▄[48;2;221;217;213m[38;2;218;217;212m▄[48;2;223;218;214m[38;2;221;218;213m▄[48;2;224;219;213m[38;2;223;218;214m▄[48;2;227;221;214m[38;2;224;219;214m▄[48;2;231;222;216m[38;2;226;220;214m▄[48;2;238;226;215m[38;2;229;221;214m▄[48;2;244;238;224m[38;2;231;222;214m▄[48;2;245;218;187m[38;2;231;222;216m▄[48;2;238;172;154m[38;2;217;164;165m▄[48;2;242;158;152m[38;2;217;120;128m▄[48;2;242;158;155m[38;2;221;119;127m▄[48;2;229;132;140m[38;2;217;113;127m▄[48;2;222;114;127m[38;2;204;112;128m▄[48;2;233;136;143m[38;2;206;116;132m▄[48;2;227;120;133m[38;2;213;102;121m▄[48;2;222;111;126m[38;2;215;103;120m▄[48;2;224;116;127m[38;2;210;103;122m▄[48;2;221;107;122m[38;2;196;126;141m▄[48;2;198;119;134m[38;2;194;194;194m▄[48;2;192;195;195m[38;2;198;200;199m▄[48;2;202;201;202m[38;2;207;207;207m▄[48;2;211;211;212m[38;2;212;212;212m▄[48;2;213;213;213m[38;2;213;212;213m▄[48;2;212;212;212m[38;2;212;212;212m▄[48;2;213;212;213m[38;2;211;211;211m▄[48;2;212;212;212m[38;2;211;211;211m▄[48;2;212;212;212m[38;2;211;210;211m▄[48;2;211;211;211m[38;2;210;210;211m▄[48;2;210;210;210m[38;2;210;210;210m▄[48;2;210;210;210m[38;2;210;210;210m▄[48;2;210;210;210m[38;2;210;210;210m▄[48;2;210;210;210m[38;2;210;210;210m▄[48;2;209;209;210m[38;2;209;209;209m▄[48;2;209;209;209m[38;2;208;208;208m▄[48;2;208;208;208m[38;2;208;208;208m▄[48;2;208;208;208m[38;2;208;208;208m▄[48;2;208;208;208m[38;2;208;208;208m▄[48;2;207;207;207m[38;2;208;208;208m▄[48;2;207;207;207m[38;2;207;207;207m▄[48;2;207;207;207m[38;2;207;207;207m▄[48;2;207;207;207m[38;2;206;206;206m▄[48;2;205;205;205m[38;2;205;205;205m▄[48;2;203;203;204m[38;2;204;204;204m▄[48;2;204;204;204m[38;2;204;204;204m▄[48;2;204;204;204m[38;2;204;204;204m▄[48;2;203;203;203m[38;2;203;203;203m▄[0m
[48;2;213;213;213m[38;2;212;212;212m▄[48;2;213;213;213m[38;2;212;212;212m▄[48;2;214;214;214m[38;2;213;213;213m▄[48;2;215;215;215m[38;2;214;214;214m▄[48;2;215;215;215m[38;2;214;214;214m▄[48;2;215;215;215m[38;2;214;214;214m▄[48;2;215;215;215m[38;2;214;214;214m▄[48;2;215;215;215m[38;2;214;214;214m▄[48;2;215;215;215m[38;2;214;214;214m▄[48;2;215;215;215m[38;2;214;214;214m▄[48;2;215;215;215m[38;2;215;215;215m▄[48;2;215;215;215m[38;2;215;215;215m▄[48;2;216;216;214m[38;2;215;215;214m▄[48;2;216;216;212m[38;2;215;215;212m▄[48;2;216;216;212m[38;2;215;215;211m▄[48;2;216;216;212m[38;2;215;215;211m▄[48;2;216;215;211m[38;2;215;215;210m▄[48;2;217;215;211m[38;2;216;214;210m▄[48;2;218;216;212m[38;2;217;215;211m▄[48;2;218;217;211m[38;2;217;216;209m▄[48;2;220;216;211m[38;2;218;216;209m▄[48;2;222;218;212m[38;2;219;217;210m▄[48;2;223;219;213m[38;2;220;216;210m▄[48;2;224;219;213m[38;2;221;216;211m▄[48;2;225;218;212m[38;2;220;216;210m▄[48;2;224;220;214m[38;2;220;216;210m▄[48;2;221;224;218m[38;2;219;214;208m▄[48;2;212;202;197m[38;2;217;216;209m▄[48;2;202;180;179m[38;2;213;216;210m▄[48;2;201;184;184m[38;2;210;212;205m▄[48;2;201;203;198m[38;2;210;207;204m▄[48;2;200;202;198m[38;2;212;209;207m▄[48;2;198;178;182m[38;2;210;214;210m▄[48;2;197;167;173m[38;2;207;213;210m▄[48;2;196;181;184m[38;2;204;208;206m▄[48;2;195;202;200m[38;2;205;203;204m▄[48;2;198;199;199m[38;2;208;207;209m▄[48;2;206;206;206m[38;2;212;212;211m▄[48;2;211;211;211m[38;2;212;212;212m▄[48;2;212;212;212m[38;2;211;211;211m▄[48;2;212;212;212m[38;2;211;211;211m▄[48;2;212;212;212m[38;2;211;211;211m▄[48;2;211;211;212m[38;2;210;210;210m▄[48;2;210;210;210m[38;2;210;210;210m▄[48;2;210;210;210m[38;2;210;210;210m▄[48;2;210;210;210m[38;2;210;210;210m▄[48;2;210;210;210m[38;2;210;210;210m▄[48;2;210;210;210m[38;2;210;210;210m▄[48;2;210;210;210m[38;2;209;209;209m▄[48;2;209;209;209m[38;2;208;208;208m▄[48;2;209;209;209m[38;2;208;208;208m▄[48;2;208;208;208m[38;2;208;208;208m▄[48;2;208;208;208m[38;2;208;208;208m▄[48;2;208;208;208m[38;2;208;208;208m▄[48;2;208;208;208m[38;2;207;207;207m▄[48;2;207;207;207m[38;2;207;207;207m▄[48;2;206;206;206m[38;2;206;206;206m▄[48;2;206;206;206m[38;2;205;205;205m▄[48;2;206;206;206m[38;2;204;204;205m▄[48;2;204;204;204m[38;2;204;204;203m▄[48;2;204;204;203m[38;2;204;204;201m▄[48;2;204;204;202m[38;2;205;205;201m▄[48;2;204;204;202m[38;2;203;204;202m▄[48;2;203;204;203m[38;2;202;204;204m▄[0m
[48;2;211;211;211m[38;2;210;210;210m▄[48;2;212;212;212m[38;2;211;211;211m▄[48;2;211;211;211m[38;2;212;212;212m▄[48;2;213;213;213m[38;2;212;212;212m▄[48;2;213;213;213m[38;2;212;212;212m▄[48;2;214;214;214m[38;2;212;212;212m▄[48;2;214;214;214m[38;2;212;212;212m▄[48;2;214;214;214m[38;2;213;213;213m▄[48;2;214;214;214m[38;2;213;213;214m▄[48;2;214;214;214m[38;2;214;213;215m▄[48;2;215;215;215m[38;2;214;214;214m▄[48;2;214;214;215m[38;2;214;214;214m▄[48;2;214;214;214m[38;2;214;214;214m▄[48;2;215;215;211m[38;2;214;214;213m▄[48;2;215;215;211m[38;2;214;214;211m▄[48;2;215;215;211m[38;2;215;215;210m▄[48;2;215;215;210m[38;2;215;215;210m▄[48;2;216;215;209m[38;2;215;215;209m▄[48;2;215;216;209m[38;2;215;215;210m▄[48;2;216;217;209m[38;2;215;216;209m▄[48;2;216;216;209m[38;2;215;216;208m▄[48;2;216;216;209m[38;2;215;216;208m▄[48;2;217;216;209m[38;2;215;216;208m▄[48;2;217;217;209m[38;2;216;216;209m▄[48;2;217;216;209m[38;2;216;215;208m▄[48;2;217;215;208m[38;2;215;215;208m▄[48;2;216;215;208m[38;2;216;214;208m▄[48;2;216;215;208m[38;2;215;214;208m▄[48;2;216;214;208m[38;2;214;214;207m▄[48;2;215;214;209m[38;2;214;214;207m▄[48;2;215;215;210m[38;2;214;214;209m▄[48;2;214;214;211m[38;2;214;214;210m▄[48;2;214;213;209m[38;2;214;214;213m▄[48;2;214;212;211m[38;2;213;213;213m▄[48;2;212;211;212m[38;2;212;212;212m▄[48;2;212;212;212m[38;2;211;211;211m▄[48;2;212;212;212m[38;2;211;211;211m▄[48;2;212;212;213m[38;2;211;211;211m▄[48;2;211;211;211m[38;2;210;210;210m▄[48;2;210;210;210m[38;2;210;210;210m▄[48;2;210;210;210m[38;2;209;209;209m▄[48;2;210;210;210m[38;2;210;210;210m▄[48;2;210;210;210m[38;2;210;210;210m▄[48;2;210;210;210m[38;2;210;210;210m▄[48;2;210;210;210m[38;2;210;210;210m▄[48;2;210;210;210m[38;2;209;209;209m▄[48;2;209;209;210m[38;2;208;208;209m▄[48;2;209;209;209m[38;2;208;208;208m▄[48;2;208;208;209m[38;2;208;208;208m▄[48;2;208;208;209m[38;2;208;208;208m▄[48;2;208;208;208m[38;2;208;207;208m▄[48;2;207;207;207m[38;2;207;207;207m▄[48;2;207;207;207m[38;2;207;207;207m▄[48;2;207;207;207m[38;2;207;207;207m▄[48;2;207;207;207m[38;2;206;207;207m▄[48;2;206;206;206m[38;2;205;205;205m▄[48;2;206;205;206m[38;2;204;204;205m▄[48;2;204;203;205m[38;2;204;203;205m▄[48;2;203;203;203m[38;2;203;203;203m▄[48;2;204;204;204m[38;2;202;202;203m▄[48;2;204;204;202m[38;2;203;203;203m▄[48;2;204;204;201m[38;2;203;203;202m▄[48;2;202;203;202m[38;2;203;203;204m▄[48;2;202;204;204m[38;2;202;203;203m▄[0m
[48;2;210;210;210m[38;2;210;210;210m▄[48;2;210;210;210m[38;2;210;210;210m▄[48;2;211;211;211m[38;2;210;210;210m▄[48;2;211;211;211m[38;2;211;211;211m▄[48;2;211;211;211m[38;2;210;210;210m▄[48;2;211;211;211m[38;2;210;210;210m▄[48;2;212;212;212m[38;2;211;211;211m▄[48;2;212;212;212m[38;2;211;211;211m▄[48;2;213;212;213m[38;2;211;211;211m▄[48;2;213;212;213m[38;2;212;212;212m▄[48;2;213;213;213m[38;2;212;212;212m▄[48;2;213;213;213m[38;2;211;211;211m▄[48;2;214;213;214m[38;2;213;213;213m▄[48;2;214;214;214m[38;2;213;213;213m▄[48;2;214;214;214m[38;2;213;213;214m▄[48;2;215;215;213m[38;2;214;214;214m▄[48;2;214;214;212m[38;2;214;214;214m▄[48;2;214;214;211m[38;2;214;214;214m▄[48;2;215;215;210m[38;2;214;214;213m▄[48;2;215;215;210m[38;2;214;215;214m▄[48;2;215;215;209m[38;2;214;214;212m▄[48;2;215;216;208m[38;2;213;213;209m▄[48;2;215;216;208m[38;2;213;213;209m▄[48;2;216;216;208m[38;2;212;212;209m▄[48;2;215;216;208m[38;2;211;212;208m▄[48;2;215;216;209m[38;2;211;212;207m▄[48;2;216;215;210m[38;2;211;211;206m▄[48;2;216;215;210m[38;2;210;211;206m▄[48;2;215;215;210m[38;2;209;209;207m▄[48;2;215;215;211m[38;2;209;208;206m▄[48;2;214;214;210m[38;2;208;208;205m▄[48;2;214;214;211m[38;2;209;209;206m▄[48;2;213;213;212m[38;2;209;209;206m▄[48;2;212;212;211m[38;2;209;209;207m▄[48;2;212;211;210m[38;2;208;208;208m▄[48;2;211;211;211m[38;2;207;208;206m▄[48;2;211;210;210m[38;2;207;208;208m▄[48;2;210;210;210m[38;2;207;208;208m▄[48;2;211;210;210m[38;2;208;209;209m▄[48;2;210;210;210m[38;2;209;209;209m▄[48;2;210;210;210m[38;2;208;208;208m▄[48;2;210;210;210m[38;2;208;208;208m▄[48;2;210;210;210m[38;2;208;208;208m▄[48;2;210;210;210m[38;2;207;206;207m▄[48;2;210;210;210m[38;2;207;207;207m▄[48;2;209;209;209m[38;2;207;207;207m▄[48;2;208;208;208m[38;2;207;207;207m▄[48;2;208;208;208m[38;2;207;207;208m▄[48;2;208;208;208m[38;2;207;207;207m▄[48;2;207;208;208m[38;2;207;207;207m▄[48;2;207;207;208m[38;2;206;206;207m▄[48;2;207;207;207m[38;2;206;206;207m▄[48;2;207;207;207m[38;2;206;206;206m▄[48;2;206;206;207m[38;2;204;204;205m▄[48;2;205;204;205m[38;2;204;203;204m▄[48;2;204;204;205m[38;2;203;203;204m▄[48;2;204;204;204m[38;2;203;203;203m▄[48;2;203;203;203m[38;2;202;202;201m▄[48;2;207;207;207m[38;2;210;210;210m▄[48;2;211;211;211m[38;2;216;216;216m▄[48;2;203;203;203m[38;2;203;203;203m▄[48;2;203;203;203m[38;2;203;203;203m▄[48;2;203;203;203m[38;2;202;202;203m▄[48;2;203;202;202m[38;2;201;201;203m▄[0m
[48;2;210;210;210m[38;2;212;212;212m▄[48;2;210;210;210m[38;2;213;213;213m▄[48;2;210;210;210m[38;2;213;213;213m▄[48;2;211;211;211m[38;2;214;214;214m▄[48;2;211;211;211m[38;2;214;214;214m▄[48;2;212;212;212m[38;2;214;214;214m▄[48;2;212;212;212m[38;2;214;214;214m▄[48;2;212;212;212m[38;2;214;214;214m▄[48;2;212;212;212m[38;2;214;214;214m▄[48;2;212;212;213m[38;2;214;214;214m▄[48;2;213;213;213m[38;2;215;215;215m▄[48;2;213;213;213m[38;2;215;215;215m▄[48;2;213;213;213m[38;2;215;215;215m▄[48;2;214;214;214m[38;2;216;216;216m▄[48;2;214;214;214m[38;2;215;215;215m▄[48;2;215;215;214m[38;2;215;215;215m▄[48;2;215;215;215m[38;2;215;215;215m▄[48;2;215;215;215m[38;2;216;216;216m▄[48;2;215;215;215m[38;2;216;216;216m▄[48;2;215;215;215m[38;2;215;215;215m▄[48;2;214;214;214m[38;2;215;215;214m▄[48;2;211;211;212m[38;2;212;211;210m▄[48;2;209;208;209m[38;2;211;206;205m▄[48;2;206;205;206m[38;2;208;199;199m▄[48;2;205;202;201m[38;2;203;191;190m▄[48;2;204;199;197m[38;2;201;184;183m▄[48;2;203;197;195m[38;2;200;180;179m▄[48;2;201;193;192m[38;2;200;178;177m▄[48;2;198;189;188m[38;2;199;177;176m▄[48;2;196;187;185m[38;2;199;176;176m▄[48;2;193;185;183m[38;2;197;175;174m▄[48;2;193;184;182m[38;2;197;175;173m▄[48;2;194;184;182m[38;2;197;175;174m▄[48;2;193;185;183m[38;2;195;174;173m▄[48;2;192;185;184m[38;2;195;173;172m▄[48;2;192;186;185m[38;2;194;173;173m▄[48;2;192;187;187m[38;2;194;174;174m▄[48;2;194;188;189m[38;2;193;177;176m▄[48;2;195;191;192m[38;2;195;181;181m▄[48;2;196;194;195m[38;2;198;188;188m▄[48;2;197;197;197m[38;2;202;195;194m▄[48;2;199;199;199m[38;2;205;202;201m▄[48;2;202;202;202m[38;2;207;207;208m▄[48;2;203;203;203m[38;2;209;209;209m▄[48;2;203;203;205m[38;2;209;209;210m▄[48;2;205;205;205m[38;2;210;210;210m▄[48;2;206;206;206m[38;2;209;209;209m▄[48;2;207;207;207m[38;2;208;209;208m▄[48;2;207;207;207m[38;2;208;208;208m▄[48;2;207;207;207m[38;2;208;208;208m▄[48;2;207;206;207m[38;2;208;208;208m▄[48;2;206;206;207m[38;2;207;207;207m▄[48;2;206;206;206m[38;2;207;207;207m▄[48;2;205;204;205m[38;2;207;207;206m▄[48;2;204;205;204m[38;2;206;206;206m▄[48;2;203;203;203m[38;2;206;206;206m▄[48;2;203;203;203m[38;2;205;205;205m▄[48;2;203;203;203m[38;2;205;205;206m▄[48;2;203;203;203m[38;2;204;204;205m▄[48;2;203;203;203m[38;2;204;204;204m▄[48;2;202;202;202m[38;2;204;204;204m▄[48;2;203;203;203m[38;2;203;203;203m▄[48;2;203;203;202m[38;2;202;202;202m▄[48;2;203;203;203m[38;2;203;203;203m▄[0m
[48;2;215;215;215m[38;2;216;216;216m▄[48;2;215;215;215m[38;2;215;215;215m▄[48;2;215;215;215m[38;2;216;216;216m▄[48;2;215;215;215m[38;2;216;216;216m▄[48;2;215;215;215m[38;2;216;216;216m▄[48;2;215;215;215m[38;2;217;217;217m▄[48;2;215;215;215m[38;2;216;216;216m▄[48;2;215;215;215m[38;2;216;216;216m▄[48;2;216;216;216m[38;2;217;217;217m▄[48;2;215;215;215m[38;2;217;217;217m▄[48;2;216;216;216m[38;2;217;217;217m▄[48;2;216;216;216m[38;2;217;217;217m▄[48;2;216;216;216m[38;2;217;217;217m▄[48;2;216;216;216m[38;2;217;217;217m▄[48;2;216;216;216m[38;2;217;217;217m▄[48;2;217;217;217m[38;2;217;217;217m▄[48;2;217;217;217m[38;2;217;217;217m▄[48;2;216;216;216m[38;2;217;217;217m▄[48;2;216;216;216m[38;2;217;217;217m▄[48;2;216;216;216m[38;2;217;217;217m▄[48;2;215;215;215m[38;2;217;217;217m▄[48;2;215;215;213m[38;2;217;217;217m▄[48;2;214;213;211m[38;2;216;216;216m▄[48;2;213;210;209m[38;2;217;217;217m▄[48;2;210;205;205m[38;2;218;218;218m▄[48;2;208;201;200m[38;2;217;218;218m▄[48;2;207;196;195m[38;2;216;217;216m▄[48;2;205;193;192m[38;2;216;216;216m▄[48;2;204;191;191m[38;2;216;215;215m▄[48;2;203;189;189m[38;2;216;215;214m▄[48;2;204;189;188m[38;2;215;215;216m▄[48;2;204;190;190m[38;2;215;215;217m▄[48;2;203;189;187m[38;2;215;215;215m▄[48;2;201;187;186m[38;2;214;214;214m▄[48;2;202;187;187m[38;2;214;214;214m▄[48;2;201;188;187m[38;2;214;214;214m▄[48;2;203;192;191m[38;2;215;215;215m▄[48;2;204;195;195m[38;2;215;215;216m▄[48;2;206;199;199m[38;2;215;215;215m▄[48;2;208;204;202m[38;2;215;215;215m▄[48;2;210;207;206m[38;2;215;215;215m▄[48;2;211;210;210m[38;2;214;214;214m▄[48;2;211;211;211m[38;2;214;214;214m▄[48;2;211;211;211m[38;2;213;213;213m▄[48;2;210;210;210m[38;2;212;212;212m▄[48;2;210;210;210m[38;2;212;212;212m▄[48;2;210;210;210m[38;2;211;211;211m▄[48;2;210;210;210m[38;2;210;210;210m▄[48;2;209;209;209m[38;2;210;210;210m▄[48;2;209;209;210m[38;2;210;210;210m▄[48;2;209;209;209m[38;2;209;209;209m▄[48;2;208;208;208m[38;2;209;209;209m▄[48;2;208;208;208m[38;2;209;209;209m▄[48;2;208;208;208m[38;2;209;209;209m▄[48;2;208;208;208m[38;2;209;209;209m▄[48;2;208;208;208m[38;2;209;209;209m▄[48;2;207;207;207m[38;2;208;208;208m▄[48;2;207;207;207m[38;2;208;208;208m▄[48;2;207;207;207m[38;2;208;208;208m▄[48;2;207;207;207m[38;2;208;208;208m▄[48;2;206;206;206m[38;2;208;208;208m▄[48;2;205;205;205m[38;2;208;208;208m▄[48;2;204;204;204m[38;2;207;207;207m▄[48;2;205;205;205m[38;2;207;207;207m▄[0m
