[48;2;221;221;221m[38;2;220;220;220m▄[48;2;222;222;222m[38;2;221;221;221m▄[48;2;222;222;222m[38;2;222;222;222m▄[48;2;222;222;222m[38;2;222;222;222m▄[48;2;223;223;223m[38;2;223;223;223m▄[48;2;223;223;223m[38;2;224;224;224m▄[48;2;224;224;224m[38;2;224;224;223m▄[48;2;224;224;224m[38;2;224;224;224m▄[48;2;224;224;224m[38;2;224;224;224m▄[48;2;224;224;224m[38;2;224;224;224m▄[48;2;225;225;225m[38;2;224;224;224m▄[48;2;226;226;226m[38;2;224;224;224m▄[48;2;228;228;228m[38;2;225;225;225m▄[48;2;227;227;227m[38;2;227;227;227m▄[48;2;227;227;227m[38;2;227;227;227m▄[48;2;228;228;228m[38;2;228;228;228m▄[48;2;227;227;227m[38;2;227;227;227m▄[48;2;227;227;227m[38;2;227;227;227m▄[48;2;227;227;227m[38;2;227;227;227m▄[48;2;227;227;227m[38;2;226;226;226m▄[48;2;227;227;227m[38;2;226;226;226m▄[48;2;227;227;227m[38;2;227;227;227m▄[48;2;227;227;227m[38;2;226;226;226m▄[48;2;227;227;227m[38;2;227;227;227m▄[48;2;227;227;227m[38;2;227;227;227m▄[48;2;228;228;228m[38;2;226;226;226m▄[48;2;227;227;227m[38;2;225;225;225m▄[48;2;225;225;225m[38;2;224;224;224m▄[48;2;225;225;225m[38;2;224;224;224m▄[48;2;224;224;224m[38;2;224;224;224m▄[48;2;224;224;224m[38;2;224;224;224m▄[48;2;224;224;224m[38;2;224;224;224m▄[48;2;225;225;225m[38;2;224;224;224m▄[48;2;223;223;223m[38;2;223;223;223m▄[48;2;223;223;223m[38;2;223;223;223m▄[48;2;223;223;223m[38;2;223;223;223m▄[48;2;223;223;223m[38;2;223;223;223m▄[48;2;222;222;222m[38;2;222;222;222m▄[48;2;221;221;221m[38;2;221;221;221m▄[48;2;221;221;221m[38;2;221;221;221m▄[48;2;220;220;220m[38;2;219;219;219m▄[48;2;218;218;218m[38;2;217;217;217m▄[48;2;217;217;217m[38;2;217;217;217m▄[48;2;216;216;216m[38;2;216;216;216m▄[48;2;216;216;216m[38;2;216;216;216m▄[48;2;216;216;216m[38;2;216;216;216m▄[48;2;216;216;216m[38;2;216;216;216m▄[48;2;215;215;215m[38;2;215;215;215m▄[48;2;215;215;215m[38;2;215;215;215m▄[48;2;214;214;214m[38;2;214;214;214m▄[48;2;214;214;214m[38;2;214;214;214m▄[48;2;213;213;213m[38;2;213;213;213m▄[48;2;212;212;212m[38;2;213;213;213m▄[48;2;212;212;212m[38;2;212;212;212m▄[48;2;211;211;211m[38;2;211;211;211m▄[48;2;211;211;211m[38;2;210;210;210m▄[48;2;211;211;211m[38;2;210;210;210m▄[48;2;210;210;210m[38;2;211;211;210m▄[48;2;209;209;209m[38;2;209;209;209m▄[48;2;208;208;208m[38;2;208;208;208m▄[48;2;208;208;208m[38;2;208;208;208m▄[48;2;208;208;208m[38;2;208;208;208m▄[48;2;208;208;208m[38;2;208;208;208m▄[48;2;207;207;207m[38;2;207;207;207m▄[0m
[48;2;219;219;219m[38;2;218;218;218m▄[48;2;221;221;221m[38;2;221;221;221m▄[48;2;222;222;222m[38;2;222;222;222m▄[48;2;222;222;222m[38;2;222;222;222m▄[48;2;223;223;223m[38;2;222;222;222m▄[48;2;223;223;223m[38;2;223;223;223m▄[48;2;224;224;224m[38;2;223;223;223m▄[48;2;224;224;224m[38;2;224;224;224m▄[48;2;224;224;224m[38;2;224;224;224m▄[48;2;224;224;224m[38;2;224;224;224m▄[48;2;224;224;224m[38;2;224;224;224m▄[48;2;224;224;224m[38;2;224;224;224m▄[48;2;224;224;224m[38;2;224;224;224m▄[48;2;226;226;226m[38;2;225;225;225m▄[48;2;227;227;227m[38;2;225;225;225m▄[48;2;227;227;227m[38;2;225;225;225m▄[48;2;227;227;227m[38;2;227;227;226m▄[48;2;227;227;227m[38;2;227;227;227m▄[48;2;227;227;227m[38;2;228;228;228m▄[48;2;226;226;226m[38;2;227;227;227m▄[48;2;226;226;226m[38;2;226;226;226m▄[48;2;227;227;227m[38;2;227;227;227m▄[48;2;227;227;227m[38;2;227;227;227m▄[48;2;227;227;227m[38;2;227;227;227m▄[48;2;227;227;227m[38;2;227;227;227m▄[48;2;226;226;226m[38;2;225;225;225m▄[48;2;225;225;225m[38;2;224;224;224m▄[48;2;224;224;224m[38;2;224;224;224m▄[48;2;224;224;224m[38;2;224;224;224m▄[48;2;224;224;224m[38;2;224;224;224m▄[48;2;224;224;224m[38;2;224;224;224m▄[48;2;224;224;224m[38;2;224;224;224m▄[48;2;224;224;224m[38;2;223;223;223m▄[48;2;223;223;223m[38;2;223;223;223m▄[48;2;223;223;223m[38;2;223;223;223m▄[48;2;222;222;222m[38;2;222;222;222m▄[48;2;222;222;222m[38;2;222;222;222m▄[48;2;222;222;222m[38;2;222;222;222m▄[48;2;221;221;221m[38;2;221;221;221m▄[48;2;220;220;220m[38;2;221;221;221m▄[48;2;219;219;219m[38;2;220;220;220m▄[48;2;217;217;217m[38;2;217;217;217m▄[48;2;217;217;217m[38;2;217;217;217m▄[48;2;216;216;216m[38;2;216;216;216m▄[48;2;216;216;216m[38;2;216;216;216m▄[48;2;216;216;216m[38;2;216;216;216m▄[48;2;216;216;216m[38;2;216;216;216m▄[48;2;215;215;215m[38;2;215;215;215m▄[48;2;215;215;215m[38;2;215;214;215m▄[48;2;215;214;215m[38;2;214;214;215m▄[48;2;214;214;214m[38;2;213;213;213m▄[48;2;214;214;213m[38;2;213;213;213m▄[48;2;213;213;213m[38;2;212;212;213m▄[48;2;211;211;211m[38;2;211;211;211m▄[48;2;210;210;210m[38;2;210;210;210m▄[48;2;210;210;210m[38;2;210;210;210m▄[48;2;210;210;210m[38;2;210;210;210m▄[48;2;210;210;210m[38;2;210;210;210m▄[48;2;209;209;209m[38;2;209;209;209m▄[48;2;208;208;208m[38;2;208;208;208m▄[48;2;208;208;208m[38;2;208;208;208m▄[48;2;208;208;208m[38;2;208;208;208m▄[48;2;208;208;208m[38;2;207;207;207m▄[48;2;207;207;207m[38;2;207;207;207m▄[0m
[48;2;219;219;219m[38;2;219;219;219m▄[48;2;221;221;221m[38;2;220;220;220m▄[48;2;222;222;222m[38;2;221;221;221m▄[48;2;222;222;222m[38;2;221;221;221m▄[48;2;222;222;222m[38;2;222;222;222m▄[48;2;223;223;223m[38;2;222;222;222m▄[48;2;223;223;223m[38;2;223;223;223m▄[48;2;223;223;223m[38;2;224;224;224m▄[48;2;224;223;224m[38;2;223;223;223m▄[48;2;224;224;224m[38;2;224;224;224m▄[48;2;224;224;224m[38;2;224;224;224m▄[48;2;224;224;224m[38;2;224;224;224m▄[48;2;224;224;224m[38;2;225;225;225m▄[48;2;224;224;224m[38;2;226;225;226m▄[48;2;226;226;226m[38;2;230;230;230m▄[48;2;224;224;224m[38;2;225;225;225m▄[48;2;224;224;224m[38;2;223;223;223m▄[48;2;224;224;224m[38;2;223;223;223m▄[48;2;227;227;227m[38;2;225;225;225m▄[48;2;226;226;226m[38;2;226;226;225m▄[48;2;225;225;225m[38;2;225;225;225m▄[48;2;226;226;226m[38;2;224;224;224m▄[48;2;226;226;226m[38;2;225;225;225m▄[48;2;225;225;225m[38;2;227;227;227m▄[48;2;225;225;225m[38;2;227;227;227m▄[48;2;224;224;224m[38;2;225;225;225m▄[48;2;224;224;224m[38;2;224;224;224m▄[48;2;224;224;224m[38;2;223;224;223m▄[48;2;224;224;224m[38;2;223;223;223m▄[48;2;224;224;224m[38;2;224;224;224m▄[48;2;224;224;224m[38;2;224;224;224m▄[48;2;224;224;224m[38;2;223;223;223m▄[48;2;223;223;223m[38;2;224;224;224m▄[48;2;223;223;223m[38;2;224;224;224m▄[48;2;223;223;223m[38;2;223;223;222m▄[48;2;222;222;222m[38;2;221;222;221m▄[48;2;222;222;222m[38;2;223;223;223m▄[48;2;221;221;221m[38;2;222;222;222m▄[48;2;221;221;221m[38;2;221;221;221m▄[48;2;220;220;220m[38;2;220;220;219m▄[48;2;218;218;218m[38;2;218;218;218m▄[48;2;217;217;217m[38;2;217;217;217m▄[48;2;217;217;217m[38;2;217;217;217m▄[48;2;216;216;216m[38;2;216;216;216m▄[48;2;216;216;216m[38;2;216;216;216m▄[48;2;216;216;216m[38;2;215;215;215m▄[48;2;215;215;215m[38;2;215;215;215m▄[48;2;215;215;215m[38;2;215;215;215m▄[48;2;215;215;215m[38;2;214;214;214m▄[48;2;214;214;214m[38;2;215;215;215m▄[48;2;213;213;213m[38;2;214;214;214m▄[48;2;212;212;212m[38;2;213;213;213m▄[48;2;212;212;213m[38;2;213;213;213m▄[48;2;212;211;212m[38;2;212;212;212m▄[48;2;210;210;211m[38;2;210;210;210m▄[48;2;210;210;210m[38;2;210;210;210m▄[48;2;210;210;210m[38;2;210;210;210m▄[48;2;210;210;210m[38;2;210;210;210m▄[48;2;209;209;209m[38;2;209;209;209m▄[48;2;208;208;208m[38;2;208;208;208m▄[48;2;208;208;208m[38;2;208;208;208m▄[48;2;208;208;208m[38;2;208;208;208m▄[48;2;208;208;208m[38;2;208;208;208m▄[48;2;207;207;207m[38;2;207;207;207m▄[0m
[48;2;218;218;218m[38;2;218;218;218m▄[48;2;220;220;220m[38;2;218;218;218m▄[48;2;220;220;220m[38;2;220;220;220m▄[48;2;221;221;221m[38;2;221;221;221m▄[48;2;222;222;222m[38;2;221;221;221m▄[48;2;222;222;222m[38;2;222;222;221m▄[48;2;222;222;223m[38;2;222;222;222m▄[48;2;223;223;223m[38;2;222;222;222m▄[48;2;223;223;223m[38;2;223;223;223m▄[48;2;223;223;223m[38;2;223;223;223m▄[48;2;223;223;223m[38;2;224;224;224m▄[48;2;224;224;224m[38;2;224;224;224m▄[48;2;224;225;226m[38;2;224;224;225m▄[48;2;225;225;225m[38;2;223;223;223m▄[48;2;223;223;223m[38;2;223;224;224m▄[48;2;224;224;224m[38;2;225;225;226m▄[48;2;225;225;225m[38;2;227;227;227m▄[48;2;224;224;224m[38;2;223;223;223m▄[48;2;223;223;223m[38;2;224;224;224m▄[48;2;223;223;223m[38;2;223;223;224m▄[48;2;224;224;224m[38;2;224;224;224m▄[48;2;224;224;224m[38;2;224;224;225m▄[48;2;224;224;224m[38;2;226;226;226m▄[48;2;226;226;226m[38;2;228;228;227m▄[48;2;225;225;225m[38;2;224;224;224m▄[48;2;224;224;224m[38;2;223;224;223m▄[48;2;224;224;224m[38;2;227;226;227m▄[48;2;228;226;228m[38;2;208;215;207m▄[48;2;231;228;231m[38;2;189;204;191m▄[48;2;227;226;227m[38;2;209;214;212m▄[48;2;222;222;221m[38;2;230;227;230m▄[48;2;222;223;222m[38;2;226;225;225m▄[48;2;223;223;223m[38;2;221;222;221m▄[48;2;222;222;222m[38;2;227;225;227m▄[48;2;225;224;224m[38;2;215;218;216m▄[48;2;231;227;231m[38;2;187;203;184m▄[48;2;223;222;223m[38;2;221;222;221m▄[48;2;221;221;221m[38;2;222;221;222m▄[48;2;220;220;220m[38;2;220;220;220m▄[48;2;219;219;219m[38;2;219;219;219m▄[48;2;217;217;217m[38;2;218;218;218m▄[48;2;217;217;217m[38;2;217;217;217m▄[48;2;217;217;217m[38;2;216;216;216m▄[48;2;216;216;216m[38;2;216;216;216m▄[48;2;216;216;216m[38;2;216;216;216m▄[48;2;215;215;215m[38;2;216;216;216m▄[48;2;215;215;215m[38;2;215;215;215m▄[48;2;215;215;215m[38;2;215;215;215m▄[48;2;214;214;214m[38;2;214;214;214m▄[48;2;214;214;214m[38;2;214;214;214m▄[48;2;213;213;213m[38;2;213;213;213m▄[48;2;212;212;212m[38;2;213;213;213m▄[48;2;213;213;213m[38;2;212;212;212m▄[48;2;212;212;212m[38;2;211;211;211m▄[48;2;210;210;210m[38;2;210;210;210m▄[48;2;210;209;211m[38;2;210;210;210m▄[48;2;210;210;210m[38;2;211;210;211m▄[48;2;209;209;209m[38;2;210;210;210m▄[48;2;208;208;209m[38;2;208;208;208m▄[48;2;208;208;208m[38;2;208;208;208m▄[48;2;208;208;208m[38;2;208;208;208m▄[48;2;208;208;208m[38;2;208;208;208m▄[48;2;207;207;207m[38;2;207;207;207m▄[48;2;207;207;207m[38;2;206;206;206m▄[0m
[48;2;217;217;217m[38;2;217;217;217m▄[48;2;217;217;217m[38;2;217;217;217m▄[48;2;220;220;220m[38;2;219;219;219m▄[48;2;221;221;221m[38;2;220;220;220m▄[48;2;221;221;220m[38;2;220;220;220m▄[48;2;222;222;221m[38;2;221;221;221m▄[48;2;222;222;222m[38;2;222;222;222m▄[48;2;222;222;222m[38;2;222;222;222m▄[48;2;223;223;223m[38;2;222;222;222m▄[48;2;223;223;223m[38;2;222;222;223m▄[48;2;224;224;225m[38;2;222;222;222m▄[48;2;223;223;223m[38;2;228;227;224m▄[48;2;222;222;221m[38;2;232;229;223m▄[48;2;225;224;223m[38;2;232;228;224m▄[48;2;226;225;224m[38;2;230;227;224m▄[48;2;226;225;225m[38;2;226;225;224m▄[48;2;226;225;224m[38;2;225;225;224m▄[48;2;225;225;224m[38;2;225;224;223m▄[48;2;225;226;225m[38;2;226;226;226m▄[48;2;225;225;225m[38;2;227;227;227m▄[48;2;225;225;225m[38;2;224;224;224m▄[48;2;226;226;225m[38;2;225;224;223m▄[48;2;224;224;224m[38;2;223;223;223m▄[48;2;225;225;225m[38;2;223;223;223m▄[48;2;224;224;224m[38;2;223;223;223m▄[48;2;222;223;222m[38;2;221;222;221m▄[48;2;232;228;233m[38;2;232;228;232m▄[48;2;155;186;148m[38;2;169;194;166m▄[48;2;135;180;105m[38;2;149;193;100m▄[48;2;138;181;111m[38;2;150;195;88m▄[48;2;149;183;143m[38;2;136;184;85m▄[48;2;218;221;220m[38;2;130;171;114m▄[48;2;228;226;227m[38;2;228;224;232m▄[48;2;217;219;220m[38;2;148;183;136m▄[48;2;141;179;124m[38;2;108;164;67m▄[48;2;91;155;59m[38;2;149;179;138m▄[48;2;184;200;183m[38;2;207;208;207m▄[48;2;228;225;229m[38;2;217;217;216m▄[48;2;218;219;218m[38;2;217;218;217m▄[48;2;218;218;218m[38;2;218;218;218m▄[48;2;217;218;218m[38;2;217;217;217m▄[48;2;217;217;217m[38;2;217;217;217m▄[48;2;216;216;216m[38;2;217;217;217m▄[48;2;216;216;216m[38;2;216;216;216m▄[48;2;216;216;216m[38;2;215;215;215m▄[48;2;215;215;215m[38;2;215;215;215m▄[48;2;216;216;216m[38;2;215;215;215m▄[48;2;215;215;215m[38;2;214;214;214m▄[48;2;215;214;214m[38;2;214;214;214m▄[48;2;214;214;214m[38;2;213;213;213m▄[48;2;213;213;213m[38;2;213;213;213m▄[48;2;211;212;211m[38;2;212;212;212m▄[48;2;211;211;211m[38;2;211;211;211m▄[48;2;210;210;210m[38;2;210;210;210m▄[48;2;210;210;210m[38;2;210;210;210m▄[48;2;210;210;210m[38;2;210;210;210m▄[48;2;210;210;210m[38;2;210;210;210m▄[48;2;210;210;210m[38;2;209;209;209m▄[48;2;209;209;209m[38;2;208;208;208m▄[48;2;208;208;208m[38;2;208;208;208m▄[48;2;208;208;209m[38;2;208;208;208m▄[48;2;208;208;208m[38;2;208;208;208m▄[48;2;207;207;207m[38;2;207;207;207m▄[48;2;207;207;207m[38;2;207;207;207m▄[0m
[48;2;216;216;216m[38;2;216;216;216m▄[48;2;217;217;217m[38;2;216;216;216m▄[48;2;217;217;217m[38;2;217;217;217m▄[48;2;219;219;220m[38;2;218;218;218m▄[48;2;220;220;220m[38;2;219;219;219m▄[48;2;220;220;221m[38;2;220;220;220m▄[48;2;221;221;222m[38;2;221;221;221m▄[48;2;222;222;222m[38;2;221;221;221m▄[48;2;222;222;222m[38;2;221;221;221m▄[48;2;222;222;222m[38;2;221;221;222m▄[48;2;222;222;222m[38;2;224;223;222m▄[48;2;237;234;226m[38;2;240;236;227m▄[48;2;239;234;223m[38;2;244;240;228m▄[48;2;222;221;221m[38;2;223;223;220m▄[48;2;225;225;224m[38;2;222;222;223m▄[48;2;223;223;223m[38;2;223;222;222m▄[48;2;223;223;223m[38;2;223;223;223m▄[48;2;223;223;224m[38;2;223;223;223m▄[48;2;224;224;224m[38;2;223;223;223m▄[48;2;224;224;224m[38;2;225;225;225m▄[48;2;223;223;223m[38;2;223;223;223m▄[48;2;223;223;223m[38;2;223;223;223m▄[48;2;223;223;223m[38;2;223;223;223m▄[48;2;223;223;223m[38;2;223;223;223m▄[48;2;223;223;223m[38;2;223;223;223m▄[48;2;222;223;222m[38;2;223;223;223m▄[48;2;228;226;228m[38;2;221;220;220m▄[48;2;200;208;200m[38;2;232;234;237m▄[48;2;126;172;94m[38;2;168;197;170m▄[48;2;142;187;82m[38;2;117;176;80m▄[48;2;123;173;76m[38;2;113;177;74m▄[48;2;127;178;73m[38;2;98;161;71m▄[48;2;146;179;140m[38;2;77;146;60m▄[48;2;107;162;84m[38;2;101;150;92m▄[48;2;160;183;157m[38;2;143;177;130m▄[48;2;204;203;210m[38;2;129;174;105m▄[48;2;197;200;200m[38;2;137;177;116m▄[48;2;220;218;222m[38;2;142;177;134m▄[48;2;224;221;224m[38;2;192;203;193m▄[48;2;216;217;216m[38;2;226;222;226m▄[48;2;218;218;218m[38;2;216;217;216m▄[48;2;217;217;217m[38;2;216;216;216m▄[48;2;216;216;216m[38;2;216;216;216m▄[48;2;216;216;216m[38;2;216;216;216m▄[48;2;215;215;215m[38;2;215;215;215m▄[48;2;215;215;215m[38;2;215;215;215m▄[48;2;215;215;215m[38;2;214;214;214m▄[48;2;214;214;214m[38;2;214;214;214m▄[48;2;214;213;214m[38;2;214;214;214m▄[48;2;213;213;213m[38;2;213;213;214m▄[48;2;213;213;213m[38;2;212;212;212m▄[48;2;212;212;212m[38;2;211;211;211m▄[48;2;211;211;211m[38;2;210;210;210m▄[48;2;210;210;210m[38;2;210;210;210m▄[48;2;210;210;210m[38;2;210;210;210m▄[48;2;209;210;210m[38;2;210;210;210m▄[48;2;210;210;210m[38;2;209;209;209m▄[48;2;209;209;209m[38;2;208;208;208m▄[48;2;208;208;208m[38;2;209;209;209m▄[48;2;209;209;209m[38;2;209;209;209m▄[48;2;208;208;208m[38;2;208;208;208m▄[48;2;207;207;208m[38;2;207;207;207m▄[48;2;207;207;207m[38;2;207;207;207m▄[48;2;207;207;207m[38;2;207;207;207m▄[0m
[48;2;216;216;216m[38;2;216;216;216m▄[48;2;216;216;216m[38;2;216;216;216m▄[48;2;216;216;216m[38;2;216;216;216m▄[48;2;217;217;217m[38;2;216;216;216m▄[48;2;217;217;217m[38;2;217;217;217m▄[48;2;219;219;219m[38;2;217;218;217m▄[48;2;220;220;220m[38;2;219;219;219m▄[48;2;220;220;221m[38;2;220;220;220m▄[48;2;221;221;221m[38;2;219;219;219m▄[48;2;220;220;220m[38;2;220;221;220m▄[48;2;221;221;221m[38;2;221;221;221m▄[48;2;225;222;219m[38;2;222;221;220m▄[48;2;239;234;225m[38;2;222;221;218m▄[48;2;225;223;220m[38;2;222;222;220m▄[48;2;222;222;223m[38;2;222;222;222m▄[48;2;222;222;223m[38;2;222;222;222m▄[48;2;223;223;223m[38;2;222;222;222m▄[48;2;222;222;223m[38;2;222;222;222m▄[48;2;222;222;222m[38;2;222;222;222m▄[48;2;225;225;225m[38;2;222;222;222m▄[48;2;223;223;223m[38;2;222;222;222m▄[48;2;222;222;222m[38;2;222;222;222m▄[48;2;222;222;222m[38;2;222;222;222m▄[48;2;222;222;222m[38;2;222;222;222m▄[48;2;222;222;222m[38;2;222;222;222m▄[48;2;223;223;222m[38;2;223;228;227m▄[48;2;224;230;229m[38;2;210;153;167m▄[48;2;214;188;195m[38;2;221;136;151m▄[48;2;219;165;180m[38;2;227;145;155m▄[48;2;178;137;134m[38;2;232;129;147m▄[48;2;125;147;99m[38;2;217;109;134m▄[48;2;99;153;86m[38;2;209;126;143m▄[48;2;66;127;53m[38;2;198;143;142m▄[48;2;75;147;64m[38;2;106;143;82m▄[48;2;103;162;72m[38;2;92;161;64m▄[48;2;116;170;74m[38;2;122;183;72m▄[48;2;134;183;82m[38;2;127;183;69m▄[48;2;153;196;95m[38;2;120;173;65m▄[48;2;118;172;87m[38;2;114;164;91m▄[48;2;175;195;175m[38;2;183;194;184m▄[48;2;223;220;224m[38;2;217;215;217m▄[48;2;215;216;215m[38;2;215;216;215m▄[48;2;217;217;217m[38;2;216;216;217m▄[48;2;216;216;216m[38;2;216;216;216m▄[48;2;215;215;215m[38;2;215;215;215m▄[48;2;215;215;215m[38;2;215;215;215m▄[48;2;214;214;214m[38;2;214;214;214m▄[48;2;214;214;214m[38;2;214;214;214m▄[48;2;214;214;214m[38;2;212;212;212m▄[48;2;213;213;213m[38;2;211;211;212m▄[48;2;211;211;212m[38;2;212;212;212m▄[48;2;211;211;211m[38;2;211;211;211m▄[48;2;210;210;210m[38;2;210;210;210m▄[48;2;210;210;210m[38;2;210;210;210m▄[48;2;210;210;210m[38;2;210;210;210m▄[48;2;210;210;210m[38;2;210;210;210m▄[48;2;209;209;209m[38;2;209;209;209m▄[48;2;209;209;209m[38;2;209;209;209m▄[48;2;208;208;208m[38;2;209;209;209m▄[48;2;208;208;208m[38;2;208;208;208m▄[48;2;208;208;208m[38;2;208;208;208m▄[48;2;207;207;207m[38;2;207;207;207m▄[48;2;207;207;207m[38;2;207;207;207m▄[48;2;206;206;206m[38;2;206;206;206m▄[0m
[48;2;216;216;216m[38;2;216;216;216m▄[48;2;216;216;216m[38;2;216;216;216m▄[48;2;216;216;216m[38;2;216;216;216m▄[48;2;216;216;216m[38;2;216;216;216m▄[48;2;216;216;216m[38;2;216;216;216m▄[48;2;217;217;217m[38;2;217;217;216m▄[48;2;217;217;217m[38;2;217;217;217m▄[48;2;218;218;218m[38;2;217;217;217m▄[48;2;218;218;218m[38;2;218;218;218m▄[48;2;219;219;219m[38;2;218;218;219m▄[48;2;219;219;219m[38;2;219;219;219m▄[48;2;220;220;220m[38;2;219;220;219m▄[48;2;221;221;221m[38;2;221;221;221m▄[48;2;221;221;221m[38;2;221;221;221m▄[48;2;221;221;221m[38;2;221;221;221m▄[48;2;221;221;221m[38;2;221;221;221m▄[48;2;222;222;222m[38;2;221;221;221m▄[48;2;222;222;222m[38;2;221;221;221m▄[48;2;222;222;222m[38;2;222;222;222m▄[48;2;222;222;222m[38;2;221;221;221m▄[48;2;222;222;222m[38;2;221;221;221m▄[48;2;222;222;221m[38;2;221;221;221m▄[48;2;221;221;221m[38;2;221;220;220m▄[48;2;221;219;220m[38;2;222;225;224m▄[48;2;224;232;230m[38;2;217;206;209m▄[48;2;210;159;173m[38;2;214;133;148m▄[48;2;223;138;153m[38;2;236;163;170m▄[48;2;235;160;168m[38;2;227;130;142m▄[48;2;227;130;143m[38;2;224;123;137m▄[48;2;212;98;118m[38;2;209;106;127m▄[48;2;211;118;136m[38;2;233;164;173m▄[48;2;234;158;168m[38;2;229;135;146m▄[48;2;239;143;158m[38;2;226;134;145m▄[48;2;228;134;148m[38;2;229;136;148m▄[48;2;171;134;117m[38;2;238;136;154m▄[48;2;146;142;99m[38;2;237;131;150m▄[48;2;139;157;108m[38;2;229;136;154m▄[48;2;147;174;148m[38;2;207;197;203m▄[48;2;193;192;195m[38;2;203;205;204m▄[48;2;205;202;205m[38;2;207;208;207m▄[48;2;209;209;209m[38;2;215;215;215m▄[48;2;215;215;215m[38;2;216;216;216m▄[48;2;218;217;218m[38;2;215;215;215m▄[48;2;221;221;221m[38;2;216;216;215m▄[48;2;214;214;214m[38;2;215;215;215m▄[48;2;214;214;214m[38;2;214;214;214m▄[48;2;213;213;214m[38;2;216;216;214m▄[48;2;214;214;214m[38;2;219;219;217m▄[48;2;217;217;216m[38;2;217;217;217m▄[48;2;211;211;212m[38;2;211;211;211m▄[48;2;211;211;211m[38;2;211;211;211m▄[48;2;210;210;210m[38;2;210;210;210m▄[48;2;210;210;210m[38;2;210;210;210m▄[48;2;210;210;210m[38;2;210;210;210m▄[48;2;211;211;211m[38;2;210;210;210m▄[48;2;210;210;210m[38;2;210;210;210m▄[48;2;208;208;208m[38;2;208;208;208m▄[48;2;208;208;208m[38;2;208;208;208m▄[48;2;208;208;209m[38;2;208;208;208m▄[48;2;208;208;208m[38;2;207;207;208m▄[48;2;207;207;207m[38;2;207;207;207m▄[48;2;207;207;207m[38;2;206;206;206m▄[48;2;206;206;206m[38;2;205;205;205m▄[48;2;205;205;205m[38;2;204;204;204m▄[0m
[48;2;215;215;215m[38;2;215;215;215m▄[48;2;216;216;216m[38;2;215;215;215m▄[48;2;216;216;216m[38;2;216;216;216m▄[48;2;216;216;216m[38;2;216;216;216m▄[48;2;216;216;216m[38;2;216;216;216m▄[48;2;216;216;216m[38;2;216;216;216m▄[48;2;216;216;216m[38;2;216;216;216m▄[48;2;216;216;216m[38;2;216;216;216m▄[48;2;217;217;217m[38;2;216;216;216m▄[48;2;217;217;217m[38;2;217;217;217m▄[48;2;217;217;217m[38;2;217;217;217m▄[48;2;218;218;218m[38;2;217;217;217m▄[48;2;219;219;219m[38;2;217;217;217m▄[48;2;219;219;220m[38;2;218;218;218m▄[48;2;220;220;220m[38;2;218;218;219m▄[48;2;219;220;219m[38;2;219;219;219m▄[48;2;220;220;220m[38;2;219;219;219m▄[48;2;220;220;221m[38;2;219;219;219m▄[48;2;220;220;221m[38;2;220;220;220m▄[48;2;220;220;220m[38;2;220;220;220m▄[48;2;221;221;221m[38;2;219;220;220m▄[48;2;221;221;221m[38;2;220;220;220m▄[48;2;220;218;219m[38;2;219;217;218m▄[48;2;223;231;228m[38;2;221;228;226m▄[48;2;212;168;180m[38;2;211;156;170m▄[48;2;225;147;159m[38;2;229;150;162m▄[48;2;230;145;155m[38;2;229;137;147m▄[48;2;229;136;149m[38;2;228;134;147m▄[48;2;223;121;137m[38;2;229;140;151m▄[48;2;223;139;153m[38;2;233;153;161m▄[48;2;232;146;156m[38;2;227;133;144m▄[48;2;227;132;144m[38;2;228;137;149m▄[48;2;229;136;147m[38;2;229;136;147m▄[48;2;228;135;146m[38;2;228;135;146m▄[48;2;226;135;145m[38;2;228;135;147m▄[48;2;226;136;145m[38;2;227;135;146m▄[48;2;220;104;121m[38;2;223;114;130m▄[48;2;203;131;147m[38;2;209;103;125m▄[48;2;210;216;216m[38;2;205;197;200m▄[48;2;215;214;215m[38;2;216;219;218m▄[48;2;216;216;216m[38;2;215;214;214m▄[48;2;215;215;215m[38;2;215;215;215m▄[48;2;214;214;214m[38;2;215;215;215m▄[48;2;214;214;214m[38;2;214;214;214m▄[48;2;214;214;214m[38;2;214;214;214m▄[48;2;214;214;214m[38;2;214;214;214m▄[48;2;216;216;215m[38;2;212;212;212m▄[48;2;216;216;216m[38;2;211;211;211m▄[48;2;212;212;212m[38;2;211;211;212m▄[48;2;211;211;211m[38;2;211;211;211m▄[48;2;210;210;210m[38;2;210;210;210m▄[48;2;210;210;210m[38;2;210;210;210m▄[48;2;210;210;210m[38;2;210;210;210m▄[48;2;210;210;210m[38;2;210;210;210m▄[48;2;210;210;210m[38;2;209;209;209m▄[48;2;208;208;208m[38;2;208;208;208m▄[48;2;209;209;209m[38;2;208;208;208m▄[48;2;209;209;209m[38;2;208;208;208m▄[48;2;208;208;208m[38;2;207;207;207m▄[48;2;207;207;207m[38;2;207;207;207m▄[48;2;207;206;207m[38;2;206;206;206m▄[48;2;206;206;206m[38;2;206;206;206m▄[48;2;205;205;205m[38;2;205;205;205m▄[48;2;204;204;204m[38;2;204;204;204m▄[0m
[48;2;215;215;215m[38;2;215;215;215m▄[48;2;215;215;215m[38;2;215;215;215m▄[48;2;215;215;215m[38;2;215;215;215m▄[48;2;216;216;216m[38;2;215;215;215m▄[48;2;216;216;216m[38;2;215;215;215m▄[48;2;216;216;216m[38;2;217;217;217m▄[48;2;216;216;216m[38;2;216;216;216m▄[48;2;216;216;216m[38;2;216;216;216m▄[48;2;216;216;216m[38;2;216;216;216m▄[48;2;216;216;216m[38;2;216;216;216m▄[48;2;216;216;216m[38;2;216;216;216m▄[48;2;216;216;216m[38;2;216;216;216m▄[48;2;217;217;217m[38;2;216;216;216m▄[48;2;217;217;217m[38;2;216;216;216m▄[48;2;218;218;218m[38;2;216;216;216m▄[48;2;217;217;217m[38;2;217;217;217m▄[48;2;217;217;217m[38;2;217;217;217m▄[48;2;218;218;218m[38;2;217;217;217m▄[48;2;218;218;218m[38;2;217;217;217m▄[48;2;218;218;218m[38;2;217;217;217m▄[48;2;218;218;218m[38;2;217;217;217m▄[48;2;218;218;218m[38;2;217;217;217m▄[48;2;218;216;216m[38;2;217;215;216m▄[48;2;220;227;225m[38;2;219;226;225m▄[48;2;210;156;169m[38;2;208;168;177m▄[48;2;230;150;161m[38;2;223;140;153m▄[48;2;229;137;148m[38;2;230;141;152m▄[48;2;227;135;146m[38;2;227;133;146m▄[48;2;229;138;149m[38;2;228;134;147m▄[48;2;229;141;151m[38;2;227;133;145m▄[48;2;228;134;146m[38;2;228;136;147m▄[48;2;228;136;148m[38;2;229;136;149m▄[48;2;229;137;147m[38;2;229;136;148m▄[48;2;229;136;147m[38;2;228;135;146m▄[48;2;228;135;146m[38;2;228;136;148m▄[48;2;227;135;146m[38;2;226;130;142m▄[48;2;222;114;130m[38;2;220;109;126m▄[48;2;210;104;124m[38;2;207;108;128m▄[48;2;199;182;187m[38;2;196;188;191m▄[48;2;215;219;218m[38;2;210;212;213m▄[48;2;216;215;215m[38;2;215;215;215m▄[48;2;215;215;216m[38;2;214;214;214m▄[48;2;216;216;216m[38;2;214;214;214m▄[48;2;214;214;214m[38;2;213;213;213m▄[48;2;214;214;214m[38;2;214;214;214m▄[48;2;213;213;213m[38;2;212;212;212m▄[48;2;212;212;212m[38;2;211;211;211m▄[48;2;211;211;211m[38;2;211;211;211m▄[48;2;211;211;211m[38;2;210;210;210m▄[48;2;210;210;210m[38;2;210;210;210m▄[48;2;210;210;210m[38;2;210;210;210m▄[48;2;211;211;211m[38;2;211;211;213m▄[48;2;210;210;210m[38;2;210;210;210m▄[48;2;210;210;210m[38;2;209;209;209m▄[48;2;208;208;208m[38;2;208;208;208m▄[48;2;208;208;208m[38;2;208;208;208m▄[48;2;208;208;208m[38;2;207;207;207m▄[48;2;208;208;208m[38;2;207;207;207m▄[48;2;207;207;208m[38;2;207;207;207m▄[48;2;207;207;207m[38;2;207;207;207m▄[48;2;207;207;207m[38;2;207;207;207m▄[48;2;206;206;206m[38;2;205;205;205m▄[48;2;204;204;204m[38;2;204;204;204m▄[48;2;204;204;204m[38;2;204;204;204m▄[0m
[48;2;215;215;215m[38;2;214;214;214m▄[48;2;215;215;215m[38;2;214;214;214m▄[48;2;215;215;215m[38;2;214;214;214m▄[48;2;215;215;215m[38;2;214;214;214m▄[48;2;215;215;215m[38;2;215;215;215m▄[48;2;216;216;216m[38;2;215;215;215m▄[48;2;216;216;216m[38;2;215;215;215m▄[48;2;216;216;216m[38;2;215;215;216m▄[48;2;216;216;216m[38;2;216;216;217m▄[48;2;216;216;216m[38;2;216;216;216m▄[48;2;217;217;217m[38;2;216;216;216m▄[48;2;216;216;216m[38;2;216;216;217m▄[48;2;216;216;216m[38;2;217;216;217m▄[48;2;216;216;216m[38;2;216;216;216m▄[48;2;216;217;216m[38;2;216;216;216m▄[48;2;217;217;217m[38;2;216;216;216m▄[48;2;216;216;216m[38;2;216;216;216m▄[48;2;216;216;216m[38;2;216;216;216m▄[48;2;216;216;216m[38;2;216;216;216m▄[48;2;217;217;217m[38;2;216;216;216m▄[48;2;217;217;217m[38;2;216;216;216m▄[48;2;216;216;216m[38;2;216;216;216m▄[48;2;216;216;216m[38;2;216;216;216m▄[48;2;217;220;219m[38;2;216;215;215m▄[48;2;211;202;204m[38;2;216;221;221m▄[48;2;219;155;166m[38;2;216;191;195m▄[48;2;232;150;159m[38;2;231;151;160m▄[48;2;226;131;142m[38;2;228;135;147m▄[48;2;228;136;146m[38;2;227;134;146m▄[48;2;228;135;146m[38;2;228;135;146m▄[48;2;227;135;146m[38;2;228;138;148m▄[48;2;228;136;148m[38;2;227;135;147m▄[48;2;228;135;148m[38;2;228;137;147m▄[48;2;228;135;147m[38;2;229;138;148m▄[48;2;229;139;150m[38;2;222;121;135m▄[48;2;220;116;131m[38;2;218;105;123m▄[48;2;220;108;124m[38;2;216;122;137m▄[48;2;199;131;145m[38;2;194;184;186m▄[48;2;197;202;202m[38;2;200;202;202m▄[48;2;210;209;210m[38;2;212;211;211m▄[48;2;214;214;214m[38;2;214;214;214m▄[48;2;214;214;214m[38;2;213;213;213m▄[48;2;214;214;213m[38;2;213;212;213m▄[48;2;212;212;212m[38;2;211;211;211m▄[48;2;211;211;211m[38;2;211;211;211m▄[48;2;211;211;211m[38;2;211;211;211m▄[48;2;211;211;211m[38;2;211;210;211m▄[48;2;210;210;210m[38;2;210;210;210m▄[48;2;210;210;210m[38;2;210;210;210m▄[48;2;212;212;211m[38;2;214;214;214m▄[48;2;211;211;211m[38;2;211;211;211m▄[48;2;209;210;210m[38;2;209;209;209m▄[48;2;209;209;210m[38;2;208;208;208m▄[48;2;208;208;208m[38;2;209;209;209m▄[48;2;208;208;208m[38;2;208;208;208m▄[48;2;208;208;208m[38;2;208;208;208m▄[48;2;208;208;208m[38;2;208;208;208m▄[48;2;207;207;207m[38;2;207;207;207m▄[48;2;207;207;207m[38;2;207;207;207m▄[48;2;206;206;206m[38;2;207;206;207m▄[48;2;206;206;206m[38;2;206;205;206m▄[48;2;205;205;206m[38;2;204;203;205m▄[48;2;203;203;203m[38;2;204;203;204m▄[48;2;203;203;203m[38;2;203;203;203m▄[0m
[48;2;214;214;214m[38;2;213;213;213m▄[48;2;214;214;214m[38;2;214;214;214m▄[48;2;214;214;214m[38;2;214;214;214m▄[48;2;215;215;215m[38;2;214;214;214m▄[48;2;215;215;215m[38;2;215;215;215m▄[48;2;215;215;215m[38;2;215;215;215m▄[48;2;215;215;215m[38;2;215;215;215m▄[48;2;215;215;215m[38;2;215;215;215m▄[48;2;215;215;215m[38;2;215;215;215m▄[48;2;216;216;216m[38;2;216;216;216m▄[48;2;216;216;216m[38;2;215;215;215m▄[48;2;216;216;216m[38;2;216;216;216m▄[48;2;216;216;216m[38;2;216;216;216m▄[48;2;216;216;216m[38;2;217;217;217m▄[48;2;216;216;216m[38;2;217;217;217m▄[48;2;216;216;216m[38;2;217;217;217m▄[48;2;216;216;216m[38;2;217;217;216m▄[48;2;216;216;216m[38;2;216;216;216m▄[48;2;217;217;217m[38;2;217;217;217m▄[48;2;216;216;216m[38;2;216;216;216m▄[48;2;216;216;216m[38;2;216;216;216m▄[48;2;216;216;216m[38;2;216;216;216m▄[48;2;216;216;216m[38;2;216;216;216m▄[48;2;216;215;216m[38;2;216;216;216m▄[48;2;217;219;218m[38;2;216;214;215m▄[48;2;211;200;203m[38;2;217;224;222m▄[48;2;211;124;141m[38;2;206;179;186m▄[48;2;231;140;152m[38;2;205;107;127m▄[48;2;229;139;150m[38;2;218;111;129m▄[48;2;227;138;148m[38;2;217;110;127m▄[48;2;223;126;139m[38;2;199;86;109m▄[48;2;231;136;147m[38;2;207;102;121m▄[48;2;225;126;139m[38;2;214;96;116m▄[48;2;219;111;128m[38;2;215;96;117m▄[48;2;219;108;126m[38;2;209;93;116m▄[48;2;215;100;120m[38;2;191;126;142m▄[48;2;193;139;152m[38;2;192;196;196m▄[48;2;194;202;201m[38;2;200;199;200m▄[48;2;205;203;204m[38;2;210;210;210m▄[48;2;213;213;213m[38;2;213;213;213m▄[48;2;213;213;213m[38;2;212;212;212m▄[48;2;213;213;213m[38;2;211;211;211m▄[48;2;212;212;213m[38;2;211;211;211m▄[48;2;211;210;211m[38;2;210;211;210m▄[48;2;210;210;210m[38;2;210;210;210m▄[48;2;210;210;210m[38;2;211;211;211m▄[48;2;209;209;209m[38;2;220;220;218m▄[48;2;210;210;210m[38;2;211;211;210m▄[48;2;210;210;210m[38;2;209;209;209m▄[48;2;209;209;209m[38;2;209;209;209m▄[48;2;209;209;209m[38;2;209;209;209m▄[48;2;209;208;209m[38;2;208;208;209m▄[48;2;210;209;210m[38;2;209;209;210m▄[48;2;214;214;215m[38;2;209;208;210m▄[48;2;208;207;209m[38;2;208;207;209m▄[48;2;208;208;208m[38;2;208;208;208m▄[48;2;208;208;208m[38;2;207;207;207m▄[48;2;207;207;207m[38;2;207;207;208m▄[48;2;206;206;207m[38;2;207;207;207m▄[48;2;206;206;206m[38;2;206;206;206m▄[48;2;204;204;205m[38;2;204;203;204m▄[48;2;204;204;204m[38;2;204;204;204m▄[48;2;203;203;204m[38;2;203;203;203m▄[48;2;203;203;203m[38;2;203;203;203m▄[0m
[48;2;212;212;212m[38;2;211;211;211m▄[48;2;214;213;214m[38;2;212;212;212m▄[48;2;214;214;214m[38;2;213;213;213m▄[48;2;215;215;215m[38;2;214;214;214m▄[48;2;214;214;214m[38;2;214;214;214m▄[48;2;214;214;214m[38;2;214;214;214m▄[48;2;214;214;214m[38;2;214;214;214m▄[48;2;215;215;215m[38;2;214;214;214m▄[48;2;215;215;215m[38;2;215;215;215m▄[48;2;214;214;214m[38;2;215;215;215m▄[48;2;215;215;215m[38;2;215;215;215m▄[48;2;215;215;215m[38;2;215;215;215m▄[48;2;215;215;215m[38;2;215;215;215m▄[48;2;215;215;215m[38;2;215;215;215m▄[48;2;215;215;215m[38;2;215;215;215m▄[48;2;216;216;216m[38;2;215;215;215m▄[48;2;216;216;216m[38;2;215;215;215m▄[48;2;216;216;216m[38;2;215;215;215m▄[48;2;216;216;216m[38;2;215;215;215m▄[48;2;215;215;215m[38;2;215;215;215m▄[48;2;216;216;216m[38;2;215;215;215m▄[48;2;216;216;216m[38;2;215;215;215m▄[48;2;215;215;215m[38;2;215;215;215m▄[48;2;216;216;216m[38;2;215;215;215m▄[48;2;215;215;216m[38;2;214;214;214m▄[48;2;215;214;214m[38;2;215;215;215m▄[48;2;216;221;220m[38;2;215;213;214m▄[48;2;206;198;201m[38;2;213;215;215m▄[48;2;195;152;163m[38;2;208;216;214m▄[48;2;193;148;159m[38;2;203;211;210m▄[48;2;194;176;181m[38;2;203;207;206m▄[48;2;193;182;185m[38;2;205;208;208m▄[48;2;194;151;161m[38;2;205;213;212m▄[48;2;193;139;152m[38;2;200;210;208m▄[48;2;189;164;169m[38;2;200;205;204m▄[48;2;192;197;197m[38;2;202;201;201m▄[48;2;198;198;199m[38;2;207;207;207m▄[48;2;207;207;207m[38;2;212;212;212m▄[48;2;211;211;211m[38;2;212;211;211m▄[48;2;212;212;212m[38;2;211;211;211m▄[48;2;212;212;212m[38;2;211;211;211m▄[48;2;211;211;211m[38;2;211;211;211m▄[48;2;210;210;210m[38;2;210;210;210m▄[48;2;210;210;210m[38;2;210;210;211m▄[48;2;210;210;210m[38;2;210;209;210m▄[48;2;210;210;210m[38;2;210;210;209m▄[48;2;213;212;212m[38;2;209;209;209m▄[48;2;209;209;210m[38;2;210;210;209m▄[48;2;209;209;209m[38;2;209;209;209m▄[48;2;209;209;210m[38;2;209;208;209m▄[48;2;208;208;209m[38;2;208;208;208m▄[48;2;208;208;209m[38;2;208;208;208m▄[48;2;208;208;209m[38;2;207;207;207m▄[48;2;209;209;209m[38;2;209;209;209m▄[48;2;209;208;210m[38;2;215;215;214m▄[48;2;207;207;209m[38;2;207;206;208m▄[48;2;207;207;207m[38;2;207;207;207m▄[48;2;208;208;208m[38;2;207;207;205m▄[48;2;207;206;207m[38;2;204;205;206m▄[48;2;205;205;205m[38;2;203;204;204m▄[48;2;204;203;204m[38;2;203;203;204m▄[48;2;203;203;203m[38;2;203;202;204m▄[48;2;203;203;203m[38;2;203;203;203m▄[48;2;203;203;203m[38;2;203;203;202m▄[0m
[48;2;210;210;210m[38;2;210;210;210m▄[48;2;211;211;211m[38;2;210;210;210m▄[48;2;212;212;212m[38;2;210;210;210m▄[48;2;212;212;212m[38;2;211;211;211m▄[48;2;213;213;213m[38;2;212;212;212m▄[48;2;214;214;214m[38;2;212;212;212m▄[48;2;214;214;214m[38;2;213;213;213m▄[48;2;214;214;214m[38;2;214;214;214m▄[48;2;214;214;214m[38;2;214;214;214m▄[48;2;214;214;214m[38;2;214;214;214m▄[48;2;214;214;214m[38;2;214;214;214m▄[48;2;214;214;215m[38;2;214;214;214m▄[48;2;214;214;214m[38;2;214;214;214m▄[48;2;214;214;214m[38;2;214;214;214m▄[48;2;215;215;215m[38;2;214;214;214m▄[48;2;215;215;215m[38;2;215;215;215m▄[48;2;215;215;215m[38;2;215;215;215m▄[48;2;215;215;215m[38;2;214;214;214m▄[48;2;215;215;215m[38;2;215;215;215m▄[48;2;215;215;215m[38;2;214;214;214m▄[48;2;215;215;215m[38;2;214;214;214m▄[48;2;215;215;215m[38;2;214;214;214m▄[48;2;215;215;215m[38;2;214;214;214m▄[48;2;215;215;215m[38;2;214;214;214m▄[48;2;215;215;215m[38;2;214;214;214m▄[48;2;214;214;214m[38;2;214;214;214m▄[48;2;214;214;214m[38;2;214;214;214m▄[48;2;214;213;214m[38;2;214;214;214m▄[48;2;213;212;213m[38;2;213;213;213m▄[48;2;212;211;211m[38;2;213;213;213m▄[48;2;212;211;212m[38;2;212;212;213m▄[48;2;213;212;213m[38;2;212;212;213m▄[48;2;211;210;211m[38;2;212;212;212m▄[48;2;211;209;209m[38;2;212;212;211m▄[48;2;210;209;209m[38;2;211;211;211m▄[48;2;211;211;211m[38;2;211;211;212m▄[48;2;210;210;210m[38;2;210;210;210m▄[48;2;211;211;211m[38;2;210;210;210m▄[48;2;211;211;211m[38;2;210;210;210m▄[48;2;211;211;211m[38;2;210;210;210m▄[48;2;211;211;211m[38;2;210;210;210m▄[48;2;210;210;211m[38;2;209;209;210m▄[48;2;210;210;211m[38;2;210;210;210m▄[48;2;210;210;210m[38;2;210;210;210m▄[48;2;210;210;210m[38;2;209;209;210m▄[48;2;209;209;210m[38;2;209;208;209m▄[48;2;209;209;210m[38;2;209;208;209m▄[48;2;208;208;209m[38;2;208;208;208m▄[48;2;208;208;209m[38;2;208;208;208m▄[48;2;208;208;208m[38;2;207;207;207m▄[48;2;207;208;207m[38;2;207;207;207m▄[48;2;208;207;208m[38;2;207;207;207m▄[48;2;207;207;208m[38;2;209;209;208m▄[48;2;207;207;207m[38;2;209;209;208m▄[48;2;207;207;207m[38;2;206;206;206m▄[48;2;207;207;207m[38;2;206;205;206m▄[48;2;206;206;206m[38;2;205;204;205m▄[48;2;205;206;204m[38;2;204;204;205m▄[48;2;204;205;204m[38;2;202;202;205m▄[48;2;203;203;205m[38;2;202;202;203m▄[48;2;203;202;205m[38;2;202;202;203m▄[48;2;202;201;204m[38;2;202;202;203m▄[48;2;202;201;203m[38;2;201;201;201m▄[48;2;202;202;203m[38;2;202;202;203m▄[0m
[48;2;210;210;210m[38;2;210;210;210m▄[48;2;210;210;210m[38;2;210;210;210m▄[48;2;210;210;210m[38;2;211;211;211m▄[48;2;210;210;210m[38;2;210;210;210m▄[48;2;211;211;211m[38;2;210;210;210m▄[48;2;211;211;211m[38;2;210;210;211m▄[48;2;212;212;212m[38;2;210;210;211m▄[48;2;212;212;212m[38;2;211;211;210m▄[48;2;213;213;213m[38;2;211;211;211m▄[48;2;213;213;213m[38;2;212;211;212m▄[48;2;214;214;214m[38;2;211;211;212m▄[48;2;214;214;215m[38;2;212;212;212m▄[48;2;214;214;214m[38;2;212;212;212m▄[48;2;213;214;214m[38;2;212;212;212m▄[48;2;214;214;214m[38;2;212;212;212m▄[48;2;214;214;214m[38;2;213;213;213m▄[48;2;214;214;214m[38;2;213;213;213m▄[48;2;214;214;214m[38;2;212;212;212m▄[48;2;214;214;214m[38;2;212;211;212m▄[48;2;214;214;214m[38;2;213;213;214m▄[48;2;214;214;214m[38;2;213;213;213m▄[48;2;213;213;213m[38;2;213;213;213m▄[48;2;214;214;214m[38;2;213;213;213m▄[48;2;214;214;214m[38;2;213;213;213m▄[48;2;214;214;214m[38;2;212;212;212m▄[48;2;214;214;214m[38;2;213;213;213m▄[48;2;214;213;214m[38;2;212;212;213m▄[48;2;212;212;213m[38;2;211;211;213m▄[48;2;211;212;211m[38;2;212;212;213m▄[48;2;210;210;210m[38;2;211;212;212m▄[48;2;211;211;211m[38;2;211;212;211m▄[48;2;211;211;211m[38;2;211;212;211m▄[48;2;211;210;211m[38;2;211;211;212m▄[48;2;211;210;210m[38;2;211;211;212m▄[48;2;210;210;210m[38;2;210;211;211m▄[48;2;210;210;211m[38;2;209;210;210m▄[48;2;210;210;210m[38;2;209;210;211m▄[48;2;210;209;210m[38;2;210;210;211m▄[48;2;209;209;209m[38;2;211;211;211m▄[48;2;210;210;210m[38;2;211;211;211m▄[48;2;210;210;209m[38;2;210;210;210m▄[48;2;210;209;210m[38;2;209;209;209m▄[48;2;210;210;209m[38;2;208;207;209m▄[48;2;209;209;209m[38;2;208;208;208m▄[48;2;208;208;209m[38;2;207;207;207m▄[48;2;209;209;209m[38;2;212;212;211m▄[48;2;207;207;208m[38;2;208;207;208m▄[48;2;208;208;208m[38;2;206;206;206m▄[48;2;207;207;207m[38;2;206;206;207m▄[48;2;207;207;207m[38;2;207;207;207m▄[48;2;207;207;207m[38;2;206;206;207m▄[48;2;206;206;207m[38;2;205;205;205m▄[48;2;206;206;206m[38;2;205;205;205m▄[48;2;206;206;206m[38;2;204;204;204m▄[48;2;205;205;205m[38;2;204;204;204m▄[48;2;204;204;205m[38;2;205;204;205m▄[48;2;204;203;205m[38;2;203;203;203m▄[48;2;203;203;203m[38;2;203;203;203m▄[48;2;202;203;203m[38;2;202;202;202m▄[48;2;202;203;204m[38;2;202;202;202m▄[48;2;202;203;203m[38;2;202;202;202m▄[48;2;202;202;202m[38;2;202;201;202m▄[48;2;201;201;202m[38;2;202;201;202m▄[48;2;202;202;202m[38;2;202;201;201m▄[0m
[48;2;210;210;210m[38;2;212;212;212m▄[48;2;210;210;210m[38;2;213;213;213m▄[48;2;211;210;211m[38;2;213;213;213m▄[48;2;210;210;211m[38;2;214;214;214m▄[48;2;211;211;211m[38;2;214;214;214m▄[48;2;211;211;211m[38;2;214;214;214m▄[48;2;211;211;211m[38;2;215;215;215m▄[48;2;212;212;212m[38;2;215;215;214m▄[48;2;212;212;212m[38;2;215;215;215m▄[48;2;211;212;212m[38;2;215;215;215m▄[48;2;212;212;213m[38;2;215;215;215m▄[48;2;213;213;213m[38;2;215;215;215m▄[48;2;213;212;213m[38;2;215;215;215m▄[48;2;212;212;213m[38;2;215;215;215m▄[48;2;213;213;213m[38;2;216;216;216m▄[48;2;214;214;214m[38;2;215;215;215m▄[48;2;213;213;213m[38;2;215;215;215m▄[48;2;213;213;213m[38;2;215;215;215m▄[48;2;213;213;213m[38;2;215;215;215m▄[48;2;214;214;214m[38;2;215;215;216m▄[48;2;214;214;214m[38;2;216;215;217m▄[48;2;214;214;214m[38;2;215;214;216m▄[48;2;213;213;213m[38;2;213;213;213m▄[48;2;213;213;213m[38;2;209;207;209m▄[48;2;212;212;212m[38;2;205;200;202m▄[48;2;210;210;211m[38;2;199;191;194m▄[48;2;207;206;207m[38;2;195;182;185m▄[48;2;203;201;202m[38;2;193;177;179m▄[48;2;198;196;198m[38;2;191;173;176m▄[48;2;196;192;193m[38;2;190;172;173m▄[48;2;194;190;192m[38;2;189;171;172m▄[48;2;194;191;192m[38;2;188;171;172m▄[48;2;194;191;192m[38;2;189;171;172m▄[48;2;194;191;191m[38;2;189;171;172m▄[48;2;194;191;190m[38;2;187;170;171m▄[48;2;197;193;194m[38;2;191;174;175m▄[48;2;197;194;195m[38;2;190;176;176m▄[48;2;197;196;196m[38;2;190;178;179m▄[48;2;201;200;200m[38;2;194;185;185m▄[48;2;203;203;203m[38;2;199;193;193m▄[48;2;205;205;205m[38;2;203;201;201m▄[48;2;207;207;207m[38;2;206;207;207m▄[48;2;209;208;209m[38;2;209;209;209m▄[48;2;208;208;208m[38;2;209;209;209m▄[48;2;208;208;209m[38;2;209;209;209m▄[48;2;207;208;208m[38;2;209;211;210m▄[48;2;207;208;207m[38;2;209;209;209m▄[48;2;207;207;207m[38;2;209;209;209m▄[48;2;206;207;207m[38;2;209;209;209m▄[48;2;206;206;206m[38;2;208;208;208m▄[48;2;206;206;206m[38;2;208;208;208m▄[48;2;206;206;206m[38;2;207;207;207m▄[48;2;206;206;206m[38;2;207;207;208m▄[48;2;205;205;205m[38;2;207;207;208m▄[48;2;204;204;205m[38;2;207;208;208m▄[48;2;202;204;204m[38;2;206;207;207m▄[48;2;203;203;203m[38;2;206;205;206m▄[48;2;202;202;202m[38;2;204;204;204m▄[48;2;206;206;206m[38;2;212;212;212m▄[48;2;210;210;210m[38;2;217;217;217m▄[48;2;202;202;202m[38;2;204;204;204m▄[48;2;201;201;201m[38;2;202;202;202m▄[48;2;201;201;201m[38;2;202;202;202m▄[48;2;201;201;202m[38;2;202;202;203m▄[0m
[48;2;215;215;215m[38;2;216;216;216m▄[48;2;215;215;215m[38;2;217;217;217m▄[48;2;216;216;216m[38;2;217;217;217m▄[48;2;216;216;216m[38;2;216;216;216m▄[48;2;216;216;216m[38;2;217;217;217m▄[48;2;216;216;216m[38;2;217;217;217m▄[48;2;216;216;216m[38;2;217;217;217m▄[48;2;216;216;216m[38;2;217;217;217m▄[48;2;216;216;216m[38;2;216;216;216m▄[48;2;216;216;216m[38;2;217;217;217m▄[48;2;216;216;216m[38;2;217;217;217m▄[48;2;216;216;216m[38;2;217;217;217m▄[48;2;216;216;216m[38;2;217;217;217m▄[48;2;216;216;217m[38;2;218;218;218m▄[48;2;216;216;217m[38;2;218;218;218m▄[48;2;216;216;216m[38;2;217;217;217m▄[48;2;216;216;216m[38;2;217;217;217m▄[48;2;216;216;216m[38;2;217;217;217m▄[48;2;216;216;216m[38;2;218;218;218m▄[48;2;216;216;216m[38;2;217;217;217m▄[48;2;217;217;217m[38;2;217;217;217m▄[48;2;217;217;217m[38;2;218;218;218m▄[48;2;216;216;216m[38;2;218;218;218m▄[48;2;215;214;215m[38;2;217;217;217m▄[48;2;212;210;211m[38;2;217;217;217m▄[48;2;210;206;207m[38;2;217;218;218m▄[48;2;208;202;203m[38;2;217;218;218m▄[48;2;206;197;199m[38;2;217;218;218m▄[48;2;204;195;196m[38;2;217;218;218m▄[48;2;203;194;194m[38;2;217;218;218m▄[48;2;202;194;194m[38;2;217;218;218m▄[48;2;202;194;194m[38;2;217;218;218m▄[48;2;202;193;194m[38;2;217;218;218m▄[48;2;202;193;194m[38;2;216;218;218m▄[48;2;203;194;195m[38;2;217;218;218m▄[48;2;203;195;195m[38;2;217;217;218m▄[48;2;205;198;199m[38;2;216;217;217m▄[48;2;208;203;204m[38;2;216;216;216m▄[48;2;209;206;207m[38;2;216;216;217m▄[48;2;211;209;209m[38;2;216;216;216m▄[48;2;211;212;211m[38;2;215;215;216m▄[48;2;212;212;213m[38;2;215;214;215m▄[48;2;212;211;213m[38;2;214;214;214m▄[48;2;211;211;212m[38;2;215;215;214m▄[48;2;211;211;211m[38;2;214;214;215m▄[48;2;210;210;210m[38;2;214;214;213m▄[48;2;210;209;209m[38;2;213;213;213m▄[48;2;209;209;209m[38;2;212;211;212m▄[48;2;210;210;210m[38;2;211;211;211m▄[48;2;210;210;210m[38;2;210;210;211m▄[48;2;210;209;211m[38;2;210;210;211m▄[48;2;209;209;209m[38;2;210;210;210m▄[48;2;209;209;209m[38;2;210;210;210m▄[48;2;210;210;210m[38;2;211;210;211m▄[48;2;208;208;208m[38;2;209;209;209m▄[48;2;208;207;207m[38;2;209;209;209m▄[48;2;208;207;209m[38;2;209;209;209m▄[48;2;207;207;208m[38;2;208;208;208m▄[48;2;207;206;208m[38;2;208;208;208m▄[48;2;207;207;207m[38;2;208;208;208m▄[48;2;206;206;206m[38;2;208;208;208m▄[48;2;206;206;206m[38;2;208;208;208m▄[48;2;205;205;205m[38;2;207;207;207m▄[48;2;205;205;204m[38;2;207;207;207m▄[0m
[48;2;219;219;219m[38;2;223;223;223m▄[48;2;219;219;219m[38;2;223;223;223m▄[48;2;220;220;220m[38;2;223;223;223m▄[48;2;220;220;220m[38;2;223;223;223m▄[48;2;221;221;221m[38;2;223;223;223m▄[48;2;221;221;221m[38;2;223;223;223m▄[48;2;221;221;221m[38;2;223;223;223m▄[48;2;221;221;221m[38;2;223;223;223m▄[48;2;221;221;221m[38;2;223;223;223m▄[48;2;221;221;221m[38;2;223;223;223m▄[48;2;222;222;222m[38;2;223;223;223m▄[48;2;222;222;222m[38;2;223;223;223m▄[48;2;222;222;222m[38;2;223;223;223m▄[48;2;222;222;222m[38;2;223;223;223m▄[48;2;222;222;222m[38;2;223;223;223m▄[48;2;221;221;221m[38;2;223;223;223m▄[48;2;221;221;221m[38;2;223;223;223m▄[48;2;221;221;221m[38;2;223;223;223m▄[48;2;221;221;221m[38;2;223;223;223m▄[48;2;221;221;221m[38;2;222;222;222m▄[48;2;221;221;221m[38;2;222;222;222m▄[48;2;221;221;221m[38;2;222;222;222m▄[48;2;221;221;221m[38;2;222;222;222m▄[48;2;220;220;220m[38;2;222;222;222m▄[48;2;220;220;220m[38;2;222;222;222m▄[48;2;220;220;220m[38;2;222;222;222m▄[48;2;219;219;219m[38;2;222;222;221m▄[48;2;218;218;218m[38;2;221;221;221m▄[48;2;218;217;218m[38;2;221;221;221m▄[48;2;217;217;217m[38;2;221;221;221m▄[48;2;217;217;217m[38;2;220;220;220m▄[48;2;216;216;216m[38;2;219;219;219m▄[48;2;216;215;215m[38;2;219;219;219m▄[48;2;216;216;216m[38;2;218;218;218m▄[48;2;216;216;215m[38;2;217;217;217m▄[48;2;216;216;216m[38;2;217;217;217m▄[48;2;216;215;215m[38;2;217;217;217m▄[48;2;216;216;216m[38;2;216;216;216m▄[48;2;216;216;216m[38;2;216;216;216m▄[48;2;217;217;216m[38;2;216;216;216m▄[48;2;216;216;216m[38;2;216;216;216m▄[48;2;216;216;216m[38;2;216;216;216m▄[48;2;215;215;215m[38;2;216;216;216m▄[48;2;217;217;216m[38;2;217;217;217m▄[48;2;216;216;216m[38;2;216;216;216m▄[48;2;216;216;216m[38;2;216;216;216m▄[48;2;218;218;217m[38;2;217;217;217m▄[48;2;215;214;215m[38;2;216;216;216m▄[48;2;214;214;214m[38;2;215;215;215m▄[48;2;214;214;214m[38;2;215;215;215m▄[48;2;213;213;213m[38;2;215;215;215m▄[48;2;212;212;212m[38;2;214;214;214m▄[48;2;212;212;212m[38;2;214;214;214m▄[48;2;211;211;211m[38;2;214;214;214m▄[48;2;210;210;210m[38;2;212;212;212m▄[48;2;209;209;209m[38;2;210;210;210m▄[48;2;209;209;209m[38;2;210;210;210m▄[48;2;209;209;209m[38;2;210;210;210m▄[48;2;209;209;209m[38;2;209;209;209m▄[48;2;209;209;209m[38;2;209;209;209m▄[48;2;208;208;208m[38;2;209;209;209m▄[48;2;208;208;208m[38;2;209;209;209m▄[48;2;208;208;208m[38;2;209;209;209m▄[48;2;208;208;208m[38;2;209;209;209m▄[0m
