[48;2;219;219;219m[38;2;218;218;218m▄[48;2;221;221;221m[38;2;219;219;219m▄[48;2;222;222;222m[38;2;221;221;221m▄[48;2;222;222;222m[38;2;222;222;222m▄[48;2;223;223;223m[38;2;223;223;223m▄[48;2;223;223;223m[38;2;223;223;223m▄[48;2;224;224;224m[38;2;223;223;223m▄[48;2;224;224;224m[38;2;224;224;224m▄[48;2;225;225;225m[38;2;225;225;225m▄[48;2;225;225;225m[38;2;225;225;225m▄[48;2;225;225;225m[38;2;224;224;224m▄[48;2;225;225;225m[38;2;224;224;224m▄[48;2;226;226;226m[38;2;226;226;226m▄[48;2;228;228;228m[38;2;227;227;227m▄[48;2;227;227;227m[38;2;227;227;227m▄[48;2;227;227;227m[38;2;227;227;227m▄[48;2;227;227;227m[38;2;227;227;227m▄[48;2;227;227;227m[38;2;227;227;227m▄[48;2;227;227;227m[38;2;227;227;227m▄[48;2;228;228;228m[38;2;226;226;226m▄[48;2;228;228;228m[38;2;227;227;227m▄[48;2;228;228;228m[38;2;227;227;227m▄[48;2;227;227;227m[38;2;226;226;226m▄[48;2;227;227;227m[38;2;226;226;226m▄[48;2;227;227;227m[38;2;227;227;227m▄[48;2;227;227;227m[38;2;227;227;227m▄[48;2;227;227;227m[38;2;227;227;227m▄[48;2;227;227;227m[38;2;226;226;226m▄[48;2;227;227;227m[38;2;225;225;225m▄[48;2;225;225;225m[38;2;224;224;224m▄[48;2;224;224;224m[38;2;224;224;224m▄[48;2;224;224;224m[38;2;224;224;224m▄[48;2;225;225;225m[38;2;224;224;224m▄[48;2;224;224;224m[38;2;224;224;224m▄[48;2;223;223;223m[38;2;223;223;223m▄[48;2;223;223;223m[38;2;223;223;223m▄[48;2;223;223;223m[38;2;223;223;223m▄[48;2;222;222;222m[38;2;222;222;222m▄[48;2;221;221;221m[38;2;221;221;221m▄[48;2;221;221;221m[38;2;221;221;221m▄[48;2;219;219;219m[38;2;219;219;219m▄[48;2;218;218;218m[38;2;218;218;218m▄[48;2;217;217;217m[38;2;217;217;217m▄[48;2;216;216;216m[38;2;216;216;216m▄[48;2;216;216;216m[38;2;216;216;216m▄[48;2;217;217;217m[38;2;217;217;217m▄[48;2;216;216;216m[38;2;216;216;216m▄[48;2;216;216;216m[38;2;216;216;216m▄[48;2;215;215;215m[38;2;215;215;215m▄[48;2;215;215;215m[38;2;215;215;215m▄[48;2;214;214;214m[38;2;214;214;214m▄[48;2;213;213;213m[38;2;213;213;213m▄[48;2;212;212;212m[38;2;212;212;212m▄[48;2;211;211;211m[38;2;211;211;211m▄[48;2;211;211;211m[38;2;210;210;210m▄[48;2;211;211;211m[38;2;210;210;210m▄[48;2;209;209;209m[38;2;209;209;209m▄[48;2;209;209;209m[38;2;209;209;209m▄[48;2;208;208;208m[38;2;209;209;209m▄[48;2;208;208;208m[38;2;208;208;208m▄[48;2;207;207;207m[38;2;207;207;207m▄[48;2;207;207;207m[38;2;207;207;207m▄[48;2;206;206;206m[38;2;205;205;205m▄[48;2;204;204;204m[38;2;204;204;204m▄[0m
[48;2;218;218;218m[38;2;217;217;217m▄[48;2;218;218;218m[38;2;217;217;217m▄[48;2;219;219;219m[38;2;218;218;218m▄[48;2;221;221;221m[38;2;220;220;220m▄[48;2;222;222;222m[38;2;222;222;222m▄[48;2;223;223;223m[38;2;222;222;222m▄[48;2;224;224;224m[38;2;222;222;222m▄[48;2;224;224;224m[38;2;223;223;223m▄[48;2;224;224;224m[38;2;224;224;224m▄[48;2;225;225;225m[38;2;224;224;224m▄[48;2;225;225;225m[38;2;225;225;225m▄[48;2;224;224;224m[38;2;225;225;225m▄[48;2;224;224;224m[38;2;224;224;224m▄[48;2;225;225;225m[38;2;224;224;224m▄[48;2;226;226;226m[38;2;224;224;224m▄[48;2;227;227;227m[38;2;226;226;226m▄[48;2;227;227;227m[38;2;227;227;227m▄[48;2;227;227;227m[38;2;227;227;227m▄[48;2;226;226;226m[38;2;227;227;227m▄[48;2;227;227;227m[38;2;226;226;226m▄[48;2;227;227;227m[38;2;227;227;227m▄[48;2;226;226;226m[38;2;227;227;227m▄[48;2;226;226;226m[38;2;226;226;226m▄[48;2;226;226;226m[38;2;226;226;226m▄[48;2;227;227;227m[38;2;226;226;226m▄[48;2;227;227;227m[38;2;227;227;227m▄[48;2;227;227;227m[38;2;225;225;225m▄[48;2;227;227;227m[38;2;226;226;226m▄[48;2;225;225;225m[38;2;223;224;223m▄[48;2;224;224;224m[38;2;222;223;222m▄[48;2;225;225;225m[38;2;223;223;223m▄[48;2;225;225;225m[38;2;225;225;225m▄[48;2;224;224;224m[38;2;224;224;224m▄[48;2;224;224;224m[38;2;223;223;223m▄[48;2;223;223;223m[38;2;222;222;221m▄[48;2;223;223;223m[38;2;222;223;222m▄[48;2;222;222;222m[38;2;223;222;223m▄[48;2;222;222;222m[38;2;222;222;222m▄[48;2;221;221;221m[38;2;221;221;221m▄[48;2;220;220;220m[38;2;221;221;221m▄[48;2;219;219;219m[38;2;219;219;219m▄[48;2;217;217;217m[38;2;218;218;218m▄[48;2;217;217;217m[38;2;216;216;216m▄[48;2;216;216;216m[38;2;216;216;216m▄[48;2;216;216;216m[38;2;217;217;217m▄[48;2;216;216;216m[38;2;216;216;216m▄[48;2;216;216;216m[38;2;215;215;215m▄[48;2;215;215;215m[38;2;216;216;216m▄[48;2;215;215;215m[38;2;215;215;215m▄[48;2;215;215;215m[38;2;214;214;214m▄[48;2;214;214;214m[38;2;213;213;213m▄[48;2;213;213;213m[38;2;213;213;213m▄[48;2;211;211;211m[38;2;212;212;212m▄[48;2;210;210;210m[38;2;210;210;210m▄[48;2;210;210;210m[38;2;211;211;211m▄[48;2;210;210;210m[38;2;210;210;210m▄[48;2;209;209;209m[38;2;209;209;209m▄[48;2;208;208;208m[38;2;208;208;208m▄[48;2;208;208;208m[38;2;209;209;209m▄[48;2;208;208;208m[38;2;208;208;208m▄[48;2;207;207;207m[38;2;207;207;207m▄[48;2;206;206;206m[38;2;207;207;207m▄[48;2;205;205;205m[38;2;206;206;206m▄[48;2;204;204;204m[38;2;204;204;204m▄[0m
[48;2;217;217;217m[38;2;217;217;217m▄[48;2;217;217;217m[38;2;217;217;217m▄[48;2;218;218;218m[38;2;218;218;218m▄[48;2;220;220;220m[38;2;220;220;220m▄[48;2;221;221;221m[38;2;221;221;221m▄[48;2;222;222;222m[38;2;222;222;222m▄[48;2;223;223;223m[38;2;223;223;223m▄[48;2;223;223;223m[38;2;223;223;223m▄[48;2;224;224;224m[38;2;224;224;224m▄[48;2;224;224;224m[38;2;224;224;224m▄[48;2;225;225;225m[38;2;224;224;224m▄[48;2;225;225;225m[38;2;225;225;225m▄[48;2;225;225;225m[38;2;225;225;225m▄[48;2;225;225;225m[38;2;225;225;225m▄[48;2;225;225;225m[38;2;225;225;225m▄[48;2;225;225;225m[38;2;225;225;225m▄[48;2;225;225;225m[38;2;224;224;224m▄[48;2;225;225;225m[38;2;225;225;225m▄[48;2;226;226;226m[38;2;224;224;224m▄[48;2;226;226;226m[38;2;224;224;224m▄[48;2;227;227;227m[38;2;226;226;226m▄[48;2;226;226;226m[38;2;225;225;225m▄[48;2;225;225;225m[38;2;224;224;224m▄[48;2;225;225;225m[38;2;224;224;224m▄[48;2;225;225;225m[38;2;224;224;224m▄[48;2;225;225;225m[38;2;224;224;224m▄[48;2;225;225;225m[38;2;223;224;223m▄[48;2;223;224;223m[38;2;229;227;229m▄[48;2;230;228;231m[38;2;190;206;186m▄[48;2;233;230;235m[38;2;170;195;164m▄[48;2;231;228;230m[38;2;198;209;200m▄[48;2;223;224;223m[38;2;229;227;231m▄[48;2;223;223;223m[38;2;225;225;225m▄[48;2;224;224;224m[38;2;225;224;227m▄[48;2;232;228;233m[38;2;168;192;161m▄[48;2;227;225;228m[38;2;197;209;193m▄[48;2;222;222;222m[38;2;227;225;228m▄[48;2;223;223;223m[38;2;221;221;221m▄[48;2;221;221;221m[38;2;221;221;221m▄[48;2;220;220;220m[38;2;219;219;219m▄[48;2;218;218;218m[38;2;218;218;218m▄[48;2;218;218;218m[38;2;218;218;218m▄[48;2;216;216;216m[38;2;217;217;217m▄[48;2;216;216;216m[38;2;217;217;217m▄[48;2;217;217;217m[38;2;217;217;217m▄[48;2;216;216;216m[38;2;216;216;216m▄[48;2;216;216;216m[38;2;216;216;216m▄[48;2;216;216;216m[38;2;215;215;215m▄[48;2;215;215;215m[38;2;215;215;215m▄[48;2;214;214;214m[38;2;214;214;214m▄[48;2;213;213;213m[38;2;214;213;214m▄[48;2;213;213;213m[38;2;212;212;212m▄[48;2;212;212;212m[38;2;211;211;211m▄[48;2;210;210;210m[38;2;210;210;210m▄[48;2;210;210;210m[38;2;210;210;210m▄[48;2;210;210;210m[38;2;211;211;211m▄[48;2;209;209;209m[38;2;209;209;209m▄[48;2;209;209;209m[38;2;209;209;209m▄[48;2;208;208;208m[38;2;208;208;208m▄[48;2;208;208;208m[38;2;207;207;207m▄[48;2;207;207;207m[38;2;207;207;207m▄[48;2;207;207;207m[38;2;207;207;207m▄[48;2;205;205;205m[38;2;205;205;205m▄[48;2;204;204;204m[38;2;204;204;204m▄[0m
[48;2;217;217;217m[38;2;216;216;216m▄[48;2;217;217;217m[38;2;217;217;217m▄[48;2;217;217;217m[38;2;217;217;217m▄[48;2;220;220;220m[38;2;218;218;218m▄[48;2;221;221;221m[38;2;219;219;219m▄[48;2;221;221;221m[38;2;221;221;221m▄[48;2;222;222;222m[38;2;222;222;222m▄[48;2;223;223;223m[38;2;223;223;223m▄[48;2;224;224;224m[38;2;223;223;223m▄[48;2;224;224;224m[38;2;224;223;224m▄[48;2;224;223;224m[38;2;224;224;224m▄[48;2;224;224;224m[38;2;224;224;224m▄[48;2;225;225;225m[38;2;224;224;224m▄[48;2;225;225;225m[38;2;224;224;224m▄[48;2;224;224;224m[38;2;225;225;225m▄[48;2;225;225;225m[38;2;224;224;224m▄[48;2;225;225;225m[38;2;225;225;225m▄[48;2;225;225;225m[38;2;224;224;225m▄[48;2;224;224;224m[38;2;225;225;225m▄[48;2;224;224;224m[38;2;225;225;225m▄[48;2;224;224;224m[38;2;224;224;224m▄[48;2;224;224;224m[38;2;224;224;224m▄[48;2;224;224;224m[38;2;224;224;224m▄[48;2;224;224;224m[38;2;224;224;224m▄[48;2;225;225;225m[38;2;224;224;224m▄[48;2;224;224;224m[38;2;224;224;224m▄[48;2;223;224;222m[38;2;223;223;223m▄[48;2;231;228;233m[38;2;232;229;232m▄[48;2;159;190;150m[38;2;186;201;183m▄[48;2;144;189;96m[38;2;133;179;83m▄[48;2;135;182;96m[38;2;137;182;77m▄[48;2;159;188;149m[38;2;127;176;80m▄[48;2;233;227;238m[38;2;160;186;154m▄[48;2;162;190;152m[38;2;117;164;94m▄[48;2;101;159;64m[38;2;175;190;171m▄[48;2;171;192;164m[38;2;210;207;214m▄[48;2;227;224;227m[38;2;221;219;222m▄[48;2;218;220;218m[38;2;226;224;226m▄[48;2;221;221;221m[38;2;220;220;220m▄[48;2;219;219;219m[38;2;219;219;219m▄[48;2;217;217;217m[38;2;217;217;217m▄[48;2;217;217;217m[38;2;217;217;217m▄[48;2;217;217;217m[38;2;217;217;217m▄[48;2;217;217;217m[38;2;217;217;217m▄[48;2;217;217;217m[38;2;216;216;216m▄[48;2;216;216;216m[38;2;216;216;216m▄[48;2;215;215;215m[38;2;215;215;215m▄[48;2;215;215;215m[38;2;215;215;215m▄[48;2;215;215;215m[38;2;214;214;214m▄[48;2;214;214;214m[38;2;214;214;214m▄[48;2;213;213;213m[38;2;213;213;213m▄[48;2;212;212;212m[38;2;213;213;213m▄[48;2;211;211;212m[38;2;212;212;212m▄[48;2;211;211;211m[38;2;211;211;211m▄[48;2;210;210;210m[38;2;210;210;210m▄[48;2;210;210;210m[38;2;210;210;210m▄[48;2;209;209;209m[38;2;209;209;209m▄[48;2;209;209;209m[38;2;209;209;209m▄[48;2;208;208;208m[38;2;208;208;208m▄[48;2;208;207;208m[38;2;208;208;208m▄[48;2;207;206;208m[38;2;207;207;207m▄[48;2;207;207;206m[38;2;206;206;206m▄[48;2;205;204;205m[38;2;205;205;205m▄[48;2;204;203;205m[38;2;204;204;204m▄[0m
[48;2;216;216;216m[38;2;216;216;216m▄[48;2;216;216;216m[38;2;216;216;216m▄[48;2;217;217;217m[38;2;216;216;216m▄[48;2;218;218;218m[38;2;217;217;217m▄[48;2;219;219;219m[38;2;218;218;218m▄[48;2;220;220;220m[38;2;219;219;219m▄[48;2;222;222;222m[38;2;221;221;221m▄[48;2;223;223;223m[38;2;222;222;222m▄[48;2;223;223;223m[38;2;222;222;222m▄[48;2;223;223;223m[38;2;223;223;223m▄[48;2;223;223;223m[38;2;222;222;222m▄[48;2;223;223;223m[38;2;223;223;223m▄[48;2;224;224;224m[38;2;224;224;224m▄[48;2;224;224;224m[38;2;224;224;224m▄[48;2;224;224;224m[38;2;224;224;224m▄[48;2;225;225;225m[38;2;224;224;224m▄[48;2;224;224;224m[38;2;225;225;225m▄[48;2;225;225;225m[38;2;225;225;225m▄[48;2;225;225;225m[38;2;224;224;224m▄[48;2;225;225;225m[38;2;224;224;224m▄[48;2;224;224;224m[38;2;224;224;224m▄[48;2;225;225;225m[38;2;224;224;224m▄[48;2;225;225;225m[38;2;224;224;224m▄[48;2;224;224;224m[38;2;224;224;224m▄[48;2;224;224;224m[38;2;223;223;223m▄[48;2;224;224;224m[38;2;223;223;223m▄[48;2;224;224;224m[38;2;224;225;224m▄[48;2;225;226;225m[38;2;222;223;223m▄[48;2;225;229;233m[38;2;222;183;189m▄[48;2;146;183;134m[38;2;224;165;175m▄[48;2;113;178;72m[38;2;170;150;130m▄[48;2;102;167;70m[38;2;125;146;102m▄[48;2;80;145;61m[38;2;93;141;76m▄[48;2;119;161;110m[38;2;83;156;67m▄[48;2;152;183;136m[38;2;107;170;71m▄[48;2;145;182;120m[38;2;136;188;81m▄[48;2;157;186;147m[38;2;145;194;82m▄[48;2;203;210;203m[38;2;117;166;91m▄[48;2;222;221;222m[38;2;201;207;202m▄[48;2;217;217;217m[38;2;221;219;220m▄[48;2;217;217;217m[38;2;216;216;216m▄[48;2;217;217;217m[38;2;217;217;217m▄[48;2;217;217;217m[38;2;217;217;217m▄[48;2;217;217;217m[38;2;217;217;217m▄[48;2;216;216;216m[38;2;216;216;216m▄[48;2;216;216;216m[38;2;215;215;215m▄[48;2;215;215;215m[38;2;215;215;215m▄[48;2;215;215;215m[38;2;215;214;214m▄[48;2;213;213;213m[38;2;213;213;213m▄[48;2;213;213;213m[38;2;213;213;213m▄[48;2;213;213;213m[38;2;212;212;212m▄[48;2;212;212;212m[38;2;211;211;211m▄[48;2;211;211;211m[38;2;211;211;211m▄[48;2;211;211;211m[38;2;211;211;211m▄[48;2;211;211;211m[38;2;211;211;211m▄[48;2;210;210;210m[38;2;209;209;209m▄[48;2;208;208;208m[38;2;209;209;209m▄[48;2;209;209;209m[38;2;208;208;209m▄[48;2;208;208;208m[38;2;208;208;208m▄[48;2;208;208;208m[38;2;207;207;207m▄[48;2;207;207;207m[38;2;207;207;207m▄[48;2;207;206;207m[38;2;206;206;206m▄[48;2;205;205;205m[38;2;205;204;205m▄[48;2;204;204;204m[38;2;203;203;204m▄[0m
[48;2;216;216;216m[38;2;216;216;216m▄[48;2;216;216;216m[38;2;216;216;216m▄[48;2;216;216;216m[38;2;216;216;216m▄[48;2;217;217;217m[38;2;216;216;216m▄[48;2;218;218;218m[38;2;217;217;217m▄[48;2;219;219;219m[38;2;218;218;218m▄[48;2;219;219;219m[38;2;218;218;218m▄[48;2;220;220;221m[38;2;219;219;219m▄[48;2;222;222;222m[38;2;221;221;222m▄[48;2;222;222;222m[38;2;222;222;222m▄[48;2;223;223;223m[38;2;222;222;222m▄[48;2;223;223;223m[38;2;222;222;222m▄[48;2;223;223;223m[38;2;223;222;223m▄[48;2;223;223;223m[38;2;223;223;223m▄[48;2;224;224;223m[38;2;223;223;223m▄[48;2;224;224;224m[38;2;223;223;223m▄[48;2;224;224;224m[38;2;223;223;223m▄[48;2;224;224;224m[38;2;223;223;223m▄[48;2;224;224;224m[38;2;223;223;223m▄[48;2;223;223;223m[38;2;224;224;224m▄[48;2;224;224;224m[38;2;224;224;224m▄[48;2;224;224;224m[38;2;223;223;223m▄[48;2;224;224;224m[38;2;223;223;223m▄[48;2;224;224;224m[38;2;223;223;223m▄[48;2;223;223;223m[38;2;223;222;223m▄[48;2;223;222;223m[38;2;224;227;227m▄[48;2;223;227;226m[38;2;220;212;214m▄[48;2;220;169;174m[38;2;217;124;137m▄[48;2;234;137;145m[38;2;229;132;142m▄[48;2;240;140;150m[38;2;225;124;135m▄[48;2;236;129;145m[38;2;223;132;139m▄[48;2;234;146;163m[38;2;239;166;171m▄[48;2;227;153;158m[38;2;240;151;163m▄[48;2;137;132;93m[38;2;233;131;147m▄[48;2;114;162;83m[38;2;229;149;156m▄[48;2;124;171;78m[38;2;201;139;141m▄[48;2;125;169;93m[38;2;194;193;196m▄[48;2;161;182;154m[38;2;208;206;212m▄[48;2;208;207;209m[38;2;210;210;209m▄[48;2;216;216;216m[38;2;216;216;216m▄[48;2;216;216;216m[38;2;216;216;216m▄[48;2;217;217;217m[38;2;216;216;217m▄[48;2;217;217;217m[38;2;217;217;216m▄[48;2;216;216;216m[38;2;216;216;216m▄[48;2;216;216;216m[38;2;216;216;216m▄[48;2;215;215;215m[38;2;215;215;216m▄[48;2;215;215;215m[38;2;215;215;215m▄[48;2;214;214;215m[38;2;214;214;214m▄[48;2;213;213;213m[38;2;213;213;213m▄[48;2;213;213;213m[38;2;213;213;213m▄[48;2;212;212;212m[38;2;212;212;212m▄[48;2;210;210;210m[38;2;210;210;210m▄[48;2;211;211;211m[38;2;211;211;211m▄[48;2;211;211;211m[38;2;211;211;211m▄[48;2;211;211;211m[38;2;211;211;211m▄[48;2;209;209;209m[38;2;209;208;210m▄[48;2;209;209;209m[38;2;209;209;209m▄[48;2;209;209;209m[38;2;208;208;208m▄[48;2;208;208;208m[38;2;208;208;208m▄[48;2;207;207;207m[38;2;207;207;207m▄[48;2;207;207;207m[38;2;207;206;207m▄[48;2;206;206;206m[38;2;205;205;205m▄[48;2;204;204;204m[38;2;204;204;204m▄[48;2;203;203;203m[38;2;203;203;203m▄[0m
[48;2;216;216;216m[38;2;215;215;215m▄[48;2;216;216;216m[38;2;216;216;216m▄[48;2;216;216;216m[38;2;216;216;216m▄[48;2;216;216;216m[38;2;216;216;216m▄[48;2;216;216;216m[38;2;216;216;216m▄[48;2;217;217;217m[38;2;216;216;216m▄[48;2;218;218;218m[38;2;217;217;217m▄[48;2;219;219;219m[38;2;218;218;218m▄[48;2;220;220;220m[38;2;218;218;218m▄[48;2;220;221;220m[38;2;219;219;219m▄[48;2;221;221;221m[38;2;220;220;220m▄[48;2;222;222;222m[38;2;221;221;221m▄[48;2;222;222;222m[38;2;221;221;221m▄[48;2;222;222;222m[38;2;221;221;221m▄[48;2;223;223;223m[38;2;222;222;222m▄[48;2;223;223;223m[38;2;222;222;222m▄[48;2;223;223;223m[38;2;222;222;222m▄[48;2;223;223;223m[38;2;222;222;222m▄[48;2;223;223;223m[38;2;222;222;222m▄[48;2;223;223;223m[38;2;223;223;223m▄[48;2;223;223;223m[38;2;223;223;223m▄[48;2;223;223;223m[38;2;222;222;222m▄[48;2;222;222;222m[38;2;222;222;222m▄[48;2;222;222;222m[38;2;223;222;222m▄[48;2;223;222;222m[38;2;225;228;227m▄[48;2;223;227;227m[38;2;214;199;202m▄[48;2;214;157;166m[38;2;222;124;138m▄[48;2;226;126;141m[38;2;235;126;140m▄[48;2;232;137;148m[38;2;219;99;119m▄[48;2;220;129;141m[38;2;214;137;151m▄[48;2;218;147;157m[38;2;253;255;255m▄[48;2;231;141;151m[38;2;224;167;175m▄[48;2;241;163;170m[38;2;224;131;142m▄[48;2;222;131;142m[38;2;224;134;144m▄[48;2;242;155;165m[38;2;224;144;154m▄[48;2;229;135;147m[38;2;218;114;127m▄[48;2;202;148;156m[38;2;214;109;124m▄[48;2;212;218;216m[38;2;209;200;202m▄[48;2;217;216;216m[38;2;218;219;218m▄[48;2;217;217;219m[38;2;215;210;204m▄[48;2;217;217;217m[38;2;215;208;199m▄[48;2;217;216;216m[38;2;214;205;192m▄[48;2;217;219;221m[38;2;213;203;189m▄[48;2;216;216;217m[38;2;215;215;214m▄[48;2;216;216;216m[38;2;215;215;216m▄[48;2;215;215;215m[38;2;215;215;215m▄[48;2;215;215;215m[38;2;215;215;215m▄[48;2;214;214;214m[38;2;214;214;214m▄[48;2;213;213;213m[38;2;213;213;213m▄[48;2;213;213;213m[38;2;211;211;211m▄[48;2;212;212;212m[38;2;211;211;211m▄[48;2;211;211;211m[38;2;211;211;211m▄[48;2;211;211;211m[38;2;211;211;211m▄[48;2;210;210;210m[38;2;211;211;211m▄[48;2;210;210;210m[38;2;209;209;209m▄[48;2;209;209;209m[38;2;209;209;209m▄[48;2;209;209;209m[38;2;209;208;209m▄[48;2;208;208;208m[38;2;208;208;208m▄[48;2;208;208;208m[38;2;207;207;207m▄[48;2;207;207;207m[38;2;207;207;207m▄[48;2;206;206;207m[38;2;206;206;206m▄[48;2;205;205;205m[38;2;205;205;205m▄[48;2;204;204;204m[38;2;204;204;204m▄[48;2;203;203;203m[38;2;203;203;203m▄[0m
[48;2;215;215;215m[38;2;215;215;215m▄[48;2;215;215;215m[38;2;215;215;215m▄[48;2;217;217;217m[38;2;216;216;216m▄[48;2;217;217;217m[38;2;216;216;216m▄[48;2;216;216;216m[38;2;216;216;216m▄[48;2;216;216;216m[38;2;217;217;217m▄[48;2;216;216;216m[38;2;217;217;217m▄[48;2;217;217;217m[38;2;217;217;217m▄[48;2;218;218;218m[38;2;217;217;217m▄[48;2;218;218;218m[38;2;217;217;217m▄[48;2;218;218;218m[38;2;217;217;217m▄[48;2;219;219;219m[38;2;218;218;218m▄[48;2;219;219;219m[38;2;218;218;218m▄[48;2;220;220;220m[38;2;218;218;218m▄[48;2;221;221;221m[38;2;219;219;219m▄[48;2;222;222;222m[38;2;221;221;221m▄[48;2;222;222;222m[38;2;221;221;221m▄[48;2;222;222;222m[38;2;221;221;221m▄[48;2;222;222;222m[38;2;220;220;220m▄[48;2;222;222;222m[38;2;222;222;222m▄[48;2;222;222;222m[38;2;221;221;221m▄[48;2;222;222;222m[38;2;221;220;220m▄[48;2;222;222;222m[38;2;221;220;220m▄[48;2;222;221;221m[38;2;221;219;219m▄[48;2;225;229;228m[38;2;222;220;221m▄[48;2;210;190;195m[38;2;220;219;219m▄[48;2;218;110;126m[38;2;198;113;129m▄[48;2;220;112;129m[38;2;213;100;119m▄[48;2;211;100;120m[38;2;221;106;124m▄[48;2;203;93;113m[38;2;218;105;122m▄[48;2;225;181;190m[38;2;217;106;122m▄[48;2;255;255;255m[38;2;216;151;164m▄[48;2;239;215;219m[38;2;241;227;231m▄[48;2;204;111;127m[38;2;214;118;134m▄[48;2;214;103;121m[38;2;231;120;134m▄[48;2;229;119;134m[38;2;226;112;128m▄[48;2;215;106;123m[38;2;197;118;133m▄[48;2;201;186;190m[38;2;200;202;202m▄[48;2;217;219;215m[38;2;215;214;215m▄[48;2;215;211;207m[38;2;216;216;217m▄[48;2;216;215;215m[38;2;215;215;214m▄[48;2;215;217;218m[38;2;216;217;218m▄[48;2;212;204;195m[38;2;217;218;221m▄[48;2;211;199;184m[38;2;207;192;173m▄[48;2;216;217;219m[38;2;215;215;216m▄[48;2;214;214;214m[38;2;215;215;214m▄[48;2;214;214;214m[38;2;213;213;214m▄[48;2;213;213;213m[38;2;213;212;213m▄[48;2;212;212;212m[38;2;211;211;211m▄[48;2;211;211;211m[38;2;210;210;210m▄[48;2;211;211;211m[38;2;211;211;211m▄[48;2;211;211;211m[38;2;211;211;211m▄[48;2;211;211;211m[38;2;210;210;210m▄[48;2;211;211;211m[38;2;211;211;211m▄[48;2;209;209;209m[38;2;209;209;209m▄[48;2;209;209;209m[38;2;209;209;209m▄[48;2;208;208;208m[38;2;208;208;208m▄[48;2;208;208;208m[38;2;208;208;208m▄[48;2;207;207;207m[38;2;207;207;207m▄[48;2;207;207;207m[38;2;207;207;207m▄[48;2;205;205;205m[38;2;205;205;205m▄[48;2;204;204;204m[38;2;204;204;204m▄[48;2;204;204;204m[38;2;203;203;203m▄[48;2;203;203;203m[38;2;203;203;203m▄[0m
[48;2;215;215;215m[38;2;214;214;214m▄[48;2;215;215;215m[38;2;214;214;214m▄[48;2;215;215;215m[38;2;215;215;215m▄[48;2;215;215;215m[38;2;215;215;215m▄[48;2;217;217;217m[38;2;216;216;216m▄[48;2;217;217;217m[38;2;216;216;216m▄[48;2;217;217;217m[38;2;216;216;216m▄[48;2;217;217;217m[38;2;217;217;217m▄[48;2;217;217;217m[38;2;217;217;217m▄[48;2;217;217;217m[38;2;217;217;217m▄[48;2;216;216;216m[38;2;217;217;217m▄[48;2;217;217;217m[38;2;217;217;217m▄[48;2;217;217;217m[38;2;216;216;216m▄[48;2;217;217;217m[38;2;216;216;216m▄[48;2;217;217;217m[38;2;217;217;217m▄[48;2;218;218;218m[38;2;217;217;217m▄[48;2;219;219;219m[38;2;217;217;217m▄[48;2;220;220;220m[38;2;217;218;218m▄[48;2;219;219;219m[38;2;218;216;217m▄[48;2;220;219;219m[38;2;220;225;224m▄[48;2;220;219;220m[38;2;219;221;220m▄[48;2;220;225;224m[38;2;217;196;197m▄[48;2;220;226;225m[38;2;222;190;192m▄[48;2;219;225;224m[38;2;223;189;192m▄[48;2;218;224;223m[38;2;220;185;188m▄[48;2;223;231;229m[38;2;218;203;205m▄[48;2;205;186;190m[38;2;217;225;224m▄[48;2;211;103;120m[38;2;202;116;132m▄[48;2;223;106;123m[38;2;225;98;115m▄[48;2;211;98;117m[38;2;211;93;112m▄[48;2;233;131;143m[38;2;229;119;133m▄[48;2;225;116;130m[38;2;208;101;120m▄[48;2;195;83;105m[38;2;204;83;104m▄[48;2;203;86;108m[38;2;219;94;115m▄[48;2;212;96;116m[38;2;213;79;103m▄[48;2;196;82;106m[38;2;191;108;125m▄[48;2;191;179;184m[38;2;199;207;207m▄[48;2;207;215;215m[38;2;216;175;178m▄[48;2;215;218;218m[38;2;225;164;167m▄[48;2;216;218;218m[38;2;217;202;205m▄[48;2;217;217;220m[38;2;207;202;191m▄[48;2;213;209;206m[38;2;201;192;171m▄[48;2;204;189;169m[38;2;208;208;200m▄[48;2;208;199;186m[38;2;214;213;213m▄[48;2;214;215;217m[38;2;208;203;196m▄[48;2;214;213;213m[38;2;212;213;214m▄[48;2;213;213;213m[38;2;212;212;211m▄[48;2;212;211;212m[38;2;211;211;211m▄[48;2;211;211;211m[38;2;211;211;211m▄[48;2;211;211;211m[38;2;211;211;211m▄[48;2;211;211;211m[38;2;211;211;211m▄[48;2;210;210;210m[38;2;211;211;211m▄[48;2;210;210;210m[38;2;209;209;210m▄[48;2;209;209;209m[38;2;209;208;209m▄[48;2;209;209;209m[38;2;209;209;209m▄[48;2;208;208;208m[38;2;208;208;208m▄[48;2;208;208;208m[38;2;207;207;207m▄[48;2;207;207;207m[38;2;207;207;207m▄[48;2;207;207;207m[38;2;207;207;207m▄[48;2;206;206;206m[38;2;205;205;205m▄[48;2;204;204;204m[38;2;204;204;204m▄[48;2;204;204;204m[38;2;203;203;203m▄[48;2;203;203;203m[38;2;203;203;203m▄[48;2;203;203;203m[38;2;203;203;203m▄[0m
[48;2;214;214;214m[38;2;214;214;214m▄[48;2;215;215;215m[38;2;214;214;214m▄[48;2;215;215;215m[38;2;215;215;215m▄[48;2;215;215;215m[38;2;215;215;215m▄[48;2;215;215;215m[38;2;215;215;215m▄[48;2;216;216;216m[38;2;216;216;216m▄[48;2;216;216;216m[38;2;215;215;215m▄[48;2;216;216;216m[38;2;215;215;215m▄[48;2;216;216;216m[38;2;216;216;216m▄[48;2;217;217;217m[38;2;217;217;217m▄[48;2;217;217;217m[38;2;217;217;217m▄[48;2;216;216;216m[38;2;217;217;217m▄[48;2;216;216;216m[38;2;217;217;217m▄[48;2;217;217;217m[38;2;217;217;217m▄[48;2;217;217;217m[38;2;217;217;217m▄[48;2;217;217;217m[38;2;217;217;217m▄[48;2;217;217;217m[38;2;217;216;216m▄[48;2;216;215;216m[38;2;218;221;220m▄[48;2;218;223;222m[38;2;215;202;204m▄[48;2;216;195;197m[38;2;224;153;162m▄[48;2;225;162;168m[38;2;232;181;187m▄[48;2;231;161;166m[38;2;211;109;121m▄[48;2;223;136;144m[38;2;231;159;167m▄[48;2;225;138;146m[38;2;219;130;141m▄[48;2;233;157;163m[38;2;210;126;134m▄[48;2;228;149;157m[38;2;243;186;192m▄[48;2;219;188;191m[38;2;220;150;159m▄[48;2;208;199;202m[38;2;214;219;218m▄[48;2;199;110;127m[38;2;209;210;210m▄[48;2;201;86;109m[38;2;198;199;201m▄[48;2;195;104;123m[38;2;203;169;172m▄[48;2;205;130;139m[38;2;238;160;166m▄[48;2;212;130;140m[38;2;222;149;156m▄[48;2;200;89;110m[38;2;195;187;189m▄[48;2;192;104;123m[38;2;195;200;200m▄[48;2;191;187;189m[38;2;204;211;209m▄[48;2;207;177;179m[38;2;219;149;156m▄[48;2;233;159;166m[38;2;233;175;181m▄[48;2;233;164;172m[38;2;213;121;135m▄[48;2;216;161;162m[38;2;209;172;174m▄[48;2;202;199;185m[38;2;210;186;190m▄[48;2;218;178;184m[38;2;232;145;155m▄[48;2;217;191;196m[38;2;222;138;147m▄[48;2;208;205;198m[38;2;209;199;200m▄[48;2;209;204;199m[38;2;212;215;215m▄[48;2;212;213;214m[38;2;211;210;210m▄[48;2;212;211;211m[38;2;211;211;211m▄[48;2;211;211;211m[38;2;211;211;211m▄[48;2;211;211;211m[38;2;211;211;211m▄[48;2;211;211;211m[38;2;211;211;211m▄[48;2;211;211;211m[38;2;210;210;210m▄[48;2;209;209;209m[38;2;208;208;209m▄[48;2;209;209;209m[38;2;208;208;208m▄[48;2;209;209;209m[38;2;209;209;209m▄[48;2;208;208;208m[38;2;208;208;208m▄[48;2;208;208;208m[38;2;208;208;209m▄[48;2;208;208;208m[38;2;207;207;208m▄[48;2;207;207;207m[38;2;207;207;207m▄[48;2;207;207;207m[38;2;206;206;206m▄[48;2;205;205;205m[38;2;204;204;204m▄[48;2;204;204;204m[38;2;203;203;203m▄[48;2;203;203;203m[38;2;203;203;203m▄[48;2;203;203;203m[38;2;203;203;203m▄[48;2;203;203;203m[38;2;203;203;203m▄[0m
[48;2;213;213;213m[38;2;212;212;212m▄[48;2;214;214;214m[38;2;213;213;212m▄[48;2;214;214;214m[38;2;213;213;213m▄[48;2;215;215;215m[38;2;214;214;214m▄[48;2;215;215;215m[38;2;215;215;215m▄[48;2;215;215;215m[38;2;215;215;215m▄[48;2;216;216;216m[38;2;215;215;215m▄[48;2;216;216;216m[38;2;215;215;215m▄[48;2;216;216;216m[38;2;215;215;216m▄[48;2;216;216;216m[38;2;216;216;216m▄[48;2;217;217;217m[38;2;216;216;216m▄[48;2;217;217;217m[38;2;216;216;216m▄[48;2;216;216;216m[38;2;216;216;216m▄[48;2;217;217;217m[38;2;216;216;216m▄[48;2;217;217;217m[38;2;217;217;217m▄[48;2;217;217;217m[38;2;217;217;218m▄[48;2;217;215;215m[38;2;217;215;216m▄[48;2;219;228;227m[38;2;218;222;222m▄[48;2;207;156;164m[38;2;213;191;194m▄[48;2;235;182;187m[38;2;200;109;123m▄[48;2;215;140;149m[38;2;186;80;98m▄[48;2;208;111;122m[38;2;218;137;151m▄[48;2;237;178;185m[38;2;227;156;166m▄[48;2;197;109;122m[38;2;204;111;125m▄[48;2;215;148;157m[38;2;224;156;166m▄[48;2;239;181;188m[38;2;190;90;108m▄[48;2;200;105;118m[38;2;214;132;144m▄[48;2;214;149;159m[38;2;212;132;146m▄[48;2;213;141;151m[38;2;226;157;168m▄[48;2;208;153;160m[38;2;216;131;145m▄[48;2;206;140;148m[38;2;199;99;117m▄[48;2;208;107;121m[38;2;232;170;178m▄[48;2;203;126;136m[38;2;187;86;104m▄[48;2;204;154;161m[38;2;226;156;167m▄[48;2;218;148;157m[38;2;212;132;145m▄[48;2;205;132;142m[38;2;205;114;128m▄[48;2;226;152;160m[38;2;228;162;171m▄[48;2;228;173;179m[38;2;213;149;160m▄[48;2;209;116;129m[38;2;223;158;168m▄[48;2;206;143;152m[38;2;218;134;148m▄[48;2;204;149;157m[38;2;195;98;115m▄[48;2;211;112;125m[38;2;235;167;176m▄[48;2;205;136;145m[38;2;187;122;134m▄[48;2;205;208;208m[38;2;203;205;205m▄[48;2;210;210;210m[38;2;211;210;210m▄[48;2;211;211;211m[38;2;211;210;210m▄[48;2;212;212;212m[38;2;211;211;211m▄[48;2;212;212;212m[38;2;211;211;211m▄[48;2;211;211;211m[38;2;211;211;211m▄[48;2;210;211;210m[38;2;209;211;211m▄[48;2;210;210;211m[38;2;209;211;215m▄[48;2;210;209;211m[38;2;210;209;215m▄[48;2;209;208;210m[38;2;209;208;212m▄[48;2;208;208;208m[38;2;208;208;208m▄[48;2;207;207;207m[38;2;208;208;208m▄[48;2;208;208;208m[38;2;208;208;205m▄[48;2;207;207;207m[38;2;207;207;202m▄[48;2;207;207;206m[38;2;207;207;203m▄[48;2;204;204;205m[38;2;204;204;203m▄[48;2;204;204;204m[38;2;204;204;204m▄[48;2;204;204;204m[38;2;203;203;204m▄[48;2;203;203;203m[38;2;203;203;203m▄[48;2;203;203;203m[38;2;203;203;203m▄[48;2;202;202;202m[38;2;202;201;204m▄[0m
[48;2;211;211;211m[38;2;210;210;210m▄[48;2;212;212;212m[38;2;210;210;210m▄[48;2;213;213;213m[38;2;211;211;211m▄[48;2;212;212;212m[38;2;212;212;212m▄[48;2;213;213;213m[38;2;213;213;213m▄[48;2;215;215;215m[38;2;214;214;214m▄[48;2;215;215;215m[38;2;214;214;214m▄[48;2;215;215;215m[38;2;214;214;214m▄[48;2;214;214;214m[38;2;214;214;214m▄[48;2;215;215;215m[38;2;215;215;215m▄[48;2;215;215;215m[38;2;214;214;215m▄[48;2;215;215;215m[38;2;215;215;215m▄[48;2;215;215;215m[38;2;215;215;215m▄[48;2;215;215;215m[38;2;215;215;215m▄[48;2;215;215;215m[38;2;215;215;215m▄[48;2;216;216;217m[38;2;216;216;216m▄[48;2;216;216;216m[38;2;216;216;216m▄[48;2;216;215;215m[38;2;216;216;216m▄[48;2;217;219;219m[38;2;216;215;214m▄[48;2;212;201;205m[38;2;207;208;205m▄[48;2;183;112;128m[38;2;189;109;128m▄[48;2;223;134;148m[38;2;227;128;144m▄[48;2;199;110;129m[38;2;157;62;86m▄[48;2;233;157;168m[38;2;214;120;137m▄[48;2;180;88;107m[38;2;208;120;136m▄[48;2;190;98;117m[38;2;170;71;95m▄[48;2;228;150;163m[38;2;235;142;155m▄[48;2;167;59;81m[38;2;196;106;123m▄[48;2;232;157;168m[38;2;236;149;161m▄[48;2;180;78;101m[38;2;190;95;116m▄[48;2;220;135;149m[38;2;230;141;154m▄[48;2;195;103;120m[38;2;197;102;121m▄[48;2;204;114;131m[38;2;207;118;135m▄[48;2;215;137;151m[38;2;218;125;141m▄[48;2;167;68;89m[38;2;183;98;117m▄[48;2;184;86;106m[38;2;206;121;138m▄[48;2;241;167;177m[38;2;234;145;159m▄[48;2;190;102;120m[38;2;159;47;75m▄[48;2;215;130;145m[38;2;227;131;146m▄[48;2;189;96;114m[38;2;195;103;120m▄[48;2;210;120;136m[38;2;225;138;151m▄[48;2;207;119;135m[38;2;203;108;127m▄[48;2;177;66;89m[38;2;177;79;101m▄[48;2;195;138;151m[38;2;192;156;164m▄[48;2;212;218;218m[38;2;208;213;212m▄[48;2;210;208;209m[38;2;210;209;209m▄[48;2;211;211;211m[38;2;211;211;211m▄[48;2;211;211;211m[38;2;211;211;211m▄[48;2;211;211;211m[38;2;211;211;211m▄[48;2;209;210;212m[38;2;210;210;211m▄[48;2;208;211;216m[38;2;207;208;211m▄[48;2;208;209;215m[38;2;207;208;211m▄[48;2;209;208;213m[38;2;209;208;212m▄[48;2;208;208;209m[38;2;208;207;209m▄[48;2;208;208;208m[38;2;208;208;208m▄[48;2;208;208;206m[38;2;208;208;206m▄[48;2;207;207;202m[38;2;205;207;201m▄[48;2;206;207;202m[38;2;204;207;202m▄[48;2;203;205;200m[38;2;203;206;203m▄[48;2;203;203;203m[38;2;203;203;203m▄[48;2;203;203;203m[38;2;203;203;203m▄[48;2;203;202;203m[38;2;202;202;203m▄[48;2;202;201;202m[38;2;201;201;202m▄[48;2;202;202;202m[38;2;201;201;201m▄[0m
[48;2;210;210;210m[38;2;210;210;210m▄[48;2;210;210;210m[38;2;210;210;210m▄[48;2;210;210;210m[38;2;210;210;210m▄[48;2;210;210;210m[38;2;210;210;210m▄[48;2;211;211;211m[38;2;210;210;210m▄[48;2;212;212;212m[38;2;211;211;211m▄[48;2;213;213;213m[38;2;212;212;212m▄[48;2;213;213;213m[38;2;212;212;212m▄[48;2;214;214;214m[38;2;212;212;212m▄[48;2;214;214;214m[38;2;213;213;213m▄[48;2;215;215;215m[38;2;214;214;214m▄[48;2;215;215;215m[38;2;214;214;215m▄[48;2;215;215;215m[38;2;214;214;214m▄[48;2;215;215;215m[38;2;215;215;215m▄[48;2;215;215;215m[38;2;214;214;214m▄[48;2;215;215;215m[38;2;215;215;215m▄[48;2;215;215;215m[38;2;215;214;214m▄[48;2;217;218;220m[38;2;217;219;221m▄[48;2;208;202;194m[38;2;204;195;185m▄[48;2;205;199;193m[38;2;206;201;188m▄[48;2;180;92;113m[38;2;201;173;185m▄[48;2;189;76;98m[38;2;176;112;127m▄[48;2;181;142;156m[38;2;193;182;174m▄[48;2;175;94;115m[38;2;189;162;157m▄[48;2;232;132;148m[38;2;172;69;94m▄[48;2;181;81;103m[38;2;231;128;145m▄[48;2;170;65;89m[38;2;194;104;122m▄[48;2;181;87;109m[38;2;164;85;103m▄[48;2;175;71;96m[38;2;159;61;86m▄[48;2;184;92;112m[38;2;184;122;136m▄[48;2;178;89;109m[38;2;182;137;148m▄[48;2;188;96;117m[38;2;177;101;119m▄[48;2;169;76;99m[38;2;187;117;132m▄[48;2;183;86;108m[38;2;170;83;103m▄[48;2;185;89;110m[38;2;172;82;104m▄[48;2;160;57;83m[38;2;185;103;123m▄[48;2;173;72;95m[38;2;175;87;109m▄[48;2;179;110;127m[38;2;196;186;189m▄[48;2;180;83;106m[38;2;194;177;177m▄[48;2;180;84;107m[38;2;191;171;167m▄[48;2;172;77;101m[38;2;193;178;176m▄[48;2;184;81;104m[38;2;189;169;175m▄[48;2;181;123;137m[38;2;194;195;189m▄[48;2;193;197;196m[38;2;198;198;196m▄[48;2;203;202;203m[38;2;208;208;208m▄[48;2;210;209;210m[38;2;209;209;208m▄[48;2;210;210;210m[38;2;209;209;209m▄[48;2;210;210;210m[38;2;209;209;209m▄[48;2;210;210;210m[38;2;209;209;209m▄[48;2;209;209;208m[38;2;208;208;208m▄[48;2;208;207;209m[38;2;208;208;208m▄[48;2;208;207;209m[38;2;207;207;207m▄[48;2;208;208;208m[38;2;207;207;207m▄[48;2;208;208;207m[38;2;207;207;207m▄[48;2;208;208;205m[38;2;206;206;204m▄[48;2;208;208;203m[38;2;207;207;201m▄[48;2;205;207;202m[38;2;206;206;202m▄[48;2;203;206;201m[38;2;203;205;203m▄[48;2;202;205;204m[38;2;202;204;203m▄[48;2;202;203;204m[38;2;203;203;203m▄[48;2;203;202;203m[38;2;202;202;202m▄[48;2;202;202;202m[38;2;201;201;202m▄[48;2;201;201;202m[38;2;201;201;202m▄[48;2;201;201;201m[38;2;201;201;201m▄[0m
[48;2;210;210;210m[38;2;209;209;209m▄[48;2;210;210;210m[38;2;210;210;210m▄[48;2;210;210;210m[38;2;210;210;210m▄[48;2;210;210;210m[38;2;210;210;210m▄[48;2;210;210;210m[38;2;210;210;210m▄[48;2;210;210;210m[38;2;210;210;210m▄[48;2;211;211;211m[38;2;211;211;212m▄[48;2;211;211;211m[38;2;212;212;212m▄[48;2;211;211;211m[38;2;212;212;212m▄[48;2;212;212;212m[38;2;212;212;212m▄[48;2;212;212;212m[38;2;212;212;212m▄[48;2;213;213;213m[38;2;213;213;213m▄[48;2;213;213;213m[38;2;214;214;214m▄[48;2;213;213;213m[38;2;213;213;213m▄[48;2;213;213;213m[38;2;213;213;213m▄[48;2;213;213;213m[38;2;214;214;214m▄[48;2;214;214;214m[38;2;213;214;213m▄[48;2;214;214;215m[38;2;214;213;214m▄[48;2;213;213;214m[38;2;214;214;215m▄[48;2;199;187;172m[38;2;214;215;217m▄[48;2;199;190;174m[38;2;209;207;206m▄[48;2;198;193;177m[38;2;209;208;208m▄[48;2;196;187;177m[38;2;211;212;215m▄[48;2;210;214;211m[38;2;210;208;210m▄[48;2;190;157;167m[38;2;213;218;217m▄[48;2;170;76;99m[38;2;199;183;188m▄[48;2;203;95;117m[38;2;174;114;131m▄[48;2;203;102;121m[38;2;173;93;115m▄[48;2;197;106;124m[38;2;175;88;110m▄[48;2;193;90;112m[38;2;174;97;117m▄[48;2;196;107;126m[38;2;173;88;109m▄[48;2;179;94;114m[38;2;177;80;103m▄[48;2;160;62;88m[38;2;184;83;108m▄[48;2;178;108;126m[38;2;186;97;118m▄[48;2;179;123;137m[38;2;188;97;118m▄[48;2;174;88;108m[38;2;198;105;123m▄[48;2;197;101;122m[38;2;167;66;90m▄[48;2;180;140;149m[38;2;189;167;173m▄[48;2;205;209;197m[38;2;209;213;214m▄[48;2;199;191;180m[38;2;210;210;213m▄[48;2;198;190;174m[38;2;208;209;212m▄[48;2;201;194;178m[38;2;207;206;208m▄[48;2;203;196;188m[38;2;207;208;209m▄[48;2;207;206;207m[38;2;207;207;208m▄[48;2;208;208;208m[38;2;207;207;207m▄[48;2;209;209;209m[38;2;208;208;208m▄[48;2;208;208;208m[38;2;208;208;208m▄[48;2;208;208;208m[38;2;207;207;207m▄[48;2;208;208;207m[38;2;207;207;207m▄[48;2;207;207;207m[38;2;207;207;207m▄[48;2;207;206;207m[38;2;206;206;206m▄[48;2;207;207;207m[38;2;206;206;206m▄[48;2;206;206;206m[38;2;206;206;206m▄[48;2;205;205;205m[38;2;205;205;204m▄[48;2;204;204;201m[38;2;204;204;203m▄[48;2;204;204;201m[38;2;204;204;204m▄[48;2;203;203;201m[38;2;204;204;204m▄[48;2;203;203;204m[38;2;204;204;204m▄[48;2;203;203;203m[38;2;203;203;203m▄[48;2;203;203;203m[38;2;202;202;202m▄[48;2;202;201;202m[38;2;201;201;202m▄[48;2;201;201;201m[38;2;201;201;202m▄[48;2;201;201;201m[38;2;201;201;201m▄[48;2;201;201;201m[38;2;201;201;201m▄[0m
[48;2;212;212;212m[38;2;216;216;216m▄[48;2;213;213;213m[38;2;216;216;216m▄[48;2;213;213;213m[38;2;216;216;216m▄[48;2;214;213;214m[38;2;216;216;216m▄[48;2;214;214;214m[38;2;217;217;217m▄[48;2;214;214;214m[38;2;216;216;216m▄[48;2;215;215;215m[38;2;216;216;216m▄[48;2;215;215;215m[38;2;216;217;216m▄[48;2;215;215;215m[38;2;217;217;216m▄[48;2;215;215;216m[38;2;217;217;217m▄[48;2;216;216;216m[38;2;217;217;217m▄[48;2;216;216;216m[38;2;217;217;217m▄[48;2;216;216;216m[38;2;217;217;217m▄[48;2;215;215;216m[38;2;217;217;217m▄[48;2;216;216;216m[38;2;217;217;217m▄[48;2;216;216;216m[38;2;217;217;217m▄[48;2;216;216;216m[38;2;217;217;217m▄[48;2;216;216;216m[38;2;218;218;218m▄[48;2;216;216;216m[38;2;217;217;217m▄[48;2;216;216;215m[38;2;217;217;217m▄[48;2;216;216;216m[38;2;216;216;216m▄[48;2;215;215;215m[38;2;217;218;218m▄[48;2;217;217;216m[38;2;211;206;208m▄[48;2;222;225;224m[38;2;168;143;148m▄[48;2;219;219;220m[38;2;186;173;176m▄[48;2;219;225;223m[38;2;172;150;155m▄[48;2;213;221;218m[38;2;182;165;170m▄[48;2;206;207;207m[38;2;168;152;154m▄[48;2;199;199;199m[38;2;172;158;160m▄[48;2;201;205;203m[38;2;160;140;145m▄[48;2;195;188;189m[38;2;150;129;133m▄[48;2;173;128;139m[38;2;194;200;200m▄[48;2;167;97;115m[38;2;192;194;194m▄[48;2;173;90;110m[38;2;162;139;145m▄[48;2;173;87;108m[38;2;156;127;133m▄[48;2;167;92;111m[38;2;169;155;156m▄[48;2;184;154;161m[38;2;161;147;150m▄[48;2;197;202;201m[38;2;179;167;170m▄[48;2;212;214;214m[38;2;169;149;154m▄[48;2;212;212;211m[38;2;203;200;202m▄[48;2;210;209;208m[38;2;215;216;216m▄[48;2;210;211;210m[38;2;212;211;211m▄[48;2;210;210;209m[38;2;212;211;212m▄[48;2;209;209;209m[38;2;211;211;211m▄[48;2;209;209;210m[38;2;210;210;211m▄[48;2;209;210;210m[38;2;210;210;210m▄[48;2;209;210;210m[38;2;210;210;210m▄[48;2;210;210;210m[38;2;210;210;210m▄[48;2;209;208;210m[38;2;210;210;210m▄[48;2;208;208;209m[38;2;210;210;210m▄[48;2;208;208;208m[38;2;210;210;211m▄[48;2;208;208;208m[38;2;210;209;210m▄[48;2;208;207;208m[38;2;209;209;209m▄[48;2;207;207;207m[38;2;209;209;209m▄[48;2;207;207;207m[38;2;209;209;209m▄[48;2;207;207;207m[38;2;209;208;209m▄[48;2;206;206;207m[38;2;208;208;208m▄[48;2;206;206;206m[38;2;208;208;208m▄[48;2;205;205;205m[38;2;207;207;207m▄[48;2;204;204;204m[38;2;207;207;207m▄[48;2;204;204;204m[38;2;207;206;207m▄[48;2;204;204;204m[38;2;206;206;207m▄[48;2;202;202;202m[38;2;206;206;206m▄[48;2;202;202;202m[38;2;205;205;205m▄[0m
[48;2;218;218;218m[38;2;222;222;222m▄[48;2;218;218;218m[38;2;223;223;223m▄[48;2;219;219;219m[38;2;223;223;223m▄[48;2;219;219;219m[38;2;223;223;223m▄[48;2;219;219;219m[38;2;224;224;224m▄[48;2;219;219;219m[38;2;224;224;224m▄[48;2;220;220;220m[38;2;224;224;224m▄[48;2;220;220;220m[38;2;224;224;224m▄[48;2;220;220;220m[38;2;224;224;224m▄[48;2;221;220;220m[38;2;224;224;224m▄[48;2;221;221;221m[38;2;224;224;224m▄[48;2;221;221;221m[38;2;224;224;224m▄[48;2;221;221;221m[38;2;224;224;224m▄[48;2;221;221;221m[38;2;224;224;224m▄[48;2;221;221;221m[38;2;224;224;224m▄[48;2;221;221;221m[38;2;224;224;224m▄[48;2;219;219;219m[38;2;224;224;224m▄[48;2;216;216;216m[38;2;223;223;224m▄[48;2;211;211;211m[38;2;220;220;220m▄[48;2;204;204;205m[38;2;219;220;219m▄[48;2;200;201;201m[38;2;204;200;202m▄[48;2;202;205;205m[38;2;189;179;181m▄[48;2;190;186;188m[38;2;185;174;175m▄[48;2;130;94;101m[38;2;179;164;167m▄[48;2;159;140;144m[38;2;177;163;167m▄[48;2;132;98;105m[38;2;175;162;165m▄[48;2;154;129;134m[38;2;173;160;162m▄[48;2;147;119;124m[38;2;171;157;160m▄[48;2;160;138;142m[38;2;170;156;159m▄[48;2;148;123;129m[38;2;179;168;171m▄[48;2;132;99;106m[38;2;182;172;173m▄[48;2;192;183;185m[38;2;167;152;153m▄[48;2;198;199;199m[38;2;178;172;174m▄[48;2;146;123;127m[38;2;170;155;158m▄[48;2;134;103;109m[38;2;170;154;157m▄[48;2;158;138;143m[38;2;170;155;159m▄[48;2;144;113;121m[38;2;164;146;149m▄[48;2;164;146;148m[38;2;188;182;183m▄[48;2;141;110;116m[38;2;184;173;177m▄[48;2;171;157;161m[38;2;175;159;163m▄[48;2;193;191;193m[38;2;180;167;169m▄[48;2;201;205;204m[38;2;177;167;169m▄[48;2;200;202;201m[38;2;185;176;178m▄[48;2;202;202;203m[38;2;210;209;209m▄[48;2;208;208;208m[38;2;213;213;213m▄[48;2;211;210;211m[38;2;215;215;215m▄[48;2;213;213;213m[38;2;216;216;216m▄[48;2;214;214;214m[38;2;215;215;215m▄[48;2;213;213;213m[38;2;215;215;215m▄[48;2;213;213;213m[38;2;216;216;216m▄[48;2;213;213;213m[38;2;215;215;215m▄[48;2;212;212;212m[38;2;215;215;215m▄[48;2;212;211;212m[38;2;214;214;214m▄[48;2;211;211;211m[38;2;214;214;214m▄[48;2;210;210;210m[38;2;213;213;213m▄[48;2;210;210;210m[38;2;212;212;212m▄[48;2;210;210;210m[38;2;212;212;212m▄[48;2;209;209;209m[38;2;210;210;210m▄[48;2;213;213;213m[38;2;217;217;217m▄[48;2;216;216;216m[38;2;222;222;222m▄[48;2;209;209;209m[38;2;211;211;210m▄[48;2;208;208;208m[38;2;209;209;209m▄[48;2;208;208;208m[38;2;210;210;210m▄[48;2;208;208;208m[38;2;210;210;210m▄[0m
[48;2;225;225;225m[38;2;227;227;227m▄[48;2;225;225;225m[38;2;228;228;228m▄[48;2;226;226;226m[38;2;228;228;228m▄[48;2;226;226;226m[38;2;228;228;228m▄[48;2;226;226;226m[38;2;228;228;228m▄[48;2;226;226;226m[38;2;228;228;228m▄[48;2;226;226;226m[38;2;229;229;229m▄[48;2;226;226;226m[38;2;229;229;229m▄[48;2;226;226;226m[38;2;229;229;229m▄[48;2;226;226;226m[38;2;229;229;229m▄[48;2;226;226;226m[38;2;228;228;228m▄[48;2;227;227;227m[38;2;228;228;228m▄[48;2;227;227;227m[38;2;229;229;229m▄[48;2;227;227;227m[38;2;229;229;229m▄[48;2;227;227;227m[38;2;229;229;229m▄[48;2;226;226;226m[38;2;228;228;228m▄[48;2;227;227;227m[38;2;228;228;228m▄[48;2;228;228;228m[38;2;228;228;228m▄[48;2;226;226;226m[38;2;228;228;228m▄[48;2;231;232;232m[38;2;228;228;228m▄[48;2;212;205;208m[38;2;228;228;228m▄[48;2;178;156;162m[38;2;230;231;231m▄[48;2;174;150;154m[38;2;231;233;232m▄[48;2;187;169;172m[38;2;228;229;229m▄[48;2;195;181;184m[38;2;228;228;228m▄[48;2;200;188;191m[38;2;229;230;229m▄[48;2;173;152;155m[38;2;230;231;231m▄[48;2;183;164;167m[38;2;227;228;227m▄[48;2;186;167;170m[38;2;225;226;226m▄[48;2;187;171;175m[38;2;225;225;225m▄[48;2;197;185;188m[38;2;228;228;228m▄[48;2;178;156;160m[38;2;230;231;231m▄[48;2;197;186;190m[38;2;227;227;227m▄[48;2;186;168;171m[38;2;226;226;226m▄[48;2;181;163;166m[38;2;226;227;227m▄[48;2;180;161;164m[38;2;226;227;227m▄[48;2;184;167;170m[38;2;227;228;228m▄[48;2;208;201;203m[38;2;224;224;224m▄[48;2;187;171;175m[38;2;223;223;223m▄[48;2;198;186;189m[38;2;225;226;226m▄[48;2;186;167;170m[38;2;223;224;224m▄[48;2;173;153;156m[38;2;226;227;227m▄[48;2;192;178;181m[38;2;223;225;224m▄[48;2;220;220;220m[38;2;219;219;218m▄[48;2;217;217;217m[38;2;217;217;217m▄[48;2;217;217;217m[38;2;217;217;217m▄[48;2;216;216;216m[38;2;217;217;217m▄[48;2;216;216;216m[38;2;217;217;217m▄[48;2;216;216;216m[38;2;216;216;216m▄[48;2;216;216;216m[38;2;216;216;216m▄[48;2;215;215;215m[38;2;216;216;216m▄[48;2;215;215;215m[38;2;216;216;216m▄[48;2;215;215;215m[38;2;216;216;216m▄[48;2;215;215;215m[38;2;216;216;216m▄[48;2;215;215;215m[38;2;215;215;215m▄[48;2;214;214;214m[38;2;215;215;215m▄[48;2;214;214;214m[38;2;214;214;214m▄[48;2;213;213;213m[38;2;214;214;214m▄[48;2;213;213;213m[38;2;215;214;215m▄[48;2;213;213;213m[38;2;215;215;215m▄[48;2;211;211;211m[38;2;214;214;214m▄[48;2;211;211;211m[38;2;213;213;213m▄[48;2;211;211;211m[38;2;213;213;213m▄[48;2;211;211;211m[38;2;212;212;212m▄[0m
[48;2;229;229;229m[38;2;231;231;231m▄[48;2;230;230;230m[38;2;231;231;231m▄[48;2;230;230;230m[38;2;231;231;231m▄[48;2;230;230;230m[38;2;231;231;231m▄[48;2;230;230;230m[38;2;231;231;231m▄[48;2;229;229;229m[38;2;230;230;230m▄[48;2;230;230;230m[38;2;231;231;231m▄[48;2;230;230;230m[38;2;231;231;231m▄[48;2;230;230;230m[38;2;230;230;230m▄[48;2;230;230;230m[38;2;231;231;231m▄[48;2;229;229;229m[38;2;231;231;231m▄[48;2;230;230;230m[38;2;231;231;231m▄[48;2;231;231;231m[38;2;231;231;231m▄[48;2;230;230;230m[38;2;231;231;231m▄[48;2;230;230;230m[38;2;230;230;230m▄[48;2;230;230;230m[38;2;231;231;231m▄[48;2;229;229;229m[38;2;231;231;231m▄[48;2;230;230;230m[38;2;230;230;230m▄[48;2;230;230;230m[38;2;230;230;230m▄[48;2;230;230;230m[38;2;230;230;230m▄[48;2;229;229;229m[38;2;229;229;229m▄[48;2;229;229;229m[38;2;229;229;229m▄[48;2;228;227;227m[38;2;229;229;229m▄[48;2;228;228;228m[38;2;229;229;229m▄[48;2;228;228;228m[38;2;228;228;228m▄[48;2;227;227;227m[38;2;228;228;228m▄[48;2;227;226;226m[38;2;227;227;227m▄[48;2;227;227;227m[38;2;227;227;227m▄[48;2;227;227;227m[38;2;227;227;227m▄[48;2;227;227;227m[38;2;226;226;226m▄[48;2;225;225;225m[38;2;227;227;227m▄[48;2;225;225;225m[38;2;226;226;226m▄[48;2;224;224;224m[38;2;225;225;225m▄[48;2;224;224;224m[38;2;225;225;225m▄[48;2;224;224;224m[38;2;225;225;225m▄[48;2;223;223;223m[38;2;225;225;225m▄[48;2;222;222;222m[38;2;224;224;224m▄[48;2;223;223;223m[38;2;223;223;223m▄[48;2;223;223;223m[38;2;223;223;223m▄[48;2;222;222;222m[38;2;223;223;223m▄[48;2;222;222;222m[38;2;222;222;222m▄[48;2;222;221;221m[38;2;222;222;222m▄[48;2;221;221;221m[38;2;221;221;221m▄[48;2;220;220;220m[38;2;221;221;221m▄[48;2;220;220;220m[38;2;220;220;220m▄[48;2;219;219;219m[38;2;220;220;220m▄[48;2;217;217;217m[38;2;218;218;218m▄[48;2;217;217;217m[38;2;217;217;217m▄[48;2;216;216;216m[38;2;217;217;217m▄[48;2;216;216;216m[38;2;216;216;216m▄[48;2;216;216;216m[38;2;216;216;216m▄[48;2;216;216;216m[38;2;216;216;216m▄[48;2;216;216;216m[38;2;216;216;216m▄[48;2;217;217;217m[38;2;216;216;216m▄[48;2;216;216;216m[38;2;216;216;216m▄[48;2;215;215;215m[38;2;216;216;216m▄[48;2;215;215;215m[38;2;216;216;216m▄[48;2;215;216;215m[38;2;216;216;216m▄[48;2;216;216;216m[38;2;216;216;216m▄[48;2;216;216;216m[38;2;216;216;216m▄[48;2;215;215;215m[38;2;216;216;216m▄[48;2;215;215;215m[38;2;216;216;216m▄[48;2;215;215;215m[38;2;215;215;215m▄[48;2;215;215;215m[38;2;215;215;215m▄[0m
