[48;2;218;218;218m[38;2;218;218;218m▄[48;2;220;220;220m[38;2;220;220;220m▄[48;2;221;221;221m[38;2;221;221;221m▄[48;2;222;222;222m[38;2;222;222;222m▄[48;2;223;223;223m[38;2;223;223;223m▄[48;2;223;223;223m[38;2;223;223;223m▄[48;2;224;224;224m[38;2;223;223;223m▄[48;2;225;225;225m[38;2;224;224;224m▄[48;2;225;225;225m[38;2;224;224;224m▄[48;2;225;225;225m[38;2;224;224;224m▄[48;2;225;225;225m[38;2;224;224;224m▄[48;2;226;226;226m[38;2;224;224;224m▄[48;2;227;227;227m[38;2;225;225;225m▄[48;2;228;228;228m[38;2;225;225;225m▄[48;2;227;227;227m[38;2;226;226;226m▄[48;2;227;227;227m[38;2;227;227;227m▄[48;2;227;227;227m[38;2;227;227;227m▄[48;2;227;227;227m[38;2;227;227;227m▄[48;2;228;228;228m[38;2;227;227;227m▄[48;2;228;228;228m[38;2;227;227;227m▄[48;2;227;227;227m[38;2;227;227;227m▄[48;2;227;227;227m[38;2;227;227;227m▄[48;2;227;227;227m[38;2;227;227;227m▄[48;2;227;227;227m[38;2;227;227;227m▄[48;2;227;227;227m[38;2;228;228;228m▄[48;2;227;227;227m[38;2;226;226;226m▄[48;2;228;228;228m[38;2;226;226;226m▄[48;2;227;227;227m[38;2;225;225;225m▄[48;2;225;225;225m[38;2;225;225;225m▄[48;2;225;225;225m[38;2;224;224;224m▄[48;2;224;224;224m[38;2;224;224;224m▄[48;2;225;225;225m[38;2;224;224;224m▄[48;2;225;225;225m[38;2;224;224;224m▄[48;2;224;224;224m[38;2;223;223;223m▄[48;2;223;223;223m[38;2;223;223;223m▄[48;2;223;223;223m[38;2;223;223;223m▄[48;2;223;223;223m[38;2;222;222;222m▄[48;2;222;222;222m[38;2;222;222;222m▄[48;2;221;221;221m[38;2;221;221;221m▄[48;2;221;221;221m[38;2;220;220;220m▄[48;2;220;220;220m[38;2;219;219;219m▄[48;2;218;218;218m[38;2;218;218;218m▄[48;2;217;217;217m[38;2;217;217;217m▄[48;2;216;216;216m[38;2;216;216;216m▄[48;2;216;216;216m[38;2;216;216;216m▄[48;2;216;216;216m[38;2;216;216;216m▄[48;2;216;216;216m[38;2;216;216;216m▄[48;2;216;216;216m[38;2;215;215;215m▄[48;2;215;215;215m[38;2;215;215;215m▄[48;2;215;215;215m[38;2;215;215;215m▄[48;2;214;214;214m[38;2;214;214;214m▄[48;2;213;213;213m[38;2;213;213;213m▄[48;2;212;212;212m[38;2;212;212;212m▄[48;2;211;211;211m[38;2;211;211;211m▄[48;2;210;210;210m[38;2;210;210;210m▄[48;2;210;210;210m[38;2;210;210;210m▄[48;2;210;210;210m[38;2;210;210;210m▄[48;2;209;209;209m[38;2;209;209;209m▄[48;2;209;209;209m[38;2;209;209;209m▄[48;2;209;209;209m[38;2;208;208;208m▄[48;2;208;208;208m[38;2;208;208;208m▄[48;2;207;207;207m[38;2;207;207;207m▄[48;2;207;207;207m[38;2;207;207;207m▄[48;2;206;206;206m[38;2;205;205;205m▄[0m
[48;2;217;217;217m[38;2;218;218;218m▄[48;2;218;218;218m[38;2;218;218;218m▄[48;2;221;221;221m[38;2;220;220;220m▄[48;2;222;222;222m[38;2;221;221;221m▄[48;2;222;222;222m[38;2;222;222;222m▄[48;2;223;223;223m[38;2;223;223;223m▄[48;2;223;223;223m[38;2;223;223;223m▄[48;2;223;223;223m[38;2;223;223;223m▄[48;2;224;224;224m[38;2;224;224;224m▄[48;2;224;224;224m[38;2;224;224;224m▄[48;2;224;224;224m[38;2;224;224;224m▄[48;2;224;224;224m[38;2;224;224;224m▄[48;2;224;224;224m[38;2;224;224;224m▄[48;2;224;224;224m[38;2;224;224;224m▄[48;2;225;225;225m[38;2;224;224;224m▄[48;2;226;226;226m[38;2;224;224;224m▄[48;2;226;226;226m[38;2;224;224;224m▄[48;2;227;227;227m[38;2;226;226;226m▄[48;2;227;227;227m[38;2;227;227;227m▄[48;2;226;226;226m[38;2;227;227;227m▄[48;2;227;227;227m[38;2;227;227;227m▄[48;2;227;227;227m[38;2;226;226;226m▄[48;2;227;227;227m[38;2;227;227;227m▄[48;2;226;226;226m[38;2;225;225;225m▄[48;2;227;227;227m[38;2;224;224;224m▄[48;2;225;225;225m[38;2;224;224;224m▄[48;2;224;224;224m[38;2;224;224;224m▄[48;2;225;225;225m[38;2;226;225;225m▄[48;2;223;223;222m[38;2;231;228;232m▄[48;2;223;224;222m[38;2;231;228;233m▄[48;2;223;224;223m[38;2;232;228;232m▄[48;2;224;224;224m[38;2;223;224;223m▄[48;2;223;223;223m[38;2;223;223;223m▄[48;2;223;223;223m[38;2;222;223;222m▄[48;2;222;222;222m[38;2;228;226;229m▄[48;2;221;222;221m[38;2;231;227;233m▄[48;2;222;222;222m[38;2;224;223;224m▄[48;2;222;222;222m[38;2;221;221;221m▄[48;2;221;221;221m[38;2;221;221;221m▄[48;2;221;221;221m[38;2;220;220;220m▄[48;2;219;219;219m[38;2;218;218;218m▄[48;2;217;217;217m[38;2;217;217;217m▄[48;2;217;217;217m[38;2;216;216;216m▄[48;2;216;216;216m[38;2;216;216;216m▄[48;2;216;216;216m[38;2;216;216;216m▄[48;2;216;216;216m[38;2;216;216;216m▄[48;2;216;216;216m[38;2;215;215;215m▄[48;2;215;215;215m[38;2;215;215;215m▄[48;2;215;215;215m[38;2;215;215;215m▄[48;2;214;214;214m[38;2;214;214;214m▄[48;2;214;214;214m[38;2;214;214;214m▄[48;2;213;213;213m[38;2;212;212;213m▄[48;2;212;212;212m[38;2;211;211;212m▄[48;2;211;211;211m[38;2;211;211;211m▄[48;2;210;210;210m[38;2;210;210;210m▄[48;2;210;210;210m[38;2;210;210;210m▄[48;2;209;209;209m[38;2;210;210;211m▄[48;2;210;210;210m[38;2;209;209;210m▄[48;2;209;209;209m[38;2;209;209;209m▄[48;2;208;208;208m[38;2;208;208;208m▄[48;2;208;208;208m[38;2;208;208;208m▄[48;2;207;207;207m[38;2;207;207;207m▄[48;2;207;207;207m[38;2;207;207;207m▄[48;2;206;206;206m[38;2;207;207;207m▄[0m
[48;2;217;217;217m[38;2;216;216;216m▄[48;2;217;217;217m[38;2;217;217;217m▄[48;2;220;220;220m[38;2;219;219;219m▄[48;2;221;221;221m[38;2;220;220;220m▄[48;2;221;221;221m[38;2;221;221;221m▄[48;2;222;222;222m[38;2;222;222;222m▄[48;2;223;223;223m[38;2;223;223;223m▄[48;2;223;223;223m[38;2;223;223;223m▄[48;2;224;224;224m[38;2;224;224;224m▄[48;2;224;224;224m[38;2;223;223;223m▄[48;2;225;225;225m[38;2;224;224;224m▄[48;2;224;224;224m[38;2;224;224;224m▄[48;2;224;224;224m[38;2;225;225;225m▄[48;2;224;224;224m[38;2;224;224;224m▄[48;2;224;224;224m[38;2;224;224;224m▄[48;2;224;224;224m[38;2;224;224;224m▄[48;2;224;224;224m[38;2;224;224;224m▄[48;2;225;225;225m[38;2;224;224;224m▄[48;2;225;225;225m[38;2;224;224;224m▄[48;2;225;225;225m[38;2;224;224;224m▄[48;2;226;226;226m[38;2;225;225;225m▄[48;2;224;224;224m[38;2;224;224;224m▄[48;2;224;224;224m[38;2;224;224;224m▄[48;2;225;225;225m[38;2;224;224;224m▄[48;2;224;224;224m[38;2;224;224;224m▄[48;2;224;224;224m[38;2;224;224;224m▄[48;2;225;224;225m[38;2;226;225;225m▄[48;2;223;223;223m[38;2;218;220;220m▄[48;2;158;188;151m[38;2;139;183;121m▄[48;2;159;190;152m[38;2;152;196;99m▄[48;2;186;203;186m[38;2;132;180;89m▄[48;2;226;225;227m[38;2;146;180;133m▄[48;2;223;224;223m[38;2;230;227;232m▄[48;2;230;227;231m[38;2;196;207;197m▄[48;2;188;203;185m[38;2;116;169;83m▄[48;2;146;182;134m[38;2;108;165;80m▄[48;2;214;217;214m[38;2;198;207;200m▄[48;2;224;223;224m[38;2;222;222;222m▄[48;2;221;221;221m[38;2;220;220;219m▄[48;2;220;220;220m[38;2;220;220;220m▄[48;2;217;217;217m[38;2;217;217;217m▄[48;2;217;217;217m[38;2;217;217;217m▄[48;2;216;216;216m[38;2;216;216;216m▄[48;2;216;216;216m[38;2;216;216;216m▄[48;2;216;216;216m[38;2;216;216;216m▄[48;2;216;216;216m[38;2;216;216;216m▄[48;2;215;215;215m[38;2;215;215;215m▄[48;2;215;215;215m[38;2;215;215;215m▄[48;2;215;215;215m[38;2;214;214;214m▄[48;2;214;214;214m[38;2;214;214;214m▄[48;2;213;213;214m[38;2;214;214;214m▄[48;2;213;213;213m[38;2;213;213;213m▄[48;2;212;212;212m[38;2;212;212;213m▄[48;2;211;211;211m[38;2;210;210;210m▄[48;2;210;210;210m[38;2;210;210;210m▄[48;2;210;210;210m[38;2;210;210;210m▄[48;2;210;210;210m[38;2;210;210;210m▄[48;2;210;210;210m[38;2;209;209;209m▄[48;2;208;208;208m[38;2;208;208;208m▄[48;2;208;208;208m[38;2;208;208;208m▄[48;2;208;208;208m[38;2;208;208;208m▄[48;2;207;207;207m[38;2;207;207;207m▄[48;2;207;207;207m[38;2;207;207;207m▄[48;2;206;206;206m[38;2;206;206;206m▄[0m
[48;2;216;216;216m[38;2;216;216;216m▄[48;2;217;217;217m[38;2;217;217;217m▄[48;2;218;217;218m[38;2;217;217;217m▄[48;2;219;219;219m[38;2;218;218;218m▄[48;2;220;220;220m[38;2;220;220;220m▄[48;2;221;221;221m[38;2;221;221;221m▄[48;2;222;222;222m[38;2;222;222;222m▄[48;2;223;223;223m[38;2;223;223;223m▄[48;2;223;223;223m[38;2;223;223;223m▄[48;2;223;223;223m[38;2;223;223;223m▄[48;2;224;224;224m[38;2;224;224;224m▄[48;2;224;224;224m[38;2;224;224;224m▄[48;2;224;224;224m[38;2;223;223;223m▄[48;2;225;225;225m[38;2;224;224;224m▄[48;2;224;224;224m[38;2;224;224;224m▄[48;2;224;224;224m[38;2;224;224;224m▄[48;2;224;224;224m[38;2;225;225;225m▄[48;2;224;224;224m[38;2;224;224;224m▄[48;2;224;224;224m[38;2;224;224;225m▄[48;2;224;224;224m[38;2;224;224;224m▄[48;2;224;224;224m[38;2;224;224;224m▄[48;2;224;224;224m[38;2;224;224;224m▄[48;2;224;224;224m[38;2;224;224;224m▄[48;2;224;224;224m[38;2;224;224;224m▄[48;2;224;224;224m[38;2;224;224;224m▄[48;2;225;225;225m[38;2;224;224;224m▄[48;2;223;223;223m[38;2;223;223;223m▄[48;2;230;227;231m[38;2;229;226;228m▄[48;2;152;184;143m[38;2;201;213;205m▄[48;2;142;187;83m[38;2;123;177;96m▄[48;2;142;187;84m[38;2;124;181;71m▄[48;2;123;176;69m[38;2;112;166;71m▄[48;2;165;188;158m[38;2;107;161;77m▄[48;2;135;175;118m[38;2;102;153;89m▄[48;2;125;169;105m[38;2;160;183;156m▄[48;2;203;203;208m[38;2;158;184;144m▄[48;2;218;214;220m[38;2;153;182;144m▄[48;2;224;221;225m[38;2;176;195;177m▄[48;2;220;219;220m[38;2;221;220;224m▄[48;2;218;219;218m[38;2;222;220;222m▄[48;2;217;217;218m[38;2;216;217;216m▄[48;2;217;217;217m[38;2;217;217;217m▄[48;2;216;216;216m[38;2;216;216;216m▄[48;2;216;216;216m[38;2;217;217;217m▄[48;2;217;217;217m[38;2;216;216;216m▄[48;2;216;216;216m[38;2;216;216;216m▄[48;2;215;215;215m[38;2;215;215;215m▄[48;2;215;215;215m[38;2;215;215;215m▄[48;2;215;215;215m[38;2;214;214;214m▄[48;2;214;214;214m[38;2;214;214;214m▄[48;2;214;214;214m[38;2;213;213;213m▄[48;2;212;212;212m[38;2;213;213;213m▄[48;2;213;213;213m[38;2;212;212;212m▄[48;2;211;211;211m[38;2;210;210;210m▄[48;2;210;210;210m[38;2;210;210;210m▄[48;2;210;210;210m[38;2;211;211;211m▄[48;2;210;210;210m[38;2;211;211;211m▄[48;2;210;210;210m[38;2;209;209;209m▄[48;2;209;209;209m[38;2;208;208;208m▄[48;2;208;208;208m[38;2;208;208;208m▄[48;2;208;208;208m[38;2;208;208;208m▄[48;2;207;207;207m[38;2;207;207;207m▄[48;2;207;207;207m[38;2;207;207;207m▄[48;2;206;206;206m[38;2;205;205;205m▄[0m
[48;2;216;216;216m[38;2;216;216;216m▄[48;2;216;216;216m[38;2;216;216;216m▄[48;2;217;217;217m[38;2;217;217;217m▄[48;2;217;217;217m[38;2;217;217;217m▄[48;2;219;219;219m[38;2;218;218;218m▄[48;2;221;221;221m[38;2;220;220;220m▄[48;2;221;221;221m[38;2;221;221;221m▄[48;2;222;222;222m[38;2;221;221;221m▄[48;2;223;223;223m[38;2;222;222;222m▄[48;2;223;223;223m[38;2;222;222;222m▄[48;2;223;223;223m[38;2;223;223;223m▄[48;2;223;223;223m[38;2;223;223;223m▄[48;2;224;224;224m[38;2;223;223;223m▄[48;2;224;224;224m[38;2;224;223;224m▄[48;2;224;224;224m[38;2;223;223;223m▄[48;2;224;224;224m[38;2;224;224;224m▄[48;2;224;224;224m[38;2;224;224;224m▄[48;2;224;224;224m[38;2;224;224;224m▄[48;2;224;224;225m[38;2;223;223;223m▄[48;2;224;224;224m[38;2;223;223;223m▄[48;2;224;224;224m[38;2;223;223;223m▄[48;2;224;224;224m[38;2;224;224;224m▄[48;2;224;224;224m[38;2;224;224;224m▄[48;2;224;224;224m[38;2;224;224;224m▄[48;2;225;225;225m[38;2;227;227;227m▄[48;2;225;225;225m[38;2;231;231;231m▄[48;2;226;226;226m[38;2;226;228;228m▄[48;2;222;227;226m[38;2;221;174;179m▄[48;2;227;209;215m[38;2;228;143;151m▄[48;2;188;173;167m[38;2;236;143;154m▄[48;2;123;158;97m[38;2;227;136;152m▄[48;2;97;164;81m[38;2;193;136;140m▄[48;2;68;140;57m[38;2;182;146;133m▄[48;2;79;147;72m[38;2;105;145;77m▄[48;2;111;168;83m[38;2;88;162;64m▄[48;2;125;178;77m[38;2;115;176;70m▄[48;2;142;187;89m[38;2;129;185;73m▄[48;2;143;188;100m[38;2;127;178;69m▄[48;2;136;175;120m[38;2;119;165;98m▄[48;2;207;212;208m[38;2;199;204;201m▄[48;2;220;219;219m[38;2;219;218;219m▄[48;2;215;216;215m[38;2;215;216;215m▄[48;2;216;216;216m[38;2;216;216;216m▄[48;2;216;216;216m[38;2;217;217;217m▄[48;2;216;216;216m[38;2;216;216;216m▄[48;2;216;216;216m[38;2;215;215;215m▄[48;2;215;215;215m[38;2;215;215;215m▄[48;2;214;214;214m[38;2;214;214;214m▄[48;2;214;214;214m[38;2;214;214;214m▄[48;2;213;213;213m[38;2;213;213;213m▄[48;2;213;213;213m[38;2;213;213;213m▄[48;2;212;212;212m[38;2;212;212;212m▄[48;2;211;211;211m[38;2;211;211;211m▄[48;2;210;210;210m[38;2;210;210;210m▄[48;2;211;211;211m[38;2;210;210;210m▄[48;2;211;211;211m[38;2;211;211;211m▄[48;2;210;210;210m[38;2;209;209;209m▄[48;2;209;209;209m[38;2;209;209;209m▄[48;2;209;209;209m[38;2;208;208;208m▄[48;2;208;208;208m[38;2;208;208;208m▄[48;2;207;207;207m[38;2;207;207;207m▄[48;2;207;207;207m[38;2;207;207;207m▄[48;2;207;207;207m[38;2;206;206;206m▄[48;2;206;206;206m[38;2;206;206;206m▄[0m
[48;2;216;216;216m[38;2;216;216;216m▄[48;2;216;216;216m[38;2;216;216;216m▄[48;2;216;216;216m[38;2;216;216;216m▄[48;2;217;217;217m[38;2;216;216;216m▄[48;2;217;217;217m[38;2;217;217;217m▄[48;2;219;219;219m[38;2;217;217;217m▄[48;2;220;220;220m[38;2;218;218;218m▄[48;2;221;221;221m[38;2;220;219;220m▄[48;2;221;221;221m[38;2;220;220;221m▄[48;2;221;221;221m[38;2;221;221;220m▄[48;2;222;222;222m[38;2;221;221;221m▄[48;2;223;223;223m[38;2;221;221;221m▄[48;2;223;223;223m[38;2;222;222;222m▄[48;2;223;223;223m[38;2;222;222;222m▄[48;2;223;223;223m[38;2;223;223;223m▄[48;2;223;223;223m[38;2;223;223;223m▄[48;2;223;223;223m[38;2;223;223;223m▄[48;2;223;223;223m[38;2;223;223;223m▄[48;2;223;223;223m[38;2;223;223;223m▄[48;2;223;223;223m[38;2;223;223;223m▄[48;2;223;223;223m[38;2;223;223;223m▄[48;2;223;223;223m[38;2;223;223;223m▄[48;2;224;224;224m[38;2;223;223;223m▄[48;2;226;226;226m[38;2;225;225;225m▄[48;2;227;226;226m[38;2;229;227;228m▄[48;2;237;241;240m[38;2;245;250;250m▄[48;2;232;210;213m[38;2;247;230;233m▄[48;2;233;159;166m[38;2;233;167;176m▄[48;2;239;156;162m[38;2;228;137;148m▄[48;2;236;141;150m[38;2;218;114;128m▄[48;2;224;124;134m[38;2;223;143;152m▄[48;2;233;146;156m[38;2;239;167;171m▄[48;2;250;166;176m[38;2;236;154;161m▄[48;2;219;127;137m[38;2;229;138;149m▄[48;2;170;147;121m[38;2;240;137;155m▄[48;2;148;157;102m[38;2;249;153;169m▄[48;2;136;154;103m[38;2;217;140;157m▄[48;2;149;176;147m[38;2;205;204;210m▄[48;2;194;195;198m[38;2;207;206;206m▄[48;2;208;206;208m[38;2;211;212;212m▄[48;2;214;214;214m[38;2;216;216;216m▄[48;2;216;216;216m[38;2;216;216;216m▄[48;2;216;216;216m[38;2;216;216;216m▄[48;2;216;216;216m[38;2;215;215;215m▄[48;2;216;216;216m[38;2;215;215;215m▄[48;2;215;215;215m[38;2;215;214;215m▄[48;2;215;215;215m[38;2;214;214;215m▄[48;2;214;214;214m[38;2;214;214;214m▄[48;2;214;214;214m[38;2;214;214;214m▄[48;2;214;214;214m[38;2;213;213;213m▄[48;2;213;213;213m[38;2;212;212;212m▄[48;2;212;212;212m[38;2;212;212;212m▄[48;2;211;211;211m[38;2;211;211;211m▄[48;2;210;210;210m[38;2;211;211;211m▄[48;2;211;211;211m[38;2;211;211;211m▄[48;2;211;211;211m[38;2;210;210;210m▄[48;2;210;210;210m[38;2;210;210;210m▄[48;2;209;209;209m[38;2;209;209;209m▄[48;2;209;209;209m[38;2;208;208;208m▄[48;2;209;209;209m[38;2;208;208;208m▄[48;2;208;208;208m[38;2;208;208;208m▄[48;2;207;207;207m[38;2;207;207;207m▄[48;2;207;207;207m[38;2;206;206;206m▄[48;2;206;206;206m[38;2;205;205;205m▄[0m
[48;2;216;216;216m[38;2;216;216;216m▄[48;2;216;216;216m[38;2;217;217;217m▄[48;2;216;216;216m[38;2;216;216;216m▄[48;2;216;216;216m[38;2;216;216;216m▄[48;2;217;217;217m[38;2;217;217;217m▄[48;2;217;217;217m[38;2;217;217;217m▄[48;2;217;217;217m[38;2;217;217;217m▄[48;2;218;218;218m[38;2;217;217;217m▄[48;2;219;219;219m[38;2;218;218;218m▄[48;2;219;219;219m[38;2;218;218;218m▄[48;2;220;220;220m[38;2;219;219;219m▄[48;2;221;221;221m[38;2;220;220;220m▄[48;2;221;221;221m[38;2;220;220;220m▄[48;2;221;221;221m[38;2;221;221;221m▄[48;2;222;222;222m[38;2;221;221;221m▄[48;2;223;223;223m[38;2;222;222;222m▄[48;2;223;223;223m[38;2;221;221;221m▄[48;2;222;222;222m[38;2;221;221;221m▄[48;2;222;222;222m[38;2;222;222;222m▄[48;2;222;222;222m[38;2;221;221;221m▄[48;2;223;223;223m[38;2;222;222;222m▄[48;2;222;222;222m[38;2;222;222;222m▄[48;2;223;223;223m[38;2;223;223;223m▄[48;2;226;225;225m[38;2;224;224;224m▄[48;2;231;234;234m[38;2;222;225;225m▄[48;2;231;212;215m[38;2;214;149;160m▄[48;2;240;200;203m[38;2;236;154;161m▄[48;2;235;152;162m[38;2;232;139;150m▄[48;2;235;140;150m[38;2;214;102;119m▄[48;2;218;125;137m[38;2;210;115;129m▄[48;2;235;164;169m[38;2;241;170;173m▄[48;2;237;155;162m[38;2;236;160;166m▄[48;2;239;161;168m[38;2;226;142;151m▄[48;2;229;145;153m[38;2;223;133;144m▄[48;2;223;128;139m[38;2;224;137;147m▄[48;2;239;167;172m[38;2;220;133;145m▄[48;2;209;104;118m[38;2;220;102;120m▄[48;2;202;150;157m[38;2;212;112;127m▄[48;2;215;222;220m[38;2;208;205;206m▄[48;2;217;215;216m[38;2;217;217;216m▄[48;2;216;217;218m[38;2;214;211;206m▄[48;2;216;217;217m[38;2;219;217;209m▄[48;2;217;216;215m[38;2;223;220;214m▄[48;2;215;215;215m[38;2;223;217;207m▄[48;2;214;215;216m[38;2;221;217;209m▄[48;2;215;214;214m[38;2;215;216;217m▄[48;2;215;214;215m[38;2;214;214;214m▄[48;2;214;214;214m[38;2;214;214;214m▄[48;2;213;213;213m[38;2;213;213;213m▄[48;2;212;212;212m[38;2;212;212;212m▄[48;2;212;212;212m[38;2;211;211;211m▄[48;2;211;211;211m[38;2;211;211;211m▄[48;2;211;211;211m[38;2;211;211;211m▄[48;2;211;211;211m[38;2;211;211;211m▄[48;2;210;210;210m[38;2;211;211;211m▄[48;2;210;210;210m[38;2;210;210;210m▄[48;2;209;209;209m[38;2;208;208;208m▄[48;2;209;209;209m[38;2;209;209;209m▄[48;2;208;208;209m[38;2;209;209;209m▄[48;2;208;208;208m[38;2;208;208;208m▄[48;2;207;207;207m[38;2;207;207;207m▄[48;2;207;207;207m[38;2;207;207;207m▄[48;2;206;206;206m[38;2;206;206;206m▄[48;2;205;205;206m[38;2;205;205;205m▄[0m
[48;2;214;214;214m[38;2;215;215;215m▄[48;2;216;215;216m[38;2;215;215;215m▄[48;2;216;216;216m[38;2;216;216;216m▄[48;2;216;216;216m[38;2;216;216;216m▄[48;2;216;216;216m[38;2;216;216;216m▄[48;2;216;216;216m[38;2;217;217;217m▄[48;2;216;216;216m[38;2;216;216;216m▄[48;2;216;216;216m[38;2;216;216;216m▄[48;2;216;216;216m[38;2;216;216;216m▄[48;2;217;217;217m[38;2;216;216;216m▄[48;2;217;217;217m[38;2;217;217;217m▄[48;2;218;218;218m[38;2;217;217;217m▄[48;2;218;218;218m[38;2;218;218;218m▄[48;2;219;219;219m[38;2;219;219;219m▄[48;2;220;220;220m[38;2;219;219;219m▄[48;2;221;221;221m[38;2;220;220;220m▄[48;2;220;220;220m[38;2;219;219;219m▄[48;2;221;221;221m[38;2;220;220;220m▄[48;2;221;221;221m[38;2;219;219;219m▄[48;2;221;221;221m[38;2;220;220;220m▄[48;2;221;221;221m[38;2;220;220;220m▄[48;2;221;221;221m[38;2;221;220;220m▄[48;2;221;221;221m[38;2;221;220;220m▄[48;2;222;222;222m[38;2;221;219;219m▄[48;2;219;220;221m[38;2;223;230;228m▄[48;2;207;129;143m[38;2;204;146;156m▄[48;2;230;124;137m[38;2;203;87;105m▄[48;2;214;112;129m[38;2;218;114;130m▄[48;2;210;98;117m[38;2;216;99;116m▄[48;2;203;95;114m[38;2;221;112;128m▄[48;2;219;131;143m[38;2;214;106;121m▄[48;2;241;170;174m[38;2;207;115;128m▄[48;2;232;179;183m[38;2;242;213;212m▄[48;2;206;122;136m[38;2;216;147;157m▄[48;2;203;96;115m[38;2;223;104;121m▄[48;2;218;106;124m[38;2;233;126;139m▄[48;2;231;118;134m[38;2;227;108;125m▄[48;2;211;104;121m[38;2;196;116;131m▄[48;2;200;191;194m[38;2;199;203;202m▄[48;2;214;214;210m[38;2;214;213;214m▄[48;2;215;210;205m[38;2;215;216;217m▄[48;2;215;214;213m[38;2;214;214;214m▄[48;2;214;214;214m[38;2;213;213;212m▄[48;2;213;213;214m[38;2;213;214;216m▄[48;2;217;210;197m[38;2;209;207;204m▄[48;2;214;209;199m[38;2;203;189;168m▄[48;2;214;215;217m[38;2;214;216;219m▄[48;2;213;213;213m[38;2;213;213;212m▄[48;2;213;212;213m[38;2;212;212;212m▄[48;2;211;211;212m[38;2;211;211;211m▄[48;2;211;211;211m[38;2;210;210;210m▄[48;2;211;211;211m[38;2;211;211;211m▄[48;2;211;211;211m[38;2;211;211;211m▄[48;2;210;210;210m[38;2;210;210;210m▄[48;2;210;210;210m[38;2;210;210;210m▄[48;2;209;209;209m[38;2;209;209;209m▄[48;2;208;208;208m[38;2;209;209;209m▄[48;2;209;209;209m[38;2;209;209;209m▄[48;2;208;208;208m[38;2;208;208;208m▄[48;2;207;207;207m[38;2;207;207;207m▄[48;2;207;207;207m[38;2;207;207;207m▄[48;2;207;207;207m[38;2;206;206;206m▄[48;2;205;205;205m[38;2;204;204;204m▄[48;2;204;204;204m[38;2;203;203;203m▄[0m
[48;2;215;215;215m[38;2;214;214;214m▄[48;2;215;215;215m[38;2;215;215;215m▄[48;2;216;216;216m[38;2;215;215;215m▄[48;2;216;216;216m[38;2;215;215;215m▄[48;2;216;216;216m[38;2;215;215;215m▄[48;2;216;216;216m[38;2;216;216;216m▄[48;2;216;216;216m[38;2;217;217;217m▄[48;2;216;216;216m[38;2;216;216;216m▄[48;2;216;216;216m[38;2;216;216;216m▄[48;2;216;216;216m[38;2;216;216;216m▄[48;2;216;216;216m[38;2;216;216;216m▄[48;2;217;217;217m[38;2;217;217;217m▄[48;2;218;218;218m[38;2;217;217;217m▄[48;2;218;218;218m[38;2;217;217;217m▄[48;2;217;217;217m[38;2;217;217;217m▄[48;2;218;218;218m[38;2;217;217;217m▄[48;2;218;218;218m[38;2;217;217;217m▄[48;2;218;218;218m[38;2;217;216;216m▄[48;2;218;218;218m[38;2;217;217;217m▄[48;2;218;217;217m[38;2;218;225;224m▄[48;2;219;217;217m[38;2;217;222;222m▄[48;2;219;219;219m[38;2;217;216;216m▄[48;2;219;221;221m[38;2;218;211;212m▄[48;2;219;219;219m[38;2;217;214;214m▄[48;2;220;219;219m[38;2;217;221;221m▄[48;2;214;212;212m[38;2;220;233;231m▄[48;2;193;109;126m[38;2;200;151;162m▄[48;2;226;110;126m[38;2;218;95;114m▄[48;2;213;92;111m[38;2;221;104;121m▄[48;2;216;105;123m[38;2;208;95;113m▄[48;2;232;129;139m[38;2;232;127;139m▄[48;2;219;111;125m[38;2;229;119;134m▄[48;2;205;107;123m[38;2;203;80;101m▄[48;2;197;86;107m[38;2;209;84;106m▄[48;2;217;101;120m[38;2;209;90;112m▄[48;2;213;95;115m[38;2;209;75;99m▄[48;2;195;91;113m[38;2;188;112;129m▄[48;2;189;177;180m[38;2;196;210;207m▄[48;2;204;208;208m[38;2;209;199;200m▄[48;2;213;215;215m[38;2;222;207;207m▄[48;2;215;214;214m[38;2;216;217;216m▄[48;2;215;214;214m[38;2;214;215;215m▄[48;2;214;215;216m[38;2;218;214;208m▄[48;2;215;216;218m[38;2;211;197;180m▄[48;2;203;190;171m[38;2;201;188;172m▄[48;2;204;194;180m[38;2;212;212;212m▄[48;2;213;214;218m[38;2;207;204;199m▄[48;2;212;212;211m[38;2;211;212;212m▄[48;2;211;211;211m[38;2;211;211;210m▄[48;2;211;211;211m[38;2;210;210;210m▄[48;2;210;210;210m[38;2;210;210;210m▄[48;2;210;210;210m[38;2;211;211;211m▄[48;2;211;211;211m[38;2;211;211;211m▄[48;2;210;210;210m[38;2;209;209;209m▄[48;2;209;209;209m[38;2;208;208;208m▄[48;2;209;208;209m[38;2;208;208;208m▄[48;2;208;208;208m[38;2;208;208;208m▄[48;2;208;208;208m[38;2;207;207;208m▄[48;2;208;208;208m[38;2;207;207;207m▄[48;2;207;207;207m[38;2;206;206;206m▄[48;2;207;207;207m[38;2;206;206;206m▄[48;2;205;205;205m[38;2;204;204;204m▄[48;2;204;204;204m[38;2;203;203;203m▄[48;2;203;203;203m[38;2;203;203;203m▄[0m
[48;2;214;214;214m[38;2;214;214;214m▄[48;2;214;214;214m[38;2;214;214;214m▄[48;2;215;215;215m[38;2;215;215;215m▄[48;2;215;215;215m[38;2;215;215;215m▄[48;2;215;215;215m[38;2;215;215;216m▄[48;2;216;216;216m[38;2;215;215;215m▄[48;2;216;216;216m[38;2;215;215;215m▄[48;2;217;217;217m[38;2;216;216;216m▄[48;2;217;217;217m[38;2;216;216;216m▄[48;2;216;216;216m[38;2;216;216;216m▄[48;2;216;216;216m[38;2;216;216;216m▄[48;2;216;216;216m[38;2;216;216;216m▄[48;2;216;216;216m[38;2;216;216;216m▄[48;2;216;216;216m[38;2;216;216;216m▄[48;2;216;216;216m[38;2;216;216;216m▄[48;2;217;217;217m[38;2;217;216;216m▄[48;2;216;215;215m[38;2;217;220;220m▄[48;2;217;220;220m[38;2;215;203;205m▄[48;2;217;218;218m[38;2;216;135;146m▄[48;2;216;180;182m[38;2;232;166;173m▄[48;2;223;161;168m[38;2;226;149;158m▄[48;2;227;156;163m[38;2;219;130;140m▄[48;2;227;160;165m[38;2;218;122;133m▄[48;2;228;161;166m[38;2;225;139;149m▄[48;2;221;157;163m[38;2;240;174;182m▄[48;2;217;203;204m[38;2;220;136;145m▄[48;2;211;208;210m[38;2;217;211;211m▄[48;2;196;97;117m[38;2;206;201;204m▄[48;2;219;91;111m[38;2;192;127;141m▄[48;2;206;80;102m[38;2;192;107;125m▄[48;2;217;105;121m[38;2;188;122;136m▄[48;2;195;98;117m[38;2;214;142;149m▄[48;2;202;97;115m[38;2;220;148;152m▄[48;2;218;91;112m[38;2;195;118;132m▄[48;2;215;83;107m[38;2;188;111;128m▄[48;2;196;78;102m[38;2;187;167;173m▄[48;2;188;174;178m[38;2;197;207;206m▄[48;2;203;191;192m[38;2;211;147;154m▄[48;2;225;158;164m[38;2;247;221;224m▄[48;2;252;228;227m[38;2;247;230;231m▄[48;2;236;215;213m[38;2;239;205;204m▄[48;2;216;213;206m[38;2;211;209;202m▄[48;2;216;210;199m[38;2;226;207;209m▄[48;2;210;212;212m[38;2;224;151;157m▄[48;2;213;219;223m[38;2;210;176;179m▄[48;2;205;201;194m[38;2;204;204;195m▄[48;2;205;200;190m[38;2;209;207;206m▄[48;2;211;212;214m[38;2;210;211;211m▄[48;2;210;210;209m[38;2;210;210;210m▄[48;2;211;211;211m[38;2;210;210;210m▄[48;2;211;211;211m[38;2;211;210;210m▄[48;2;211;211;211m[38;2;210;210;210m▄[48;2;210;210;210m[38;2;209;209;209m▄[48;2;208;208;208m[38;2;208;208;208m▄[48;2;208;208;208m[38;2;208;208;208m▄[48;2;208;208;209m[38;2;208;208;208m▄[48;2;207;207;207m[38;2;207;207;207m▄[48;2;207;207;207m[38;2;207;207;207m▄[48;2;207;207;207m[38;2;206;206;206m▄[48;2;206;206;206m[38;2;206;206;206m▄[48;2;206;206;206m[38;2;205;205;205m▄[48;2;204;204;204m[38;2;204;204;204m▄[48;2;203;203;203m[38;2;203;203;203m▄[48;2;203;203;203m[38;2;203;203;203m▄[0m
[48;2;213;213;213m[38;2;213;213;213m▄[48;2;214;214;214m[38;2;214;214;214m▄[48;2;215;215;215m[38;2;214;214;214m▄[48;2;215;215;215m[38;2;214;214;214m▄[48;2;215;215;215m[38;2;215;215;215m▄[48;2;215;215;215m[38;2;215;215;215m▄[48;2;216;216;216m[38;2;215;215;215m▄[48;2;215;215;215m[38;2;216;216;216m▄[48;2;215;215;215m[38;2;216;216;216m▄[48;2;216;216;216m[38;2;215;215;215m▄[48;2;216;216;216m[38;2;216;216;216m▄[48;2;215;215;215m[38;2;216;216;216m▄[48;2;215;215;215m[38;2;216;216;216m▄[48;2;217;217;217m[38;2;216;216;216m▄[48;2;217;217;217m[38;2;216;216;216m▄[48;2;217;217;217m[38;2;217;221;221m▄[48;2;216;218;218m[38;2;211;195;197m▄[48;2;213;137;146m[38;2;213;130;141m▄[48;2;240;198;202m[38;2;240;196;202m▄[48;2;215;141;149m[38;2;194;87;103m▄[48;2;205;90;105m[38;2;221;142;153m▄[48;2;240;179;187m[38;2;234;172;181m▄[48;2;218;130;141m[38;2;192;100;116m▄[48;2;201;113;123m[38;2;204;131;142m▄[48;2;234;172;181m[38;2;245;192;198m▄[48;2;232;159;167m[38;2;207;115;130m▄[48;2;205;170;174m[38;2;201;111;124m▄[48;2;213;215;215m[38;2;216;143;153m▄[48;2;209;212;211m[38;2;208;124;137m▄[48;2;201;220;218m[38;2;206;140;150m▄[48;2;205;171;174m[38;2;203;131;142m▄[48;2;232;149;159m[38;2;206;105;118m▄[48;2;228;143;153m[38;2;201;111;123m▄[48;2;202;175;178m[38;2;196;140;150m▄[48;2;195;209;206m[38;2;212;132;144m▄[48;2;200;200;200m[38;2;212;132;144m▄[48;2;204;188;190m[38;2;219;157;164m▄[48;2;234;187;191m[38;2;253;237;237m▄[48;2;249;243;241m[38;2;244;236;235m▄[48;2;244;202;203m[38;2;241;204;204m▄[48;2;226;192;192m[38;2;242;204;205m▄[48;2;201;209;206m[38;2;208;175;178m▄[48;2;225;157;164m[38;2;201;110;123m▄[48;2;233;155;163m[38;2;203;97;113m▄[48;2;208;128;137m[38;2;199;153;159m▄[48;2;208;213;214m[38;2;202;209;209m▄[48;2;211;210;211m[38;2;211;210;210m▄[48;2;211;211;211m[38;2;210;210;211m▄[48;2;210;210;210m[38;2;210;210;211m▄[48;2;210;210;210m[38;2;210;210;210m▄[48;2;209;210;210m[38;2;210;210;211m▄[48;2;210;210;210m[38;2;210;209;212m▄[48;2;209;209;209m[38;2;209;208;211m▄[48;2;208;208;208m[38;2;208;208;209m▄[48;2;208;208;208m[38;2;208;208;208m▄[48;2;208;208;208m[38;2;208;208;208m▄[48;2;208;208;208m[38;2;207;207;206m▄[48;2;207;207;207m[38;2;207;207;206m▄[48;2;206;206;206m[38;2;207;206;207m▄[48;2;206;206;206m[38;2;204;204;205m▄[48;2;205;205;205m[38;2;204;203;204m▄[48;2;204;203;204m[38;2;203;203;204m▄[48;2;203;203;203m[38;2;203;203;204m▄[48;2;203;203;203m[38;2;203;203;203m▄[0m
[48;2;212;212;212m[38;2;211;211;211m▄[48;2;213;213;213m[38;2;211;211;211m▄[48;2;214;213;214m[38;2;212;211;212m▄[48;2;214;214;214m[38;2;213;213;213m▄[48;2;214;214;214m[38;2;214;214;214m▄[48;2;214;214;214m[38;2;214;214;214m▄[48;2;214;214;214m[38;2;214;214;214m▄[48;2;214;214;214m[38;2;214;214;214m▄[48;2;215;215;215m[38;2;214;214;214m▄[48;2;215;215;215m[38;2;215;215;215m▄[48;2;215;215;215m[38;2;215;215;215m▄[48;2;216;216;216m[38;2;215;215;215m▄[48;2;216;216;216m[38;2;216;216;216m▄[48;2;215;215;215m[38;2;216;216;216m▄[48;2;215;215;215m[38;2;215;215;215m▄[48;2;215;215;215m[38;2;216;215;215m▄[48;2;216;216;215m[38;2;216;219;218m▄[48;2;198;117;131m[38;2;214;207;208m▄[48;2;197;92;111m[38;2;196;154;163m▄[48;2;185;73;93m[38;2;190;94;114m▄[48;2;234;165;175m[38;2;235;151;164m▄[48;2;219;139;150m[38;2;205;121;136m▄[48;2;201;102;118m[38;2;237;164;174m▄[48;2;229;165;174m[38;2;180;85;103m▄[48;2;203;113;127m[38;2;179;82;101m▄[48;2;188;80;99m[38;2;221;137;151m▄[48;2;233;171;181m[38;2;201;115;131m▄[48;2;199;111;127m[38;2;169;57;81m▄[48;2;242;184;193m[38;2;239;173;183m▄[48;2;208;116;130m[38;2;167;57;81m▄[48;2;194;86;105m[38;2;212;127;141m▄[48;2;241;187;194m[38;2;216;141;154m▄[48;2;184;80;98m[38;2;172;59;84m▄[48;2;217;141;151m[38;2;238;172;182m▄[48;2;218;140;151m[38;2;174;76;96m▄[48;2;217;150;162m[38;2;216;149;159m▄[48;2;243;195;200m[38;2;236;193;198m▄[48;2;250;243;241m[38;2;252;247;243m▄[48;2;238;219;220m[38;2;232;199;202m▄[48;2;242;228;227m[38;2;244;214;216m▄[48;2;249;239;239m[38;2;212;157;166m▄[48;2;184;74;93m[38;2;163;49;72m▄[48;2;228;159;168m[38;2;235;163;171m▄[48;2;214;130;144m[38;2;177;74;95m▄[48;2;186;155;160m[38;2;179;71;93m▄[48;2;205;210;210m[38;2;196;159;167m▄[48;2;211;210;210m[38;2;211;218;217m▄[48;2;210;210;211m[38;2;209;207;207m▄[48;2;210;210;210m[38;2;209;208;209m▄[48;2;210;210;210m[38;2;209;209;209m▄[48;2;209;209;211m[38;2;209;209;209m▄[48;2;207;210;214m[38;2;206;209;212m▄[48;2;209;209;215m[38;2;207;208;214m▄[48;2;209;208;210m[38;2;208;208;210m▄[48;2;208;208;208m[38;2;207;208;208m▄[48;2;208;207;208m[38;2;208;208;205m▄[48;2;207;208;202m[38;2;207;207;202m▄[48;2;207;207;202m[38;2;206;207;202m▄[48;2;205;205;205m[38;2;205;205;204m▄[48;2;203;203;203m[38;2;203;203;203m▄[48;2;203;203;203m[38;2;202;202;202m▄[48;2;203;203;203m[38;2;202;202;202m▄[48;2;203;203;203m[38;2;202;202;202m▄[48;2;203;203;203m[38;2;203;203;203m▄[0m
[48;2;210;210;210m[38;2;211;211;211m▄[48;2;210;210;210m[38;2;210;210;210m▄[48;2;211;211;211m[38;2;210;210;210m▄[48;2;212;212;212m[38;2;210;210;210m▄[48;2;213;213;213m[38;2;211;211;211m▄[48;2;213;212;213m[38;2;212;212;212m▄[48;2;214;213;214m[38;2;213;212;213m▄[48;2;214;214;214m[38;2;213;213;213m▄[48;2;214;214;214m[38;2;214;214;214m▄[48;2;214;214;214m[38;2;215;215;215m▄[48;2;214;214;214m[38;2;215;215;215m▄[48;2;214;214;214m[38;2;214;214;214m▄[48;2;215;215;215m[38;2;215;215;215m▄[48;2;215;215;215m[38;2;214;214;214m▄[48;2;215;215;215m[38;2;215;215;215m▄[48;2;215;215;215m[38;2;215;215;215m▄[48;2;215;214;214m[38;2;214;212;212m▄[48;2;217;223;221m[38;2;210;209;196m▄[48;2;193;177;182m[38;2;184;140;151m▄[48;2;201;98;120m[38;2;205;95;116m▄[48;2;221;129;144m[38;2;201;100;119m▄[48;2;150;43;68m[38;2;170;115;128m▄[48;2;223;130;146m[38;2;179;83;105m▄[48;2;208;118;134m[38;2;238;141;156m▄[48;2;160;65;89m[38;2;166;63;84m▄[48;2;237;143;158m[38;2;185;83;105m▄[48;2;195;98;115m[38;2;213;111;130m▄[48;2;211;122;138m[38;2;177;73;98m▄[48;2;233;140;154m[38;2;214;116;133m▄[48;2;179;82;103m[38;2;183;81;104m▄[48;2;244;158;168m[38;2;191;88;111m▄[48;2;194;91;111m[38;2;206;109;127m▄[48;2;202;115;132m[38;2;165;65;88m▄[48;2;232;137;151m[38;2;207;122;138m▄[48;2;192;122;135m[38;2;242;213;215m▄[48;2;231;196;199m[38;2;229;194;197m▄[48;2;244;220;220m[38;2;228;189;193m▄[48;2;253;233;232m[38;2;240;209;210m▄[48;2;226;175;183m[38;2;209;149;159m▄[48;2;248;192;200m[38;2;196;97;118m▄[48;2;193;96;116m[38;2;197;92;113m▄[48;2;207;122;137m[38;2;172;67;89m▄[48;2;231;136;152m[38;2;206;104;122m▄[48;2;176;80;101m[38;2;181;76;99m▄[48;2;184;83;105m[38;2;173;99;116m▄[48;2;189;152;161m[38;2;193;197;196m▄[48;2;208;215;214m[38;2;203;203;203m▄[48;2;209;207;207m[38;2;209;208;209m▄[48;2;210;210;210m[38;2;208;208;208m▄[48;2;209;209;209m[38;2;208;208;208m▄[48;2;209;209;209m[38;2;208;208;209m▄[48;2;208;207;209m[38;2;208;208;208m▄[48;2;208;207;210m[38;2;207;207;207m▄[48;2;207;207;208m[38;2;207;207;207m▄[48;2;208;208;209m[38;2;207;207;207m▄[48;2;208;208;207m[38;2;207;207;206m▄[48;2;207;207;202m[38;2;207;207;202m▄[48;2;204;208;202m[38;2;204;207;202m▄[48;2;203;206;203m[38;2;201;206;203m▄[48;2;203;203;204m[38;2;202;203;205m▄[48;2;202;202;203m[38;2;203;201;204m▄[48;2;202;202;202m[38;2;202;202;202m▄[48;2;202;202;202m[38;2;202;202;202m▄[48;2;202;202;202m[38;2;202;202;202m▄[0m
[48;2;210;210;210m[38;2;209;209;209m▄[48;2;210;210;210m[38;2;210;210;210m▄[48;2;210;210;210m[38;2;210;210;210m▄[48;2;210;210;210m[38;2;210;210;210m▄[48;2;210;210;210m[38;2;210;210;210m▄[48;2;211;211;211m[38;2;210;210;210m▄[48;2;211;211;211m[38;2;210;210;210m▄[48;2;212;212;212m[38;2;211;211;211m▄[48;2;213;213;213m[38;2;211;211;210m▄[48;2;214;214;214m[38;2;211;211;211m▄[48;2;213;213;214m[38;2;211;211;211m▄[48;2;214;214;214m[38;2;212;212;212m▄[48;2;215;215;215m[38;2;212;212;212m▄[48;2;214;214;214m[38;2;212;212;212m▄[48;2;214;214;214m[38;2;213;213;213m▄[48;2;215;216;217m[38;2;212;212;213m▄[48;2;209;204;200m[38;2;212;212;212m▄[48;2;203;196;181m[38;2;193;178;159m▄[48;2;207;189;199m[38;2;208;206;197m▄[48;2;167;66;91m[38;2;203;186;188m▄[48;2;169;65;93m[38;2;189;163;161m▄[48;2;193;186;191m[38;2;190;181;165m▄[48;2;172;113;123m[38;2;204;194;183m▄[48;2;194;86;107m[38;2;163;81;102m▄[48;2;234;136;151m[38;2;191;81;103m▄[48;2;153;45;71m[38;2;236;141;154m▄[48;2;159;66;91m[38;2;195;104;122m▄[48;2;166;75;97m[38;2;161;68;90m▄[48;2;150;41;68m[38;2;179;86;106m▄[48;2;180;116;131m[38;2;182;114;128m▄[48;2;181;122;137m[38;2;178;120;135m▄[48;2;169;84;105m[38;2;176;95;115m▄[48;2;182;113;128m[38;2;211;157;168m▄[48;2;215;162;171m[38;2;232;202;205m▄[48;2;222;181;187m[38;2;225;189;193m▄[48;2;223;181;187m[38;2;227;191;195m▄[48;2;224;178;186m[38;2;230;205;208m▄[48;2;228;184;190m[38;2;233;216;217m▄[48;2;210;196;198m[38;2;236;239;239m▄[48;2;182;117;136m[38;2;214;216;207m▄[48;2;180;110;129m[38;2;197;191;174m▄[48;2;183;132;146m[38;2;192;188;172m▄[48;2;173;95;116m[38;2;197;195;186m▄[48;2;180;120;136m[38;2;195;197;190m▄[48;2;189;186;187m[38;2;193;189;180m▄[48;2;194;195;195m[38;2;203;203;203m▄[48;2;206;206;207m[38;2;207;207;208m▄[48;2;208;208;208m[38;2;207;207;207m▄[48;2;207;207;207m[38;2;207;207;207m▄[48;2;208;208;208m[38;2;207;207;207m▄[48;2;207;207;207m[38;2;207;207;207m▄[48;2;207;207;208m[38;2;205;205;205m▄[48;2;207;207;208m[38;2;206;206;206m▄[48;2;206;206;207m[38;2;206;205;206m▄[48;2;207;207;206m[38;2;204;204;204m▄[48;2;206;206;206m[38;2;203;203;203m▄[48;2;205;205;205m[38;2;203;203;203m▄[48;2;204;203;204m[38;2;202;202;203m▄[48;2;202;203;204m[38;2;202;202;203m▄[48;2;202;202;205m[38;2;202;202;202m▄[48;2;203;202;203m[38;2;201;201;202m▄[48;2;203;203;203m[38;2;202;201;202m▄[48;2;202;202;202m[38;2;202;201;202m▄[48;2;202;202;201m[38;2;200;199;201m▄[0m
[48;2;209;209;209m[38;2;211;211;211m▄[48;2;209;209;209m[38;2;211;211;211m▄[48;2;210;210;210m[38;2;212;212;212m▄[48;2;210;210;210m[38;2;213;213;213m▄[48;2;210;210;210m[38;2;213;213;214m▄[48;2;210;210;210m[38;2;213;213;214m▄[48;2;210;210;210m[38;2;214;214;214m▄[48;2;211;211;211m[38;2;214;214;214m▄[48;2;211;211;211m[38;2;215;215;215m▄[48;2;212;211;212m[38;2;214;214;215m▄[48;2;212;212;212m[38;2;214;214;215m▄[48;2;212;212;212m[38;2;215;215;215m▄[48;2;212;212;212m[38;2;214;214;214m▄[48;2;212;212;212m[38;2;215;215;215m▄[48;2;213;213;213m[38;2;214;214;214m▄[48;2;212;212;212m[38;2;215;215;215m▄[48;2;213;214;215m[38;2;215;215;215m▄[48;2;208;205;201m[38;2;216;216;217m▄[48;2;195;181;163m[38;2;215;217;220m▄[48;2;196;187;169m[38;2;213;214;216m▄[48;2;196;192;177m[38;2;213;214;217m▄[48;2;203;199;195m[38;2;212;212;214m▄[48;2;211;214;215m[38;2;212;210;211m▄[48;2;209;203;204m[38;2;212;214;214m▄[48;2;169;98;116m[38;2;211;213;212m▄[48;2;164;56;82m[38;2;190;156;165m▄[48;2;199;88;110m[38;2;168;103;121m▄[48;2;205;103;123m[38;2;164;85;107m▄[48;2;198;98;118m[38;2;167;89;108m▄[48;2;192;86;108m[38;2;167;97;115m▄[48;2;194;93;113m[38;2;177;99;117m▄[48;2;200;134;146m[38;2;225;178;184m▄[48;2;224;175;181m[38;2;229;191;194m▄[48;2;216;170;176m[38;2;227;191;192m▄[48;2;207;183;185m[38;2;227;193;196m▄[48;2;211;182;186m[38;2;234;199;204m▄[48;2;235;186;193m[38;2;205;120;138m▄[48;2;216;147;162m[38;2;161;61;87m▄[48;2;214;192;196m[38;2;197;187;191m▄[48;2;209;208;201m[38;2;209;213;214m▄[48;2;203;197;193m[38;2;209;210;212m▄[48;2;200;193;185m[38;2;209;210;213m▄[48;2;200;188;172m[38;2;207;209;212m▄[48;2;201;190;176m[38;2;206;208;210m▄[48;2;204;201;198m[38;2;207;208;208m▄[48;2;206;207;207m[38;2;208;208;208m▄[48;2;207;207;207m[38;2;209;208;209m▄[48;2;207;207;207m[38;2;209;209;209m▄[48;2;207;207;207m[38;2;208;208;208m▄[48;2;207;207;207m[38;2;208;208;208m▄[48;2;206;206;206m[38;2;207;207;208m▄[48;2;205;205;205m[38;2;207;207;207m▄[48;2;205;205;205m[38;2;207;207;207m▄[48;2;204;204;204m[38;2;207;207;207m▄[48;2;203;203;203m[38;2;206;206;206m▄[48;2;203;203;203m[38;2;206;206;206m▄[48;2;202;202;202m[38;2;205;205;205m▄[48;2;202;202;202m[38;2;204;204;204m▄[48;2;203;202;203m[38;2;204;204;204m▄[48;2;202;202;201m[38;2;202;202;202m▄[48;2;202;201;202m[38;2;202;202;203m▄[48;2;201;201;201m[38;2;202;202;202m▄[48;2;201;201;201m[38;2;202;202;202m▄[48;2;201;201;201m[38;2;203;203;203m▄[0m
[48;2;215;215;215m[38;2;217;217;217m▄[48;2;215;215;215m[38;2;217;217;217m▄[48;2;216;215;216m[38;2;217;217;217m▄[48;2;215;215;215m[38;2;217;217;217m▄[48;2;216;216;216m[38;2;217;217;217m▄[48;2;217;217;216m[38;2;218;218;218m▄[48;2;216;216;216m[38;2;218;218;218m▄[48;2;216;216;216m[38;2;218;218;218m▄[48;2;216;216;216m[38;2;218;218;218m▄[48;2;216;216;216m[38;2;218;218;218m▄[48;2;217;217;217m[38;2;218;218;218m▄[48;2;216;216;216m[38;2;218;218;218m▄[48;2;215;215;215m[38;2;218;218;218m▄[48;2;216;216;216m[38;2;218;218;218m▄[48;2;216;216;216m[38;2;218;218;218m▄[48;2;216;216;216m[38;2;217;217;217m▄[48;2;216;216;216m[38;2;217;217;217m▄[48;2;217;217;217m[38;2;216;216;216m▄[48;2;217;216;216m[38;2;215;215;215m▄[48;2;216;216;216m[38;2;214;214;214m▄[48;2;217;216;216m[38;2;213;213;213m▄[48;2;217;217;217m[38;2;213;213;213m▄[48;2;217;217;218m[38;2;212;212;212m▄[48;2;215;215;215m[38;2;211;211;211m▄[48;2;211;210;210m[38;2;210;209;209m▄[48;2;204;210;208m[38;2;207;206;207m▄[48;2;197;201;200m[38;2;203;201;202m▄[48;2;189;188;188m[38;2;198;196;196m▄[48;2;186;183;183m[38;2;195;192;193m▄[48;2;185;185;185m[38;2;195;188;192m▄[48;2;188;182;183m[38;2;193;188;191m▄[48;2;199;171;176m[38;2;190;188;189m▄[48;2;207;166;173m[38;2;189;187;188m▄[48;2;213;175;180m[38;2;190;184;185m▄[48;2;221;182;188m[38;2;192;181;185m▄[48;2;179;109;125m[38;2;189;177;180m▄[48;2;153;72;93m[38;2;192;192;191m▄[48;2;181;158;163m[38;2;190;194;193m▄[48;2;190;193;193m[38;2;198;197;198m▄[48;2;204;203;203m[38;2;206;205;206m▄[48;2;209;209;209m[38;2;208;208;208m▄[48;2;211;211;211m[38;2;210;210;210m▄[48;2;211;211;210m[38;2;211;211;211m▄[48;2;210;210;209m[38;2;210;210;210m▄[48;2;210;210;210m[38;2;210;210;210m▄[48;2;210;210;210m[38;2;210;210;210m▄[48;2;210;210;210m[38;2;210;210;210m▄[48;2;210;210;210m[38;2;210;210;210m▄[48;2;210;210;210m[38;2;210;210;210m▄[48;2;210;210;210m[38;2;211;211;211m▄[48;2;209;209;210m[38;2;210;210;210m▄[48;2;209;209;209m[38;2;210;210;210m▄[48;2;208;209;208m[38;2;210;210;210m▄[48;2;208;208;209m[38;2;210;210;210m▄[48;2;208;208;209m[38;2;210;209;210m▄[48;2;208;208;208m[38;2;210;210;210m▄[48;2;208;208;208m[38;2;209;209;209m▄[48;2;207;207;207m[38;2;209;209;209m▄[48;2;211;211;211m[38;2;216;216;216m▄[48;2;213;213;213m[38;2;220;220;220m▄[48;2;206;206;206m[38;2;208;208;208m▄[48;2;206;206;206m[38;2;207;207;207m▄[48;2;205;205;205m[38;2;208;208;208m▄[48;2;205;205;205m[38;2;207;207;207m▄[0m
[48;2;219;219;219m[38;2;223;223;223m▄[48;2;219;219;219m[38;2;223;223;223m▄[48;2;221;221;221m[38;2;224;224;224m▄[48;2;221;221;221m[38;2;224;224;224m▄[48;2;221;221;221m[38;2;224;224;224m▄[48;2;221;221;221m[38;2;224;224;224m▄[48;2;222;222;222m[38;2;224;224;224m▄[48;2;222;222;222m[38;2;224;224;224m▄[48;2;222;222;222m[38;2;224;224;224m▄[48;2;222;222;222m[38;2;224;224;224m▄[48;2;223;223;223m[38;2;224;224;224m▄[48;2;222;222;222m[38;2;224;224;224m▄[48;2;222;222;222m[38;2;224;224;224m▄[48;2;222;222;222m[38;2;224;224;224m▄[48;2;221;221;221m[38;2;224;224;224m▄[48;2;218;218;218m[38;2;223;223;223m▄[48;2;214;214;214m[38;2;220;220;220m▄[48;2;207;207;207m[38;2;216;216;216m▄[48;2;200;200;200m[38;2;210;211;211m▄[48;2;195;195;195m[38;2;206;206;206m▄[48;2;191;191;191m[38;2;204;204;204m▄[48;2;190;189;190m[38;2;203;203;203m▄[48;2;189;189;189m[38;2;201;201;201m▄[48;2;188;188;188m[38;2;196;196;196m▄[48;2;189;189;189m[38;2;191;191;191m▄[48;2;192;192;192m[38;2;187;187;187m▄[48;2;195;196;195m[38;2;185;185;185m▄[48;2;198;198;199m[38;2;185;185;185m▄[48;2;199;198;200m[38;2;185;186;186m▄[48;2;199;199;199m[38;2;187;187;187m▄[48;2;198;197;198m[38;2;187;187;187m▄[48;2;196;195;195m[38;2;186;186;186m▄[48;2;194;193;195m[38;2;186;186;186m▄[48;2;192;193;194m[38;2;186;185;186m▄[48;2;191;192;192m[38;2;186;185;185m▄[48;2;190;192;192m[38;2;185;185;185m▄[48;2;190;190;191m[38;2;184;184;184m▄[48;2;190;189;189m[38;2;186;186;186m▄[48;2;187;187;188m[38;2;191;191;191m▄[48;2;186;186;186m[38;2;195;195;195m▄[48;2;187;187;187m[38;2;196;196;196m▄[48;2;190;190;190m[38;2;195;195;195m▄[48;2;191;191;191m[38;2;194;194;194m▄[48;2;192;192;192m[38;2;195;195;196m▄[48;2;195;195;196m[38;2;199;199;200m▄[48;2;202;201;202m[38;2;204;204;204m▄[48;2;208;208;208m[38;2;210;210;210m▄[48;2;211;210;211m[38;2;213;213;213m▄[48;2;213;213;213m[38;2;215;215;215m▄[48;2;213;213;213m[38;2;215;215;215m▄[48;2;213;213;213m[38;2;215;215;215m▄[48;2;213;213;213m[38;2;215;215;215m▄[48;2;212;212;212m[38;2;214;214;214m▄[48;2;212;212;212m[38;2;214;214;214m▄[48;2;211;211;211m[38;2;214;214;214m▄[48;2;210;210;210m[38;2;213;213;213m▄[48;2;210;210;210m[38;2;213;213;213m▄[48;2;210;210;210m[38;2;212;212;212m▄[48;2;210;210;210m[38;2;212;211;212m▄[48;2;210;210;210m[38;2;211;211;211m▄[48;2;209;209;209m[38;2;210;211;211m▄[48;2;209;209;209m[38;2;210;210;210m▄[48;2;209;209;209m[38;2;210;210;210m▄[48;2;209;209;209m[38;2;210;210;210m▄[0m
[48;2;225;225;225m[38;2;228;228;228m▄[48;2;225;225;225m[38;2;228;228;228m▄[48;2;226;226;226m[38;2;227;227;227m▄[48;2;226;226;226m[38;2;228;228;228m▄[48;2;225;225;225m[38;2;228;228;228m▄[48;2;225;225;225m[38;2;228;228;228m▄[48;2;226;226;226m[38;2;229;229;229m▄[48;2;226;226;226m[38;2;228;228;228m▄[48;2;226;226;226m[38;2;229;229;229m▄[48;2;226;226;226m[38;2;228;228;228m▄[48;2;226;226;226m[38;2;228;228;228m▄[48;2;227;227;227m[38;2;228;228;228m▄[48;2;226;226;226m[38;2;228;228;228m▄[48;2;226;226;226m[38;2;228;228;228m▄[48;2;225;225;225m[38;2;228;228;228m▄[48;2;225;225;225m[38;2;227;227;227m▄[48;2;225;225;225m[38;2;228;228;228m▄[48;2;225;225;225m[38;2;227;227;227m▄[48;2;225;225;225m[38;2;227;227;227m▄[48;2;225;225;225m[38;2;227;227;227m▄[48;2;225;225;225m[38;2;227;227;227m▄[48;2;225;225;225m[38;2;227;227;227m▄[48;2;225;225;225m[38;2;227;227;227m▄[48;2;223;223;223m[38;2;227;227;227m▄[48;2;219;219;219m[38;2;227;227;227m▄[48;2;217;217;217m[38;2;227;227;227m▄[48;2;214;214;214m[38;2;227;227;227m▄[48;2;213;213;213m[38;2;228;228;228m▄[48;2;212;212;212m[38;2;227;227;227m▄[48;2;211;211;211m[38;2;226;226;226m▄[48;2;210;210;210m[38;2;226;226;226m▄[48;2;207;207;207m[38;2;226;226;226m▄[48;2;204;204;204m[38;2;225;225;225m▄[48;2;203;203;202m[38;2;225;225;225m▄[48;2;202;202;202m[38;2;225;225;225m▄[48;2;202;202;202m[38;2;224;224;224m▄[48;2;202;202;202m[38;2;224;224;224m▄[48;2;206;206;206m[38;2;223;223;223m▄[48;2;212;212;212m[38;2;223;223;223m▄[48;2;216;216;217m[38;2;221;221;221m▄[48;2;219;219;219m[38;2;221;221;221m▄[48;2;219;219;219m[38;2;221;221;221m▄[48;2;218;218;218m[38;2;221;221;221m▄[48;2;218;218;218m[38;2;219;219;219m▄[48;2;218;218;218m[38;2;218;218;218m▄[48;2;217;217;217m[38;2;217;217;217m▄[48;2;217;217;217m[38;2;216;216;216m▄[48;2;216;216;216m[38;2;216;216;216m▄[48;2;216;216;216m[38;2;217;217;217m▄[48;2;216;216;216m[38;2;216;216;216m▄[48;2;216;216;216m[38;2;216;216;216m▄[48;2;215;215;215m[38;2;216;216;216m▄[48;2;215;215;215m[38;2;216;216;216m▄[48;2;215;215;215m[38;2;216;216;216m▄[48;2;215;215;215m[38;2;216;216;216m▄[48;2;215;215;215m[38;2;215;215;215m▄[48;2;214;214;214m[38;2;215;215;215m▄[48;2;215;215;215m[38;2;215;215;215m▄[48;2;214;214;215m[38;2;215;215;215m▄[48;2;214;214;214m[38;2;215;215;215m▄[48;2;213;213;213m[38;2;214;214;214m▄[48;2;211;211;211m[38;2;214;214;214m▄[48;2;211;211;211m[38;2;214;214;214m▄[48;2;210;210;210m[38;2;213;213;213m▄[0m
