[48;2;221;221;221m[38;2;220;220;220m▄[48;2;222;222;222m[38;2;221;221;221m▄[48;2;222;222;222m[38;2;222;222;222m▄[48;2;223;223;223m[38;2;223;223;223m▄[48;2;223;223;223m[38;2;223;223;223m▄[48;2;223;223;223m[38;2;223;223;224m▄[48;2;224;224;224m[38;2;224;224;224m▄[48;2;224;224;225m[38;2;224;224;224m▄[48;2;224;224;224m[38;2;224;224;224m▄[48;2;224;224;224m[38;2;224;224;224m▄[48;2;225;225;225m[38;2;224;224;224m▄[48;2;226;226;226m[38;2;224;224;224m▄[48;2;228;228;228m[38;2;226;226;226m▄[48;2;227;227;227m[38;2;227;227;227m▄[48;2;227;227;227m[38;2;227;227;227m▄[48;2;228;228;228m[38;2;228;228;228m▄[48;2;227;227;227m[38;2;227;227;227m▄[48;2;227;227;227m[38;2;227;227;227m▄[48;2;227;227;227m[38;2;227;227;227m▄[48;2;227;227;227m[38;2;227;227;227m▄[48;2;227;227;227m[38;2;227;227;227m▄[48;2;227;227;227m[38;2;227;227;227m▄[48;2;227;227;227m[38;2;226;226;226m▄[48;2;227;227;227m[38;2;227;227;227m▄[48;2;227;227;227m[38;2;227;227;227m▄[48;2;227;227;227m[38;2;226;226;226m▄[48;2;228;228;228m[38;2;226;226;226m▄[48;2;225;225;225m[38;2;225;225;225m▄[48;2;225;225;225m[38;2;225;225;225m▄[48;2;224;224;224m[38;2;224;224;224m▄[48;2;224;224;224m[38;2;224;224;224m▄[48;2;224;224;224m[38;2;224;224;224m▄[48;2;225;225;225m[38;2;224;224;224m▄[48;2;223;223;223m[38;2;223;223;223m▄[48;2;223;223;223m[38;2;223;223;223m▄[48;2;223;223;223m[38;2;223;223;223m▄[48;2;223;223;223m[38;2;223;223;223m▄[48;2;222;222;222m[38;2;222;222;222m▄[48;2;222;222;222m[38;2;222;222;222m▄[48;2;221;221;221m[38;2;221;221;221m▄[48;2;220;220;220m[38;2;219;219;219m▄[48;2;218;218;218m[38;2;217;217;217m▄[48;2;217;217;217m[38;2;217;217;217m▄[48;2;216;216;216m[38;2;216;216;216m▄[48;2;216;216;216m[38;2;216;216;216m▄[48;2;216;216;216m[38;2;216;216;216m▄[48;2;216;216;216m[38;2;216;216;216m▄[48;2;215;215;215m[38;2;215;215;215m▄[48;2;215;215;215m[38;2;215;215;215m▄[48;2;214;214;214m[38;2;215;215;215m▄[48;2;214;214;214m[38;2;214;214;214m▄[48;2;213;213;213m[38;2;213;213;213m▄[48;2;212;212;212m[38;2;213;213;213m▄[48;2;212;212;212m[38;2;212;212;212m▄[48;2;211;211;211m[38;2;210;210;210m▄[48;2;211;211;211m[38;2;210;210;210m▄[48;2;210;210;210m[38;2;210;210;210m▄[48;2;211;211;211m[38;2;210;210;210m▄[48;2;210;210;210m[38;2;210;210;210m▄[48;2;208;208;208m[38;2;208;208;208m▄[48;2;209;209;209m[38;2;209;209;209m▄[48;2;208;208;208m[38;2;208;208;208m▄[48;2;208;208;208m[38;2;208;208;208m▄[48;2;207;207;207m[38;2;207;207;207m▄[0m
[48;2;219;219;219m[38;2;217;217;217m▄[48;2;221;221;221m[38;2;220;220;220m▄[48;2;221;221;221m[38;2;221;221;221m▄[48;2;222;222;222m[38;2;222;222;222m▄[48;2;223;223;223m[38;2;222;222;222m▄[48;2;223;223;223m[38;2;223;223;223m▄[48;2;224;224;224m[38;2;223;223;223m▄[48;2;224;224;224m[38;2;224;224;224m▄[48;2;224;224;224m[38;2;224;224;224m▄[48;2;224;224;224m[38;2;224;224;224m▄[48;2;224;224;224m[38;2;224;224;224m▄[48;2;225;225;225m[38;2;224;224;224m▄[48;2;224;224;224m[38;2;224;224;224m▄[48;2;226;226;226m[38;2;224;224;224m▄[48;2;227;227;227m[38;2;226;226;226m▄[48;2;227;227;227m[38;2;226;226;226m▄[48;2;226;226;226m[38;2;226;226;226m▄[48;2;226;226;226m[38;2;227;227;227m▄[48;2;227;227;227m[38;2;228;228;228m▄[48;2;227;227;227m[38;2;227;227;227m▄[48;2;227;227;227m[38;2;226;226;226m▄[48;2;227;227;227m[38;2;227;227;227m▄[48;2;227;227;227m[38;2;227;227;227m▄[48;2;227;227;227m[38;2;227;226;228m▄[48;2;227;227;227m[38;2;227;226;227m▄[48;2;227;227;227m[38;2;224;224;226m▄[48;2;225;225;225m[38;2;224;224;224m▄[48;2;224;224;224m[38;2;224;224;224m▄[48;2;224;224;224m[38;2;224;224;224m▄[48;2;224;224;224m[38;2;224;224;224m▄[48;2;224;224;224m[38;2;224;224;224m▄[48;2;224;224;224m[38;2;224;224;224m▄[48;2;224;224;224m[38;2;223;223;223m▄[48;2;223;223;223m[38;2;223;223;223m▄[48;2;223;223;223m[38;2;223;223;223m▄[48;2;222;222;222m[38;2;222;222;222m▄[48;2;222;222;222m[38;2;222;222;222m▄[48;2;222;222;222m[38;2;222;222;222m▄[48;2;221;221;221m[38;2;221;221;221m▄[48;2;220;220;220m[38;2;221;221;221m▄[48;2;219;219;219m[38;2;220;220;220m▄[48;2;218;218;218m[38;2;217;217;217m▄[48;2;217;217;217m[38;2;217;217;217m▄[48;2;216;216;216m[38;2;216;216;216m▄[48;2;216;216;216m[38;2;216;216;216m▄[48;2;216;216;216m[38;2;216;216;216m▄[48;2;216;216;216m[38;2;216;216;216m▄[48;2;215;215;215m[38;2;215;215;215m▄[48;2;215;215;215m[38;2;215;215;215m▄[48;2;215;214;215m[38;2;215;214;215m▄[48;2;214;214;214m[38;2;213;214;213m▄[48;2;213;213;213m[38;2;213;213;213m▄[48;2;212;212;212m[38;2;212;212;212m▄[48;2;211;211;211m[38;2;211;211;211m▄[48;2;210;210;210m[38;2;210;210;210m▄[48;2;210;210;210m[38;2;210;210;210m▄[48;2;210;210;210m[38;2;210;210;210m▄[48;2;209;209;209m[38;2;210;210;210m▄[48;2;209;209;209m[38;2;209;209;209m▄[48;2;208;208;208m[38;2;208;208;208m▄[48;2;209;209;209m[38;2;209;208;209m▄[48;2;208;208;208m[38;2;208;208;208m▄[48;2;207;207;207m[38;2;207;207;207m▄[48;2;207;207;207m[38;2;207;207;207m▄[0m
[48;2;218;218;218m[38;2;219;219;219m▄[48;2;220;220;220m[38;2;221;221;221m▄[48;2;221;221;221m[38;2;221;221;221m▄[48;2;222;222;222m[38;2;221;221;221m▄[48;2;222;222;222m[38;2;223;223;223m▄[48;2;223;223;223m[38;2;223;223;223m▄[48;2;223;223;223m[38;2;224;224;224m▄[48;2;224;224;223m[38;2;224;224;224m▄[48;2;223;223;224m[38;2;224;224;224m▄[48;2;224;223;224m[38;2;224;224;224m▄[48;2;224;224;224m[38;2;224;224;224m▄[48;2;224;224;225m[38;2;224;224;224m▄[48;2;224;224;224m[38;2;224;224;224m▄[48;2;224;224;224m[38;2;225;225;225m▄[48;2;224;224;224m[38;2;224;224;224m▄[48;2;224;224;224m[38;2;224;224;224m▄[48;2;224;224;224m[38;2;223;223;223m▄[48;2;225;225;225m[38;2;224;224;224m▄[48;2;227;227;227m[38;2;226;226;226m▄[48;2;226;226;226m[38;2;226;226;226m▄[48;2;226;226;226m[38;2;224;224;224m▄[48;2;225;225;225m[38;2;224;224;224m▄[48;2;226;226;226m[38;2;224;224;224m▄[48;2;226;226;226m[38;2;223;224;224m▄[48;2;226;225;226m[38;2;225;225;225m▄[48;2;225;224;226m[38;2;224;224;224m▄[48;2;224;224;224m[38;2;224;224;224m▄[48;2;225;225;225m[38;2;223;223;223m▄[48;2;226;226;226m[38;2;216;219;219m▄[48;2;225;225;224m[38;2;223;222;225m▄[48;2;223;224;223m[38;2;232;228;232m▄[48;2;223;223;223m[38;2;224;224;224m▄[48;2;223;223;223m[38;2;223;223;223m▄[48;2;224;224;224m[38;2;224;224;224m▄[48;2;223;223;222m[38;2;228;226;229m▄[48;2;227;225;226m[38;2;206;213;207m▄[48;2;223;222;223m[38;2;221;222;221m▄[48;2;221;221;221m[38;2;223;222;223m▄[48;2;221;221;221m[38;2;220;220;220m▄[48;2;220;220;220m[38;2;220;220;220m▄[48;2;218;218;218m[38;2;218;218;218m▄[48;2;217;217;217m[38;2;217;217;217m▄[48;2;217;217;217m[38;2;217;217;217m▄[48;2;216;216;216m[38;2;216;216;216m▄[48;2;216;216;216m[38;2;216;216;216m▄[48;2;216;215;217m[38;2;216;216;216m▄[48;2;215;215;216m[38;2;215;215;215m▄[48;2;215;215;215m[38;2;215;215;215m▄[48;2;215;215;215m[38;2;214;214;214m▄[48;2;215;215;215m[38;2;215;215;215m▄[48;2;214;214;214m[38;2;214;214;214m▄[48;2;212;212;213m[38;2;213;213;213m▄[48;2;213;213;213m[38;2;213;212;212m▄[48;2;212;211;212m[38;2;211;211;212m▄[48;2;210;210;210m[38;2;210;210;211m▄[48;2;210;210;210m[38;2;210;210;210m▄[48;2;210;210;210m[38;2;210;210;210m▄[48;2;210;210;210m[38;2;210;210;210m▄[48;2;208;208;209m[38;2;209;209;209m▄[48;2;208;208;209m[38;2;209;208;208m▄[48;2;208;209;209m[38;2;209;209;209m▄[48;2;208;208;208m[38;2;207;208;208m▄[48;2;208;208;208m[38;2;208;208;208m▄[48;2;207;207;207m[38;2;207;207;207m▄[0m
[48;2;217;217;217m[38;2;218;218;218m▄[48;2;219;219;219m[38;2;218;218;218m▄[48;2;220;220;220m[38;2;220;220;220m▄[48;2;221;221;221m[38;2;220;220;220m▄[48;2;221;221;221m[38;2;221;221;221m▄[48;2;222;222;222m[38;2;222;222;222m▄[48;2;223;222;223m[38;2;222;222;222m▄[48;2;223;223;223m[38;2;223;223;223m▄[48;2;223;223;223m[38;2;223;223;223m▄[48;2;223;223;223m[38;2;223;223;223m▄[48;2;224;223;224m[38;2;223;223;223m▄[48;2;224;224;224m[38;2;223;223;223m▄[48;2;224;224;223m[38;2;223;223;223m▄[48;2;223;223;223m[38;2;223;223;223m▄[48;2;223;224;223m[38;2;224;224;224m▄[48;2;224;224;224m[38;2;224;224;225m▄[48;2;224;224;224m[38;2;224;224;224m▄[48;2;224;224;224m[38;2;224;224;224m▄[48;2;224;224;224m[38;2;224;224;224m▄[48;2;223;223;223m[38;2;223;223;223m▄[48;2;223;223;223m[38;2;223;223;223m▄[48;2;225;225;225m[38;2;225;225;225m▄[48;2;229;229;228m[38;2;226;226;226m▄[48;2;223;223;223m[38;2;225;225;225m▄[48;2;224;224;224m[38;2;224;224;224m▄[48;2;223;223;223m[38;2;222;223;221m▄[48;2;231;228;232m[38;2;232;228;234m▄[48;2;158;188;152m[38;2;161;189;157m▄[48;2;132;176;114m[38;2;151;194;101m▄[48;2;142;181;129m[38;2;149;194;90m▄[48;2;170;193;168m[38;2;130;180;83m▄[48;2;223;222;225m[38;2;136;175;123m▄[48;2;224;224;223m[38;2;234;229;237m▄[48;2;229;226;230m[38;2;179;199;177m▄[48;2;176;197;172m[38;2;106;162;70m▄[48;2;101;162;74m[38;2;121;168;96m▄[48;2;154;185;145m[38;2;176;192;175m▄[48;2;230;226;232m[38;2;218;217;218m▄[48;2;218;219;218m[38;2;218;219;218m▄[48;2;220;220;220m[38;2;219;219;219m▄[48;2;217;217;217m[38;2;217;217;217m▄[48;2;217;217;217m[38;2;217;217;217m▄[48;2;216;216;216m[38;2;216;216;216m▄[48;2;216;216;216m[38;2;216;216;216m▄[48;2;216;216;216m[38;2;216;216;216m▄[48;2;216;216;216m[38;2;216;216;216m▄[48;2;215;215;215m[38;2;215;215;215m▄[48;2;215;215;215m[38;2;215;215;215m▄[48;2;214;214;214m[38;2;215;215;215m▄[48;2;214;214;214m[38;2;214;214;214m▄[48;2;214;214;214m[38;2;213;213;213m▄[48;2;212;212;212m[38;2;213;213;213m▄[48;2;212;212;212m[38;2;213;213;213m▄[48;2;212;212;212m[38;2;212;212;212m▄[48;2;210;210;211m[38;2;210;210;210m▄[48;2;210;209;211m[38;2;210;210;210m▄[48;2;210;210;210m[38;2;210;210;210m▄[48;2;209;209;209m[38;2;210;210;210m▄[48;2;209;209;209m[38;2;208;208;208m▄[48;2;208;208;208m[38;2;208;208;208m▄[48;2;208;208;209m[38;2;208;208;208m▄[48;2;207;207;207m[38;2;208;208;208m▄[48;2;207;207;207m[38;2;207;207;207m▄[48;2;207;207;207m[38;2;207;207;207m▄[0m
[48;2;217;217;217m[38;2;216;216;216m▄[48;2;217;217;217m[38;2;217;217;217m▄[48;2;219;219;219m[38;2;218;218;218m▄[48;2;220;220;220m[38;2;220;220;220m▄[48;2;221;221;221m[38;2;220;220;220m▄[48;2;222;222;221m[38;2;221;221;221m▄[48;2;222;222;222m[38;2;222;222;222m▄[48;2;223;223;223m[38;2;222;222;222m▄[48;2;223;223;223m[38;2;222;222;222m▄[48;2;223;223;223m[38;2;222;222;222m▄[48;2;223;223;223m[38;2;224;224;223m▄[48;2;223;223;223m[38;2;224;224;223m▄[48;2;223;223;223m[38;2;223;223;223m▄[48;2;223;223;223m[38;2;223;223;223m▄[48;2;224;224;223m[38;2;223;223;223m▄[48;2;223;223;224m[38;2;223;223;223m▄[48;2;224;224;224m[38;2;223;223;223m▄[48;2;224;225;225m[38;2;227;227;227m▄[48;2;224;225;225m[38;2;226;226;226m▄[48;2;224;224;224m[38;2;223;223;223m▄[48;2;223;223;223m[38;2;223;223;223m▄[48;2;224;224;224m[38;2;223;223;224m▄[48;2;223;223;223m[38;2;223;223;223m▄[48;2;224;224;224m[38;2;223;223;223m▄[48;2;224;224;224m[38;2;223;223;223m▄[48;2;223;223;223m[38;2;223;223;223m▄[48;2;230;228;230m[38;2;222;221;221m▄[48;2;198;206;198m[38;2;232;234;237m▄[48;2;126;172;94m[38;2;161;193;162m▄[48;2;143;188;82m[38;2;118;177;79m▄[48;2;132;178;81m[38;2;118;181;80m▄[48;2;121;175;68m[38;2;102;166;76m▄[48;2;165;189;163m[38;2;87;153;70m▄[48;2;120;168;101m[38;2;97;149;87m▄[48;2;137;173;126m[38;2;149;180;139m▄[48;2;200;200;205m[38;2;136;177;116m▄[48;2;207;205;209m[38;2;140;177;124m▄[48;2;220;217;220m[38;2;161;187;158m▄[48;2;222;221;221m[38;2;211;214;214m▄[48;2;216;217;216m[38;2;224;221;224m▄[48;2;217;217;217m[38;2;215;216;216m▄[48;2;217;217;217m[38;2;217;216;217m▄[48;2;216;216;216m[38;2;216;216;216m▄[48;2;216;216;216m[38;2;216;216;216m▄[48;2;216;216;216m[38;2;215;215;215m▄[48;2;215;215;215m[38;2;215;215;215m▄[48;2;215;215;215m[38;2;215;215;215m▄[48;2;215;215;215m[38;2;214;214;214m▄[48;2;215;215;215m[38;2;214;214;214m▄[48;2;214;214;214m[38;2;213;213;214m▄[48;2;213;213;213m[38;2;213;213;213m▄[48;2;211;211;211m[38;2;212;212;212m▄[48;2;212;212;212m[38;2;211;211;211m▄[48;2;211;210;211m[38;2;210;210;210m▄[48;2;210;210;210m[38;2;210;210;210m▄[48;2;210;210;210m[38;2;210;210;210m▄[48;2;210;210;210m[38;2;210;210;211m▄[48;2;210;210;210m[38;2;209;209;209m▄[48;2;209;209;209m[38;2;208;208;209m▄[48;2;209;209;209m[38;2;208;208;209m▄[48;2;208;208;208m[38;2;207;208;207m▄[48;2;208;208;208m[38;2;208;208;208m▄[48;2;207;207;207m[38;2;207;207;207m▄[48;2;207;207;207m[38;2;207;207;207m▄[0m
[48;2;216;216;216m[38;2;216;216;216m▄[48;2;217;217;217m[38;2;216;216;216m▄[48;2;217;217;217m[38;2;217;217;217m▄[48;2;219;219;219m[38;2;217;217;217m▄[48;2;220;220;220m[38;2;219;219;219m▄[48;2;220;220;221m[38;2;219;219;219m▄[48;2;221;220;222m[38;2;219;219;220m▄[48;2;221;221;221m[38;2;222;221;222m▄[48;2;222;222;222m[38;2;221;221;221m▄[48;2;222;221;222m[38;2;223;223;222m▄[48;2;224;224;223m[38;2;226;225;223m▄[48;2;224;224;224m[38;2;222;222;222m▄[48;2;223;223;223m[38;2;225;225;222m▄[48;2;224;224;224m[38;2;223;222;222m▄[48;2;223;223;223m[38;2;223;222;223m▄[48;2;223;223;223m[38;2;223;222;223m▄[48;2;223;223;223m[38;2;223;223;223m▄[48;2;224;224;224m[38;2;222;222;223m▄[48;2;224;224;224m[38;2;223;223;223m▄[48;2;223;223;223m[38;2;223;223;223m▄[48;2;223;223;223m[38;2;223;223;223m▄[48;2;223;223;223m[38;2;223;223;223m▄[48;2;223;223;224m[38;2;223;223;223m▄[48;2;224;224;224m[38;2;223;223;223m▄[48;2;223;223;222m[38;2;223;222;223m▄[48;2;223;222;222m[38;2;224;229;228m▄[48;2;224;231;229m[38;2;211;162;173m▄[48;2;215;187;194m[38;2;220;140;156m▄[48;2;217;161;176m[38;2;229;147;159m▄[48;2;169;131;126m[38;2;235;134;153m▄[48;2;125;136;91m[38;2;218;105;131m▄[48;2;110;156;95m[38;2;205;119;137m▄[48;2;73;126;59m[38;2;215;146;153m▄[48;2;70;144;63m[38;2;123;145;94m▄[48;2;101;160;73m[38;2;91;159;64m▄[48;2;114;170;78m[38;2;120;180;75m▄[48;2;134;183;86m[38;2;127;183;73m▄[48;2;143;189;97m[38;2;137;184;74m▄[48;2;133;177;117m[38;2;107;163;73m▄[48;2;198;208;200m[38;2;165;187;165m▄[48;2;221;219;220m[38;2;223;220;223m▄[48;2;216;216;216m[38;2;215;216;215m▄[48;2;216;216;216m[38;2;216;216;216m▄[48;2;216;216;216m[38;2;216;216;216m▄[48;2;215;215;215m[38;2;215;215;215m▄[48;2;215;216;215m[38;2;215;215;215m▄[48;2;215;215;215m[38;2;215;215;215m▄[48;2;214;214;214m[38;2;214;214;214m▄[48;2;214;214;214m[38;2;214;214;214m▄[48;2;213;213;213m[38;2;213;213;214m▄[48;2;213;213;213m[38;2;212;212;212m▄[48;2;212;212;212m[38;2;211;211;211m▄[48;2;211;211;211m[38;2;210;210;210m▄[48;2;210;210;210m[38;2;210;210;210m▄[48;2;210;210;210m[38;2;210;210;210m▄[48;2;210;211;211m[38;2;210;210;210m▄[48;2;211;211;211m[38;2;209;209;209m▄[48;2;210;210;210m[38;2;209;209;209m▄[48;2;209;209;209m[38;2;209;209;209m▄[48;2;209;209;209m[38;2;208;208;209m▄[48;2;208;208;208m[38;2;208;208;208m▄[48;2;208;208;208m[38;2;207;207;207m▄[48;2;208;207;208m[38;2;207;207;208m▄[48;2;207;206;207m[38;2;207;207;207m▄[0m
[48;2;216;216;216m[38;2;216;216;216m▄[48;2;216;216;216m[38;2;216;216;216m▄[48;2;216;216;216m[38;2;216;216;216m▄[48;2;217;217;217m[38;2;217;217;217m▄[48;2;217;217;217m[38;2;217;217;217m▄[48;2;219;219;219m[38;2;217;217;217m▄[48;2;220;220;220m[38;2;219;219;219m▄[48;2;220;220;221m[38;2;220;220;220m▄[48;2;221;221;221m[38;2;219;219;219m▄[48;2;222;222;222m[38;2;221;221;220m▄[48;2;225;225;223m[38;2;220;220;221m▄[48;2;224;224;222m[38;2;221;221;221m▄[48;2;223;222;221m[38;2;221;221;221m▄[48;2;222;222;222m[38;2;221;221;221m▄[48;2;222;222;223m[38;2;222;222;222m▄[48;2;222;222;222m[38;2;222;222;221m▄[48;2;222;222;222m[38;2;222;222;222m▄[48;2;222;222;222m[38;2;222;222;222m▄[48;2;222;222;222m[38;2;222;222;222m▄[48;2;222;222;222m[38;2;222;222;222m▄[48;2;222;222;222m[38;2;222;222;222m▄[48;2;223;223;223m[38;2;222;222;222m▄[48;2;222;222;222m[38;2;222;222;222m▄[48;2;222;220;221m[38;2;223;223;223m▄[48;2;224;232;230m[38;2;220;216;217m▄[48;2;212;175;184m[38;2;213;135;153m▄[48;2;221;138;153m[38;2;235;165;173m▄[48;2;235;161;169m[38;2;227;131;143m▄[48;2;227;133;144m[38;2;226;128;141m▄[48;2;212;100;118m[38;2;211;108;127m▄[48;2;211;115;134m[38;2;232;164;172m▄[48;2;233;157;166m[38;2;228;133;146m▄[48;2;235;141;155m[38;2;227;133;146m▄[48;2;232;134;149m[38;2;229;136;149m▄[48;2;175;137;119m[38;2;239;137;154m▄[48;2;135;145;92m[38;2;235;132;150m▄[48;2;129;157;94m[38;2;225;127;145m▄[48;2;135;173;129m[38;2;206;189;198m▄[48;2;176;185;176m[38;2;206;206;208m▄[48;2;206;203;206m[38;2;205;205;204m▄[48;2;210;210;210m[38;2;214;214;214m▄[48;2;217;217;217m[38;2;216;216;216m▄[48;2;217;217;216m[38;2;216;216;217m▄[48;2;216;216;216m[38;2;216;215;216m▄[48;2;215;215;215m[38;2;215;215;215m▄[48;2;215;215;215m[38;2;215;215;215m▄[48;2;214;214;214m[38;2;214;214;214m▄[48;2;214;214;214m[38;2;214;214;215m▄[48;2;213;214;213m[38;2;218;218;218m▄[48;2;212;212;212m[38;2;211;211;211m▄[48;2;211;211;212m[38;2;211;212;211m▄[48;2;211;211;211m[38;2;211;211;211m▄[48;2;210;210;210m[38;2;210;210;211m▄[48;2;210;210;210m[38;2;210;210;210m▄[48;2;210;210;210m[38;2;210;210;210m▄[48;2;211;211;211m[38;2;210;210;210m▄[48;2;209;209;209m[38;2;209;209;209m▄[48;2;208;208;208m[38;2;208;208;208m▄[48;2;209;209;209m[38;2;209;209;209m▄[48;2;208;208;208m[38;2;208;208;208m▄[48;2;208;208;208m[38;2;208;208;208m▄[48;2;207;207;207m[38;2;207;207;207m▄[48;2;207;207;207m[38;2;207;207;207m▄[48;2;207;207;207m[38;2;206;206;206m▄[0m
[48;2;216;216;216m[38;2;216;216;216m▄[48;2;216;216;216m[38;2;216;216;216m▄[48;2;216;216;216m[38;2;216;216;216m▄[48;2;216;216;216m[38;2;216;216;216m▄[48;2;217;217;217m[38;2;216;216;216m▄[48;2;217;217;217m[38;2;217;217;217m▄[48;2;217;217;217m[38;2;217;217;217m▄[48;2;218;218;218m[38;2;217;217;217m▄[48;2;218;218;218m[38;2;217;217;217m▄[48;2;219;219;219m[38;2;218;218;218m▄[48;2;220;219;220m[38;2;219;219;219m▄[48;2;220;220;220m[38;2;220;220;219m▄[48;2;221;221;221m[38;2;220;220;220m▄[48;2;221;221;221m[38;2;220;220;220m▄[48;2;221;221;221m[38;2;221;221;221m▄[48;2;221;221;221m[38;2;221;221;221m▄[48;2;222;222;222m[38;2;221;221;221m▄[48;2;222;222;222m[38;2;221;221;221m▄[48;2;222;222;222m[38;2;221;221;221m▄[48;2;222;222;222m[38;2;221;221;221m▄[48;2;221;221;221m[38;2;221;221;221m▄[48;2;222;222;222m[38;2;221;221;221m▄[48;2;221;220;220m[38;2;221;219;219m▄[48;2;224;230;228m[38;2;223;231;228m▄[48;2;214;186;193m[38;2;212;173;182m▄[48;2;222;143;156m[38;2;226;146;159m▄[48;2;232;148;158m[38;2;230;141;153m▄[48;2;228;134;146m[38;2;227;133;144m▄[48;2;225;127;141m[38;2;229;138;148m▄[48;2;224;138;151m[38;2;232;154;162m▄[48;2;232;146;157m[38;2;227;133;145m▄[48;2;227;132;145m[38;2;228;136;148m▄[48;2;229;136;149m[38;2;228;136;147m▄[48;2;229;135;148m[38;2;228;136;147m▄[48;2;226;136;146m[38;2;228;135;146m▄[48;2;227;137;147m[38;2;229;136;146m▄[48;2;222;105;123m[38;2;225;117;132m▄[48;2;204;123;141m[38;2;211;104;125m▄[48;2;209;214;214m[38;2;206;194;197m▄[48;2;216;215;215m[38;2;216;219;218m▄[48;2;216;216;216m[38;2;215;215;215m▄[48;2;215;215;216m[38;2;215;215;215m▄[48;2;215;215;216m[38;2;215;215;215m▄[48;2;215;215;215m[38;2;215;215;215m▄[48;2;215;215;215m[38;2;215;215;215m▄[48;2;214;214;214m[38;2;214;214;214m▄[48;2;213;213;214m[38;2;214;214;214m▄[48;2;216;216;216m[38;2;213;213;213m▄[48;2;217;217;217m[38;2;211;211;211m▄[48;2;211;211;213m[38;2;212;212;212m▄[48;2;212;211;212m[38;2;210;211;211m▄[48;2;210;210;210m[38;2;210;210;210m▄[48;2;210;209;210m[38;2;210;210;210m▄[48;2;210;210;210m[38;2;210;210;210m▄[48;2;210;210;210m[38;2;210;210;210m▄[48;2;209;209;209m[38;2;210;210;210m▄[48;2;208;208;208m[38;2;208;208;208m▄[48;2;208;208;209m[38;2;208;208;209m▄[48;2;208;208;208m[38;2;208;208;208m▄[48;2;208;208;208m[38;2;207;207;207m▄[48;2;207;207;207m[38;2;207;207;207m▄[48;2;207;207;207m[38;2;206;206;207m▄[48;2;207;207;206m[38;2;205;205;206m▄[48;2;205;205;205m[38;2;204;204;204m▄[0m
[48;2;215;215;215m[38;2;215;215;215m▄[48;2;216;216;216m[38;2;215;215;215m▄[48;2;216;216;216m[38;2;216;216;216m▄[48;2;216;216;216m[38;2;216;216;216m▄[48;2;216;216;216m[38;2;216;216;216m▄[48;2;216;216;216m[38;2;216;216;216m▄[48;2;216;216;216m[38;2;216;216;216m▄[48;2;216;216;216m[38;2;216;216;216m▄[48;2;217;217;217m[38;2;216;216;216m▄[48;2;217;217;217m[38;2;217;217;217m▄[48;2;217;217;217m[38;2;217;217;217m▄[48;2;218;218;218m[38;2;217;217;217m▄[48;2;218;218;218m[38;2;217;217;217m▄[48;2;220;219;220m[38;2;218;217;219m▄[48;2;220;219;220m[38;2;218;218;218m▄[48;2;220;220;220m[38;2;219;219;219m▄[48;2;220;220;220m[38;2;219;219;219m▄[48;2;220;220;221m[38;2;219;219;219m▄[48;2;220;220;221m[38;2;219;219;219m▄[48;2;220;220;220m[38;2;219;219;219m▄[48;2;220;220;220m[38;2;219;219;219m▄[48;2;221;221;220m[38;2;219;219;219m▄[48;2;220;219;219m[38;2;218;218;218m▄[48;2;222;229;227m[38;2;220;224;223m▄[48;2;211;173;184m[38;2;213;192;197m▄[48;2;226;146;159m[38;2;219;135;151m▄[48;2;230;142;153m[38;2;230;145;155m▄[48;2;227;134;146m[38;2;227;133;145m▄[48;2;228;137;149m[38;2;228;136;147m▄[48;2;229;139;150m[38;2;227;135;146m▄[48;2;228;135;146m[38;2;228;135;147m▄[48;2;229;136;147m[38;2;229;136;148m▄[48;2;229;136;147m[38;2;228;136;146m▄[48;2;228;135;146m[38;2;228;135;146m▄[48;2;228;135;147m[38;2;228;137;149m▄[48;2;228;135;146m[38;2;225;129;142m▄[48;2;223;115;130m[38;2;221;109;126m▄[48;2;212;104;123m[38;2;207;108;128m▄[48;2;198;181;185m[38;2;196;190;192m▄[48;2;213;217;216m[38;2;212;213;212m▄[48;2;216;215;215m[38;2;216;215;215m▄[48;2;215;215;215m[38;2;215;216;216m▄[48;2;214;214;214m[38;2;214;214;214m▄[48;2;214;214;214m[38;2;214;214;214m▄[48;2;214;214;214m[38;2;214;214;214m▄[48;2;214;214;214m[38;2;214;214;214m▄[48;2;213;213;213m[38;2;212;212;213m▄[48;2;213;213;213m[38;2;211;211;211m▄[48;2;212;212;212m[38;2;211;211;211m▄[48;2;211;211;211m[38;2;210;210;211m▄[48;2;210;210;210m[38;2;210;210;210m▄[48;2;209;209;209m[38;2;210;210;210m▄[48;2;210;210;210m[38;2;210;210;210m▄[48;2;210;210;210m[38;2;210;210;210m▄[48;2;210;210;210m[38;2;209;209;209m▄[48;2;209;209;209m[38;2;209;209;209m▄[48;2;209;209;209m[38;2;208;208;208m▄[48;2;209;209;209m[38;2;208;208;208m▄[48;2;208;208;208m[38;2;208;208;208m▄[48;2;207;207;207m[38;2;207;207;207m▄[48;2;206;206;207m[38;2;206;206;206m▄[48;2;206;206;207m[38;2;206;206;206m▄[48;2;205;204;205m[38;2;205;205;205m▄[48;2;204;204;204m[38;2;205;205;205m▄[0m
[48;2;215;215;216m[38;2;215;215;215m▄[48;2;215;214;216m[38;2;215;215;215m▄[48;2;215;215;215m[38;2;215;215;215m▄[48;2;216;216;216m[38;2;216;216;216m▄[48;2;216;216;216m[38;2;216;216;216m▄[48;2;216;216;216m[38;2;216;216;216m▄[48;2;216;216;216m[38;2;216;216;216m▄[48;2;216;216;216m[38;2;216;216;216m▄[48;2;216;216;216m[38;2;216;216;216m▄[48;2;216;216;216m[38;2;216;216;216m▄[48;2;216;216;216m[38;2;216;216;216m▄[48;2;216;216;216m[38;2;216;216;216m▄[48;2;217;217;217m[38;2;217;217;217m▄[48;2;217;217;217m[38;2;216;216;216m▄[48;2;217;217;217m[38;2;216;216;217m▄[48;2;217;217;217m[38;2;217;217;217m▄[48;2;218;218;218m[38;2;217;217;217m▄[48;2;218;218;218m[38;2;218;218;218m▄[48;2;219;218;218m[38;2;217;217;217m▄[48;2;219;219;219m[38;2;217;217;217m▄[48;2;218;218;218m[38;2;217;217;217m▄[48;2;217;217;217m[38;2;217;217;217m▄[48;2;217;217;217m[38;2;216;216;216m▄[48;2;218;217;218m[38;2;216;215;216m▄[48;2;215;215;216m[38;2;217;221;220m▄[48;2;218;165;175m[38;2;215;202;204m▄[48;2;234;157;166m[38;2;225;146;157m▄[48;2;226;130;142m[38;2;230;141;152m▄[48;2;228;136;148m[38;2;226;132;145m▄[48;2;228;135;147m[38;2;227;134;145m▄[48;2;228;134;146m[38;2;229;137;148m▄[48;2;227;136;146m[38;2;228;137;147m▄[48;2;227;136;147m[38;2;228;136;147m▄[48;2;228;135;147m[38;2;227;135;146m▄[48;2;230;138;150m[38;2;220;117;132m▄[48;2;220;115;130m[38;2;219;105;123m▄[48;2;222;110;126m[38;2;214;122;137m▄[48;2;199;138;151m[38;2;194;191;192m▄[48;2;197;204;202m[38;2;200;202;202m▄[48;2;212;210;211m[38;2;213;212;213m▄[48;2;215;215;215m[38;2;214;214;214m▄[48;2;214;215;215m[38;2;214;214;214m▄[48;2;214;214;214m[38;2;214;214;214m▄[48;2;214;214;214m[38;2;213;213;213m▄[48;2;214;214;214m[38;2;213;213;213m▄[48;2;214;213;214m[38;2;212;212;212m▄[48;2;212;212;212m[38;2;211;211;211m▄[48;2;212;212;211m[38;2;211;211;211m▄[48;2;210;210;210m[38;2;210;210;210m▄[48;2;210;210;210m[38;2;210;210;210m▄[48;2;210;210;210m[38;2;210;210;211m▄[48;2;212;212;212m[38;2;209;210;210m▄[48;2;211;211;211m[38;2;209;209;209m▄[48;2;209;209;209m[38;2;209;209;209m▄[48;2;208;208;208m[38;2;208;208;208m▄[48;2;208;208;208m[38;2;209;209;209m▄[48;2;208;208;208m[38;2;208;208;208m▄[48;2;208;208;208m[38;2;207;207;207m▄[48;2;207;207;207m[38;2;207;207;207m▄[48;2;207;207;207m[38;2;207;207;207m▄[48;2;207;207;207m[38;2;207;207;207m▄[48;2;206;206;206m[38;2;205;205;205m▄[48;2;204;204;204m[38;2;204;204;204m▄[48;2;204;204;204m[38;2;204;204;204m▄[0m
[48;2;215;215;215m[38;2;215;215;215m▄[48;2;215;215;215m[38;2;214;214;214m▄[48;2;215;215;215m[38;2;215;215;215m▄[48;2;215;215;215m[38;2;214;214;214m▄[48;2;215;215;216m[38;2;215;215;215m▄[48;2;216;216;216m[38;2;216;216;216m▄[48;2;217;217;217m[38;2;215;215;215m▄[48;2;216;216;216m[38;2;216;216;216m▄[48;2;216;216;216m[38;2;216;216;216m▄[48;2;216;216;216m[38;2;216;216;216m▄[48;2;216;216;216m[38;2;216;216;216m▄[48;2;216;216;216m[38;2;216;216;216m▄[48;2;216;216;216m[38;2;216;216;216m▄[48;2;216;216;216m[38;2;216;216;216m▄[48;2;216;216;216m[38;2;216;216;216m▄[48;2;217;217;217m[38;2;216;216;216m▄[48;2;216;216;216m[38;2;216;216;216m▄[48;2;216;216;216m[38;2;216;216;216m▄[48;2;216;216;216m[38;2;216;216;216m▄[48;2;217;217;217m[38;2;216;216;216m▄[48;2;217;217;217m[38;2;217;217;217m▄[48;2;217;217;218m[38;2;217;217;217m▄[48;2;217;216;217m[38;2;217;217;217m▄[48;2;216;216;216m[38;2;216;216;216m▄[48;2;216;216;216m[38;2;216;215;215m▄[48;2;215;216;216m[38;2;217;219;219m▄[48;2;206;134;151m[38;2;212;207;209m▄[48;2;226;128;143m[38;2;200;129;145m▄[48;2;230;139;150m[38;2;207;106;126m▄[48;2;229;136;147m[38;2;210;107;126m▄[48;2;218;113;130m[38;2;196;98;120m▄[48;2;227;129;141m[38;2;198;110;129m▄[48;2;224;120;134m[38;2;206;97;120m▄[48;2;217;107;123m[38;2;210;95;118m▄[48;2;220;108;125m[38;2;203;100;122m▄[48;2;210;94;117m[38;2;189;144;156m▄[48;2;190;149;159m[38;2;193;199;197m▄[48;2;196;202;201m[38;2;202;201;201m▄[48;2;207;205;206m[38;2;212;212;212m▄[48;2;214;214;214m[38;2;214;214;214m▄[48;2;214;214;214m[38;2;214;214;214m▄[48;2;214;214;214m[38;2;213;214;213m▄[48;2;213;213;213m[38;2;213;212;213m▄[48;2;212;212;212m[38;2;212;211;212m▄[48;2;212;212;213m[38;2;212;212;212m▄[48;2;211;211;211m[38;2;211;211;211m▄[48;2;211;211;211m[38;2;210;210;210m▄[48;2;210;210;210m[38;2;210;210;210m▄[48;2;210;210;210m[38;2;210;210;210m▄[48;2;210;209;212m[38;2;210;210;210m▄[48;2;210;210;211m[38;2;209;209;209m▄[48;2;210;210;210m[38;2;210;210;210m▄[48;2;209;209;210m[38;2;208;208;208m▄[48;2;208;208;208m[38;2;209;209;209m▄[48;2;207;208;207m[38;2;212;213;214m▄[48;2;209;209;209m[38;2;207;207;208m▄[48;2;208;208;208m[38;2;208;208;207m▄[48;2;207;207;207m[38;2;207;207;207m▄[48;2;207;207;207m[38;2;207;207;207m▄[48;2;207;207;207m[38;2;207;206;207m▄[48;2;206;206;206m[38;2;205;204;206m▄[48;2;205;205;205m[38;2;205;204;205m▄[48;2;204;204;203m[38;2;204;204;203m▄[48;2;203;203;203m[38;2;203;203;203m▄[0m
[48;2;214;214;214m[38;2;213;213;213m▄[48;2;214;214;214m[38;2;214;214;214m▄[48;2;214;214;214m[38;2;214;214;214m▄[48;2;215;215;215m[38;2;214;214;214m▄[48;2;215;215;215m[38;2;215;215;215m▄[48;2;215;215;215m[38;2;214;214;214m▄[48;2;215;215;215m[38;2;216;216;216m▄[48;2;215;215;215m[38;2;216;216;216m▄[48;2;215;215;215m[38;2;215;215;215m▄[48;2;216;216;216m[38;2;216;216;216m▄[48;2;216;216;216m[38;2;215;215;215m▄[48;2;216;216;216m[38;2;216;216;216m▄[48;2;217;216;216m[38;2;216;216;216m▄[48;2;216;216;216m[38;2;216;216;216m▄[48;2;216;216;216m[38;2;217;217;217m▄[48;2;216;216;216m[38;2;216;216;216m▄[48;2;216;216;216m[38;2;216;216;216m▄[48;2;216;216;216m[38;2;216;216;216m▄[48;2;217;217;217m[38;2;217;217;217m▄[48;2;217;217;217m[38;2;217;217;217m▄[48;2;217;217;217m[38;2;217;217;217m▄[48;2;217;216;217m[38;2;217;217;217m▄[48;2;217;217;217m[38;2;217;217;217m▄[48;2;217;217;217m[38;2;218;218;218m▄[48;2;216;216;216m[38;2;218;218;218m▄[48;2;215;214;214m[38;2;216;215;215m▄[48;2;216;218;217m[38;2;215;214;214m▄[48;2;210;215;214m[38;2;215;214;214m▄[48;2;195;182;186m[38;2;213;216;215m▄[48;2;191;171;176m[38;2;208;212;211m▄[48;2;193;190;192m[38;2;206;207;207m▄[48;2;195;198;199m[38;2;208;208;208m▄[48;2;194;177;182m[38;2;208;213;212m▄[48;2;191;166;173m[38;2;206;212;210m▄[48;2;190;182;184m[38;2;204;206;205m▄[48;2;194;200;199m[38;2;205;204;204m▄[48;2;200;199;199m[38;2;211;211;211m▄[48;2;209;209;209m[38;2;213;213;213m▄[48;2;214;214;214m[38;2;213;213;213m▄[48;2;214;213;214m[38;2;214;214;213m▄[48;2;213;213;213m[38;2;213;213;213m▄[48;2;213;213;213m[38;2;211;211;213m▄[48;2;212;212;213m[38;2;210;211;210m▄[48;2;211;211;211m[38;2;211;211;211m▄[48;2;210;210;210m[38;2;210;210;210m▄[48;2;210;210;210m[38;2;210;210;210m▄[48;2;211;211;211m[38;2;211;211;211m▄[48;2;210;210;210m[38;2;210;210;210m▄[48;2;209;209;209m[38;2;209;209;209m▄[48;2;210;210;209m[38;2;209;209;209m▄[48;2;209;209;210m[38;2;209;209;209m▄[48;2;209;209;210m[38;2;209;208;209m▄[48;2;209;208;210m[38;2;209;208;211m▄[48;2;209;208;210m[38;2;209;208;211m▄[48;2;209;209;210m[38;2;208;208;209m▄[48;2;209;208;209m[38;2;208;208;208m▄[48;2;207;207;207m[38;2;207;207;207m▄[48;2;207;207;207m[38;2;207;207;207m▄[48;2;206;206;206m[38;2;207;207;206m▄[48;2;206;206;206m[38;2;205;205;205m▄[48;2;204;204;205m[38;2;203;203;204m▄[48;2;203;203;204m[38;2;203;203;204m▄[48;2;203;203;203m[38;2;204;204;204m▄[48;2;203;203;203m[38;2;203;203;203m▄[0m
[48;2;212;212;212m[38;2;211;211;211m▄[48;2;214;213;214m[38;2;212;212;213m▄[48;2;214;214;214m[38;2;213;213;214m▄[48;2;215;215;215m[38;2;214;214;214m▄[48;2;214;214;214m[38;2;214;214;214m▄[48;2;214;214;214m[38;2;214;214;214m▄[48;2;214;214;214m[38;2;214;214;214m▄[48;2;215;215;215m[38;2;214;214;214m▄[48;2;215;215;215m[38;2;214;214;214m▄[48;2;215;215;215m[38;2;214;214;214m▄[48;2;215;215;215m[38;2;215;215;215m▄[48;2;215;215;215m[38;2;215;215;215m▄[48;2;215;215;215m[38;2;214;214;214m▄[48;2;215;215;215m[38;2;215;215;215m▄[48;2;215;215;215m[38;2;215;215;215m▄[48;2;216;216;216m[38;2;215;215;215m▄[48;2;216;216;216m[38;2;215;215;215m▄[48;2;216;216;216m[38;2;215;215;215m▄[48;2;215;215;215m[38;2;216;216;216m▄[48;2;216;216;216m[38;2;216;216;216m▄[48;2;217;217;217m[38;2;216;215;215m▄[48;2;216;216;216m[38;2;215;215;215m▄[48;2;217;216;216m[38;2;216;215;215m▄[48;2;218;216;217m[38;2;216;216;216m▄[48;2;217;217;217m[38;2;216;216;216m▄[48;2;215;215;215m[38;2;215;215;215m▄[48;2;215;215;215m[38;2;215;215;215m▄[48;2;214;214;214m[38;2;214;214;214m▄[48;2;214;213;214m[38;2;214;214;214m▄[48;2;214;213;214m[38;2;214;214;214m▄[48;2;214;214;214m[38;2;214;214;214m▄[48;2;214;214;214m[38;2;214;214;214m▄[48;2;214;214;214m[38;2;214;214;214m▄[48;2;214;212;213m[38;2;214;213;213m▄[48;2;213;213;213m[38;2;213;213;213m▄[48;2;213;213;213m[38;2;213;213;213m▄[48;2;214;214;214m[38;2;212;212;212m▄[48;2;212;212;212m[38;2;212;212;212m▄[48;2;212;212;212m[38;2;212;212;212m▄[48;2;213;213;213m[38;2;211;211;211m▄[48;2;212;212;212m[38;2;211;211;211m▄[48;2;211;211;211m[38;2;211;211;211m▄[48;2;210;210;210m[38;2;210;210;210m▄[48;2;210;210;210m[38;2;210;209;210m▄[48;2;210;210;210m[38;2;210;210;210m▄[48;2;210;210;210m[38;2;210;210;210m▄[48;2;210;210;210m[38;2;210;210;209m▄[48;2;210;209;209m[38;2;210;210;209m▄[48;2;209;209;209m[38;2;208;208;208m▄[48;2;209;208;209m[38;2;208;208;208m▄[48;2;209;208;209m[38;2;208;208;209m▄[48;2;208;208;209m[38;2;207;208;208m▄[48;2;208;208;208m[38;2;208;208;208m▄[48;2;208;208;209m[38;2;207;207;207m▄[48;2;208;207;209m[38;2;207;207;207m▄[48;2;207;207;208m[38;2;207;207;207m▄[48;2;207;207;207m[38;2;207;207;207m▄[48;2;207;207;207m[38;2;207;207;205m▄[48;2;206;206;206m[38;2;204;205;204m▄[48;2;205;205;205m[38;2;203;204;204m▄[48;2;203;203;204m[38;2;203;203;204m▄[48;2;203;203;203m[38;2;203;203;203m▄[48;2;203;203;203m[38;2;203;203;203m▄[48;2;203;203;203m[38;2;202;202;202m▄[0m
[48;2;210;210;210m[38;2;211;211;211m▄[48;2;211;211;211m[38;2;210;210;210m▄[48;2;212;212;212m[38;2;210;210;210m▄[48;2;213;212;213m[38;2;211;211;211m▄[48;2;213;213;213m[38;2;212;212;212m▄[48;2;214;214;214m[38;2;212;212;212m▄[48;2;214;214;214m[38;2;213;213;213m▄[48;2;214;214;214m[38;2;214;214;214m▄[48;2;214;215;214m[38;2;214;214;214m▄[48;2;214;214;214m[38;2;214;214;214m▄[48;2;214;214;214m[38;2;214;214;214m▄[48;2;214;214;215m[38;2;214;214;214m▄[48;2;215;215;215m[38;2;214;214;215m▄[48;2;214;214;214m[38;2;214;214;214m▄[48;2;215;215;215m[38;2;214;214;214m▄[48;2;215;215;215m[38;2;214;214;214m▄[48;2;215;215;215m[38;2;215;215;215m▄[48;2;215;215;215m[38;2;214;214;214m▄[48;2;216;216;216m[38;2;214;216;216m▄[48;2;215;216;216m[38;2;215;211;210m▄[48;2;214;219;219m[38;2;219;182;188m▄[48;2;215;218;218m[38;2;226;178;185m▄[48;2;214;218;217m[38;2;223;196;200m▄[48;2;215;215;215m[38;2;214;216;216m▄[48;2;215;215;215m[38;2;215;214;214m▄[48;2;214;214;214m[38;2;214;214;214m▄[48;2;214;214;214m[38;2;214;214;214m▄[48;2;214;214;214m[38;2;214;214;214m▄[48;2;214;214;214m[38;2;213;213;213m▄[48;2;214;214;214m[38;2;213;212;213m▄[48;2;214;214;214m[38;2;212;212;213m▄[48;2;213;213;213m[38;2;212;211;212m▄[48;2;212;212;213m[38;2;211;211;212m▄[48;2;213;212;213m[38;2;211;211;211m▄[48;2;212;212;212m[38;2;211;211;211m▄[48;2;212;212;212m[38;2;211;211;211m▄[48;2;211;211;211m[38;2;211;211;211m▄[48;2;211;211;211m[38;2;210;210;210m▄[48;2;211;211;211m[38;2;210;210;210m▄[48;2;210;210;210m[38;2;210;210;210m▄[48;2;211;211;211m[38;2;210;210;211m▄[48;2;210;210;211m[38;2;209;209;210m▄[48;2;210;209;211m[38;2;209;209;210m▄[48;2;210;210;210m[38;2;210;210;210m▄[48;2;210;210;209m[38;2;209;209;210m▄[48;2;209;209;210m[38;2;209;209;209m▄[48;2;209;208;210m[38;2;209;208;210m▄[48;2;209;208;209m[38;2;208;208;208m▄[48;2;208;208;208m[38;2;208;208;208m▄[48;2;208;208;208m[38;2;207;207;207m▄[48;2;207;208;208m[38;2;207;207;207m▄[48;2;207;207;207m[38;2;207;207;207m▄[48;2;207;207;207m[38;2;207;207;207m▄[48;2;207;207;207m[38;2;207;207;208m▄[48;2;206;206;206m[38;2;207;207;207m▄[48;2;206;206;207m[38;2;205;205;206m▄[48;2;206;206;206m[38;2;205;204;205m▄[48;2;205;205;204m[38;2;204;203;204m▄[48;2;203;204;205m[38;2;202;202;205m▄[48;2;203;203;205m[38;2;203;202;204m▄[48;2;203;202;205m[38;2;203;202;204m▄[48;2;202;201;204m[38;2;202;202;203m▄[48;2;202;201;203m[38;2;201;201;202m▄[48;2;202;201;203m[38;2;202;202;202m▄[0m
[48;2;210;210;210m[38;2;210;210;210m▄[48;2;210;210;210m[38;2;210;210;210m▄[48;2;210;210;210m[38;2;210;210;210m▄[48;2;210;210;210m[38;2;210;210;210m▄[48;2;210;210;210m[38;2;210;210;210m▄[48;2;211;211;211m[38;2;211;210;211m▄[48;2;211;211;212m[38;2;210;210;211m▄[48;2;212;212;212m[38;2;211;211;211m▄[48;2;213;213;213m[38;2;211;211;211m▄[48;2;213;213;213m[38;2;212;211;212m▄[48;2;213;213;213m[38;2;211;211;211m▄[48;2;213;213;214m[38;2;211;211;212m▄[48;2;213;213;214m[38;2;212;212;212m▄[48;2;213;214;214m[38;2;212;212;212m▄[48;2;213;214;214m[38;2;212;212;212m▄[48;2;214;214;214m[38;2;213;213;213m▄[48;2;214;214;214m[38;2;213;213;213m▄[48;2;214;214;214m[38;2;212;213;213m▄[48;2;214;217;216m[38;2;213;210;211m▄[48;2;219;166;177m[38;2;215;186;193m▄[48;2;223;158;169m[38;2;220;168;178m▄[48;2;219;178;183m[38;2;223;164;175m▄[48;2;229;168;178m[38;2;217;175;185m▄[48;2;212;206;207m[38;2;202;203;204m▄[48;2;213;215;214m[38;2;209;210;210m▄[48;2;214;213;214m[38;2;213;214;213m▄[48;2;213;213;213m[38;2;212;212;212m▄[48;2;212;212;212m[38;2;210;210;211m▄[48;2;212;212;212m[38;2;209;210;210m▄[48;2;212;211;211m[38;2;208;209;209m▄[48;2;212;212;211m[38;2;209;209;209m▄[48;2;211;211;211m[38;2;209;209;209m▄[48;2;211;211;211m[38;2;209;209;210m▄[48;2;211;211;211m[38;2;209;209;210m▄[48;2;211;211;211m[38;2;208;209;208m▄[48;2;210;210;210m[38;2;208;208;208m▄[48;2;210;210;210m[38;2;208;208;209m▄[48;2;210;210;210m[38;2;208;208;209m▄[48;2;210;210;210m[38;2;209;210;210m▄[48;2;209;209;209m[38;2;211;210;212m▄[48;2;210;210;210m[38;2;210;210;210m▄[48;2;210;210;210m[38;2;209;209;209m▄[48;2;210;210;209m[38;2;208;208;210m▄[48;2;209;209;210m[38;2;207;207;208m▄[48;2;208;208;209m[38;2;208;208;208m▄[48;2;208;208;209m[38;2;208;208;208m▄[48;2;208;208;208m[38;2;207;207;208m▄[48;2;208;208;208m[38;2;207;207;207m▄[48;2;207;207;207m[38;2;207;207;207m▄[48;2;207;207;207m[38;2;207;207;207m▄[48;2;207;207;207m[38;2;206;206;207m▄[48;2;206;206;206m[38;2;205;205;206m▄[48;2;206;206;206m[38;2;205;205;205m▄[48;2;206;206;206m[38;2;204;204;204m▄[48;2;205;205;205m[38;2;203;203;203m▄[48;2;204;204;204m[38;2;203;203;203m▄[48;2;204;204;203m[38;2;204;204;204m▄[48;2;203;203;203m[38;2;203;203;203m▄[48;2;203;203;203m[38;2;202;202;202m▄[48;2;202;203;203m[38;2;202;202;202m▄[48;2;202;202;203m[38;2;202;201;202m▄[48;2;202;202;202m[38;2;202;201;202m▄[48;2;201;201;201m[38;2;201;201;202m▄[48;2;202;202;202m[38;2;201;201;201m▄[0m
[48;2;211;211;211m[38;2;214;214;214m▄[48;2;211;211;211m[38;2;214;214;214m▄[48;2;211;211;212m[38;2;214;214;214m▄[48;2;212;212;212m[38;2;215;215;215m▄[48;2;212;212;212m[38;2;215;215;215m▄[48;2;212;212;212m[38;2;215;215;215m▄[48;2;213;213;212m[38;2;215;215;215m▄[48;2;213;213;213m[38;2;215;215;215m▄[48;2;213;213;213m[38;2;215;215;215m▄[48;2;213;213;213m[38;2;216;216;216m▄[48;2;214;214;214m[38;2;216;216;216m▄[48;2;213;213;214m[38;2;216;216;216m▄[48;2;213;213;214m[38;2;216;216;216m▄[48;2;214;214;214m[38;2;216;216;216m▄[48;2;214;214;214m[38;2;216;216;216m▄[48;2;214;214;214m[38;2;216;216;216m▄[48;2;214;214;214m[38;2;215;215;215m▄[48;2;214;214;214m[38;2;216;216;216m▄[48;2;214;215;215m[38;2;215;218;217m▄[48;2;213;214;214m[38;2;217;207;209m▄[48;2;220;156;171m[38;2;217;178;187m▄[48;2;221;156;170m[38;2;210;178;184m▄[48;2;206;203;204m[38;2;220;149;163m▄[48;2;200;202;202m[38;2;203;208;206m▄[48;2;208;207;207m[38;2;204;203;204m▄[48;2;208;206;208m[38;2;199;191;194m▄[48;2;204;199;201m[38;2;194;182;183m▄[48;2;197;193;194m[38;2;192;178;179m▄[48;2;194;188;189m[38;2;192;174;176m▄[48;2;192;185;185m[38;2;191;172;174m▄[48;2;191;183;185m[38;2;191;173;173m▄[48;2;190;183;185m[38;2;190;172;173m▄[48;2;191;183;185m[38;2;191;172;173m▄[48;2;190;183;184m[38;2;191;171;173m▄[48;2;190;183;183m[38;2;190;172;173m▄[48;2;190;184;184m[38;2;190;173;175m▄[48;2;191;185;186m[38;2;192;178;178m▄[48;2;193;189;190m[38;2;195;182;184m▄[48;2;196;194;194m[38;2;198;189;190m▄[48;2;200;198;200m[38;2;202;197;196m▄[48;2;203;202;203m[38;2;205;204;204m▄[48;2;206;206;206m[38;2;208;208;209m▄[48;2;208;208;209m[38;2;210;209;210m▄[48;2;208;208;209m[38;2;209;209;209m▄[48;2;208;208;208m[38;2;209;209;209m▄[48;2;209;209;209m[38;2;209;209;210m▄[48;2;209;208;209m[38;2;209;209;210m▄[48;2;208;208;208m[38;2;209;209;209m▄[48;2;207;207;208m[38;2;209;209;209m▄[48;2;207;207;207m[38;2;209;209;209m▄[48;2;207;207;207m[38;2;208;208;209m▄[48;2;206;206;206m[38;2;208;208;208m▄[48;2;206;206;206m[38;2;207;207;208m▄[48;2;206;206;206m[38;2;208;207;208m▄[48;2;205;205;206m[38;2;207;207;208m▄[48;2;205;204;205m[38;2;207;207;207m▄[48;2;204;204;204m[38;2;207;207;207m▄[48;2;202;202;202m[38;2;205;205;206m▄[48;2;207;207;207m[38;2;213;213;213m▄[48;2;210;210;210m[38;2;218;218;218m▄[48;2;202;202;202m[38;2;205;205;205m▄[48;2;202;202;202m[38;2;203;203;204m▄[48;2;201;201;202m[38;2;203;202;203m▄[48;2;201;201;201m[38;2;202;202;202m▄[0m
[48;2;215;215;215m[38;2;216;216;216m▄[48;2;216;216;216m[38;2;217;217;217m▄[48;2;216;216;216m[38;2;217;217;217m▄[48;2;216;216;216m[38;2;217;217;217m▄[48;2;216;216;216m[38;2;218;218;218m▄[48;2;216;216;216m[38;2;218;218;218m▄[48;2;216;216;216m[38;2;218;218;218m▄[48;2;216;216;216m[38;2;219;219;219m▄[48;2;216;216;216m[38;2;219;219;219m▄[48;2;216;216;216m[38;2;220;220;220m▄[48;2;216;216;216m[38;2;220;220;220m▄[48;2;216;216;216m[38;2;219;219;219m▄[48;2;217;217;217m[38;2;219;219;219m▄[48;2;217;216;217m[38;2;220;220;220m▄[48;2;217;216;217m[38;2;219;219;219m▄[48;2;216;216;216m[38;2;219;219;219m▄[48;2;217;217;217m[38;2;219;219;219m▄[48;2;216;216;216m[38;2;219;219;219m▄[48;2;217;216;217m[38;2;218;219;219m▄[48;2;217;218;217m[38;2;217;217;217m▄[48;2;214;216;215m[38;2;215;214;215m▄[48;2;207;212;211m[38;2;213;213;213m▄[48;2;220;163;175m[38;2;209;215;214m▄[48;2;222;152;169m[38;2;210;200;202m▄[48;2;215;204;208m[38;2;213;210;211m▄[48;2;214;215;214m[38;2;217;218;217m▄[48;2;212;210;210m[38;2;218;218;218m▄[48;2;211;207;208m[38;2;218;218;218m▄[48;2;209;204;205m[38;2;218;219;219m▄[48;2;209;203;204m[38;2;217;218;218m▄[48;2;208;204;204m[38;2;217;218;218m▄[48;2;208;203;203m[38;2;217;218;218m▄[48;2;208;202;203m[38;2;217;218;218m▄[48;2;208;202;203m[38;2;217;218;218m▄[48;2;208;203;204m[38;2;217;218;218m▄[48;2;209;205;205m[38;2;217;218;218m▄[48;2;210;207;208m[38;2;216;217;217m▄[48;2;212;209;210m[38;2;216;216;216m▄[48;2;213;211;212m[38;2;215;215;215m▄[48;2;213;212;213m[38;2;215;215;216m▄[48;2;213;213;213m[38;2;216;215;216m▄[48;2;213;213;214m[38;2;215;215;215m▄[48;2;213;213;213m[38;2;214;214;215m▄[48;2;213;212;213m[38;2;215;215;215m▄[48;2;212;212;213m[38;2;215;215;215m▄[48;2;211;211;212m[38;2;214;214;214m▄[48;2;210;210;210m[38;2;214;214;214m▄[48;2;210;210;210m[38;2;213;213;213m▄[48;2;210;210;210m[38;2;213;213;213m▄[48;2;210;210;210m[38;2;212;212;212m▄[48;2;210;210;210m[38;2;211;211;211m▄[48;2;209;209;209m[38;2;211;211;211m▄[48;2;209;209;210m[38;2;210;210;210m▄[48;2;209;209;209m[38;2;209;209;209m▄[48;2;209;208;209m[38;2;210;210;210m▄[48;2;208;208;208m[38;2;209;209;209m▄[48;2;208;208;208m[38;2;209;209;209m▄[48;2;208;208;208m[38;2;209;209;209m▄[48;2;208;207;208m[38;2;208;208;209m▄[48;2;208;208;208m[38;2;208;208;209m▄[48;2;207;207;207m[38;2;208;208;208m▄[48;2;207;207;207m[38;2;208;208;208m▄[48;2;206;206;206m[38;2;208;207;208m▄[48;2;205;205;205m[38;2;208;208;208m▄[0m
[48;2;220;220;220m[38;2;223;223;223m▄[48;2;221;221;221m[38;2;224;224;224m▄[48;2;221;221;221m[38;2;223;223;223m▄[48;2;221;221;221m[38;2;224;224;224m▄[48;2;222;222;222m[38;2;224;224;224m▄[48;2;223;223;223m[38;2;224;224;224m▄[48;2;222;222;222m[38;2;224;224;224m▄[48;2;223;223;223m[38;2;224;224;224m▄[48;2;223;223;223m[38;2;224;224;224m▄[48;2;223;223;223m[38;2;224;224;224m▄[48;2;223;223;223m[38;2;223;223;223m▄[48;2;223;223;223m[38;2;224;224;224m▄[48;2;223;223;223m[38;2;224;224;224m▄[48;2;223;223;223m[38;2;223;223;223m▄[48;2;222;222;222m[38;2;223;223;223m▄[48;2;222;222;222m[38;2;223;223;223m▄[48;2;222;222;222m[38;2;223;223;223m▄[48;2;222;222;222m[38;2;223;223;223m▄[48;2;220;220;220m[38;2;224;223;223m▄[48;2;215;215;216m[38;2;224;223;223m▄[48;2;212;211;212m[38;2;223;223;223m▄[48;2;211;211;211m[38;2;222;222;222m▄[48;2;212;212;212m[38;2;223;222;222m▄[48;2;213;215;215m[38;2;222;221;221m▄[48;2;215;216;216m[38;2;222;222;222m▄[48;2;219;219;219m[38;2;222;222;222m▄[48;2;220;220;220m[38;2;222;222;222m▄[48;2;220;220;220m[38;2;222;222;222m▄[48;2;219;219;219m[38;2;222;222;222m▄[48;2;218;218;218m[38;2;221;221;221m▄[48;2;218;218;218m[38;2;221;221;221m▄[48;2;217;217;217m[38;2;221;221;221m▄[48;2;216;216;216m[38;2;221;221;221m▄[48;2;217;216;216m[38;2;220;220;220m▄[48;2;217;217;217m[38;2;219;219;219m▄[48;2;216;216;216m[38;2;218;218;218m▄[48;2;216;216;216m[38;2;218;218;218m▄[48;2;216;216;216m[38;2;216;216;216m▄[48;2;216;216;216m[38;2;216;216;216m▄[48;2;216;216;216m[38;2;217;216;217m▄[48;2;216;216;216m[38;2;216;216;216m▄[48;2;216;216;216m[38;2;216;216;216m▄[48;2;215;215;216m[38;2;217;217;216m▄[48;2;216;216;216m[38;2;217;217;217m▄[48;2;216;216;216m[38;2;216;216;216m▄[48;2;216;216;216m[38;2;216;216;216m▄[48;2;215;215;215m[38;2;216;216;216m▄[48;2;215;215;215m[38;2;216;216;216m▄[48;2;215;215;215m[38;2;216;216;216m▄[48;2;215;215;215m[38;2;216;216;216m▄[48;2;214;214;214m[38;2;215;215;215m▄[48;2;213;213;213m[38;2;215;215;215m▄[48;2;212;212;212m[38;2;215;215;215m▄[48;2;212;212;212m[38;2;214;214;214m▄[48;2;211;211;211m[38;2;214;214;214m▄[48;2;210;210;210m[38;2;213;213;213m▄[48;2;210;210;210m[38;2;212;212;212m▄[48;2;210;210;210m[38;2;211;211;211m▄[48;2;210;209;210m[38;2;210;210;210m▄[48;2;209;209;210m[38;2;210;210;210m▄[48;2;209;209;209m[38;2;209;209;209m▄[48;2;209;209;209m[38;2;209;209;209m▄[48;2;209;209;209m[38;2;210;210;209m▄[48;2;208;208;208m[38;2;209;209;209m▄[0m
