[48;2;219;219;219m[38;2;218;218;218m▄[48;2;221;221;221m[38;2;220;220;220m▄[48;2;222;222;222m[38;2;221;221;221m▄[48;2;223;223;223m[38;2;222;222;222m▄[48;2;223;223;223m[38;2;223;223;223m▄[48;2;224;224;224m[38;2;223;223;223m▄[48;2;224;224;224m[38;2;224;224;223m▄[48;2;225;225;225m[38;2;224;224;224m▄[48;2;224;224;224m[38;2;224;224;224m▄[48;2;225;225;225m[38;2;224;224;224m▄[48;2;224;224;224m[38;2;224;224;224m▄[48;2;225;225;225m[38;2;224;224;224m▄[48;2;228;228;228m[38;2;225;225;225m▄[48;2;228;228;228m[38;2;225;225;225m▄[48;2;228;228;228m[38;2;225;225;225m▄[48;2;228;228;228m[38;2;227;227;227m▄[48;2;227;227;227m[38;2;227;227;227m▄[48;2;227;227;227m[38;2;227;227;227m▄[48;2;227;227;227m[38;2;227;227;227m▄[48;2;227;227;227m[38;2;227;227;227m▄[48;2;227;227;227m[38;2;227;227;227m▄[48;2;227;227;227m[38;2;227;227;227m▄[48;2;227;227;227m[38;2;227;227;227m▄[48;2;227;227;227m[38;2;227;227;227m▄[48;2;227;227;227m[38;2;227;227;227m▄[48;2;227;227;227m[38;2;227;227;227m▄[48;2;228;228;228m[38;2;226;226;226m▄[48;2;227;227;227m[38;2;225;225;225m▄[48;2;227;227;227m[38;2;225;225;225m▄[48;2;227;227;227m[38;2;225;225;225m▄[48;2;225;225;225m[38;2;224;224;224m▄[48;2;224;224;224m[38;2;224;224;224m▄[48;2;225;225;225m[38;2;224;224;224m▄[48;2;224;224;224m[38;2;224;224;224m▄[48;2;223;223;223m[38;2;223;223;223m▄[48;2;223;223;223m[38;2;223;223;223m▄[48;2;223;223;223m[38;2;223;223;223m▄[48;2;222;222;222m[38;2;222;222;222m▄[48;2;221;221;221m[38;2;222;222;222m▄[48;2;222;222;222m[38;2;221;221;221m▄[48;2;221;221;221m[38;2;220;220;220m▄[48;2;218;218;218m[38;2;218;218;218m▄[48;2;218;218;218m[38;2;217;217;217m▄[48;2;217;217;217m[38;2;216;216;216m▄[48;2;216;216;216m[38;2;216;216;216m▄[48;2;217;217;217m[38;2;216;216;216m▄[48;2;216;216;216m[38;2;216;216;216m▄[48;2;216;216;216m[38;2;216;216;216m▄[48;2;216;216;216m[38;2;215;215;215m▄[48;2;215;215;215m[38;2;215;215;215m▄[48;2;214;214;214m[38;2;214;214;214m▄[48;2;213;213;213m[38;2;213;213;213m▄[48;2;213;213;213m[38;2;212;212;212m▄[48;2;211;211;211m[38;2;212;212;212m▄[48;2;211;211;211m[38;2;211;211;211m▄[48;2;210;210;210m[38;2;210;210;210m▄[48;2;210;210;210m[38;2;210;210;210m▄[48;2;210;210;210m[38;2;210;210;210m▄[48;2;209;209;210m[38;2;209;209;209m▄[48;2;209;209;209m[38;2;209;209;209m▄[48;2;209;209;209m[38;2;208;208;208m▄[48;2;208;208;208m[38;2;208;208;208m▄[48;2;207;207;207m[38;2;207;207;207m▄[48;2;206;206;206m[38;2;205;205;205m▄[0m
[48;2;218;218;218m[38;2;217;217;217m▄[48;2;219;219;219m[38;2;218;218;218m▄[48;2;221;221;221m[38;2;220;220;220m▄[48;2;222;222;222m[38;2;222;222;222m▄[48;2;223;223;223m[38;2;223;223;223m▄[48;2;223;223;223m[38;2;223;223;223m▄[48;2;223;223;223m[38;2;223;223;223m▄[48;2;223;223;223m[38;2;223;223;223m▄[48;2;224;224;224m[38;2;224;224;224m▄[48;2;224;224;224m[38;2;224;224;224m▄[48;2;224;224;224m[38;2;224;224;224m▄[48;2;224;224;224m[38;2;224;224;224m▄[48;2;224;224;224m[38;2;224;224;224m▄[48;2;224;224;224m[38;2;224;224;224m▄[48;2;225;225;225m[38;2;224;224;224m▄[48;2;227;227;227m[38;2;224;224;224m▄[48;2;226;226;226m[38;2;225;225;225m▄[48;2;227;227;227m[38;2;226;226;226m▄[48;2;227;227;227m[38;2;227;227;227m▄[48;2;226;226;226m[38;2;227;227;227m▄[48;2;227;227;227m[38;2;227;227;227m▄[48;2;227;227;227m[38;2;226;226;226m▄[48;2;227;227;227m[38;2;226;226;226m▄[48;2;227;227;227m[38;2;226;226;226m▄[48;2;226;226;226m[38;2;225;225;225m▄[48;2;226;226;226m[38;2;225;225;225m▄[48;2;225;225;225m[38;2;225;225;225m▄[48;2;224;224;224m[38;2;225;225;225m▄[48;2;223;224;223m[38;2;230;227;232m▄[48;2;223;224;222m[38;2;231;227;232m▄[48;2;222;223;222m[38;2;232;229;232m▄[48;2;224;224;224m[38;2;224;224;223m▄[48;2;224;224;224m[38;2;223;223;223m▄[48;2;223;223;223m[38;2;222;222;222m▄[48;2;222;222;222m[38;2;228;226;229m▄[48;2;221;222;221m[38;2;231;227;233m▄[48;2;222;222;222m[38;2;225;224;225m▄[48;2;222;222;222m[38;2;221;222;221m▄[48;2;221;221;221m[38;2;221;221;221m▄[48;2;221;221;221m[38;2;220;220;220m▄[48;2;220;220;220m[38;2;219;219;219m▄[48;2;217;217;217m[38;2;217;217;217m▄[48;2;217;217;217m[38;2;217;217;217m▄[48;2;216;216;216m[38;2;216;216;216m▄[48;2;216;216;216m[38;2;216;216;216m▄[48;2;216;216;216m[38;2;217;217;217m▄[48;2;216;216;216m[38;2;216;216;216m▄[48;2;216;216;216m[38;2;216;216;216m▄[48;2;215;215;215m[38;2;215;215;215m▄[48;2;215;215;215m[38;2;214;214;214m▄[48;2;214;214;214m[38;2;214;214;214m▄[48;2;213;213;213m[38;2;212;212;212m▄[48;2;213;213;213m[38;2;211;211;211m▄[48;2;211;211;211m[38;2;211;211;211m▄[48;2;210;210;210m[38;2;210;210;210m▄[48;2;210;210;210m[38;2;210;210;210m▄[48;2;210;210;210m[38;2;210;210;210m▄[48;2;210;210;210m[38;2;209;209;209m▄[48;2;210;209;210m[38;2;209;208;209m▄[48;2;208;208;208m[38;2;209;209;209m▄[48;2;208;208;208m[38;2;208;208;208m▄[48;2;208;208;208m[38;2;208;208;208m▄[48;2;207;207;207m[38;2;207;207;207m▄[48;2;207;207;207m[38;2;207;207;207m▄[0m
[48;2;217;217;217m[38;2;217;217;217m▄[48;2;218;218;218m[38;2;218;218;218m▄[48;2;220;220;220m[38;2;220;220;220m▄[48;2;222;222;222m[38;2;221;221;221m▄[48;2;222;222;222m[38;2;221;221;221m▄[48;2;222;222;222m[38;2;223;223;223m▄[48;2;223;223;223m[38;2;223;223;223m▄[48;2;223;223;223m[38;2;223;223;223m▄[48;2;224;224;224m[38;2;224;224;224m▄[48;2;224;224;223m[38;2;224;224;224m▄[48;2;224;224;224m[38;2;224;224;224m▄[48;2;224;224;224m[38;2;224;224;224m▄[48;2;224;224;224m[38;2;224;224;224m▄[48;2;224;224;224m[38;2;225;225;225m▄[48;2;224;224;224m[38;2;225;225;225m▄[48;2;224;224;224m[38;2;224;224;224m▄[48;2;225;225;225m[38;2;224;224;224m▄[48;2;225;225;225m[38;2;224;224;224m▄[48;2;226;226;226m[38;2;224;224;224m▄[48;2;226;226;226m[38;2;224;224;224m▄[48;2;226;226;226m[38;2;224;224;224m▄[48;2;225;225;225m[38;2;224;224;224m▄[48;2;225;225;225m[38;2;224;224;224m▄[48;2;225;225;225m[38;2;224;224;224m▄[48;2;224;224;224m[38;2;224;224;224m▄[48;2;224;224;224m[38;2;224;224;224m▄[48;2;225;225;225m[38;2;226;225;225m▄[48;2;223;224;224m[38;2;218;220;220m▄[48;2;156;186;147m[38;2;140;182;120m▄[48;2;159;190;150m[38;2;153;194;98m▄[48;2;185;202;184m[38;2;132;178;88m▄[48;2;226;224;227m[38;2;147;180;135m▄[48;2;224;224;223m[38;2;230;227;233m▄[48;2;230;227;231m[38;2;194;206;195m▄[48;2;185;202;183m[38;2;115;168;82m▄[48;2;141;180;128m[38;2;109;163;83m▄[48;2;213;217;213m[38;2;200;207;201m▄[48;2;224;223;224m[38;2;222;221;221m▄[48;2;221;221;221m[38;2;220;220;220m▄[48;2;220;220;220m[38;2;220;220;220m▄[48;2;219;219;219m[38;2;218;218;218m▄[48;2;217;217;217m[38;2;217;217;217m▄[48;2;217;217;217m[38;2;217;217;217m▄[48;2;216;216;216m[38;2;216;216;216m▄[48;2;216;216;216m[38;2;216;216;216m▄[48;2;216;216;216m[38;2;216;216;216m▄[48;2;215;215;215m[38;2;216;216;216m▄[48;2;216;216;216m[38;2;215;215;215m▄[48;2;215;215;215m[38;2;214;214;214m▄[48;2;214;214;214m[38;2;214;214;214m▄[48;2;214;214;214m[38;2;213;213;213m▄[48;2;212;212;213m[38;2;213;213;213m▄[48;2;212;212;212m[38;2;212;212;212m▄[48;2;211;211;211m[38;2;211;211;211m▄[48;2;210;210;210m[38;2;211;211;211m▄[48;2;210;210;210m[38;2;210;210;210m▄[48;2;210;210;210m[38;2;210;210;210m▄[48;2;209;209;209m[38;2;210;210;210m▄[48;2;209;209;209m[38;2;209;209;209m▄[48;2;209;209;209m[38;2;208;208;208m▄[48;2;208;208;208m[38;2;208;208;208m▄[48;2;208;208;208m[38;2;208;208;208m▄[48;2;207;207;207m[38;2;207;207;207m▄[48;2;207;207;207m[38;2;207;207;207m▄[0m
[48;2;217;217;217m[38;2;217;217;217m▄[48;2;218;218;218m[38;2;217;217;217m▄[48;2;218;218;218m[38;2;218;218;218m▄[48;2;221;221;221m[38;2;219;219;219m▄[48;2;221;221;221m[38;2;221;221;221m▄[48;2;222;222;222m[38;2;221;221;221m▄[48;2;223;223;223m[38;2;223;223;223m▄[48;2;223;223;223m[38;2;223;223;223m▄[48;2;223;223;223m[38;2;223;223;223m▄[48;2;223;223;224m[38;2;223;223;223m▄[48;2;224;224;224m[38;2;224;224;224m▄[48;2;224;224;224m[38;2;224;224;224m▄[48;2;225;225;224m[38;2;224;224;224m▄[48;2;225;225;225m[38;2;224;224;224m▄[48;2;224;224;224m[38;2;224;224;224m▄[48;2;224;224;224m[38;2;224;224;224m▄[48;2;224;224;224m[38;2;224;224;224m▄[48;2;224;224;224m[38;2;224;224;224m▄[48;2;224;224;224m[38;2;225;225;225m▄[48;2;224;224;224m[38;2;225;225;225m▄[48;2;224;224;224m[38;2;224;224;224m▄[48;2;225;225;225m[38;2;224;224;224m▄[48;2;224;224;224m[38;2;224;224;224m▄[48;2;224;224;224m[38;2;224;224;224m▄[48;2;224;224;224m[38;2;224;224;224m▄[48;2;224;224;224m[38;2;224;224;224m▄[48;2;223;223;222m[38;2;223;223;222m▄[48;2;230;227;232m[38;2;229;226;228m▄[48;2;151;183;142m[38;2;202;215;207m▄[48;2;141;184;82m[38;2;123;177;97m▄[48;2;141;186;84m[38;2;122;180;73m▄[48;2;123;175;69m[38;2;110;164;72m▄[48;2;163;186;159m[38;2;105;159;78m▄[48;2;132;173;115m[38;2;102;153;90m▄[48;2;130;170;111m[38;2;160;183;156m▄[48;2;204;204;210m[38;2;155;183;142m▄[48;2;217;213;219m[38;2;152;182;142m▄[48;2;225;222;225m[38;2;175;194;174m▄[48;2;221;221;221m[38;2;221;220;224m▄[48;2;219;219;219m[38;2;223;222;223m▄[48;2;219;218;219m[38;2;217;217;217m▄[48;2;217;217;217m[38;2;217;217;217m▄[48;2;216;216;216m[38;2;216;216;216m▄[48;2;217;217;217m[38;2;216;216;216m▄[48;2;217;217;217m[38;2;217;217;217m▄[48;2;216;216;216m[38;2;216;216;216m▄[48;2;215;215;215m[38;2;215;215;215m▄[48;2;215;215;215m[38;2;215;215;215m▄[48;2;214;214;214m[38;2;214;214;214m▄[48;2;214;214;214m[38;2;214;214;214m▄[48;2;214;214;214m[38;2;213;213;213m▄[48;2;213;213;213m[38;2;212;212;212m▄[48;2;212;212;212m[38;2;211;211;211m▄[48;2;211;211;211m[38;2;210;210;210m▄[48;2;210;210;210m[38;2;210;210;210m▄[48;2;210;210;210m[38;2;210;210;210m▄[48;2;210;210;210m[38;2;210;210;210m▄[48;2;209;209;209m[38;2;209;209;209m▄[48;2;209;209;209m[38;2;209;209;209m▄[48;2;208;208;208m[38;2;209;209;209m▄[48;2;208;208;208m[38;2;208;208;208m▄[48;2;207;207;207m[38;2;208;208;208m▄[48;2;207;207;207m[38;2;206;206;206m▄[48;2;205;205;205m[38;2;205;205;205m▄[0m
[48;2;216;216;216m[38;2;216;216;216m▄[48;2;217;217;217m[38;2;217;217;217m▄[48;2;217;217;217m[38;2;217;217;217m▄[48;2;218;218;218m[38;2;217;217;217m▄[48;2;220;220;220m[38;2;219;219;219m▄[48;2;221;221;221m[38;2;220;220;220m▄[48;2;222;222;222m[38;2;221;221;221m▄[48;2;223;223;223m[38;2;222;222;222m▄[48;2;223;223;223m[38;2;222;222;222m▄[48;2;223;223;223m[38;2;222;222;222m▄[48;2;223;223;223m[38;2;223;223;222m▄[48;2;223;223;223m[38;2;223;223;223m▄[48;2;223;223;223m[38;2;223;223;223m▄[48;2;223;223;224m[38;2;223;223;223m▄[48;2;224;224;224m[38;2;223;223;223m▄[48;2;224;224;224m[38;2;224;224;224m▄[48;2;224;224;224m[38;2;223;223;223m▄[48;2;224;224;224m[38;2;224;224;224m▄[48;2;224;224;224m[38;2;224;224;224m▄[48;2;224;224;224m[38;2;224;224;224m▄[48;2;224;224;224m[38;2;224;224;224m▄[48;2;224;224;224m[38;2;224;224;224m▄[48;2;224;224;224m[38;2;224;224;224m▄[48;2;224;224;224m[38;2;223;223;223m▄[48;2;224;224;224m[38;2;223;223;223m▄[48;2;224;223;223m[38;2;224;226;225m▄[48;2;225;226;226m[38;2;222;219;220m▄[48;2;223;229;227m[38;2;212;150;165m▄[48;2;225;204;211m[38;2;223;143;155m▄[48;2;186;167;164m[38;2;232;139;153m▄[48;2;120;154;97m[38;2;220;118;139m▄[48;2;95;164;83m[38;2;188;118;129m▄[48;2;64;136;53m[38;2;176;134;127m▄[48;2;78;143;70m[38;2;104;148;82m▄[48;2;114;165;83m[38;2;88;161;61m▄[48;2;125;177;79m[38;2;116;177;70m▄[48;2;142;187;90m[38;2;129;184;70m▄[48;2;142;187;97m[38;2;126;178;68m▄[48;2;132;173;117m[38;2;119;163;99m▄[48;2;206;212;208m[38;2;198;203;200m▄[48;2;220;219;220m[38;2;219;217;218m▄[48;2;216;216;216m[38;2;215;216;215m▄[48;2;216;216;216m[38;2;216;216;216m▄[48;2;217;217;217m[38;2;216;216;216m▄[48;2;216;216;216m[38;2;216;216;216m▄[48;2;215;215;215m[38;2;215;215;215m▄[48;2;215;215;215m[38;2;215;215;215m▄[48;2;215;215;215m[38;2;215;215;215m▄[48;2;214;214;214m[38;2;214;214;214m▄[48;2;213;213;213m[38;2;212;212;212m▄[48;2;213;213;213m[38;2;212;212;212m▄[48;2;212;212;212m[38;2;212;212;212m▄[48;2;211;211;211m[38;2;211;211;211m▄[48;2;210;210;210m[38;2;210;210;210m▄[48;2;211;211;211m[38;2;211;211;211m▄[48;2;210;210;210m[38;2;210;210;210m▄[48;2;210;210;210m[38;2;209;210;209m▄[48;2;209;209;209m[38;2;208;208;208m▄[48;2;208;208;208m[38;2;208;208;209m▄[48;2;208;208;209m[38;2;208;208;208m▄[48;2;208;208;208m[38;2;207;207;207m▄[48;2;207;207;207m[38;2;207;207;207m▄[48;2;207;207;207m[38;2;206;206;206m▄[48;2;206;206;206m[38;2;205;205;205m▄[0m
[48;2;216;216;216m[38;2;216;216;216m▄[48;2;216;216;216m[38;2;216;216;216m▄[48;2;216;216;216m[38;2;216;216;216m▄[48;2;217;217;217m[38;2;217;217;217m▄[48;2;217;217;217m[38;2;217;217;217m▄[48;2;219;219;219m[38;2;217;217;217m▄[48;2;220;220;220m[38;2;218;218;218m▄[48;2;221;221;221m[38;2;220;220;220m▄[48;2;222;222;222m[38;2;221;221;221m▄[48;2;222;222;222m[38;2;222;222;222m▄[48;2;222;222;222m[38;2;221;221;221m▄[48;2;223;223;223m[38;2;222;222;222m▄[48;2;223;223;223m[38;2;222;222;222m▄[48;2;223;223;223m[38;2;222;222;222m▄[48;2;223;223;223m[38;2;222;222;222m▄[48;2;223;223;223m[38;2;223;223;223m▄[48;2;223;223;223m[38;2;223;223;223m▄[48;2;224;224;224m[38;2;223;223;223m▄[48;2;224;224;224m[38;2;223;223;223m▄[48;2;223;223;223m[38;2;223;223;223m▄[48;2;223;223;223m[38;2;223;223;223m▄[48;2;223;223;224m[38;2;223;223;223m▄[48;2;223;223;223m[38;2;223;223;223m▄[48;2;223;223;223m[38;2;223;221;221m▄[48;2;223;223;223m[38;2;226;232;230m▄[48;2;224;227;227m[38;2;214;182;190m▄[48;2;209;146;160m[38;2;222;141;154m▄[48;2;229;148;160m[38;2;234;150;159m▄[48;2;233;148;158m[38;2;228;130;142m▄[48;2;224;119;134m[38;2;214;99;122m▄[48;2;212;102;120m[38;2;222;143;156m▄[48;2;230;141;156m[38;2;232;149;156m▄[48;2;244;149;165m[38;2;225;129;140m▄[48;2;224;135;144m[38;2;229;134;146m▄[48;2;163;137;111m[38;2;237;133;151m▄[48;2;142;147;94m[38;2;239;140;156m▄[48;2;135;155;102m[38;2;219;141;158m▄[48;2;150;177;148m[38;2;216;211;217m▄[48;2;196;195;198m[38;2;209;209;209m▄[48;2;207;205;207m[38;2;210;210;210m▄[48;2;213;214;213m[38;2;216;216;217m▄[48;2;217;217;217m[38;2;216;216;217m▄[48;2;216;216;216m[38;2;216;216;216m▄[48;2;216;216;216m[38;2;216;216;216m▄[48;2;215;215;215m[38;2;216;214;215m▄[48;2;216;216;216m[38;2;215;215;215m▄[48;2;215;215;215m[38;2;214;214;214m▄[48;2;214;214;214m[38;2;214;214;214m▄[48;2;214;214;214m[38;2;214;214;214m▄[48;2;213;213;213m[38;2;213;213;213m▄[48;2;213;213;213m[38;2;212;212;212m▄[48;2;212;212;212m[38;2;211;211;211m▄[48;2;211;211;211m[38;2;211;211;211m▄[48;2;210;210;210m[38;2;210;210;210m▄[48;2;211;211;211m[38;2;210;210;210m▄[48;2;210;210;210m[38;2;210;210;210m▄[48;2;209;210;210m[38;2;209;209;209m▄[48;2;209;209;209m[38;2;209;208;209m▄[48;2;208;208;209m[38;2;208;208;208m▄[48;2;208;208;208m[38;2;208;208;208m▄[48;2;207;207;207m[38;2;208;208;208m▄[48;2;207;207;207m[38;2;207;207;207m▄[48;2;207;207;207m[38;2;206;206;206m▄[48;2;206;206;206m[38;2;205;205;205m▄[0m
[48;2;216;216;216m[38;2;216;216;216m▄[48;2;216;216;216m[38;2;216;216;216m▄[48;2;215;215;215m[38;2;216;216;216m▄[48;2;216;216;216m[38;2;216;216;216m▄[48;2;217;217;217m[38;2;217;217;217m▄[48;2;217;217;217m[38;2;217;217;217m▄[48;2;217;217;217m[38;2;217;217;217m▄[48;2;218;218;218m[38;2;218;218;218m▄[48;2;219;219;219m[38;2;218;218;218m▄[48;2;220;220;220m[38;2;219;219;219m▄[48;2;221;221;221m[38;2;219;219;219m▄[48;2;221;221;221m[38;2;220;220;220m▄[48;2;221;221;221m[38;2;221;221;221m▄[48;2;221;221;221m[38;2;221;221;221m▄[48;2;222;222;222m[38;2;221;221;221m▄[48;2;222;222;222m[38;2;221;221;221m▄[48;2;223;223;223m[38;2;221;221;221m▄[48;2;223;223;223m[38;2;221;221;222m▄[48;2;222;222;222m[38;2;222;222;222m▄[48;2;223;223;223m[38;2;222;222;222m▄[48;2;223;223;223m[38;2;222;222;222m▄[48;2;223;223;223m[38;2;222;222;222m▄[48;2;222;222;222m[38;2;222;222;222m▄[48;2;222;221;221m[38;2;222;222;222m▄[48;2;224;229;228m[38;2;221;221;221m▄[48;2;210;150;164m[38;2;211;144;158m▄[48;2;231;153;163m[38;2;232;150;160m▄[48;2;228;131;143m[38;2;226;131;143m▄[48;2;228;133;144m[38;2;226;132;144m▄[48;2;221;125;140m[38;2;232;149;158m▄[48;2;232;152;162m[38;2;229;138;149m▄[48;2;227;130;142m[38;2;228;134;146m▄[48;2;228;137;147m[38;2;228;135;146m▄[48;2;227;135;145m[38;2;228;134;146m▄[48;2;224;132;142m[38;2;230;146;155m▄[48;2;228;143;150m[38;2;227;137;148m▄[48;2;216;108;123m[38;2;219;108;123m▄[48;2;211;169;175m[38;2;208;120;135m▄[48;2;215;222;221m[38;2;213;214;215m▄[48;2;218;216;216m[38;2;221;220;220m▄[48;2;216;216;216m[38;2;219;219;219m▄[48;2;216;216;216m[38;2;221;220;221m▄[48;2;216;216;216m[38;2;213;214;213m▄[48;2;215;217;216m[38;2;217;195;193m▄[48;2;214;222;220m[38;2;222;179;190m▄[48;2;214;214;214m[38;2;218;221;221m▄[48;2;214;214;214m[38;2;215;214;214m▄[48;2;214;214;214m[38;2;214;214;214m▄[48;2;213;213;213m[38;2;213;213;214m▄[48;2;212;212;213m[38;2;213;212;213m▄[48;2;211;211;211m[38;2;212;212;212m▄[48;2;211;211;211m[38;2;211;210;211m▄[48;2;211;211;211m[38;2;211;211;211m▄[48;2;211;211;211m[38;2;211;211;211m▄[48;2;210;210;211m[38;2;211;211;211m▄[48;2;210;210;210m[38;2;209;209;209m▄[48;2;209;209;209m[38;2;208;208;208m▄[48;2;208;208;208m[38;2;209;209;209m▄[48;2;208;208;208m[38;2;208;208;208m▄[48;2;208;208;208m[38;2;207;207;207m▄[48;2;207;207;207m[38;2;207;207;207m▄[48;2;206;206;206m[38;2;207;207;207m▄[48;2;205;205;205m[38;2;205;205;205m▄[48;2;205;204;205m[38;2;205;205;205m▄[0m
[48;2;216;216;216m[38;2;215;215;215m▄[48;2;216;216;216m[38;2;215;215;215m▄[48;2;216;216;216m[38;2;216;216;216m▄[48;2;216;216;216m[38;2;216;216;216m▄[48;2;216;216;216m[38;2;216;216;216m▄[48;2;216;216;216m[38;2;216;216;216m▄[48;2;217;217;217m[38;2;216;216;216m▄[48;2;217;217;217m[38;2;216;216;216m▄[48;2;218;218;218m[38;2;217;217;217m▄[48;2;218;218;218m[38;2;217;217;217m▄[48;2;218;218;218m[38;2;218;218;218m▄[48;2;218;218;218m[38;2;218;218;218m▄[48;2;219;219;219m[38;2;218;218;218m▄[48;2;219;219;219m[38;2;218;218;218m▄[48;2;221;221;221m[38;2;218;218;218m▄[48;2;221;221;221m[38;2;220;220;220m▄[48;2;221;221;221m[38;2;220;220;220m▄[48;2;221;221;221m[38;2;220;220;220m▄[48;2;221;221;221m[38;2;220;220;220m▄[48;2;221;221;221m[38;2;221;221;221m▄[48;2;221;221;221m[38;2;221;221;221m▄[48;2;221;221;221m[38;2;220;220;220m▄[48;2;221;220;220m[38;2;220;219;219m▄[48;2;221;221;221m[38;2;220;219;219m▄[48;2;220;221;221m[38;2;222;229;228m▄[48;2;210;144;157m[38;2;208;156;167m▄[48;2;231;149;158m[38;2;228;143;154m▄[48;2;226;130;143m[38;2;227;134;145m▄[48;2;227;134;146m[38;2;227;134;145m▄[48;2;228;137;148m[38;2;226;133;144m▄[48;2;229;141;151m[38;2;226;134;145m▄[48;2;228;137;148m[38;2;226;134;145m▄[48;2;228;136;148m[38;2;228;137;147m▄[48;2;229;138;149m[38;2;228;139;148m▄[48;2;229;143;153m[38;2;226;136;147m▄[48;2;228;143;153m[38;2;226;132;145m▄[48;2;223;118;133m[38;2;222;113;129m▄[48;2;205;112;129m[38;2;207;132;147m▄[48;2;203;201;202m[38;2;209;214;213m▄[48;2;216;217;217m[38;2;213;211;211m▄[48;2;217;216;217m[38;2;218;217;218m▄[48;2;217;217;217m[38;2;222;222;222m▄[48;2;219;219;219m[38;2;215;214;213m▄[48;2;214;213;215m[38;2;215;219;219m▄[48;2;219;158;173m[38;2;214;212;212m▄[48;2;219;190;194m[38;2;215;176;175m▄[48;2;214;220;219m[38;2;214;219;219m▄[48;2;213;210;211m[38;2;211;217;215m▄[48;2;213;212;212m[38;2;210;214;213m▄[48;2;212;212;212m[38;2;211;211;211m▄[48;2;211;211;211m[38;2;211;211;211m▄[48;2;210;210;210m[38;2;210;210;210m▄[48;2;210;210;210m[38;2;210;210;210m▄[48;2;211;211;211m[38;2;210;210;210m▄[48;2;210;210;210m[38;2;210;210;210m▄[48;2;210;210;210m[38;2;210;210;210m▄[48;2;209;209;209m[38;2;209;209;209m▄[48;2;208;208;208m[38;2;209;208;209m▄[48;2;208;208;208m[38;2;208;208;208m▄[48;2;207;207;207m[38;2;207;207;207m▄[48;2;207;207;207m[38;2;207;207;207m▄[48;2;206;206;206m[38;2;206;206;206m▄[48;2;204;204;204m[38;2;204;204;204m▄[48;2;204;204;204m[38;2;204;204;204m▄[0m
[48;2;215;215;215m[38;2;215;215;215m▄[48;2;215;215;215m[38;2;215;215;215m▄[48;2;216;216;216m[38;2;215;215;215m▄[48;2;216;216;216m[38;2;215;215;215m▄[48;2;216;216;216m[38;2;216;216;216m▄[48;2;216;216;216m[38;2;216;216;216m▄[48;2;216;216;216m[38;2;216;216;216m▄[48;2;216;216;216m[38;2;216;216;216m▄[48;2;216;216;216m[38;2;216;216;216m▄[48;2;216;216;216m[38;2;216;216;216m▄[48;2;216;216;216m[38;2;216;216;216m▄[48;2;217;217;217m[38;2;216;216;216m▄[48;2;218;218;218m[38;2;217;217;217m▄[48;2;217;217;217m[38;2;217;217;217m▄[48;2;218;218;218m[38;2;217;217;217m▄[48;2;219;219;219m[38;2;218;218;218m▄[48;2;219;219;219m[38;2;217;218;218m▄[48;2;218;218;218m[38;2;217;216;216m▄[48;2;219;219;219m[38;2;218;218;218m▄[48;2;219;218;218m[38;2;218;225;224m▄[48;2;220;218;219m[38;2;218;223;222m▄[48;2;219;219;219m[38;2;218;216;216m▄[48;2;219;220;220m[38;2;218;211;212m▄[48;2;219;219;219m[38;2;217;214;214m▄[48;2;220;221;220m[38;2;217;222;221m▄[48;2;213;201;205m[38;2;220;232;231m▄[48;2;225;163;171m[38;2;205;155;163m▄[48;2;231;138;149m[38;2;221;126;137m▄[48;2;227;130;142m[38;2;229;140;152m▄[48;2;228;138;149m[38;2;228;145;153m▄[48;2;229;146;154m[38;2;230;146;154m▄[48;2;224;131;143m[38;2;233;146;156m▄[48;2;230;151;159m[38;2;233;152;162m▄[48;2;229;147;156m[38;2;229;149;159m▄[48;2;229;142;154m[38;2;219;115;133m▄[48;2;219;109;125m[38;2;221;103;121m▄[48;2;224;124;136m[38;2;207;143;151m▄[48;2;197;174;176m[38;2;194;206;203m▄[48;2;201;207;206m[38;2;209;205;205m▄[48;2;215;218;218m[38;2;215;196;198m▄[48;2;215;216;216m[38;2;214;214;214m▄[48;2;214;214;214m[38;2;216;218;220m▄[48;2;216;217;219m[38;2;210;205;195m▄[48;2;218;220;222m[38;2;196;179;156m▄[48;2;204;189;174m[38;2;207;194;177m▄[48;2;207;192;182m[38;2;214;214;215m▄[48;2;212;208;213m[38;2;215;222;220m▄[48;2;223;165;185m[38;2;228;167;187m▄[48;2;221;196;205m[38;2;220;159;179m▄[48;2;211;214;213m[38;2;210;217;214m▄[48;2;210;210;210m[38;2;210;209;209m▄[48;2;210;210;210m[38;2;210;210;210m▄[48;2;211;211;211m[38;2;211;211;211m▄[48;2;210;210;210m[38;2;210;210;210m▄[48;2;210;209;210m[38;2;209;209;210m▄[48;2;210;210;210m[38;2;209;208;209m▄[48;2;209;209;209m[38;2;208;208;208m▄[48;2;208;208;208m[38;2;208;208;208m▄[48;2;207;207;208m[38;2;207;207;209m▄[48;2;207;207;207m[38;2;207;207;207m▄[48;2;207;207;207m[38;2;206;206;206m▄[48;2;205;205;206m[38;2;205;205;205m▄[48;2;203;203;203m[38;2;204;204;204m▄[48;2;204;204;204m[38;2;203;203;203m▄[0m
[48;2;214;214;214m[38;2;214;214;214m▄[48;2;214;214;214m[38;2;214;214;214m▄[48;2;215;215;215m[38;2;215;215;215m▄[48;2;215;215;215m[38;2;215;215;215m▄[48;2;216;216;216m[38;2;215;215;215m▄[48;2;217;217;217m[38;2;215;215;215m▄[48;2;216;216;216m[38;2;216;216;216m▄[48;2;216;216;216m[38;2;216;216;216m▄[48;2;216;216;216m[38;2;216;216;216m▄[48;2;216;216;216m[38;2;216;216;216m▄[48;2;216;216;216m[38;2;216;216;216m▄[48;2;216;216;216m[38;2;216;216;216m▄[48;2;216;216;216m[38;2;216;216;216m▄[48;2;216;216;216m[38;2;216;216;216m▄[48;2;217;217;217m[38;2;217;217;217m▄[48;2;217;217;217m[38;2;217;216;216m▄[48;2;217;216;216m[38;2;217;221;221m▄[48;2;218;221;221m[38;2;216;202;204m▄[48;2;216;218;218m[38;2;218;137;149m▄[48;2;216;179;183m[38;2;234;171;178m▄[48;2;223;160;167m[38;2;226;147;156m▄[48;2;227;156;163m[38;2;219;127;137m▄[48;2;227;159;164m[38;2;219;122;132m▄[48;2;228;160;166m[38;2;226;138;149m▄[48;2;221;158;164m[38;2;240;171;179m▄[48;2;218;205;207m[38;2;221;135;146m▄[48;2;211;204;204m[38;2;217;212;212m▄[48;2;196;104;118m[38;2;208;198;201m▄[48;2;218;105;123m[38;2;194;124;139m▄[48;2;229;137;148m[38;2;195;109;126m▄[48;2;214;114;131m[38;2;202;150;158m▄[48;2;225;151;161m[38;2;226;168;172m▄[48;2;222;145;155m[38;2;227;171;175m▄[48;2;225;128;143m[38;2;208;139;151m▄[48;2;216;101;119m[38;2;209;141;155m▄[48;2;202;100;119m[38;2;197;181;185m▄[48;2;190;176;180m[38;2;197;208;206m▄[48;2;202;197;197m[38;2;210;147;153m▄[48;2;220;149;155m[38;2;238;169;176m▄[48;2;233;153;159m[38;2;230;172;180m▄[48;2;220;169;176m[38;2;216;138;146m▄[48;2;205;203;194m[38;2;213;208;200m▄[48;2;207;197;180m[38;2;226;219;222m▄[48;2;212;215;214m[38;2;224;184;189m▄[48;2;220;226;228m[38;2;223;207;206m▄[48;2;226;224;225m[38;2;230;232;231m▄[48;2;213;199;202m[38;2;215;210;211m▄[48;2;212;217;215m[38;2;215;214;215m▄[48;2;211;213;212m[38;2;213;212;212m▄[48;2;213;213;213m[38;2;214;214;214m▄[48;2;211;211;211m[38;2;212;212;212m▄[48;2;210;210;210m[38;2;211;211;211m▄[48;2;209;209;209m[38;2;211;211;211m▄[48;2;209;209;209m[38;2;208;208;208m▄[48;2;209;209;209m[38;2;208;208;208m▄[48;2;209;209;209m[38;2;208;208;208m▄[48;2;208;208;208m[38;2;207;207;207m▄[48;2;207;207;207m[38;2;207;207;207m▄[48;2;207;207;206m[38;2;207;206;207m▄[48;2;206;206;206m[38;2;206;206;207m▄[48;2;206;206;206m[38;2;206;205;207m▄[48;2;204;204;204m[38;2;204;204;204m▄[48;2;204;204;204m[38;2;203;203;203m▄[48;2;203;203;203m[38;2;203;203;203m▄[0m
[48;2;213;213;213m[38;2;213;213;213m▄[48;2;214;214;214m[38;2;214;214;214m▄[48;2;214;214;214m[38;2;214;214;214m▄[48;2;215;215;215m[38;2;214;214;214m▄[48;2;215;215;215m[38;2;215;215;215m▄[48;2;215;215;215m[38;2;215;215;215m▄[48;2;216;216;216m[38;2;215;215;215m▄[48;2;216;215;217m[38;2;216;216;216m▄[48;2;216;215;216m[38;2;215;215;215m▄[48;2;216;216;216m[38;2;216;216;216m▄[48;2;216;216;216m[38;2;216;216;216m▄[48;2;216;216;216m[38;2;216;216;216m▄[48;2;216;216;216m[38;2;216;216;216m▄[48;2;217;217;217m[38;2;217;217;217m▄[48;2;217;217;217m[38;2;217;216;216m▄[48;2;217;217;217m[38;2;218;223;222m▄[48;2;216;217;216m[38;2;211;191;194m▄[48;2;215;138;148m[38;2;213;132;144m▄[48;2;241;198;203m[38;2;238;192;199m▄[48;2;215;138;147m[38;2;195;88;106m▄[48;2;206;91;106m[38;2;220;140;152m▄[48;2;237;174;183m[38;2;231;166;176m▄[48;2;217;127;138m[38;2;193;102;117m▄[48;2;204;115;126m[38;2;206;130;142m▄[48;2;233;169;178m[38;2;243;186;193m▄[48;2;232;155;164m[38;2;208;115;130m▄[48;2;206;171;176m[38;2;201;112;124m▄[48;2;211;215;215m[38;2;216;141;152m▄[48;2;208;212;210m[38;2;211;125;139m▄[48;2;199;213;210m[38;2;208;142;153m▄[48;2;212;188;188m[38;2;202;132;143m▄[48;2;236;175;178m[38;2;210;119;130m▄[48;2;228;150;160m[38;2;209;140;149m▄[48;2;214;188;190m[38;2;215;173;179m▄[48;2;208;217;214m[38;2;219;151;161m▄[48;2;208;202;203m[38;2;228;163;173m▄[48;2;214;203;204m[38;2;217;156;166m▄[48;2;228;162;169m[38;2;232;172;180m▄[48;2;234;183;187m[38;2;229;179;183m▄[48;2;220;149;153m[38;2;220;155;160m▄[48;2;219;161;167m[38;2;220;157;162m▄[48;2;221;229;227m[38;2;205;173;176m▄[48;2;228;169;177m[38;2;206;120;131m▄[48;2;242;183;188m[38;2;211;120;132m▄[48;2;219;156;164m[38;2;202;147;154m▄[48;2;214;215;214m[38;2;206;211;210m▄[48;2;212;213;213m[38;2;210;209;209m▄[48;2;210;210;210m[38;2;210;210;210m▄[48;2;210;210;210m[38;2;210;210;210m▄[48;2;209;209;210m[38;2;210;210;210m▄[48;2;209;209;209m[38;2;210;210;210m▄[48;2;214;214;214m[38;2;210;209;210m▄[48;2;217;216;217m[38;2;209;208;211m▄[48;2;207;207;207m[38;2;208;208;208m▄[48;2;208;208;208m[38;2;209;209;209m▄[48;2;208;208;208m[38;2;208;208;208m▄[48;2;208;208;208m[38;2;207;207;206m▄[48;2;208;208;208m[38;2;207;207;207m▄[48;2;206;206;206m[38;2;206;206;207m▄[48;2;206;206;206m[38;2;205;205;205m▄[48;2;205;204;205m[38;2;204;204;205m▄[48;2;204;203;204m[38;2;203;203;203m▄[48;2;203;203;203m[38;2;203;203;203m▄[48;2;203;203;203m[38;2;203;203;203m▄[0m
[48;2;211;211;211m[38;2;210;211;210m▄[48;2;212;212;212m[38;2;211;211;212m▄[48;2;214;214;214m[38;2;212;212;212m▄[48;2;214;214;214m[38;2;213;213;213m▄[48;2;214;214;214m[38;2;214;214;214m▄[48;2;215;215;215m[38;2;214;214;215m▄[48;2;215;215;215m[38;2;214;214;214m▄[48;2;215;215;215m[38;2;214;214;214m▄[48;2;215;215;215m[38;2;215;215;215m▄[48;2;216;216;216m[38;2;215;215;215m▄[48;2;215;215;215m[38;2;215;215;215m▄[48;2;215;215;215m[38;2;215;215;215m▄[48;2;215;215;215m[38;2;215;215;215m▄[48;2;215;215;216m[38;2;216;216;216m▄[48;2;215;215;215m[38;2;215;215;215m▄[48;2;216;217;217m[38;2;215;214;215m▄[48;2;216;214;214m[38;2;216;219;218m▄[48;2;199;112;128m[38;2;213;204;205m▄[48;2;198;91;110m[38;2;196;150;159m▄[48;2;185;73;94m[38;2;191;92;112m▄[48;2;232;159;171m[38;2;233;143;158m▄[48;2;217;131;145m[38;2;205;117;135m▄[48;2;201;100;118m[38;2;236;156;168m▄[48;2;230;160;170m[38;2;182;85;104m▄[48;2;203;112;128m[38;2;180;83;103m▄[48;2;190;79;101m[38;2;221;135;150m▄[48;2;234;165;176m[38;2;202;113;130m▄[48;2;200;109;126m[38;2;170;57;81m▄[48;2;239;179;188m[38;2;238;171;180m▄[48;2;209;115;131m[38;2;170;60;85m▄[48;2;195;92;108m[38;2;210;124;140m▄[48;2;242;199;202m[38;2;217;141;153m▄[48;2;193;99;115m[38;2;184;76;96m▄[48;2;227;169;174m[38;2;234;163;172m▄[48;2;223;159;166m[38;2;182;88;106m▄[48;2;223;150;160m[38;2;177;73;93m▄[48;2;209;120;135m[38;2;184;83;102m▄[48;2;232;172;182m[38;2;239;172;181m▄[48;2;220;163;169m[38;2;201;121;135m▄[48;2;217;146;156m[38;2;205;121;134m▄[48;2;234;168;176m[38;2;220;142;154m▄[48;2;186;82;96m[38;2;179;84;100m▄[48;2;226;156;164m[38;2;238;169;175m▄[48;2;223;151;160m[38;2;189;93;112m▄[48;2;188;167;169m[38;2;179;89;107m▄[48;2;202;211;210m[38;2;201;171;177m▄[48;2;213;212;212m[38;2;211;216;215m▄[48;2;210;210;210m[38;2;211;210;211m▄[48;2;210;209;210m[38;2;209;209;209m▄[48;2;210;210;210m[38;2;209;209;209m▄[48;2;210;210;210m[38;2;210;210;210m▄[48;2;209;209;212m[38;2;209;209;211m▄[48;2;210;209;214m[38;2;209;208;214m▄[48;2;208;208;210m[38;2;208;207;210m▄[48;2;208;208;209m[38;2;208;207;208m▄[48;2;208;208;208m[38;2;208;208;207m▄[48;2;207;207;204m[38;2;207;208;203m▄[48;2;207;207;206m[38;2;207;207;206m▄[48;2;205;205;206m[38;2;206;206;206m▄[48;2;204;204;204m[38;2;204;203;204m▄[48;2;204;203;204m[38;2;203;203;203m▄[48;2;203;203;204m[38;2;203;203;203m▄[48;2;203;203;203m[38;2;203;203;203m▄[48;2;202;202;202m[38;2;202;202;202m▄[0m
[48;2;210;210;210m[38;2;210;210;210m▄[48;2;210;210;210m[38;2;210;210;210m▄[48;2;211;211;212m[38;2;210;210;210m▄[48;2;212;212;212m[38;2;210;210;210m▄[48;2;212;212;212m[38;2;211;211;211m▄[48;2;212;212;213m[38;2;212;212;212m▄[48;2;214;213;214m[38;2;213;213;213m▄[48;2;214;214;214m[38;2;213;213;213m▄[48;2;214;214;214m[38;2;213;213;213m▄[48;2;214;214;214m[38;2;214;214;214m▄[48;2;214;214;214m[38;2;214;214;214m▄[48;2;214;214;214m[38;2;214;214;214m▄[48;2;214;214;214m[38;2;214;214;214m▄[48;2;214;214;214m[38;2;214;214;214m▄[48;2;215;215;215m[38;2;214;214;214m▄[48;2;215;215;215m[38;2;214;216;216m▄[48;2;215;214;214m[38;2;213;204;207m▄[48;2;216;219;219m[38;2;218;171;190m▄[48;2;192;173;181m[38;2;182;136;150m▄[48;2;200;94;117m[38;2;205;92;115m▄[48;2;218;123;140m[38;2;200;96;117m▄[48;2;152;43;68m[38;2;170;113;126m▄[48;2;223;126;142m[38;2;180;81;104m▄[48;2;206;113;130m[38;2;236;133;152m▄[48;2;162;69;92m[38;2;165;62;84m▄[48;2;235;137;155m[38;2;189;84;106m▄[48;2;194;96;114m[38;2;214;109;129m▄[48;2;209;118;134m[38;2;179;76;100m▄[48;2;231;134;152m[38;2;214;114;133m▄[48;2;180;83;106m[38;2;184;82;105m▄[48;2;242;153;166m[38;2;192;88;110m▄[48;2;194;94;112m[38;2;206;107;125m▄[48;2;201;116;131m[38;2;170;71;92m▄[48;2;234;139;154m[38;2;199;101;119m▄[48;2;173;83;100m[38;2;208;112;129m▄[48;2;181;96;114m[38;2;183;84;105m▄[48;2;219;128;145m[38;2;182;83;103m▄[48;2;238;144;160m[38;2;206;109;126m▄[48;2;166;61;83m[38;2;152;53;76m▄[48;2;225;137;150m[38;2;198;96;114m▄[48;2;198;109;125m[38;2;206;105;124m▄[48;2;203;117;134m[38;2;180;80;102m▄[48;2;231;137;154m[38;2;214;117;134m▄[48;2;178;80;101m[38;2;191;89;109m▄[48;2;190;91;112m[38;2;177;94;114m▄[48;2;187;142;152m[38;2;189;187;187m▄[48;2;216;224;222m[38;2;202;203;203m▄[48;2;210;208;210m[38;2;210;210;210m▄[48;2;208;208;208m[38;2;212;212;212m▄[48;2;212;212;212m[38;2;210;210;210m▄[48;2;221;221;221m[38;2;211;211;211m▄[48;2;209;209;209m[38;2;207;207;208m▄[48;2;208;207;210m[38;2;208;208;208m▄[48;2;207;207;208m[38;2;207;207;207m▄[48;2;207;207;208m[38;2;207;207;207m▄[48;2;207;207;207m[38;2;207;207;207m▄[48;2;206;208;203m[38;2;206;207;204m▄[48;2;204;208;202m[38;2;204;206;203m▄[48;2;205;206;205m[38;2;203;205;205m▄[48;2;204;204;204m[38;2;203;203;204m▄[48;2;203;203;203m[38;2;203;203;203m▄[48;2;203;203;203m[38;2;203;203;203m▄[48;2;203;203;203m[38;2;202;202;202m▄[48;2;202;202;202m[38;2;203;203;203m▄[0m
[48;2;210;210;210m[38;2;210;210;210m▄[48;2;210;210;210m[38;2;210;210;210m▄[48;2;210;210;210m[38;2;210;210;210m▄[48;2;210;210;210m[38;2;210;210;210m▄[48;2;211;211;211m[38;2;210;210;210m▄[48;2;211;211;211m[38;2;210;210;210m▄[48;2;211;211;211m[38;2;211;211;211m▄[48;2;212;212;212m[38;2;211;211;211m▄[48;2;213;213;213m[38;2;211;211;211m▄[48;2;213;213;213m[38;2;211;211;211m▄[48;2;214;213;214m[38;2;211;211;211m▄[48;2;213;213;214m[38;2;212;212;212m▄[48;2;214;214;214m[38;2;212;211;212m▄[48;2;214;213;214m[38;2;212;211;212m▄[48;2;214;213;214m[38;2;212;212;212m▄[48;2;214;218;217m[38;2;212;212;213m▄[48;2;211;196;199m[38;2;212;211;210m▄[48;2;212;184;188m[38;2;194;177;161m▄[48;2;202;187;195m[38;2;207;205;199m▄[48;2;169;64;89m[38;2;202;182;185m▄[48;2;171;65;92m[38;2;189;159;159m▄[48;2;192;185;189m[38;2;190;180;165m▄[48;2;172;109;120m[38;2;204;191;182m▄[48;2;196;84;107m[38;2;163;78;100m▄[48;2;232;128;148m[38;2;195;81;106m▄[48;2;154;44;71m[38;2;235;134;152m▄[48;2;163;70;92m[38;2;191;101;119m▄[48;2;168;77;98m[38;2;161;67;90m▄[48;2;153;46;72m[38;2;179;83;105m▄[48;2;181;117;132m[38;2;181;115;129m▄[48;2;180;120;135m[38;2;177;120;135m▄[48;2;173;89;108m[38;2;179;99;118m▄[48;2;184;115;128m[38;2;178;93;113m▄[48;2;166;72;94m[38;2;184;102;120m▄[48;2;163;67;90m[38;2;188;108;124m▄[48;2;167;72;92m[38;2;180;94;113m▄[48;2;164;64;86m[38;2;189;104;122m▄[48;2;160;64;86m[38;2;189;101;119m▄[48;2;192;163;168m[38;2;195;181;185m▄[48;2;172;99;119m[38;2;199;197;188m▄[48;2;173;90;111m[38;2;191;178;161m▄[48;2;174;112;128m[38;2;190;185;168m▄[48;2;169;81;105m[38;2;193;185;177m▄[48;2;177;101;121m[38;2;190;190;186m▄[48;2;184;173;177m[38;2;192;190;182m▄[48;2;192;196;196m[38;2;206;204;205m▄[48;2;206;205;205m[38;2;209;209;207m▄[48;2;209;209;209m[38;2;209;209;208m▄[48;2;209;209;209m[38;2;207;207;208m▄[48;2;208;208;208m[38;2;208;208;208m▄[48;2;207;207;208m[38;2;207;207;208m▄[48;2;207;207;207m[38;2;207;207;207m▄[48;2;207;207;207m[38;2;206;206;206m▄[48;2;207;207;207m[38;2;206;206;207m▄[48;2;207;207;207m[38;2;204;204;205m▄[48;2;207;207;207m[38;2;204;204;204m▄[48;2;206;206;207m[38;2;204;204;204m▄[48;2;205;204;205m[38;2;203;203;203m▄[48;2;203;203;205m[38;2;203;203;203m▄[48;2;203;203;203m[38;2;203;203;203m▄[48;2;203;203;203m[38;2;202;202;202m▄[48;2;202;202;202m[38;2;202;202;202m▄[48;2;203;203;203m[38;2;203;203;203m▄[48;2;203;203;203m[38;2;203;203;203m▄[0m
[48;2;210;210;210m[38;2;210;210;210m▄[48;2;210;210;210m[38;2;211;211;211m▄[48;2;210;210;210m[38;2;211;211;212m▄[48;2;210;210;210m[38;2;212;212;212m▄[48;2;210;210;210m[38;2;212;212;213m▄[48;2;211;211;211m[38;2;213;213;213m▄[48;2;211;211;211m[38;2;213;213;213m▄[48;2;211;211;211m[38;2;214;214;214m▄[48;2;211;211;211m[38;2;214;214;214m▄[48;2;211;211;211m[38;2;214;214;214m▄[48;2;212;212;212m[38;2;214;214;214m▄[48;2;212;212;212m[38;2;215;215;215m▄[48;2;211;211;211m[38;2;214;214;214m▄[48;2;211;211;211m[38;2;214;214;214m▄[48;2;212;212;212m[38;2;214;214;214m▄[48;2;212;212;212m[38;2;214;214;215m▄[48;2;213;214;215m[38;2;215;215;214m▄[48;2;208;204;200m[38;2;215;216;217m▄[48;2;195;179;163m[38;2;213;215;218m▄[48;2;195;185;170m[38;2;212;212;215m▄[48;2;195;190;177m[38;2;212;213;216m▄[48;2;202;197;193m[38;2;211;212;214m▄[48;2;211;214;216m[38;2;212;211;211m▄[48;2;209;201;203m[38;2;213;215;216m▄[48;2;170;96;114m[38;2;211;210;211m▄[48;2;167;59;84m[38;2;188;151;161m▄[48;2;201;87;110m[38;2;168;101;119m▄[48;2;205;100;122m[38;2;164;83;105m▄[48;2;198;95;116m[38;2;166;85;105m▄[48;2;191;82;104m[38;2;169;99;116m▄[48;2;200;100;120m[38;2;166;79;100m▄[48;2;183;92;110m[38;2;171;72;94m▄[48;2;153;49;73m[38;2;185;81;104m▄[48;2;165;85;102m[38;2;188;92;113m▄[48;2;174;126;136m[38;2;186;92;113m▄[48;2;169;106;121m[38;2;196;96;117m▄[48;2;177;83;104m[38;2;202;102;123m▄[48;2;196;95;116m[38;2;158;58;83m▄[48;2;179;138;149m[38;2;185;172;175m▄[48;2;204;205;197m[38;2;205;209;210m▄[48;2;200;194;190m[38;2;211;211;213m▄[48;2;199;191;182m[38;2;211;212;215m▄[48;2;200;189;173m[38;2;209;210;213m▄[48;2;203;192;178m[38;2;210;211;213m▄[48;2;206;202;198m[38;2;205;206;207m▄[48;2;202;203;203m[38;2;208;208;208m▄[48;2;221;221;220m[38;2;217;217;217m▄[48;2;220;220;220m[38;2;210;210;210m▄[48;2;208;208;208m[38;2;207;207;208m▄[48;2;209;209;208m[38;2;207;207;207m▄[48;2;207;207;206m[38;2;207;207;207m▄[48;2;206;206;206m[38;2;207;207;207m▄[48;2;205;205;205m[38;2;207;207;207m▄[48;2;204;204;204m[38;2;206;206;207m▄[48;2;203;203;203m[38;2;206;206;206m▄[48;2;203;203;203m[38;2;205;205;206m▄[48;2;203;203;203m[38;2;204;204;205m▄[48;2;203;202;203m[38;2;204;204;204m▄[48;2;202;202;203m[38;2;203;203;203m▄[48;2;203;203;203m[38;2;202;202;202m▄[48;2;202;202;202m[38;2;202;202;203m▄[48;2;202;202;202m[38;2;203;202;203m▄[48;2;202;202;202m[38;2;202;202;203m▄[48;2;201;202;201m[38;2;203;202;203m▄[0m
[48;2;214;214;214m[38;2;216;216;216m▄[48;2;215;215;215m[38;2;216;216;216m▄[48;2;216;215;216m[38;2;216;216;216m▄[48;2;215;215;215m[38;2;216;216;216m▄[48;2;215;215;215m[38;2;217;217;217m▄[48;2;215;215;215m[38;2;217;217;217m▄[48;2;215;215;215m[38;2;216;216;216m▄[48;2;215;215;216m[38;2;217;217;217m▄[48;2;215;215;216m[38;2;217;217;217m▄[48;2;216;216;216m[38;2;217;217;217m▄[48;2;216;216;216m[38;2;217;217;217m▄[48;2;216;216;216m[38;2;217;217;217m▄[48;2;216;216;216m[38;2;217;217;217m▄[48;2;216;216;216m[38;2;217;217;217m▄[48;2;216;216;216m[38;2;218;218;218m▄[48;2;216;216;216m[38;2;217;217;217m▄[48;2;216;216;216m[38;2;217;217;217m▄[48;2;216;216;215m[38;2;216;216;216m▄[48;2;216;216;215m[38;2;216;215;216m▄[48;2;216;215;215m[38;2;214;214;214m▄[48;2;216;215;215m[38;2;213;213;214m▄[48;2;216;216;216m[38;2;213;213;214m▄[48;2;218;218;218m[38;2;213;213;213m▄[48;2;216;215;215m[38;2;212;212;212m▄[48;2;210;210;210m[38;2;210;210;210m▄[48;2;203;208;207m[38;2;209;206;207m▄[48;2;196;196;196m[38;2;205;201;203m▄[48;2;188;183;184m[38;2;201;197;198m▄[48;2;184;179;179m[38;2;197;192;193m▄[48;2;184;183;181m[38;2;197;191;192m▄[48;2;184;168;171m[38;2;195;191;192m▄[48;2;171;122;135m[38;2;196;197;195m▄[48;2;164;87;106m[38;2;195;192;190m▄[48;2;166;75;98m[38;2;191;178;179m▄[48;2;170;75;97m[38;2;190;170;174m▄[48;2;167;71;94m[38;2;193;177;180m▄[48;2;161;79;99m[38;2;195;194;192m▄[48;2;183;152;158m[38;2;191;194;191m▄[48;2;191;192;192m[38;2;199;197;198m▄[48;2;205;204;204m[38;2;205;205;205m▄[48;2;209;209;209m[38;2;218;218;218m▄[48;2;211;211;210m[38;2;215;215;215m▄[48;2;212;212;212m[38;2;212;212;212m▄[48;2;209;208;209m[38;2;211;211;210m▄[48;2;208;208;209m[38;2;211;211;211m▄[48;2;211;211;210m[38;2;210;210;210m▄[48;2;215;215;215m[38;2;209;209;209m▄[48;2;209;209;209m[38;2;209;209;209m▄[48;2;210;210;210m[38;2;206;206;207m▄[48;2;209;209;209m[38;2;207;208;207m▄[48;2;209;209;209m[38;2;209;208;208m▄[48;2;209;208;209m[38;2;210;209;210m▄[48;2;208;208;209m[38;2;209;209;209m▄[48;2;208;208;208m[38;2;210;210;210m▄[48;2;208;208;208m[38;2;210;210;210m▄[48;2;207;207;207m[38;2;209;209;210m▄[48;2;207;207;207m[38;2;209;209;209m▄[48;2;206;206;207m[38;2;208;208;208m▄[48;2;211;210;211m[38;2;216;216;216m▄[48;2;213;213;213m[38;2;220;220;220m▄[48;2;205;205;205m[38;2;209;208;209m▄[48;2;205;205;205m[38;2;207;207;207m▄[48;2;205;204;205m[38;2;207;207;207m▄[48;2;204;204;204m[38;2;207;207;207m▄[0m
[48;2;219;219;219m[38;2;223;223;223m▄[48;2;219;219;219m[38;2;223;223;223m▄[48;2;219;219;219m[38;2;223;223;223m▄[48;2;219;219;219m[38;2;223;223;223m▄[48;2;220;220;220m[38;2;223;223;223m▄[48;2;220;220;220m[38;2;223;223;223m▄[48;2;221;221;221m[38;2;223;223;223m▄[48;2;221;221;221m[38;2;223;223;223m▄[48;2;221;221;221m[38;2;224;224;224m▄[48;2;221;221;221m[38;2;224;224;224m▄[48;2;222;222;222m[38;2;224;224;224m▄[48;2;222;222;222m[38;2;224;224;224m▄[48;2;222;222;222m[38;2;223;223;223m▄[48;2;222;222;222m[38;2;223;223;223m▄[48;2;220;220;220m[38;2;223;223;223m▄[48;2;217;217;217m[38;2;221;221;221m▄[48;2;212;212;214m[38;2;218;218;218m▄[48;2;206;205;207m[38;2;213;213;214m▄[48;2;198;198;198m[38;2;208;208;207m▄[48;2;194;194;194m[38;2;203;203;203m▄[48;2;191;191;193m[38;2;202;202;202m▄[48;2;190;189;192m[38;2;201;201;201m▄[48;2;190;189;190m[38;2;199;199;199m▄[48;2;189;189;189m[38;2;194;194;194m▄[48;2;190;190;190m[38;2;190;190;190m▄[48;2;193;193;193m[38;2;189;189;189m▄[48;2;197;197;197m[38;2;185;184;184m▄[48;2;200;200;200m[38;2;184;184;184m▄[48;2;201;201;201m[38;2;185;185;186m▄[48;2;201;201;201m[38;2;187;187;187m▄[48;2;199;199;199m[38;2;187;187;187m▄[48;2;197;196;196m[38;2;187;186;186m▄[48;2;195;194;194m[38;2;185;185;185m▄[48;2;196;197;197m[38;2;186;186;186m▄[48;2;196;199;198m[38;2;187;186;186m▄[48;2;193;196;196m[38;2;185;184;185m▄[48;2;192;190;192m[38;2;187;186;186m▄[48;2;196;195;195m[38;2;187;187;187m▄[48;2;192;192;192m[38;2;189;189;188m▄[48;2;186;186;186m[38;2;193;193;193m▄[48;2;191;190;191m[38;2;195;195;195m▄[48;2;192;192;192m[38;2;191;192;191m▄[48;2;191;191;191m[38;2;191;191;191m▄[48;2;192;192;192m[38;2;192;192;192m▄[48;2;195;195;194m[38;2;196;196;196m▄[48;2;200;200;200m[38;2;203;203;203m▄[48;2;206;206;207m[38;2;209;209;209m▄[48;2;210;209;211m[38;2;213;213;213m▄[48;2;211;211;212m[38;2;216;216;215m▄[48;2;212;212;212m[38;2;216;216;216m▄[48;2;213;212;214m[38;2;215;215;215m▄[48;2;212;212;213m[38;2;215;215;215m▄[48;2;211;211;211m[38;2;214;214;214m▄[48;2;211;211;212m[38;2;214;214;214m▄[48;2;211;210;211m[38;2;213;213;214m▄[48;2;210;210;210m[38;2;212;212;212m▄[48;2;210;210;210m[38;2;211;211;211m▄[48;2;210;210;210m[38;2;211;211;211m▄[48;2;210;210;210m[38;2;211;211;211m▄[48;2;210;210;210m[38;2;210;210;210m▄[48;2;209;209;209m[38;2;211;211;211m▄[48;2;209;209;209m[38;2;210;210;210m▄[48;2;209;209;209m[38;2;210;210;210m▄[48;2;208;208;208m[38;2;210;210;210m▄[0m
[48;2;224;224;224m[38;2;227;227;227m▄[48;2;225;225;225m[38;2;227;227;227m▄[48;2;225;225;225m[38;2;227;227;227m▄[48;2;225;225;225m[38;2;227;227;227m▄[48;2;226;226;226m[38;2;228;228;228m▄[48;2;225;225;225m[38;2;228;228;228m▄[48;2;225;225;225m[38;2;227;227;227m▄[48;2;225;225;225m[38;2;227;227;227m▄[48;2;226;226;226m[38;2;228;228;228m▄[48;2;226;226;226m[38;2;228;228;228m▄[48;2;226;226;226m[38;2;227;227;227m▄[48;2;226;226;226m[38;2;228;228;228m▄[48;2;226;226;226m[38;2;228;228;228m▄[48;2;225;225;225m[38;2;227;227;227m▄[48;2;225;225;225m[38;2;226;226;226m▄[48;2;225;225;225m[38;2;226;226;226m▄[48;2;225;225;225m[38;2;227;227;227m▄[48;2;225;225;224m[38;2;227;227;227m▄[48;2;224;224;225m[38;2;227;227;227m▄[48;2;224;224;224m[38;2;227;227;227m▄[48;2;227;227;227m[38;2;228;228;228m▄[48;2;225;225;225m[38;2;226;226;226m▄[48;2;224;224;224m[38;2;227;227;227m▄[48;2;222;222;222m[38;2;228;228;228m▄[48;2;218;218;218m[38;2;227;227;227m▄[48;2;215;215;215m[38;2;226;226;226m▄[48;2;212;212;212m[38;2;227;227;227m▄[48;2;211;211;211m[38;2;227;227;227m▄[48;2;210;210;211m[38;2;226;226;226m▄[48;2;209;209;210m[38;2;226;226;226m▄[48;2;209;208;208m[38;2;226;226;226m▄[48;2;207;207;207m[38;2;227;227;227m▄[48;2;205;205;204m[38;2;226;226;226m▄[48;2;202;202;202m[38;2;225;225;225m▄[48;2;200;200;200m[38;2;224;224;224m▄[48;2;200;200;200m[38;2;223;223;223m▄[48;2;205;205;205m[38;2;222;222;222m▄[48;2;205;204;204m[38;2;223;223;223m▄[48;2;209;209;209m[38;2;223;223;223m▄[48;2;217;217;217m[38;2;222;222;222m▄[48;2;222;222;222m[38;2;221;221;221m▄[48;2;217;217;218m[38;2;221;221;221m▄[48;2;216;217;217m[38;2;221;221;221m▄[48;2;216;216;216m[38;2;219;219;219m▄[48;2;217;217;217m[38;2;218;218;218m▄[48;2;217;217;217m[38;2;217;217;217m▄[48;2;217;217;217m[38;2;217;217;217m▄[48;2;217;217;217m[38;2;217;217;217m▄[48;2;216;216;216m[38;2;217;217;217m▄[48;2;216;216;216m[38;2;216;216;216m▄[48;2;216;216;216m[38;2;216;216;216m▄[48;2;215;215;215m[38;2;216;216;216m▄[48;2;215;215;215m[38;2;216;216;216m▄[48;2;215;215;215m[38;2;215;215;215m▄[48;2;215;215;215m[38;2;215;215;215m▄[48;2;215;215;215m[38;2;215;215;215m▄[48;2;215;215;215m[38;2;216;216;216m▄[48;2;215;215;215m[38;2;215;215;215m▄[48;2;213;213;214m[38;2;215;215;215m▄[48;2;213;213;213m[38;2;215;215;215m▄[48;2;213;212;213m[38;2;214;214;214m▄[48;2;211;211;211m[38;2;214;214;214m▄[48;2;210;210;210m[38;2;213;213;213m▄[48;2;210;210;210m[38;2;213;213;213m▄[0m
