[48;2;218;218;218m[38;2;218;218;218m▄[48;2;220;220;220m[38;2;219;219;219m▄[48;2;221;221;221m[38;2;221;221;221m▄[48;2;222;222;222m[38;2;223;223;223m▄[48;2;223;223;223m[38;2;223;223;223m▄[48;2;223;223;223m[38;2;223;223;223m▄[48;2;223;223;223m[38;2;223;223;223m▄[48;2;225;225;225m[38;2;223;223;223m▄[48;2;225;225;225m[38;2;225;225;225m▄[48;2;225;225;225m[38;2;225;225;225m▄[48;2;225;225;225m[38;2;224;224;224m▄[48;2;225;225;225m[38;2;224;224;224m▄[48;2;227;227;227m[38;2;225;225;225m▄[48;2;228;228;228m[38;2;226;226;226m▄[48;2;228;228;228m[38;2;226;226;226m▄[48;2;227;227;227m[38;2;227;227;227m▄[48;2;227;227;227m[38;2;227;227;227m▄[48;2;227;227;227m[38;2;227;227;227m▄[48;2;227;227;227m[38;2;227;227;227m▄[48;2;227;227;227m[38;2;227;227;227m▄[48;2;228;228;228m[38;2;227;227;227m▄[48;2;228;228;228m[38;2;227;227;227m▄[48;2;228;228;228m[38;2;227;227;227m▄[48;2;227;227;227m[38;2;227;227;227m▄[48;2;227;227;227m[38;2;228;228;228m▄[48;2;227;227;227m[38;2;227;227;227m▄[48;2;228;228;228m[38;2;226;226;226m▄[48;2;227;227;227m[38;2;225;225;225m▄[48;2;225;225;225m[38;2;225;225;225m▄[48;2;225;225;225m[38;2;224;224;224m▄[48;2;225;225;225m[38;2;224;224;224m▄[48;2;225;225;225m[38;2;224;224;224m▄[48;2;225;225;225m[38;2;224;224;224m▄[48;2;225;225;225m[38;2;223;223;223m▄[48;2;224;224;224m[38;2;223;223;223m▄[48;2;223;223;223m[38;2;223;223;223m▄[48;2;223;223;223m[38;2;223;223;223m▄[48;2;222;222;222m[38;2;222;222;222m▄[48;2;221;221;221m[38;2;222;222;222m▄[48;2;221;221;221m[38;2;220;220;220m▄[48;2;221;221;221m[38;2;220;220;220m▄[48;2;219;219;219m[38;2;218;218;218m▄[48;2;218;218;218m[38;2;217;217;217m▄[48;2;217;217;217m[38;2;216;216;216m▄[48;2;216;216;216m[38;2;216;216;216m▄[48;2;216;216;216m[38;2;216;216;216m▄[48;2;216;216;216m[38;2;216;216;216m▄[48;2;216;216;216m[38;2;216;216;216m▄[48;2;216;216;216m[38;2;215;215;215m▄[48;2;215;215;215m[38;2;215;215;215m▄[48;2;214;214;214m[38;2;214;214;214m▄[48;2;214;214;214m[38;2;214;214;214m▄[48;2;213;213;213m[38;2;213;213;213m▄[48;2;212;212;212m[38;2;212;212;212m▄[48;2;211;211;211m[38;2;211;211;211m▄[48;2;211;211;211m[38;2;210;210;210m▄[48;2;210;210;210m[38;2;210;210;210m▄[48;2;210;210;210m[38;2;210;209;210m▄[48;2;209;209;209m[38;2;209;209;209m▄[48;2;208;209;208m[38;2;209;209;209m▄[48;2;208;208;208m[38;2;208;208;209m▄[48;2;208;208;208m[38;2;207;207;207m▄[48;2;207;207;207m[38;2;207;207;207m▄[48;2;207;207;207m[38;2;206;206;206m▄[0m
[48;2;218;218;218m[38;2;218;218;218m▄[48;2;218;218;218m[38;2;218;218;218m▄[48;2;221;221;221m[38;2;220;220;220m▄[48;2;222;222;222m[38;2;221;221;221m▄[48;2;223;223;223m[38;2;223;223;223m▄[48;2;223;223;223m[38;2;223;223;223m▄[48;2;223;223;223m[38;2;223;223;223m▄[48;2;223;223;223m[38;2;223;223;223m▄[48;2;224;224;224m[38;2;224;224;224m▄[48;2;224;224;224m[38;2;224;224;224m▄[48;2;224;224;224m[38;2;224;224;224m▄[48;2;224;224;224m[38;2;224;224;224m▄[48;2;224;224;224m[38;2;224;224;224m▄[48;2;224;224;224m[38;2;224;224;224m▄[48;2;225;225;225m[38;2;224;224;224m▄[48;2;226;226;226m[38;2;224;224;224m▄[48;2;226;226;226m[38;2;225;225;225m▄[48;2;227;227;227m[38;2;226;226;226m▄[48;2;227;227;227m[38;2;227;227;227m▄[48;2;227;227;227m[38;2;227;227;227m▄[48;2;227;227;227m[38;2;226;226;226m▄[48;2;227;227;227m[38;2;226;226;226m▄[48;2;227;227;227m[38;2;227;227;227m▄[48;2;226;226;226m[38;2;225;225;225m▄[48;2;227;227;227m[38;2;224;224;224m▄[48;2;225;225;225m[38;2;224;224;224m▄[48;2;224;224;224m[38;2;224;224;224m▄[48;2;225;225;225m[38;2;225;225;225m▄[48;2;223;223;222m[38;2;231;227;232m▄[48;2;223;224;223m[38;2;232;228;233m▄[48;2;223;224;223m[38;2;233;229;233m▄[48;2;224;224;224m[38;2;224;224;224m▄[48;2;223;223;223m[38;2;223;223;223m▄[48;2;223;223;223m[38;2;222;223;222m▄[48;2;222;222;222m[38;2;228;226;229m▄[48;2;221;222;221m[38;2;231;227;233m▄[48;2;223;223;223m[38;2;225;224;225m▄[48;2;223;223;223m[38;2;222;222;222m▄[48;2;222;222;222m[38;2;222;222;222m▄[48;2;221;221;221m[38;2;220;220;220m▄[48;2;219;219;219m[38;2;219;219;219m▄[48;2;218;218;218m[38;2;218;218;218m▄[48;2;217;217;217m[38;2;217;217;217m▄[48;2;216;216;216m[38;2;216;216;216m▄[48;2;216;216;216m[38;2;216;216;216m▄[48;2;216;216;216m[38;2;216;216;216m▄[48;2;216;216;216m[38;2;215;215;215m▄[48;2;215;215;215m[38;2;215;215;215m▄[48;2;215;215;215m[38;2;215;215;215m▄[48;2;215;215;215m[38;2;215;215;215m▄[48;2;214;214;214m[38;2;214;214;214m▄[48;2;213;213;213m[38;2;213;213;214m▄[48;2;213;213;213m[38;2;213;213;213m▄[48;2;211;211;211m[38;2;212;212;212m▄[48;2;210;210;210m[38;2;210;210;210m▄[48;2;210;210;210m[38;2;210;210;210m▄[48;2;210;210;210m[38;2;210;210;211m▄[48;2;210;210;210m[38;2;209;209;210m▄[48;2;209;209;209m[38;2;209;209;209m▄[48;2;208;208;208m[38;2;209;209;209m▄[48;2;208;208;209m[38;2;208;208;208m▄[48;2;208;208;208m[38;2;208;208;208m▄[48;2;207;207;207m[38;2;207;207;207m▄[48;2;207;207;207m[38;2;207;207;207m▄[0m
[48;2;218;218;218m[38;2;217;217;217m▄[48;2;218;218;218m[38;2;218;218;218m▄[48;2;220;220;220m[38;2;221;221;221m▄[48;2;221;221;221m[38;2;221;221;221m▄[48;2;222;222;222m[38;2;221;221;221m▄[48;2;223;223;223m[38;2;222;222;222m▄[48;2;223;223;223m[38;2;223;223;223m▄[48;2;223;223;223m[38;2;223;223;223m▄[48;2;224;224;224m[38;2;223;223;223m▄[48;2;224;224;224m[38;2;224;224;224m▄[48;2;225;225;225m[38;2;224;224;224m▄[48;2;225;225;225m[38;2;224;224;224m▄[48;2;225;225;225m[38;2;225;225;225m▄[48;2;225;225;225m[38;2;225;225;225m▄[48;2;224;224;224m[38;2;224;224;224m▄[48;2;224;224;224m[38;2;224;224;224m▄[48;2;225;225;225m[38;2;224;224;224m▄[48;2;225;225;225m[38;2;224;224;224m▄[48;2;225;225;225m[38;2;225;225;225m▄[48;2;225;225;225m[38;2;224;224;224m▄[48;2;225;225;225m[38;2;224;224;224m▄[48;2;224;224;224m[38;2;224;224;224m▄[48;2;225;225;225m[38;2;224;224;224m▄[48;2;225;225;225m[38;2;225;225;225m▄[48;2;225;225;225m[38;2;224;224;224m▄[48;2;225;225;225m[38;2;224;224;224m▄[48;2;225;224;225m[38;2;226;225;225m▄[48;2;223;223;224m[38;2;218;220;221m▄[48;2;159;189;152m[38;2;139;183;120m▄[48;2;160;191;153m[38;2;152;196;98m▄[48;2;187;204;186m[38;2;132;179;89m▄[48;2;226;225;227m[38;2;146;180;134m▄[48;2;223;223;223m[38;2;230;227;231m▄[48;2;230;227;231m[38;2;196;207;197m▄[48;2;188;204;186m[38;2;116;170;85m▄[48;2;147;183;134m[38;2;109;165;80m▄[48;2;214;218;214m[38;2;199;207;200m▄[48;2;224;223;224m[38;2;222;221;222m▄[48;2;221;221;221m[38;2;220;221;220m▄[48;2;220;220;220m[38;2;220;219;221m▄[48;2;219;219;219m[38;2;218;218;218m▄[48;2;218;218;218m[38;2;217;217;217m▄[48;2;217;217;217m[38;2;217;217;217m▄[48;2;216;216;216m[38;2;216;216;216m▄[48;2;216;216;216m[38;2;216;216;216m▄[48;2;216;216;216m[38;2;216;216;216m▄[48;2;215;215;215m[38;2;215;215;215m▄[48;2;215;215;215m[38;2;215;215;215m▄[48;2;215;215;215m[38;2;215;215;215m▄[48;2;215;215;215m[38;2;215;215;215m▄[48;2;214;214;215m[38;2;214;214;214m▄[48;2;213;213;214m[38;2;213;213;213m▄[48;2;213;213;213m[38;2;213;212;213m▄[48;2;212;212;212m[38;2;211;211;211m▄[48;2;211;211;211m[38;2;210;211;211m▄[48;2;210;210;210m[38;2;210;211;211m▄[48;2;210;210;210m[38;2;210;210;210m▄[48;2;210;210;210m[38;2;209;209;209m▄[48;2;209;209;209m[38;2;209;209;209m▄[48;2;209;209;209m[38;2;209;209;209m▄[48;2;209;209;209m[38;2;209;209;209m▄[48;2;208;208;208m[38;2;208;208;208m▄[48;2;207;207;207m[38;2;207;207;207m▄[48;2;206;206;206m[38;2;207;207;207m▄[0m
[48;2;217;217;217m[38;2;217;217;217m▄[48;2;218;218;218m[38;2;217;217;217m▄[48;2;219;219;219m[38;2;217;217;217m▄[48;2;221;221;221m[38;2;219;219;219m▄[48;2;221;221;221m[38;2;221;221;221m▄[48;2;221;221;221m[38;2;221;221;221m▄[48;2;222;222;222m[38;2;223;223;223m▄[48;2;223;223;223m[38;2;223;223;223m▄[48;2;223;223;223m[38;2;223;223;223m▄[48;2;224;224;224m[38;2;223;223;223m▄[48;2;224;224;224m[38;2;224;224;224m▄[48;2;224;224;224m[38;2;224;224;224m▄[48;2;224;224;224m[38;2;224;224;224m▄[48;2;225;225;225m[38;2;224;224;224m▄[48;2;224;224;224m[38;2;224;224;224m▄[48;2;225;225;225m[38;2;224;224;224m▄[48;2;225;225;225m[38;2;224;224;225m▄[48;2;225;225;224m[38;2;224;224;224m▄[48;2;224;224;224m[38;2;225;225;225m▄[48;2;224;224;224m[38;2;224;224;224m▄[48;2;224;224;224m[38;2;224;224;224m▄[48;2;224;224;224m[38;2;224;224;224m▄[48;2;224;224;224m[38;2;224;224;224m▄[48;2;225;225;225m[38;2;224;224;224m▄[48;2;224;224;224m[38;2;225;225;225m▄[48;2;224;224;224m[38;2;225;225;225m▄[48;2;223;223;222m[38;2;223;223;223m▄[48;2;230;227;232m[38;2;230;227;228m▄[48;2;152;184;142m[38;2;202;214;206m▄[48;2;142;185;82m[38;2;124;178;98m▄[48;2;142;185;86m[38;2;125;181;73m▄[48;2;123;176;71m[38;2;113;167;73m▄[48;2;164;188;159m[38;2;107;162;79m▄[48;2;135;175;118m[38;2;102;154;89m▄[48;2;126;169;105m[38;2;160;183;156m▄[48;2;203;204;208m[38;2;157;184;145m▄[48;2;218;214;220m[38;2;154;183;145m▄[48;2;225;221;225m[38;2;177;195;177m▄[48;2;220;220;220m[38;2;221;220;224m▄[48;2;219;219;219m[38;2;223;221;223m▄[48;2;218;218;218m[38;2;217;217;217m▄[48;2;217;217;217m[38;2;217;217;217m▄[48;2;216;216;216m[38;2;217;217;217m▄[48;2;216;216;216m[38;2;216;216;216m▄[48;2;217;217;217m[38;2;217;217;217m▄[48;2;216;216;216m[38;2;216;216;216m▄[48;2;215;215;215m[38;2;215;215;215m▄[48;2;215;215;215m[38;2;215;215;215m▄[48;2;214;214;214m[38;2;214;214;214m▄[48;2;215;215;215m[38;2;214;213;213m▄[48;2;214;214;214m[38;2;213;213;213m▄[48;2;213;213;213m[38;2;213;213;213m▄[48;2;213;213;213m[38;2;212;212;212m▄[48;2;211;211;211m[38;2;211;211;210m▄[48;2;211;211;211m[38;2;210;210;210m▄[48;2;211;211;211m[38;2;211;211;211m▄[48;2;210;210;210m[38;2;211;211;211m▄[48;2;210;210;210m[38;2;210;210;210m▄[48;2;209;209;209m[38;2;209;209;209m▄[48;2;208;208;208m[38;2;209;209;209m▄[48;2;208;208;208m[38;2;208;208;208m▄[48;2;208;208;208m[38;2;208;208;208m▄[48;2;207;207;207m[38;2;207;207;207m▄[48;2;206;206;206m[38;2;205;205;205m▄[0m
[48;2;216;216;216m[38;2;216;216;216m▄[48;2;216;216;216m[38;2;216;216;216m▄[48;2;217;217;217m[38;2;217;217;217m▄[48;2;218;218;218m[38;2;217;217;217m▄[48;2;220;220;220m[38;2;219;219;219m▄[48;2;222;222;222m[38;2;220;220;220m▄[48;2;222;222;222m[38;2;221;221;221m▄[48;2;223;223;223m[38;2;222;222;222m▄[48;2;223;223;223m[38;2;222;222;222m▄[48;2;223;223;223m[38;2;222;222;222m▄[48;2;223;223;223m[38;2;223;223;223m▄[48;2;223;223;223m[38;2;223;223;223m▄[48;2;224;224;224m[38;2;223;223;223m▄[48;2;224;224;224m[38;2;223;223;223m▄[48;2;224;224;224m[38;2;224;224;224m▄[48;2;224;224;224m[38;2;224;224;224m▄[48;2;224;224;224m[38;2;224;224;223m▄[48;2;224;224;224m[38;2;224;224;224m▄[48;2;224;224;224m[38;2;224;224;224m▄[48;2;224;224;225m[38;2;224;224;224m▄[48;2;224;224;224m[38;2;224;224;224m▄[48;2;224;224;224m[38;2;225;225;225m▄[48;2;225;225;225m[38;2;225;225;225m▄[48;2;224;224;224m[38;2;224;224;224m▄[48;2;224;224;224m[38;2;224;224;224m▄[48;2;224;224;224m[38;2;223;223;223m▄[48;2;224;224;224m[38;2;223;225;225m▄[48;2;223;228;227m[38;2;219;169;177m▄[48;2;227;209;214m[38;2;227;141;150m▄[48;2;189;173;168m[38;2;237;141;154m▄[48;2;125;159;100m[38;2;229;135;152m▄[48;2;101;166;84m[38;2;196;136;141m▄[48;2;71;142;58m[38;2;183;147;134m▄[48;2;81;149;73m[38;2;105;146;79m▄[48;2;111;168;85m[38;2;90;162;66m▄[48;2;124;178;79m[38;2;115;177;71m▄[48;2;142;189;90m[38;2;131;187;72m▄[48;2;143;188;98m[38;2;129;180;70m▄[48;2;135;176;119m[38;2;119;165;99m▄[48;2;207;212;208m[38;2;199;204;200m▄[48;2;220;220;220m[38;2;219;218;219m▄[48;2;216;216;216m[38;2;216;216;215m▄[48;2;216;216;216m[38;2;216;216;216m▄[48;2;217;217;217m[38;2;217;217;217m▄[48;2;216;216;216m[38;2;216;216;216m▄[48;2;216;216;216m[38;2;216;216;216m▄[48;2;216;216;216m[38;2;215;215;215m▄[48;2;214;214;214m[38;2;214;214;214m▄[48;2;214;214;214m[38;2;214;214;214m▄[48;2;213;213;213m[38;2;214;214;214m▄[48;2;213;214;214m[38;2;214;214;214m▄[48;2;212;212;212m[38;2;212;212;212m▄[48;2;211;211;211m[38;2;211;211;211m▄[48;2;211;211;211m[38;2;210;210;210m▄[48;2;210;210;210m[38;2;211;211;211m▄[48;2;211;211;211m[38;2;211;211;211m▄[48;2;211;211;211m[38;2;210;210;210m▄[48;2;210;210;210m[38;2;209;209;209m▄[48;2;209;209;209m[38;2;208;208;208m▄[48;2;208;208;208m[38;2;208;208;208m▄[48;2;208;208;208m[38;2;207;207;207m▄[48;2;207;207;207m[38;2;207;207;207m▄[48;2;207;207;207m[38;2;207;207;207m▄[48;2;206;206;206m[38;2;205;205;206m▄[0m
[48;2;216;216;216m[38;2;216;216;216m▄[48;2;216;216;216m[38;2;216;216;216m▄[48;2;216;216;216m[38;2;216;216;216m▄[48;2;217;217;217m[38;2;216;216;216m▄[48;2;218;218;218m[38;2;218;218;218m▄[48;2;219;219;219m[38;2;218;218;218m▄[48;2;220;220;220m[38;2;219;219;219m▄[48;2;221;221;222m[38;2;220;220;221m▄[48;2;221;221;221m[38;2;221;221;221m▄[48;2;222;222;222m[38;2;221;221;221m▄[48;2;223;223;222m[38;2;222;222;222m▄[48;2;223;223;223m[38;2;222;222;222m▄[48;2;223;223;223m[38;2;222;222;222m▄[48;2;223;223;223m[38;2;223;223;223m▄[48;2;223;223;223m[38;2;223;223;223m▄[48;2;224;224;224m[38;2;223;223;223m▄[48;2;223;223;223m[38;2;223;223;223m▄[48;2;223;223;223m[38;2;223;223;223m▄[48;2;224;224;224m[38;2;223;223;223m▄[48;2;223;223;223m[38;2;223;223;223m▄[48;2;223;223;223m[38;2;223;223;223m▄[48;2;224;224;224m[38;2;224;224;224m▄[48;2;224;224;224m[38;2;223;223;223m▄[48;2;224;224;224m[38;2;223;223;223m▄[48;2;223;222;222m[38;2;223;221;221m▄[48;2;224;229;229m[38;2;225;234;233m▄[48;2;218;188;192m[38;2;212;148;158m▄[48;2;228;132;144m[38;2;220;124;136m▄[48;2;235;139;151m[38;2;224;135;145m▄[48;2;235;139;149m[38;2;216;115;128m▄[48;2;227;127;138m[38;2;219;128;139m▄[48;2;234;145;158m[38;2;242;168;175m▄[48;2;250;164;178m[38;2;235;153;162m▄[48;2;220;127;138m[38;2;230;138;151m▄[48;2;171;147;122m[38;2;240;138;156m▄[48;2;148;156;103m[38;2;250;154;169m▄[48;2;137;154;103m[38;2;216;140;158m▄[48;2;150;176;148m[38;2;204;204;209m▄[48;2;195;195;198m[38;2;207;206;206m▄[48;2;208;206;209m[38;2;212;212;212m▄[48;2;214;215;214m[38;2;216;216;216m▄[48;2;217;217;217m[38;2;216;216;216m▄[48;2;217;217;217m[38;2;217;217;218m▄[48;2;216;216;216m[38;2;216;216;216m▄[48;2;216;216;216m[38;2;216;215;215m▄[48;2;216;216;216m[38;2;216;215;216m▄[48;2;215;215;215m[38;2;215;214;215m▄[48;2;215;215;215m[38;2;214;214;214m▄[48;2;215;215;215m[38;2;214;214;214m▄[48;2;214;214;214m[38;2;213;213;213m▄[48;2;213;213;213m[38;2;213;213;213m▄[48;2;212;212;212m[38;2;212;212;212m▄[48;2;211;211;211m[38;2;211;211;211m▄[48;2;211;211;211m[38;2;211;211;211m▄[48;2;212;212;212m[38;2;211;211;211m▄[48;2;212;212;212m[38;2;211;211;211m▄[48;2;210;210;210m[38;2;210;210;210m▄[48;2;209;209;209m[38;2;209;209;209m▄[48;2;208;208;208m[38;2;209;209;209m▄[48;2;208;208;208m[38;2;208;208;208m▄[48;2;208;208;208m[38;2;208;208;208m▄[48;2;207;207;207m[38;2;207;207;207m▄[48;2;207;207;207m[38;2;207;207;207m▄[48;2;206;207;206m[38;2;206;206;206m▄[0m
[48;2;216;216;216m[38;2;215;215;215m▄[48;2;216;216;216m[38;2;216;216;216m▄[48;2;216;216;216m[38;2;216;216;216m▄[48;2;216;216;216m[38;2;216;216;216m▄[48;2;217;217;217m[38;2;216;216;216m▄[48;2;217;217;217m[38;2;217;217;217m▄[48;2;218;218;218m[38;2;218;218;218m▄[48;2;219;219;219m[38;2;218;218;218m▄[48;2;220;220;220m[38;2;218;218;218m▄[48;2;220;220;220m[38;2;218;218;218m▄[48;2;221;221;221m[38;2;220;220;220m▄[48;2;221;221;221m[38;2;220;220;220m▄[48;2;221;221;221m[38;2;220;220;220m▄[48;2;222;222;222m[38;2;221;221;221m▄[48;2;222;222;222m[38;2;221;221;221m▄[48;2;222;222;223m[38;2;221;221;222m▄[48;2;223;223;223m[38;2;222;222;222m▄[48;2;223;223;223m[38;2;222;222;222m▄[48;2;223;223;223m[38;2;222;222;222m▄[48;2;223;223;223m[38;2;222;222;222m▄[48;2;223;223;223m[38;2;222;222;222m▄[48;2;222;222;222m[38;2;222;222;222m▄[48;2;223;223;223m[38;2;223;223;223m▄[48;2;223;221;222m[38;2;223;222;222m▄[48;2;225;230;229m[38;2;221;224;224m▄[48;2;213;183;189m[38;2;209;137;149m▄[48;2;220;127;140m[38;2;232;125;140m▄[48;2;232;134;147m[38;2;230;120;135m▄[48;2;234;131;144m[38;2;212;92;112m▄[48;2;219;136;148m[38;2;215;146;158m▄[48;2;221;157;166m[38;2;255;255;255m▄[48;2;225;131;143m[38;2;224;172;179m▄[48;2;241;160;170m[38;2;217;128;140m▄[48;2;230;145;153m[38;2;226;136;146m▄[48;2;224;130;140m[38;2;224;136;146m▄[48;2;239;167;171m[38;2;219;133;142m▄[48;2;208;104;117m[38;2;220;103;120m▄[48;2;201;149;157m[38;2;213;112;130m▄[48;2;215;222;221m[38;2;208;205;207m▄[48;2;216;215;216m[38;2;217;217;216m▄[48;2;216;217;218m[38;2;215;211;206m▄[48;2;217;218;219m[38;2;213;207;195m▄[48;2;216;215;214m[38;2;213;205;193m▄[48;2;216;215;215m[38;2;213;201;185m▄[48;2;216;217;220m[38;2;213;204;190m▄[48;2;215;215;215m[38;2;215;216;218m▄[48;2;215;215;215m[38;2;215;215;214m▄[48;2;214;214;214m[38;2;214;214;214m▄[48;2;213;214;213m[38;2;214;213;214m▄[48;2;213;213;213m[38;2;213;213;213m▄[48;2;213;213;213m[38;2;212;212;212m▄[48;2;211;211;211m[38;2;211;211;211m▄[48;2;211;211;211m[38;2;211;211;211m▄[48;2;211;211;211m[38;2;211;211;211m▄[48;2;210;210;210m[38;2;212;212;212m▄[48;2;210;210;210m[38;2;210;210;210m▄[48;2;209;209;209m[38;2;209;209;209m▄[48;2;209;209;209m[38;2;209;209;209m▄[48;2;209;208;209m[38;2;209;209;209m▄[48;2;208;208;208m[38;2;208;208;208m▄[48;2;207;207;207m[38;2;207;207;207m▄[48;2;207;207;207m[38;2;207;207;207m▄[48;2;206;206;206m[38;2;206;206;206m▄[48;2;205;205;205m[38;2;205;205;205m▄[0m
[48;2;215;215;215m[38;2;215;215;215m▄[48;2;216;216;216m[38;2;216;215;216m▄[48;2;216;216;216m[38;2;215;215;215m▄[48;2;216;216;216m[38;2;216;216;216m▄[48;2;217;217;217m[38;2;216;216;216m▄[48;2;216;216;216m[38;2;218;218;218m▄[48;2;217;217;217m[38;2;217;217;217m▄[48;2;218;218;218m[38;2;217;217;217m▄[48;2;217;217;217m[38;2;217;217;217m▄[48;2;218;218;218m[38;2;217;217;217m▄[48;2;218;218;218m[38;2;218;218;218m▄[48;2;219;219;219m[38;2;218;218;218m▄[48;2;219;219;219m[38;2;218;218;218m▄[48;2;219;219;219m[38;2;219;219;219m▄[48;2;220;220;220m[38;2;220;220;220m▄[48;2;221;221;221m[38;2;220;220;220m▄[48;2;220;220;220m[38;2;220;220;220m▄[48;2;221;221;221m[38;2;219;219;219m▄[48;2;221;221;221m[38;2;220;220;220m▄[48;2;222;222;222m[38;2;221;221;221m▄[48;2;221;221;221m[38;2;220;220;220m▄[48;2;222;222;222m[38;2;221;221;221m▄[48;2;222;221;221m[38;2;221;221;221m▄[48;2;222;222;222m[38;2;220;218;219m▄[48;2;219;220;220m[38;2;222;230;228m▄[48;2;207;125;138m[38;2;202;144;154m▄[48;2;230;116;133m[38;2;203;85;106m▄[48;2;210;104;121m[38;2;219;113;130m▄[48;2;208;98;117m[38;2;216;99;117m▄[48;2;201;94;112m[38;2;220;110;126m▄[48;2;227;183;190m[38;2;213;105;120m▄[48;2;255;255;255m[38;2;212;150;161m▄[48;2;239;216;216m[38;2;250;248;247m▄[48;2;208;126;139m[38;2;219;160;168m▄[48;2;204;94;113m[38;2;224;102;119m▄[48;2;219;107;124m[38;2;234;127;141m▄[48;2;232;119;134m[38;2;227;109;125m▄[48;2;212;104;121m[38;2;195;116;129m▄[48;2;200;192;195m[38;2;199;203;203m▄[48;2;215;215;211m[38;2;214;212;213m▄[48;2;214;210;204m[38;2;216;216;217m▄[48;2;215;214;212m[38;2;214;215;215m▄[48;2;215;215;216m[38;2;214;213;212m▄[48;2;214;215;217m[38;2;214;215;216m▄[48;2;209;196;177m[38;2;213;212;210m▄[48;2;211;203;192m[38;2;207;193;173m▄[48;2;215;216;218m[38;2;215;216;219m▄[48;2;213;213;212m[38;2;213;213;212m▄[48;2;213;213;213m[38;2;212;212;212m▄[48;2;212;212;212m[38;2;211;211;211m▄[48;2;211;211;211m[38;2;211;211;211m▄[48;2;211;211;211m[38;2;211;211;211m▄[48;2;211;211;211m[38;2;210;210;210m▄[48;2;211;211;211m[38;2;211;211;211m▄[48;2;211;211;211m[38;2;210;210;210m▄[48;2;210;210;210m[38;2;208;209;209m▄[48;2;209;209;209m[38;2;209;209;209m▄[48;2;209;209;209m[38;2;209;209;209m▄[48;2;208;208;208m[38;2;208;208;208m▄[48;2;207;207;207m[38;2;207;207;207m▄[48;2;207;207;207m[38;2;207;207;207m▄[48;2;207;207;207m[38;2;207;207;207m▄[48;2;206;206;206m[38;2;204;204;204m▄[48;2;205;205;205m[38;2;205;205;205m▄[0m
[48;2;215;215;215m[38;2;215;215;215m▄[48;2;215;215;215m[38;2;215;215;215m▄[48;2;216;216;216m[38;2;215;215;215m▄[48;2;216;216;216m[38;2;215;215;215m▄[48;2;216;216;216m[38;2;216;216;216m▄[48;2;217;217;217m[38;2;216;216;216m▄[48;2;216;216;216m[38;2;217;217;217m▄[48;2;217;217;217m[38;2;217;217;217m▄[48;2;216;216;216m[38;2;217;217;217m▄[48;2;217;217;217m[38;2;217;217;217m▄[48;2;217;217;217m[38;2;217;217;217m▄[48;2;217;217;217m[38;2;217;217;217m▄[48;2;217;217;217m[38;2;217;217;217m▄[48;2;217;217;217m[38;2;217;217;217m▄[48;2;218;218;218m[38;2;217;217;217m▄[48;2;219;219;219m[38;2;218;218;218m▄[48;2;219;219;219m[38;2;218;218;218m▄[48;2;219;219;219m[38;2;217;216;217m▄[48;2;219;219;219m[38;2;218;217;217m▄[48;2;219;218;218m[38;2;218;225;224m▄[48;2;219;218;218m[38;2;217;222;222m▄[48;2;220;220;220m[38;2;217;216;216m▄[48;2;219;221;221m[38;2;218;211;212m▄[48;2;219;220;220m[38;2;217;214;214m▄[48;2;220;220;220m[38;2;217;221;221m▄[48;2;215;212;213m[38;2;221;234;231m▄[48;2;193;108;125m[38;2;201;152;162m▄[48;2;228;110;128m[38;2;218;96;116m▄[48;2;213;93;114m[38;2;221;105;122m▄[48;2;216;106;124m[38;2;208;95;113m▄[48;2;233;128;141m[38;2;230;128;139m▄[48;2;218;105;121m[38;2;229;121;134m▄[48;2;205;110;127m[38;2;202;78;99m▄[48;2;196;87;108m[38;2;209;85;108m▄[48;2;217;101;119m[38;2;209;90;112m▄[48;2;214;96;116m[38;2;209;75;100m▄[48;2;196;91;113m[38;2;190;113;130m▄[48;2;189;177;181m[38;2;197;210;208m▄[48;2;203;208;208m[38;2;209;200;200m▄[48;2;214;220;219m[38;2;216;186;188m▄[48;2;216;217;216m[38;2;215;211;211m▄[48;2;214;214;213m[38;2;218;220;222m▄[48;2;216;217;220m[38;2;208;199;189m▄[48;2;217;218;221m[38;2;198;180;156m▄[48;2;204;192;172m[38;2;205;195;178m▄[48;2;205;195;179m[38;2;212;212;212m▄[48;2;213;215;218m[38;2;213;211;208m▄[48;2;213;212;212m[38;2;211;212;212m▄[48;2;211;211;212m[38;2;211;211;211m▄[48;2;211;211;211m[38;2;211;211;211m▄[48;2;211;211;211m[38;2;211;211;211m▄[48;2;211;211;211m[38;2;211;211;211m▄[48;2;211;211;211m[38;2;211;211;211m▄[48;2;210;210;210m[38;2;210;210;210m▄[48;2;209;209;209m[38;2;208;208;209m▄[48;2;208;208;208m[38;2;207;207;208m▄[48;2;208;208;208m[38;2;208;208;208m▄[48;2;208;208;208m[38;2;208;208;208m▄[48;2;208;208;208m[38;2;207;207;207m▄[48;2;207;207;207m[38;2;207;207;207m▄[48;2;207;207;207m[38;2;207;207;207m▄[48;2;206;206;206m[38;2;206;206;206m▄[48;2;205;205;205m[38;2;204;204;204m▄[48;2;205;205;205m[38;2;204;204;204m▄[0m
[48;2;215;215;215m[38;2;215;215;215m▄[48;2;215;215;215m[38;2;215;215;215m▄[48;2;215;215;215m[38;2;215;215;215m▄[48;2;215;215;215m[38;2;215;215;215m▄[48;2;216;216;216m[38;2;215;215;216m▄[48;2;216;216;216m[38;2;216;216;216m▄[48;2;216;216;216m[38;2;215;215;215m▄[48;2;217;217;217m[38;2;216;216;216m▄[48;2;217;217;217m[38;2;216;216;216m▄[48;2;217;217;217m[38;2;217;217;217m▄[48;2;216;216;216m[38;2;217;217;217m▄[48;2;217;217;217m[38;2;216;216;216m▄[48;2;217;217;217m[38;2;216;216;216m▄[48;2;216;216;216m[38;2;216;216;216m▄[48;2;216;216;216m[38;2;216;216;216m▄[48;2;217;217;217m[38;2;217;216;216m▄[48;2;216;215;215m[38;2;217;221;220m▄[48;2;217;220;220m[38;2;215;202;204m▄[48;2;218;221;220m[38;2;219;146;155m▄[48;2;216;180;182m[38;2;233;170;175m▄[48;2;222;158;165m[38;2;225;145;154m▄[48;2;226;157;163m[38;2;220;130;140m▄[48;2;227;159;165m[38;2;219;123;134m▄[48;2;229;160;165m[38;2;226;139;150m▄[48;2;221;157;162m[38;2;240;175;182m▄[48;2;219;204;205m[38;2;221;136;145m▄[48;2;211;208;210m[38;2;218;212;212m▄[48;2;194;97;116m[38;2;206;201;204m▄[48;2;220;92;112m[38;2;192;128;142m▄[48;2;207;81;104m[38;2;193;107;125m▄[48;2;216;105;121m[38;2;188;122;135m▄[48;2;195;99;116m[38;2;216;144;149m▄[48;2;201;97;117m[38;2;220;148;154m▄[48;2;217;90;113m[38;2;194;117;133m▄[48;2;216;83;107m[38;2;187;110;128m▄[48;2;198;78;101m[38;2;187;167;172m▄[48;2;189;172;178m[38;2;197;209;207m▄[48;2;202;195;195m[38;2;212;143;150m▄[48;2;224;146;152m[38;2;238;168;176m▄[48;2;236;158;163m[38;2;224;159;167m▄[48;2;222;163;168m[38;2;218;140;146m▄[48;2;203;201;189m[38;2;200;197;186m▄[48;2;200;193;175m[38;2;214;174;179m▄[48;2;211;212;211m[38;2;227;151;159m▄[48;2;212;215;219m[38;2;223;205;203m▄[48;2;212;210;206m[38;2;211;212;207m▄[48;2;213;210;205m[38;2;211;209;209m▄[48;2;210;211;212m[38;2;210;210;210m▄[48;2;211;211;211m[38;2;210;210;210m▄[48;2;210;210;210m[38;2;210;210;210m▄[48;2;211;211;211m[38;2;211;211;211m▄[48;2;211;211;211m[38;2;211;211;210m▄[48;2;210;210;210m[38;2;209;209;209m▄[48;2;210;210;210m[38;2;208;208;208m▄[48;2;209;209;209m[38;2;209;209;209m▄[48;2;209;208;209m[38;2;208;208;208m▄[48;2;208;208;208m[38;2;208;208;208m▄[48;2;208;208;208m[38;2;208;208;208m▄[48;2;208;208;208m[38;2;207;207;207m▄[48;2;207;207;207m[38;2;207;207;207m▄[48;2;206;206;206m[38;2;206;206;206m▄[48;2;204;204;204m[38;2;204;204;204m▄[48;2;203;203;203m[38;2;203;203;203m▄[48;2;204;204;204m[38;2;203;203;203m▄[0m
[48;2;214;214;214m[38;2;213;213;213m▄[48;2;214;214;214m[38;2;214;214;214m▄[48;2;215;215;215m[38;2;214;214;214m▄[48;2;215;215;215m[38;2;215;215;215m▄[48;2;215;215;215m[38;2;215;215;215m▄[48;2;216;216;216m[38;2;215;215;215m▄[48;2;216;216;216m[38;2;215;215;215m▄[48;2;215;215;215m[38;2;216;216;216m▄[48;2;216;216;216m[38;2;216;216;216m▄[48;2;216;216;216m[38;2;216;216;216m▄[48;2;216;216;216m[38;2;216;216;216m▄[48;2;216;216;216m[38;2;216;216;216m▄[48;2;216;216;216m[38;2;216;216;216m▄[48;2;217;217;217m[38;2;217;217;217m▄[48;2;217;217;217m[38;2;217;216;216m▄[48;2;217;217;217m[38;2;218;222;221m▄[48;2;216;218;218m[38;2;211;194;196m▄[48;2;212;136;146m[38;2;211;130;141m▄[48;2;240;197;203m[38;2;239;195;201m▄[48;2;216;141;150m[38;2;193;86;103m▄[48;2;207;90;104m[38;2;221;141;153m▄[48;2;240;181;187m[38;2;233;172;180m▄[48;2;218;130;140m[38;2;192;100;114m▄[48;2;202;113;123m[38;2;206;130;142m▄[48;2;234;173;182m[38;2;244;192;198m▄[48;2;232;158;167m[38;2;207;115;128m▄[48;2;206;170;174m[38;2;201;111;123m▄[48;2;213;216;216m[38;2;216;143;154m▄[48;2;209;212;211m[38;2;210;125;138m▄[48;2;202;220;217m[38;2;207;140;151m▄[48;2;205;171;172m[38;2;203;131;142m▄[48;2;232;150;158m[38;2;207;105;118m▄[48;2;229;144;153m[38;2;201;110;123m▄[48;2;201;175;177m[38;2;196;140;149m▄[48;2;195;208;206m[38;2;212;130;143m▄[48;2;200;200;200m[38;2;214;137;149m▄[48;2;205;192;192m[38;2;200;115;126m▄[48;2;223;142;151m[38;2;231;159;167m▄[48;2;232;176;182m[38;2;227;170;176m▄[48;2;212;115;129m[38;2;207;117;131m▄[48;2;205;136;146m[38;2;208;124;137m▄[48;2;204;213;211m[38;2;195;151;156m▄[48;2;211;122;132m[38;2;209;135;145m▄[48;2;249;211;212m[38;2;249;200;202m▄[48;2;239;201;200m[38;2;217;190;191m▄[48;2;207;208;208m[38;2;200;204;204m▄[48;2;210;210;211m[38;2;211;210;211m▄[48;2;210;210;210m[38;2;210;210;210m▄[48;2;210;210;207m[38;2;211;211;209m▄[48;2;210;210;209m[38;2;210;211;210m▄[48;2;209;210;210m[38;2;208;210;211m▄[48;2;210;210;210m[38;2;210;209;213m▄[48;2;210;210;210m[38;2;209;208;211m▄[48;2;209;209;209m[38;2;209;209;209m▄[48;2;208;208;208m[38;2;208;209;208m▄[48;2;208;208;208m[38;2;208;208;208m▄[48;2;208;208;208m[38;2;208;208;206m▄[48;2;208;208;208m[38;2;207;207;205m▄[48;2;207;207;207m[38;2;207;207;207m▄[48;2;206;206;206m[38;2;205;205;205m▄[48;2;206;205;205m[38;2;204;204;204m▄[48;2;205;205;205m[38;2;204;204;204m▄[48;2;204;203;204m[38;2;203;203;203m▄[48;2;203;203;203m[38;2;203;203;203m▄[0m
[48;2;212;212;212m[38;2;212;212;212m▄[48;2;213;212;213m[38;2;212;212;212m▄[48;2;214;214;214m[38;2;213;213;213m▄[48;2;214;214;214m[38;2;213;213;213m▄[48;2;214;214;214m[38;2;214;214;214m▄[48;2;214;214;214m[38;2;214;214;214m▄[48;2;215;215;215m[38;2;214;214;214m▄[48;2;215;215;215m[38;2;214;214;214m▄[48;2;215;215;215m[38;2;215;215;215m▄[48;2;215;215;215m[38;2;215;215;215m▄[48;2;215;215;215m[38;2;215;215;215m▄[48;2;216;216;216m[38;2;214;214;214m▄[48;2;215;215;215m[38;2;215;215;215m▄[48;2;216;216;216m[38;2;216;216;216m▄[48;2;215;215;215m[38;2;216;216;216m▄[48;2;216;216;216m[38;2;216;215;215m▄[48;2;216;215;215m[38;2;216;219;218m▄[48;2;200;118;132m[38;2;214;207;209m▄[48;2;196;91;110m[38;2;196;154;163m▄[48;2;182;73;92m[38;2;188;95;113m▄[48;2;233;165;176m[38;2;234;151;164m▄[48;2;218;138;151m[38;2;204;120;137m▄[48;2;200;102;118m[38;2;237;164;175m▄[48;2;229;164;173m[38;2;180;85;103m▄[48;2;203;112;128m[38;2;179;82;101m▄[48;2;190;80;99m[38;2;222;139;153m▄[48;2;234;171;181m[38;2;202;114;131m▄[48;2;199;110;126m[38;2;170;57;81m▄[48;2;241;186;194m[38;2;240;174;183m▄[48;2;209;116;131m[38;2;168;59;82m▄[48;2;195;87;106m[38;2;214;127;143m▄[48;2;242;189;196m[38;2;217;141;154m▄[48;2;184;80;100m[38;2;172;58;83m▄[48;2;217;140;151m[38;2;237;172;182m▄[48;2;217;139;152m[38;2;180;82;102m▄[48;2;219;145;157m[38;2;176;72;93m▄[48;2;201;104;119m[38;2;184;84;106m▄[48;2;234;175;184m[38;2;242;174;183m▄[48;2;211;140;151m[38;2;192;106;123m▄[48;2;218;150;160m[38;2;202;112;128m▄[48;2;236;172;181m[38;2;215;135;146m▄[48;2;185;73;91m[38;2;204;132;143m▄[48;2;244;228;227m[38;2;255;248;244m▄[48;2;248;218;218m[38;2;229;179;184m▄[48;2;204;182;183m[38;2;235;178;185m▄[48;2;201;205;205m[38;2;218;197;199m▄[48;2;211;210;211m[38;2;208;212;212m▄[48;2;210;210;211m[38;2;211;210;210m▄[48;2;210;210;211m[38;2;210;210;210m▄[48;2;210;210;210m[38;2;210;210;210m▄[48;2;208;210;213m[38;2;209;210;211m▄[48;2;208;210;215m[38;2;206;209;213m▄[48;2;209;209;215m[38;2;208;208;214m▄[48;2;209;208;211m[38;2;208;208;210m▄[48;2;208;208;209m[38;2;208;208;208m▄[48;2;208;208;208m[38;2;209;209;206m▄[48;2;208;208;202m[38;2;208;208;203m▄[48;2;208;208;202m[38;2;206;208;202m▄[48;2;206;206;204m[38;2;205;206;203m▄[48;2;204;204;204m[38;2;204;204;204m▄[48;2;204;204;204m[38;2;204;204;204m▄[48;2;203;203;203m[38;2;203;203;203m▄[48;2;203;203;203m[38;2;203;203;203m▄[48;2;202;202;204m[38;2;203;203;203m▄[0m
[48;2;211;211;211m[38;2;210;210;210m▄[48;2;211;211;211m[38;2;210;210;210m▄[48;2;212;212;212m[38;2;210;210;210m▄[48;2;213;213;213m[38;2;211;210;211m▄[48;2;213;213;213m[38;2;212;212;212m▄[48;2;213;213;213m[38;2;212;212;213m▄[48;2;214;214;214m[38;2;212;212;213m▄[48;2;214;214;214m[38;2;213;213;213m▄[48;2;214;214;214m[38;2;214;214;214m▄[48;2;215;215;215m[38;2;215;215;215m▄[48;2;214;214;214m[38;2;214;214;215m▄[48;2;215;215;215m[38;2;214;214;214m▄[48;2;215;215;215m[38;2;215;215;215m▄[48;2;215;215;215m[38;2;215;215;215m▄[48;2;215;215;215m[38;2;215;215;215m▄[48;2;215;216;215m[38;2;215;215;215m▄[48;2;216;214;215m[38;2;213;212;212m▄[48;2;217;224;221m[38;2;210;209;195m▄[48;2;193;177;182m[38;2;184;140;151m▄[48;2;200;97;119m[38;2;206;96;117m▄[48;2;221;129;144m[38;2;202;101;119m▄[48;2;151;43;69m[38;2;170;115;128m▄[48;2;224;130;147m[38;2;179;82;106m▄[48;2;209;118;135m[38;2;239;140;157m▄[48;2;159;65;88m[38;2;166;63;85m▄[48;2;236;143;158m[38;2;185;83;105m▄[48;2;196;99;117m[38;2;214;111;130m▄[48;2;212;123;139m[38;2;177;73;98m▄[48;2;233;140;154m[38;2;214;117;133m▄[48;2;179;83;105m[38;2;183;82;106m▄[48;2;246;159;170m[38;2;191;88;111m▄[48;2;194;91;111m[38;2;207;107;127m▄[48;2;200;113;131m[38;2;168;69;93m▄[48;2;237;143;156m[38;2;199;101;120m▄[48;2;172;81;100m[38;2;210;113;131m▄[48;2;180;93;112m[38;2;183;85;108m▄[48;2;220;130;148m[38;2;180;82;105m▄[48;2;238;146;161m[38;2;197;98;118m▄[48;2;157;48;73m[38;2;152;50;75m▄[48;2;221;120;137m[38;2;202;112;129m▄[48;2;221;147;159m[38;2;241;202;206m▄[48;2;238;217;217m[38;2;225;184;189m▄[48;2;251;223;225m[38;2;240;206;207m▄[48;2;225;180;185m[38;2;232;190;194m▄[48;2;232;191;195m[38;2;213;177;182m▄[48;2;210;188;190m[38;2;190;192;192m▄[48;2;205;209;208m[38;2;204;204;204m▄[48;2;210;209;209m[38;2;210;209;209m▄[48;2;209;209;210m[38;2;208;208;208m▄[48;2;209;209;210m[38;2;208;208;208m▄[48;2;209;208;209m[38;2;208;208;209m▄[48;2;208;207;210m[38;2;208;208;208m▄[48;2;208;207;210m[38;2;208;207;208m▄[48;2;208;208;209m[38;2;207;207;208m▄[48;2;208;208;206m[38;2;208;208;205m▄[48;2;208;208;205m[38;2;208;208;204m▄[48;2;207;208;203m[38;2;207;208;203m▄[48;2;205;208;203m[38;2;204;207;203m▄[48;2;203;208;203m[38;2;202;207;203m▄[48;2;202;204;206m[38;2;201;203;206m▄[48;2;203;202;205m[38;2;203;202;206m▄[48;2;203;203;202m[38;2;203;202;203m▄[48;2;203;203;203m[38;2;202;203;203m▄[48;2;203;203;203m[38;2;202;202;202m▄[0m
[48;2;210;210;210m[38;2;209;209;209m▄[48;2;211;211;211m[38;2;210;210;210m▄[48;2;210;210;210m[38;2;210;210;210m▄[48;2;210;210;210m[38;2;210;210;210m▄[48;2;211;211;211m[38;2;210;210;210m▄[48;2;211;211;211m[38;2;210;210;210m▄[48;2;211;211;211m[38;2;211;211;211m▄[48;2;213;213;213m[38;2;211;211;211m▄[48;2;213;213;213m[38;2;211;211;211m▄[48;2;214;214;214m[38;2;211;211;211m▄[48;2;214;214;214m[38;2;211;211;212m▄[48;2;214;214;214m[38;2;212;212;212m▄[48;2;214;214;214m[38;2;213;213;212m▄[48;2;214;214;214m[38;2;212;212;212m▄[48;2;214;214;214m[38;2;213;213;213m▄[48;2;215;216;218m[38;2;213;213;213m▄[48;2;209;204;200m[38;2;212;212;212m▄[48;2;203;196;180m[38;2;193;178;159m▄[48;2;207;190;199m[38;2;209;207;198m▄[48;2;168;67;91m[38;2;204;187;188m▄[48;2;169;66;92m[38;2;189;163;161m▄[48;2;192;186;190m[38;2;190;180;163m▄[48;2;171;113;124m[38;2;203;194;182m▄[48;2;194;86;107m[38;2;162;80;102m▄[48;2;234;136;151m[38;2;192;81;103m▄[48;2;152;45;71m[38;2;237;141;155m▄[48;2;160;67;91m[38;2;195;104;122m▄[48;2;166;76;97m[38;2;162;69;91m▄[48;2;151;42;70m[38;2;180;86;108m▄[48;2;181;117;134m[38;2;182;113;128m▄[48;2;180;121;136m[38;2;178;121;134m▄[48;2;170;85;106m[38;2;180;100;120m▄[48;2;181;111;125m[38;2;178;94;114m▄[48;2;162;67;91m[38;2;183;99;118m▄[48;2;162;66;90m[38;2;183;93;113m▄[48;2;165;72;94m[38;2;180;96;114m▄[48;2;163;64;88m[38;2;188;106;124m▄[48;2;163;69;92m[38;2;190;104;123m▄[48;2;188;167;172m[38;2;201;191;192m▄[48;2;204;166;175m[38;2;206;211;204m▄[48;2;216;185;190m[38;2;205;198;191m▄[48;2;208;183;188m[38;2;202;199;188m▄[48;2;216;180;187m[38;2;201;199;193m▄[48;2;211;182;188m[38;2;190;189;184m▄[48;2;188;187;186m[38;2;192;186;177m▄[48;2;194;194;194m[38;2;204;204;204m▄[48;2;206;206;207m[38;2;208;208;208m▄[48;2;208;208;208m[38;2;208;208;208m▄[48;2;208;208;208m[38;2;207;207;207m▄[48;2;208;208;208m[38;2;207;207;207m▄[48;2;208;208;208m[38;2;207;207;207m▄[48;2;207;207;208m[38;2;206;206;206m▄[48;2;207;207;207m[38;2;207;207;207m▄[48;2;207;207;207m[38;2;206;206;206m▄[48;2;207;207;207m[38;2;205;205;205m▄[48;2;207;207;206m[38;2;205;205;205m▄[48;2;206;206;205m[38;2;204;204;204m▄[48;2;205;205;204m[38;2;203;203;204m▄[48;2;203;203;203m[38;2;203;203;204m▄[48;2;203;202;205m[38;2;203;202;203m▄[48;2;203;202;204m[38;2;202;201;202m▄[48;2;202;202;203m[38;2;201;201;201m▄[48;2;203;202;203m[38;2;202;202;202m▄[48;2;202;202;202m[38;2;202;202;202m▄[0m
[48;2;209;209;209m[38;2;212;212;212m▄[48;2;209;209;209m[38;2;212;212;212m▄[48;2;210;210;210m[38;2;213;213;213m▄[48;2;210;210;210m[38;2;213;213;213m▄[48;2;210;210;211m[38;2;213;213;214m▄[48;2;210;210;211m[38;2;213;213;214m▄[48;2;211;211;211m[38;2;214;214;214m▄[48;2;211;211;211m[38;2;214;214;214m▄[48;2;211;211;211m[38;2;214;214;215m▄[48;2;212;212;212m[38;2;215;215;215m▄[48;2;212;212;212m[38;2;215;215;215m▄[48;2;212;212;212m[38;2;215;215;215m▄[48;2;213;212;213m[38;2;215;215;215m▄[48;2;212;212;213m[38;2;215;215;215m▄[48;2;213;213;213m[38;2;215;215;215m▄[48;2;213;213;212m[38;2;215;215;215m▄[48;2;214;214;216m[38;2;215;214;214m▄[48;2;209;206;202m[38;2;215;216;217m▄[48;2;196;181;164m[38;2;215;217;219m▄[48;2;196;186;168m[38;2;213;213;215m▄[48;2;197;192;178m[38;2;213;214;217m▄[48;2;204;199;195m[38;2;212;213;215m▄[48;2;210;214;215m[38;2;212;211;211m▄[48;2;208;203;204m[38;2;212;214;214m▄[48;2;171;100;117m[38;2;212;214;213m▄[48;2;164;57;83m[38;2;191;158;167m▄[48;2;199;88;110m[38;2;171;105;123m▄[48;2;206;104;124m[38;2;166;86;107m▄[48;2;198;98;117m[38;2;167;87;107m▄[48;2;191;84;107m[38;2;170;101;119m▄[48;2;201;104;124m[38;2;166;80;103m▄[48;2;182;95;113m[38;2;172;72;97m▄[48;2;152;49;75m[38;2;185;81;105m▄[48;2;162;81;100m[38;2;189;90;113m▄[48;2;173;125;136m[38;2;187;89;112m▄[48;2;167;107;122m[38;2;193;91;114m▄[48;2;174;74;97m[38;2;208;112;131m▄[48;2;216;133;149m[38;2;208;151;160m▄[48;2;204;187;188m[38;2;194;191;191m▄[48;2;211;211;206m[38;2;204;205;206m▄[48;2;210;206;203m[38;2;209;209;210m▄[48;2;211;206;200m[38;2;207;208;210m▄[48;2;213;207;197m[38;2;206;207;209m▄[48;2;205;195;182m[38;2;207;208;210m▄[48;2;204;201;197m[38;2;208;208;209m▄[48;2;207;207;208m[38;2;208;208;208m▄[48;2;207;207;207m[38;2;208;208;209m▄[48;2;207;207;207m[38;2;208;208;208m▄[48;2;207;207;207m[38;2;208;208;208m▄[48;2;207;207;207m[38;2;208;208;208m▄[48;2;207;207;207m[38;2;208;208;208m▄[48;2;206;206;206m[38;2;208;208;208m▄[48;2;206;206;206m[38;2;207;208;207m▄[48;2;205;205;205m[38;2;207;207;207m▄[48;2;204;204;204m[38;2;207;207;207m▄[48;2;204;204;204m[38;2;206;206;206m▄[48;2;203;203;203m[38;2;205;205;205m▄[48;2;203;203;203m[38;2;204;204;205m▄[48;2;204;204;204m[38;2;204;204;204m▄[48;2;203;203;203m[38;2;203;203;203m▄[48;2;202;202;202m[38;2;203;203;203m▄[48;2;202;202;202m[38;2;203;203;203m▄[48;2;201;201;201m[38;2;202;202;202m▄[48;2;202;202;202m[38;2;202;202;202m▄[0m
[48;2;215;215;215m[38;2;216;216;216m▄[48;2;216;216;216m[38;2;217;217;217m▄[48;2;216;216;216m[38;2;217;217;217m▄[48;2;216;216;216m[38;2;217;217;217m▄[48;2;216;216;216m[38;2;217;217;217m▄[48;2;216;216;216m[38;2;217;217;217m▄[48;2;216;216;216m[38;2;218;218;218m▄[48;2;216;216;216m[38;2;218;217;218m▄[48;2;216;216;216m[38;2;218;218;218m▄[48;2;217;217;217m[38;2;218;218;218m▄[48;2;216;216;216m[38;2;218;218;218m▄[48;2;217;217;217m[38;2;217;217;217m▄[48;2;216;216;216m[38;2;218;218;218m▄[48;2;216;216;216m[38;2;218;218;218m▄[48;2;216;216;216m[38;2;218;218;218m▄[48;2;216;216;216m[38;2;217;217;217m▄[48;2;216;216;216m[38;2;217;217;217m▄[48;2;216;216;216m[38;2;216;216;216m▄[48;2;217;216;216m[38;2;215;215;215m▄[48;2;216;216;215m[38;2;214;214;214m▄[48;2;217;216;216m[38;2;213;213;213m▄[48;2;217;217;217m[38;2;212;212;212m▄[48;2;217;217;217m[38;2;211;211;211m▄[48;2;216;215;215m[38;2;211;211;211m▄[48;2;211;210;211m[38;2;210;210;210m▄[48;2;205;210;209m[38;2;208;206;207m▄[48;2;198;202;200m[38;2;203;202;203m▄[48;2;190;188;189m[38;2;198;197;197m▄[48;2;185;183;183m[38;2;195;192;193m▄[48;2;184;187;187m[38;2;195;188;192m▄[48;2;184;173;177m[38;2;194;191;193m▄[48;2;172;127;140m[38;2;195;198;197m▄[48;2;162;90;109m[38;2;194;194;193m▄[48;2;165;78;100m[38;2;187;180;181m▄[48;2;167;73;97m[38;2;186;173;176m▄[48;2;159;65;89m[38;2;190;180;182m▄[48;2;182;126;138m[38;2;190;191;189m▄[48;2;195;184;185m[38;2;187;188;188m▄[48;2;187;188;187m[38;2;199;199;199m▄[48;2;204;204;204m[38;2;205;206;206m▄[48;2;210;211;211m[38;2;207;208;209m▄[48;2;212;212;212m[38;2;211;211;211m▄[48;2;212;212;212m[38;2;212;212;212m▄[48;2;210;210;210m[38;2;211;211;211m▄[48;2;210;210;210m[38;2;211;211;211m▄[48;2;210;210;210m[38;2;211;211;211m▄[48;2;210;210;211m[38;2;210;210;210m▄[48;2;210;210;210m[38;2;209;209;209m▄[48;2;210;210;210m[38;2;210;210;210m▄[48;2;210;210;210m[38;2;211;211;211m▄[48;2;210;210;210m[38;2;210;210;211m▄[48;2;209;209;210m[38;2;210;210;211m▄[48;2;209;209;209m[38;2;210;210;210m▄[48;2;209;209;209m[38;2;210;210;210m▄[48;2;208;208;208m[38;2;210;210;210m▄[48;2;208;208;208m[38;2;210;210;210m▄[48;2;208;208;208m[38;2;209;209;209m▄[48;2;207;207;207m[38;2;209;209;209m▄[48;2;212;212;212m[38;2;217;216;217m▄[48;2;214;214;214m[38;2;221;221;221m▄[48;2;207;207;207m[38;2;209;209;209m▄[48;2;206;206;206m[38;2;208;208;208m▄[48;2;206;206;206m[38;2;209;209;209m▄[48;2;206;206;206m[38;2;208;208;208m▄[0m
[48;2;219;219;219m[38;2;223;223;223m▄[48;2;220;220;220m[38;2;224;224;224m▄[48;2;221;221;221m[38;2;224;224;224m▄[48;2;221;221;221m[38;2;224;224;224m▄[48;2;221;221;221m[38;2;224;224;224m▄[48;2;221;221;221m[38;2;224;224;224m▄[48;2;222;222;222m[38;2;224;224;224m▄[48;2;222;222;222m[38;2;225;225;225m▄[48;2;222;222;222m[38;2;225;225;225m▄[48;2;222;222;222m[38;2;224;224;224m▄[48;2;222;222;222m[38;2;224;224;224m▄[48;2;222;222;222m[38;2;224;224;224m▄[48;2;223;223;223m[38;2;224;224;224m▄[48;2;222;222;222m[38;2;224;224;224m▄[48;2;222;222;222m[38;2;224;224;224m▄[48;2;219;219;219m[38;2;223;223;223m▄[48;2;214;214;214m[38;2;220;220;220m▄[48;2;207;207;207m[38;2;216;216;216m▄[48;2;200;200;200m[38;2;211;211;211m▄[48;2;195;195;195m[38;2;206;206;206m▄[48;2;191;191;192m[38;2;204;204;204m▄[48;2;190;189;189m[38;2;203;203;203m▄[48;2;189;189;188m[38;2;201;201;201m▄[48;2;189;189;189m[38;2;196;196;196m▄[48;2;189;189;189m[38;2;191;191;191m▄[48;2;192;192;192m[38;2;187;187;187m▄[48;2;196;196;196m[38;2;185;185;185m▄[48;2;198;198;199m[38;2;184;184;184m▄[48;2;199;199;199m[38;2;185;186;186m▄[48;2;199;199;199m[38;2;187;187;187m▄[48;2;198;197;197m[38;2;187;187;187m▄[48;2;196;194;194m[38;2;186;186;186m▄[48;2;194;192;194m[38;2;185;185;185m▄[48;2;192;193;194m[38;2;185;185;185m▄[48;2;191;194;193m[38;2;185;184;184m▄[48;2;189;191;192m[38;2;184;184;184m▄[48;2;190;189;191m[38;2;184;184;184m▄[48;2;191;191;191m[38;2;187;187;187m▄[48;2;188;188;188m[38;2;191;191;191m▄[48;2;186;186;186m[38;2;195;195;195m▄[48;2;187;187;188m[38;2;196;196;196m▄[48;2;191;191;191m[38;2;195;195;195m▄[48;2;192;192;192m[38;2;195;195;195m▄[48;2;193;193;193m[38;2;196;196;197m▄[48;2;197;196;197m[38;2;200;199;201m▄[48;2;203;203;203m[38;2;205;205;205m▄[48;2;208;208;208m[38;2;211;211;211m▄[48;2;211;211;212m[38;2;215;215;215m▄[48;2;213;213;213m[38;2;215;215;215m▄[48;2;213;213;213m[38;2;215;215;215m▄[48;2;213;213;214m[38;2;215;215;215m▄[48;2;213;213;213m[38;2;215;215;215m▄[48;2;213;213;213m[38;2;215;215;215m▄[48;2;212;212;212m[38;2;215;215;215m▄[48;2;211;211;211m[38;2;214;214;214m▄[48;2;210;210;210m[38;2;213;213;213m▄[48;2;210;210;210m[38;2;213;213;213m▄[48;2;210;210;210m[38;2;212;212;212m▄[48;2;210;210;210m[38;2;212;212;212m▄[48;2;210;210;210m[38;2;211;211;211m▄[48;2;210;210;210m[38;2;212;212;212m▄[48;2;210;210;210m[38;2;211;211;211m▄[48;2;209;209;209m[38;2;210;210;210m▄[48;2;209;209;209m[38;2;210;210;210m▄[0m
[48;2;225;225;225m[38;2;227;227;227m▄[48;2;225;225;225m[38;2;228;228;228m▄[48;2;225;225;225m[38;2;227;227;227m▄[48;2;226;226;226m[38;2;228;228;228m▄[48;2;226;226;226m[38;2;228;228;228m▄[48;2;226;226;226m[38;2;228;228;228m▄[48;2;226;226;226m[38;2;229;229;229m▄[48;2;226;226;226m[38;2;228;228;228m▄[48;2;226;226;226m[38;2;229;229;229m▄[48;2;227;227;227m[38;2;228;228;228m▄[48;2;226;226;226m[38;2;227;227;227m▄[48;2;227;227;227m[38;2;228;228;228m▄[48;2;226;226;226m[38;2;228;228;228m▄[48;2;226;226;226m[38;2;228;228;228m▄[48;2;225;225;225m[38;2;227;227;227m▄[48;2;225;225;225m[38;2;227;227;227m▄[48;2;225;225;225m[38;2;227;227;227m▄[48;2;225;225;225m[38;2;227;227;227m▄[48;2;225;225;225m[38;2;227;227;227m▄[48;2;225;225;225m[38;2;227;227;227m▄[48;2;226;226;226m[38;2;227;227;227m▄[48;2;226;226;226m[38;2;227;227;227m▄[48;2;225;225;225m[38;2;227;227;227m▄[48;2;222;222;222m[38;2;226;226;226m▄[48;2;219;219;219m[38;2;227;227;227m▄[48;2;216;216;216m[38;2;227;227;227m▄[48;2;214;214;214m[38;2;227;227;227m▄[48;2;213;213;213m[38;2;228;228;228m▄[48;2;212;213;213m[38;2;227;227;227m▄[48;2;211;211;211m[38;2;226;226;226m▄[48;2;209;209;209m[38;2;226;226;226m▄[48;2;207;207;207m[38;2;225;225;225m▄[48;2;204;204;204m[38;2;225;225;225m▄[48;2;203;203;202m[38;2;225;225;225m▄[48;2;201;201;201m[38;2;224;224;224m▄[48;2;202;201;201m[38;2;224;224;224m▄[48;2;203;203;203m[38;2;224;224;224m▄[48;2;207;207;207m[38;2;223;223;223m▄[48;2;212;212;212m[38;2;223;223;223m▄[48;2;217;217;217m[38;2;222;222;222m▄[48;2;219;219;219m[38;2;222;222;222m▄[48;2;219;219;219m[38;2;221;221;221m▄[48;2;218;218;218m[38;2;220;220;220m▄[48;2;218;218;218m[38;2;219;219;219m▄[48;2;218;218;218m[38;2;218;218;218m▄[48;2;217;217;217m[38;2;217;217;217m▄[48;2;217;217;217m[38;2;217;217;217m▄[48;2;217;217;217m[38;2;216;216;216m▄[48;2;216;216;216m[38;2;216;216;216m▄[48;2;216;216;216m[38;2;216;216;216m▄[48;2;216;216;216m[38;2;216;216;216m▄[48;2;216;216;216m[38;2;216;216;216m▄[48;2;216;216;216m[38;2;216;216;216m▄[48;2;215;215;215m[38;2;216;216;216m▄[48;2;215;215;215m[38;2;216;216;216m▄[48;2;215;215;215m[38;2;215;215;215m▄[48;2;215;215;215m[38;2;216;216;216m▄[48;2;215;215;215m[38;2;216;216;216m▄[48;2;215;215;215m[38;2;215;215;215m▄[48;2;215;215;214m[38;2;216;216;216m▄[48;2;214;214;214m[38;2;216;216;216m▄[48;2;212;212;212m[38;2;215;215;215m▄[48;2;211;211;211m[38;2;214;214;214m▄[48;2;211;211;211m[38;2;213;213;213m▄[0m
