[48;2;217;217;217m[38;2;217;217;217m▄[48;2;218;218;218m[38;2;217;217;217m▄[48;2;220;220;220m[38;2;220;220;220m▄[48;2;221;221;221m[38;2;221;221;221m▄[48;2;222;222;222m[38;2;222;222;222m▄[48;2;223;223;223m[38;2;223;223;223m▄[48;2;223;223;223m[38;2;223;223;223m▄[48;2;224;224;224m[38;2;224;224;224m▄[48;2;224;224;224m[38;2;224;224;224m▄[48;2;225;225;225m[38;2;225;225;225m▄[48;2;224;224;224m[38;2;224;224;224m▄[48;2;225;225;225m[38;2;224;224;224m▄[48;2;226;226;226m[38;2;224;224;224m▄[48;2;227;227;227m[38;2;225;225;225m▄[48;2;227;227;227m[38;2;226;226;226m▄[48;2;227;227;227m[38;2;227;227;227m▄[48;2;228;228;228m[38;2;227;227;227m▄[48;2;228;228;228m[38;2;227;227;227m▄[48;2;228;228;228m[38;2;227;227;227m▄[48;2;228;228;228m[38;2;227;227;227m▄[48;2;228;228;228m[38;2;227;227;227m▄[48;2;228;228;228m[38;2;227;227;227m▄[48;2;228;228;228m[38;2;227;227;227m▄[48;2;228;228;228m[38;2;227;227;227m▄[48;2;227;227;227m[38;2;226;226;226m▄[48;2;227;227;227m[38;2;227;227;227m▄[48;2;227;227;227m[38;2;227;227;227m▄[48;2;227;227;227m[38;2;227;227;227m▄[48;2;227;227;227m[38;2;225;225;225m▄[48;2;225;225;225m[38;2;224;224;224m▄[48;2;225;225;225m[38;2;224;224;224m▄[48;2;225;225;225m[38;2;224;224;224m▄[48;2;225;225;225m[38;2;224;224;224m▄[48;2;224;224;224m[38;2;224;224;224m▄[48;2;223;223;223m[38;2;223;223;223m▄[48;2;223;223;223m[38;2;223;223;223m▄[48;2;223;223;223m[38;2;223;223;223m▄[48;2;222;222;222m[38;2;222;222;222m▄[48;2;221;221;221m[38;2;221;221;221m▄[48;2;221;221;221m[38;2;221;221;221m▄[48;2;219;219;219m[38;2;218;218;218m▄[48;2;218;218;218m[38;2;218;218;218m▄[48;2;217;217;217m[38;2;217;217;217m▄[48;2;216;216;216m[38;2;216;216;216m▄[48;2;216;216;216m[38;2;217;217;217m▄[48;2;216;216;216m[38;2;217;217;217m▄[48;2;215;215;215m[38;2;216;216;216m▄[48;2;215;215;215m[38;2;215;215;215m▄[48;2;215;215;215m[38;2;215;215;215m▄[48;2;214;214;214m[38;2;214;214;214m▄[48;2;213;213;213m[38;2;213;213;213m▄[48;2;213;213;213m[38;2;212;212;212m▄[48;2;211;211;211m[38;2;211;211;211m▄[48;2;210;210;211m[38;2;211;211;211m▄[48;2;211;211;211m[38;2;210;210;210m▄[48;2;209;209;210m[38;2;209;209;209m▄[48;2;208;208;208m[38;2;208;208;208m▄[48;2;208;208;208m[38;2;208;208;208m▄[48;2;208;208;208m[38;2;208;208;208m▄[48;2;207;207;207m[38;2;207;207;207m▄[48;2;206;206;206m[38;2;207;207;207m▄[48;2;206;206;206m[38;2;205;205;205m▄[48;2;204;204;204m[38;2;204;204;204m▄[48;2;204;204;204m[38;2;204;204;204m▄[0m
[48;2;217;217;217m[38;2;217;217;217m▄[48;2;218;218;218m[38;2;217;217;217m▄[48;2;218;218;218m[38;2;217;217;217m▄[48;2;220;220;220m[38;2;219;219;219m▄[48;2;222;222;222m[38;2;221;221;221m▄[48;2;223;223;223m[38;2;222;222;222m▄[48;2;223;223;223m[38;2;222;222;222m▄[48;2;223;223;223m[38;2;223;223;223m▄[48;2;224;224;224m[38;2;224;224;224m▄[48;2;224;224;224m[38;2;224;224;224m▄[48;2;225;225;225m[38;2;225;225;225m▄[48;2;224;224;224m[38;2;224;224;224m▄[48;2;224;224;224m[38;2;224;224;224m▄[48;2;225;225;225m[38;2;224;224;224m▄[48;2;225;225;225m[38;2;224;224;224m▄[48;2;226;226;226m[38;2;224;224;224m▄[48;2;226;226;226m[38;2;225;225;225m▄[48;2;227;227;227m[38;2;227;227;227m▄[48;2;227;227;227m[38;2;227;227;227m▄[48;2;227;227;227m[38;2;226;226;226m▄[48;2;226;226;226m[38;2;226;226;226m▄[48;2;226;226;226m[38;2;227;227;227m▄[48;2;226;226;226m[38;2;226;226;226m▄[48;2;227;227;227m[38;2;227;227;227m▄[48;2;227;227;227m[38;2;227;227;227m▄[48;2;227;227;227m[38;2;225;225;225m▄[48;2;226;226;226m[38;2;225;225;225m▄[48;2;225;225;225m[38;2;224;224;224m▄[48;2;225;225;225m[38;2;223;223;223m▄[48;2;224;224;224m[38;2;222;223;222m▄[48;2;224;224;224m[38;2;223;224;223m▄[48;2;224;224;224m[38;2;224;224;224m▄[48;2;224;224;224m[38;2;224;224;224m▄[48;2;224;224;224m[38;2;224;224;224m▄[48;2;223;223;223m[38;2;221;222;221m▄[48;2;223;223;223m[38;2;222;223;222m▄[48;2;223;223;223m[38;2;223;223;223m▄[48;2;222;222;222m[38;2;222;222;222m▄[48;2;221;221;221m[38;2;221;221;221m▄[48;2;220;220;220m[38;2;220;220;220m▄[48;2;218;218;218m[38;2;218;218;218m▄[48;2;217;217;217m[38;2;217;217;217m▄[48;2;217;217;217m[38;2;216;216;216m▄[48;2;217;217;217m[38;2;216;216;216m▄[48;2;217;217;217m[38;2;216;216;216m▄[48;2;216;216;216m[38;2;216;216;216m▄[48;2;216;216;216m[38;2;215;215;215m▄[48;2;215;215;215m[38;2;215;215;215m▄[48;2;214;214;214m[38;2;215;214;215m▄[48;2;213;213;213m[38;2;214;214;214m▄[48;2;213;213;213m[38;2;213;213;213m▄[48;2;213;213;212m[38;2;212;212;213m▄[48;2;211;211;211m[38;2;211;211;211m▄[48;2;210;210;210m[38;2;210;210;210m▄[48;2;211;211;211m[38;2;210;210;210m▄[48;2;209;209;209m[38;2;210;210;210m▄[48;2;208;208;208m[38;2;208;208;208m▄[48;2;208;208;208m[38;2;208;208;208m▄[48;2;208;208;208m[38;2;208;208;208m▄[48;2;207;207;207m[38;2;207;207;207m▄[48;2;206;206;206m[38;2;206;206;206m▄[48;2;205;205;205m[38;2;205;205;205m▄[48;2;204;204;204m[38;2;204;204;204m▄[48;2;203;203;203m[38;2;203;203;203m▄[0m
[48;2;217;217;217m[38;2;217;217;217m▄[48;2;217;217;217m[38;2;217;217;217m▄[48;2;218;218;218m[38;2;217;217;217m▄[48;2;218;218;218m[38;2;219;219;219m▄[48;2;221;221;221m[38;2;221;221;221m▄[48;2;221;221;221m[38;2;221;221;221m▄[48;2;222;222;222m[38;2;222;222;222m▄[48;2;223;223;223m[38;2;223;223;223m▄[48;2;224;224;224m[38;2;223;223;223m▄[48;2;224;224;224m[38;2;224;224;224m▄[48;2;224;224;224m[38;2;224;224;224m▄[48;2;225;225;225m[38;2;224;224;224m▄[48;2;225;225;225m[38;2;225;225;225m▄[48;2;224;224;224m[38;2;224;224;224m▄[48;2;224;224;224m[38;2;224;224;224m▄[48;2;224;224;224m[38;2;224;224;224m▄[48;2;224;224;224m[38;2;224;224;224m▄[48;2;225;225;225m[38;2;224;224;224m▄[48;2;225;225;225m[38;2;225;225;225m▄[48;2;225;225;225m[38;2;225;225;225m▄[48;2;226;226;226m[38;2;225;225;225m▄[48;2;226;226;226m[38;2;225;225;225m▄[48;2;225;225;225m[38;2;224;224;224m▄[48;2;226;226;226m[38;2;224;224;224m▄[48;2;225;225;225m[38;2;224;224;224m▄[48;2;224;224;224m[38;2;224;224;224m▄[48;2;225;225;225m[38;2;223;224;223m▄[48;2;224;224;223m[38;2;228;226;228m▄[48;2;229;227;229m[38;2;204;213;202m▄[48;2;233;229;233m[38;2;184;202;184m▄[48;2;228;226;227m[38;2;211;215;214m▄[48;2;223;223;222m[38;2;231;228;232m▄[48;2;224;224;224m[38;2;224;225;224m▄[48;2;223;224;223m[38;2;227;225;228m▄[48;2;230;227;231m[38;2;189;205;186m▄[48;2;225;223;225m[38;2;211;217;209m▄[48;2;222;222;221m[38;2;225;224;225m▄[48;2;222;222;222m[38;2;221;221;221m▄[48;2;221;221;221m[38;2;220;220;220m▄[48;2;220;220;220m[38;2;219;219;219m▄[48;2;218;218;218m[38;2;217;217;217m▄[48;2;217;217;217m[38;2;217;217;217m▄[48;2;217;217;217m[38;2;217;217;217m▄[48;2;216;216;216m[38;2;217;217;217m▄[48;2;217;217;217m[38;2;216;216;216m▄[48;2;216;216;216m[38;2;216;216;216m▄[48;2;215;215;215m[38;2;215;215;215m▄[48;2;215;215;215m[38;2;215;215;215m▄[48;2;214;214;214m[38;2;214;214;214m▄[48;2;213;213;213m[38;2;214;214;214m▄[48;2;213;213;213m[38;2;213;213;213m▄[48;2;212;212;213m[38;2;212;212;212m▄[48;2;211;211;211m[38;2;211;211;211m▄[48;2;210;210;210m[38;2;211;211;211m▄[48;2;210;210;210m[38;2;210;210;210m▄[48;2;209;209;210m[38;2;210;210;210m▄[48;2;208;208;209m[38;2;208;208;208m▄[48;2;208;208;208m[38;2;208;208;208m▄[48;2;208;207;209m[38;2;208;208;208m▄[48;2;207;207;208m[38;2;207;207;207m▄[48;2;207;207;206m[38;2;207;207;207m▄[48;2;205;205;205m[38;2;206;206;206m▄[48;2;204;204;204m[38;2;204;204;204m▄[48;2;203;203;204m[38;2;203;203;203m▄[0m
[48;2;216;216;216m[38;2;216;216;216m▄[48;2;217;217;217m[38;2;216;216;216m▄[48;2;217;217;217m[38;2;217;217;217m▄[48;2;218;218;218m[38;2;218;218;218m▄[48;2;220;220;220m[38;2;218;218;219m▄[48;2;221;221;221m[38;2;220;220;220m▄[48;2;222;222;222m[38;2;221;221;221m▄[48;2;223;223;223m[38;2;222;222;222m▄[48;2;222;222;222m[38;2;222;222;222m▄[48;2;223;223;223m[38;2;223;223;223m▄[48;2;224;224;224m[38;2;223;223;223m▄[48;2;224;224;224m[38;2;224;224;224m▄[48;2;225;225;225m[38;2;224;224;224m▄[48;2;224;224;224m[38;2;224;224;224m▄[48;2;225;225;225m[38;2;224;224;224m▄[48;2;224;224;224m[38;2;225;225;225m▄[48;2;224;224;224m[38;2;224;224;224m▄[48;2;224;224;224m[38;2;224;224;224m▄[48;2;224;224;224m[38;2;224;224;224m▄[48;2;224;224;224m[38;2;224;224;224m▄[48;2;224;224;224m[38;2;224;224;224m▄[48;2;224;224;224m[38;2;224;224;224m▄[48;2;224;224;224m[38;2;224;224;224m▄[48;2;224;224;224m[38;2;224;224;224m▄[48;2;224;224;224m[38;2;224;224;224m▄[48;2;224;224;224m[38;2;224;224;224m▄[48;2;222;223;222m[38;2;222;223;222m▄[48;2;232;228;234m[38;2;232;229;233m▄[48;2;162;190;153m[38;2;185;201;182m▄[48;2;138;185;96m[38;2;137;184;85m▄[48;2;141;183;108m[38;2;140;186;76m▄[48;2;174;195;170m[38;2;126;176;83m▄[48;2;236;230;240m[38;2;175;195;172m▄[48;2;174;196;164m[38;2;119;167;93m▄[48;2;97;158;60m[38;2;169;189;161m▄[48;2;173;195;166m[38;2;213;210;217m▄[48;2;228;225;229m[38;2;224;221;225m▄[48;2;219;220;218m[38;2;223;222;222m▄[48;2;220;220;220m[38;2;219;220;219m▄[48;2;219;219;219m[38;2;219;219;219m▄[48;2;217;217;217m[38;2;217;217;217m▄[48;2;217;217;217m[38;2;217;217;217m▄[48;2;216;216;216m[38;2;217;217;217m▄[48;2;217;217;217m[38;2;216;216;216m▄[48;2;216;216;216m[38;2;215;215;215m▄[48;2;215;215;215m[38;2;215;215;215m▄[48;2;215;215;215m[38;2;215;215;215m▄[48;2;215;215;215m[38;2;215;215;215m▄[48;2;215;215;215m[38;2;214;214;214m▄[48;2;214;214;214m[38;2;213;213;213m▄[48;2;213;213;213m[38;2;213;213;213m▄[48;2;212;212;212m[38;2;213;213;213m▄[48;2;211;211;211m[38;2;211;211;211m▄[48;2;210;211;211m[38;2;211;211;211m▄[48;2;210;210;210m[38;2;211;211;211m▄[48;2;210;210;210m[38;2;210;209;209m▄[48;2;208;208;208m[38;2;209;209;209m▄[48;2;208;208;208m[38;2;208;208;208m▄[48;2;208;208;208m[38;2;207;207;207m▄[48;2;207;207;207m[38;2;207;207;207m▄[48;2;207;207;207m[38;2;206;206;206m▄[48;2;206;205;206m[38;2;205;205;205m▄[48;2;205;205;205m[38;2;205;205;205m▄[48;2;204;204;204m[38;2;203;203;203m▄[0m
[48;2;216;216;216m[38;2;216;216;216m▄[48;2;216;216;216m[38;2;216;216;216m▄[48;2;217;217;217m[38;2;216;216;216m▄[48;2;217;217;217m[38;2;216;216;216m▄[48;2;218;218;218m[38;2;217;217;217m▄[48;2;220;220;220m[38;2;219;219;219m▄[48;2;221;221;221m[38;2;220;220;220m▄[48;2;222;222;222m[38;2;221;221;221m▄[48;2;222;222;222m[38;2;221;221;221m▄[48;2;223;223;223m[38;2;222;222;222m▄[48;2;223;223;223m[38;2;222;222;222m▄[48;2;223;223;223m[38;2;222;222;222m▄[48;2;224;224;224m[38;2;223;223;223m▄[48;2;224;224;224m[38;2;224;224;224m▄[48;2;224;224;224m[38;2;223;223;223m▄[48;2;224;224;224m[38;2;224;224;224m▄[48;2;224;224;224m[38;2;224;224;224m▄[48;2;224;224;224m[38;2;224;224;224m▄[48;2;224;224;224m[38;2;224;224;224m▄[48;2;224;224;224m[38;2;224;224;224m▄[48;2;224;224;224m[38;2;224;224;224m▄[48;2;224;224;224m[38;2;224;224;224m▄[48;2;224;224;224m[38;2;224;224;224m▄[48;2;224;224;224m[38;2;223;223;223m▄[48;2;224;224;224m[38;2;223;223;223m▄[48;2;224;224;224m[38;2;223;223;223m▄[48;2;224;224;224m[38;2;224;224;224m▄[48;2;225;224;224m[38;2;222;226;225m▄[48;2;223;227;230m[38;2;222;196;200m▄[48;2;142;183;127m[38;2;220;171;178m▄[48;2;117;180;69m[38;2;159;155;121m▄[48;2;109;171;71m[38;2;111;149;90m▄[48;2;88;149;68m[38;2;85;141;69m▄[48;2;124;163;116m[38;2;87;159;74m▄[48;2;161;188;152m[38;2;110;171;74m▄[48;2;153;186;136m[38;2;141;190;84m▄[48;2;169;193;166m[38;2;141;190;86m▄[48;2;216;218;218m[38;2;132;173;113m▄[48;2;221;221;221m[38;2;214;214;215m▄[48;2;217;217;217m[38;2;218;218;218m▄[48;2;217;217;217m[38;2;216;216;216m▄[48;2;216;216;216m[38;2;217;217;217m▄[48;2;217;217;217m[38;2;216;216;216m▄[48;2;216;216;216m[38;2;216;216;216m▄[48;2;216;216;216m[38;2;215;215;215m▄[48;2;215;215;215m[38;2;215;214;215m▄[48;2;215;214;215m[38;2;215;214;215m▄[48;2;214;214;214m[38;2;214;214;214m▄[48;2;214;214;214m[38;2;213;213;213m▄[48;2;214;214;214m[38;2;213;213;213m▄[48;2;213;213;213m[38;2;213;213;213m▄[48;2;211;211;211m[38;2;211;211;211m▄[48;2;211;211;211m[38;2;210;210;210m▄[48;2;211;211;211m[38;2;210;210;210m▄[48;2;209;209;209m[38;2;209;209;209m▄[48;2;209;209;209m[38;2;208;208;208m▄[48;2;208;208;208m[38;2;209;209;209m▄[48;2;208;208;208m[38;2;208;208;208m▄[48;2;208;208;208m[38;2;207;207;207m▄[48;2;207;207;207m[38;2;207;207;207m▄[48;2;206;206;206m[38;2;206;206;206m▄[48;2;205;205;205m[38;2;205;204;205m▄[48;2;204;204;204m[38;2;203;203;204m▄[48;2;203;203;203m[38;2;203;203;203m▄[0m
[48;2;215;215;215m[38;2;215;215;215m▄[48;2;216;216;216m[38;2;216;216;216m▄[48;2;216;216;216m[38;2;216;216;216m▄[48;2;216;216;216m[38;2;216;216;216m▄[48;2;216;216;216m[38;2;217;217;217m▄[48;2;218;218;218m[38;2;217;217;217m▄[48;2;218;218;218m[38;2;217;217;217m▄[48;2;220;220;220m[38;2;218;218;218m▄[48;2;221;221;221m[38;2;220;220;220m▄[48;2;222;222;222m[38;2;221;221;221m▄[48;2;222;222;222m[38;2;221;221;221m▄[48;2;222;222;222m[38;2;221;221;221m▄[48;2;222;222;222m[38;2;222;222;222m▄[48;2;223;223;223m[38;2;222;222;222m▄[48;2;223;223;223m[38;2;223;223;223m▄[48;2;224;224;224m[38;2;223;223;223m▄[48;2;223;223;223m[38;2;223;223;223m▄[48;2;224;224;224m[38;2;223;223;223m▄[48;2;224;224;224m[38;2;224;224;224m▄[48;2;223;223;223m[38;2;223;223;223m▄[48;2;223;223;223m[38;2;223;223;223m▄[48;2;223;223;223m[38;2;223;223;223m▄[48;2;223;223;223m[38;2;223;223;223m▄[48;2;224;224;224m[38;2;223;223;223m▄[48;2;223;223;223m[38;2;223;223;223m▄[48;2;223;222;222m[38;2;224;225;225m▄[48;2;224;228;227m[38;2;221;220;221m▄[48;2;221;180;184m[38;2;216;131;141m▄[48;2;233;140;148m[38;2;230;133;141m▄[48;2;241;142;152m[38;2;226;128;139m▄[48;2;234;130;147m[38;2;223;131;139m▄[48;2;228;147;161m[38;2;240;166;173m▄[48;2;214;153;152m[38;2;242;152;165m▄[48;2;124;136;86m[38;2;231;132;147m▄[48;2;109;164;77m[38;2;220;149;151m▄[48;2;123;176;77m[38;2;191;142;139m▄[48;2;125;172;91m[38;2;191;195;197m▄[48;2;162;183;154m[38;2;208;204;210m▄[48;2;211;209;212m[38;2;211;210;210m▄[48;2;217;217;217m[38;2;217;217;216m▄[48;2;217;217;217m[38;2;217;216;217m▄[48;2;217;217;217m[38;2;216;216;216m▄[48;2;217;217;217m[38;2;217;217;216m▄[48;2;216;216;216m[38;2;216;216;216m▄[48;2;215;215;216m[38;2;215;215;216m▄[48;2;215;215;215m[38;2;215;214;215m▄[48;2;215;215;215m[38;2;214;214;214m▄[48;2;214;214;214m[38;2;214;214;214m▄[48;2;213;213;213m[38;2;213;213;213m▄[48;2;212;212;212m[38;2;212;212;212m▄[48;2;212;212;212m[38;2;211;211;211m▄[48;2;212;212;212m[38;2;211;211;211m▄[48;2;211;211;211m[38;2;211;211;211m▄[48;2;211;211;211m[38;2;211;211;211m▄[48;2;210;210;210m[38;2;209;209;209m▄[48;2;208;208;208m[38;2;208;208;208m▄[48;2;208;208;208m[38;2;208;208;208m▄[48;2;208;208;208m[38;2;208;208;208m▄[48;2;207;207;207m[38;2;207;207;207m▄[48;2;207;207;207m[38;2;207;207;207m▄[48;2;205;205;206m[38;2;205;205;206m▄[48;2;204;204;205m[38;2;204;204;204m▄[48;2;204;204;204m[38;2;203;203;203m▄[48;2;203;203;203m[38;2;203;203;203m▄[0m
[48;2;215;215;215m[38;2;215;215;215m▄[48;2;215;215;215m[38;2;215;215;215m▄[48;2;216;216;216m[38;2;216;216;216m▄[48;2;216;216;216m[38;2;216;216;216m▄[48;2;216;216;216m[38;2;216;216;216m▄[48;2;217;217;217m[38;2;216;216;216m▄[48;2;217;217;217m[38;2;217;217;217m▄[48;2;217;217;217m[38;2;217;217;217m▄[48;2;218;218;218m[38;2;218;218;218m▄[48;2;220;220;220m[38;2;218;218;218m▄[48;2;221;221;221m[38;2;219;219;219m▄[48;2;221;221;221m[38;2;220;220;220m▄[48;2;221;221;221m[38;2;221;221;221m▄[48;2;221;221;221m[38;2;221;221;221m▄[48;2;222;222;222m[38;2;221;221;221m▄[48;2;222;222;222m[38;2;221;221;221m▄[48;2;223;223;223m[38;2;222;222;222m▄[48;2;223;223;223m[38;2;222;222;222m▄[48;2;223;223;223m[38;2;222;222;222m▄[48;2;223;223;223m[38;2;223;223;223m▄[48;2;223;223;223m[38;2;222;222;222m▄[48;2;223;223;223m[38;2;222;222;222m▄[48;2;223;223;223m[38;2;222;222;222m▄[48;2;223;223;223m[38;2;222;222;222m▄[48;2;223;221;222m[38;2;224;226;225m▄[48;2;224;230;229m[38;2;217;209;211m▄[48;2;214;170;176m[38;2;219;129;141m▄[48;2;223;127;140m[38;2;238;128;142m▄[48;2;234;137;148m[38;2;222;103;121m▄[48;2;221;127;138m[38;2;214;134;148m▄[48;2;218;144;153m[38;2;252;255;255m▄[48;2;233;145;155m[38;2;224;165;174m▄[48;2;240;162;170m[38;2;225;131;143m▄[48;2;224;131;142m[38;2;224;136;144m▄[48;2;245;159;169m[38;2;224;146;153m▄[48;2;225;132;144m[38;2;218;109;123m▄[48;2;201;162;170m[38;2;213;117;131m▄[48;2;213;219;217m[38;2;210;209;210m▄[48;2;217;216;217m[38;2;218;216;215m▄[48;2;217;217;219m[38;2;216;211;204m▄[48;2;217;217;217m[38;2;214;208;197m▄[48;2;217;217;218m[38;2;213;205;191m▄[48;2;217;218;220m[38;2;213;206;196m▄[48;2;216;216;215m[38;2;216;216;217m▄[48;2;215;215;215m[38;2;215;215;215m▄[48;2;214;214;214m[38;2;215;215;215m▄[48;2;214;214;214m[38;2;214;214;214m▄[48;2;214;214;214m[38;2;213;213;214m▄[48;2;213;213;213m[38;2;212;212;212m▄[48;2;212;212;212m[38;2;212;212;212m▄[48;2;211;211;211m[38;2;211;211;211m▄[48;2;211;211;211m[38;2;211;211;211m▄[48;2;211;211;211m[38;2;211;211;211m▄[48;2;210;210;210m[38;2;209;209;209m▄[48;2;209;209;209m[38;2;209;209;209m▄[48;2;208;208;208m[38;2;208;208;208m▄[48;2;208;208;208m[38;2;207;207;207m▄[48;2;207;207;207m[38;2;207;207;207m▄[48;2;207;207;207m[38;2;207;207;207m▄[48;2;206;206;206m[38;2;206;206;206m▄[48;2;204;204;204m[38;2;204;204;204m▄[48;2;204;204;204m[38;2;204;204;204m▄[48;2;203;203;203m[38;2;203;203;203m▄[48;2;203;203;203m[38;2;203;203;203m▄[0m
[48;2;215;215;215m[38;2;214;214;214m▄[48;2;215;215;215m[38;2;214;214;214m▄[48;2;215;215;215m[38;2;214;214;214m▄[48;2;216;216;216m[38;2;215;215;215m▄[48;2;216;216;216m[38;2;215;215;215m▄[48;2;216;216;216m[38;2;216;216;216m▄[48;2;216;216;216m[38;2;217;217;217m▄[48;2;217;217;217m[38;2;216;216;216m▄[48;2;217;217;217m[38;2;216;216;216m▄[48;2;217;217;217m[38;2;216;216;216m▄[48;2;217;217;217m[38;2;217;217;217m▄[48;2;219;219;219m[38;2;218;218;218m▄[48;2;219;219;219m[38;2;218;218;218m▄[48;2;219;219;219m[38;2;218;218;218m▄[48;2;219;219;219m[38;2;218;218;218m▄[48;2;221;221;221m[38;2;219;219;219m▄[48;2;221;221;221m[38;2;220;220;220m▄[48;2;221;221;221m[38;2;221;221;221m▄[48;2;221;221;221m[38;2;220;220;220m▄[48;2;222;222;222m[38;2;220;220;220m▄[48;2;222;222;222m[38;2;221;221;221m▄[48;2;222;222;222m[38;2;221;220;220m▄[48;2;222;222;222m[38;2;221;219;220m▄[48;2;222;221;221m[38;2;221;219;220m▄[48;2;224;227;226m[38;2;222;219;220m▄[48;2;213;201;204m[38;2;220;223;223m▄[48;2;218;115;130m[38;2;200;124;137m▄[48;2;223;113;130m[38;2;212;99;117m▄[48;2;210;101;120m[38;2;223;108;126m▄[48;2;205;94;114m[38;2;218;107;124m▄[48;2;226;183;192m[38;2;218;109;125m▄[48;2;255;255;255m[38;2;217;154;165m▄[48;2;237;212;217m[38;2;238;224;228m▄[48;2;205;110;125m[38;2;217;115;131m▄[48;2;216;107;123m[38;2;233;122;137m▄[48;2;231;119;133m[38;2;221;109;125m▄[48;2;212;111;126m[38;2;195;130;141m▄[48;2;203;196;198m[38;2;204;209;207m▄[48;2;217;215;210m[38;2;216;215;216m▄[48;2;215;212;209m[38;2;216;216;217m▄[48;2;216;215;215m[38;2;215;214;214m▄[48;2;215;215;216m[38;2;217;220;224m▄[48;2;210;199;184m[38;2;213;211;206m▄[48;2;213;206;198m[38;2;207;196;178m▄[48;2;216;217;218m[38;2;215;217;220m▄[48;2;214;213;214m[38;2;214;214;213m▄[48;2;213;213;213m[38;2;213;213;213m▄[48;2;213;213;213m[38;2;212;212;212m▄[48;2;211;211;211m[38;2;211;211;211m▄[48;2;211;211;211m[38;2;211;211;211m▄[48;2;210;210;210m[38;2;211;211;211m▄[48;2;210;210;210m[38;2;210;210;210m▄[48;2;210;210;210m[38;2;210;210;210m▄[48;2;209;209;209m[38;2;209;209;209m▄[48;2;209;209;209m[38;2;208;208;208m▄[48;2;208;208;208m[38;2;208;208;208m▄[48;2;208;208;208m[38;2;208;208;208m▄[48;2;207;207;207m[38;2;207;207;207m▄[48;2;206;206;206m[38;2;206;206;207m▄[48;2;205;205;205m[38;2;205;205;205m▄[48;2;204;204;204m[38;2;204;204;204m▄[48;2;203;203;203m[38;2;202;202;202m▄[48;2;203;203;203m[38;2;202;202;202m▄[48;2;203;203;203m[38;2;203;203;203m▄[0m
[48;2;214;214;214m[38;2;214;214;214m▄[48;2;214;214;214m[38;2;214;214;214m▄[48;2;215;215;215m[38;2;215;215;215m▄[48;2;215;215;215m[38;2;215;215;215m▄[48;2;215;215;215m[38;2;215;215;215m▄[48;2;216;216;216m[38;2;216;216;216m▄[48;2;216;216;216m[38;2;216;216;216m▄[48;2;217;217;217m[38;2;215;215;215m▄[48;2;216;216;216m[38;2;216;216;216m▄[48;2;216;216;216m[38;2;217;217;217m▄[48;2;216;216;216m[38;2;217;217;217m▄[48;2;217;217;217m[38;2;217;217;217m▄[48;2;217;217;217m[38;2;217;217;217m▄[48;2;217;217;217m[38;2;216;216;216m▄[48;2;217;217;217m[38;2;217;217;217m▄[48;2;218;218;218m[38;2;217;217;217m▄[48;2;219;219;219m[38;2;218;218;218m▄[48;2;219;219;219m[38;2;218;218;218m▄[48;2;219;219;219m[38;2;218;217;217m▄[48;2;219;219;219m[38;2;219;222;222m▄[48;2;220;219;219m[38;2;217;222;221m▄[48;2;220;224;224m[38;2;217;197;198m▄[48;2;219;226;225m[38;2;222;187;191m▄[48;2;219;224;224m[38;2;223;184;189m▄[48;2;219;224;224m[38;2;222;183;186m▄[48;2;222;230;229m[38;2;217;195;196m▄[48;2;206;195;198m[38;2;218;227;226m▄[48;2;210;105;122m[38;2;201;126;140m▄[48;2;226;108;124m[38;2;223;94;113m▄[48;2;210;100;118m[38;2;211;93;113m▄[48;2;234;133;144m[38;2;226;118;131m▄[48;2;226;117;130m[38;2;206;101;119m▄[48;2;195;83;104m[38;2;207;86;108m▄[48;2;206;90;111m[38;2;221;96;116m▄[48;2;211;94;114m[38;2;213;76;102m▄[48;2;193;88;108m[38;2;190;122;137m▄[48;2;192;190;191m[38;2;201;207;206m▄[48;2;209;215;214m[38;2;222;169;172m▄[48;2;215;217;217m[38;2;226;168;171m▄[48;2;216;218;218m[38;2;216;206;206m▄[48;2;217;217;219m[38;2;203;196;180m▄[48;2;210;203;197m[38;2;202;195;177m▄[48;2;204;187;166m[38;2;211;212;210m▄[48;2;211;206;199m[38;2;211;208;203m▄[48;2;214;214;215m[38;2;210;207;202m▄[48;2;213;213;213m[38;2;213;213;214m▄[48;2;212;212;212m[38;2;211;211;211m▄[48;2;211;211;211m[38;2;212;212;212m▄[48;2;211;211;211m[38;2;211;211;211m▄[48;2;211;211;211m[38;2;211;211;211m▄[48;2;211;211;211m[38;2;210;210;210m▄[48;2;210;210;210m[38;2;209;209;209m▄[48;2;209;208;209m[38;2;208;208;208m▄[48;2;209;209;209m[38;2;208;208;208m▄[48;2;209;209;209m[38;2;208;208;208m▄[48;2;208;208;208m[38;2;208;208;208m▄[48;2;207;207;207m[38;2;207;207;207m▄[48;2;207;207;207m[38;2;206;206;206m▄[48;2;207;207;207m[38;2;205;205;205m▄[48;2;205;205;205m[38;2;204;204;204m▄[48;2;204;204;204m[38;2;204;204;204m▄[48;2;203;203;203m[38;2;203;203;203m▄[48;2;203;203;203m[38;2;202;202;202m▄[48;2;202;202;203m[38;2;203;202;204m▄[0m
[48;2;214;214;214m[38;2;213;213;213m▄[48;2;214;214;214m[38;2;213;213;213m▄[48;2;214;214;214m[38;2;214;214;214m▄[48;2;215;215;215m[38;2;214;214;214m▄[48;2;215;215;215m[38;2;215;215;215m▄[48;2;215;215;215m[38;2;215;215;215m▄[48;2;215;215;215m[38;2;215;215;215m▄[48;2;216;216;216m[38;2;216;216;216m▄[48;2;216;216;216m[38;2;216;216;216m▄[48;2;216;216;216m[38;2;215;215;215m▄[48;2;217;217;217m[38;2;216;216;216m▄[48;2;217;217;217m[38;2;217;217;217m▄[48;2;217;217;217m[38;2;217;217;217m▄[48;2;217;217;217m[38;2;217;217;217m▄[48;2;217;217;217m[38;2;217;217;217m▄[48;2;217;217;217m[38;2;217;217;217m▄[48;2;217;217;217m[38;2;217;217;217m▄[48;2;217;216;216m[38;2;217;218;218m▄[48;2;218;222;221m[38;2;215;212;213m▄[48;2;215;202;203m[38;2;220;154;160m▄[48;2;222;161;166m[38;2;236;185;191m▄[48;2;233;166;172m[38;2;214;110;122m▄[48;2;226;140;148m[38;2;232;159;166m▄[48;2;225;136;142m[38;2;225;146;154m▄[48;2;229;154;159m[38;2;211;118;127m▄[48;2;232;157;164m[38;2;243;188;195m▄[48;2;218;177;180m[38;2;222;153;159m▄[48;2;210;208;209m[38;2;211;206;206m▄[48;2;198;122;137m[38;2;210;209;209m▄[48;2;199;94;116m[38;2;199;204;205m▄[48;2;192;109;124m[38;2;204;172;173m▄[48;2;208;135;140m[38;2;235;156;162m▄[48;2;213;134;144m[38;2;222;151;157m▄[48;2;199;94;115m[38;2;195;193;193m▄[48;2;191;118;134m[38;2;197;199;198m▄[48;2;191;197;197m[38;2;204;201;201m▄[48;2;212;167;170m[38;2;226;154;160m▄[48;2;237;169;175m[38;2;232;176;183m▄[48;2;231;161;167m[38;2;212;116;125m▄[48;2;212;170;165m[38;2;207;188;187m▄[48;2;204;196;186m[38;2;213;169;174m▄[48;2;223;175;180m[38;2;237;153;160m▄[48;2;217;197;199m[38;2;219;148;154m▄[48;2;206;203;193m[38;2;210;213;212m▄[48;2;211;209;207m[38;2;212;211;212m▄[48;2;212;212;212m[38;2;211;211;210m▄[48;2;211;211;211m[38;2;210;210;210m▄[48;2;211;211;211m[38;2;211;211;211m▄[48;2;211;211;210m[38;2;211;211;211m▄[48;2;211;211;211m[38;2;210;210;210m▄[48;2;210;210;210m[38;2;210;209;210m▄[48;2;209;209;209m[38;2;209;208;209m▄[48;2;208;208;208m[38;2;208;208;208m▄[48;2;208;208;208m[38;2;208;208;208m▄[48;2;208;208;208m[38;2;207;207;207m▄[48;2;207;207;207m[38;2;207;207;207m▄[48;2;206;206;206m[38;2;206;206;207m▄[48;2;206;206;206m[38;2;206;206;207m▄[48;2;205;205;205m[38;2;205;205;205m▄[48;2;203;203;203m[38;2;203;203;203m▄[48;2;203;203;203m[38;2;203;203;203m▄[48;2;203;203;203m[38;2;202;202;202m▄[48;2;202;202;202m[38;2;202;202;202m▄[48;2;203;203;203m[38;2;202;202;202m▄[0m
[48;2;211;211;211m[38;2;210;210;210m▄[48;2;212;212;212m[38;2;210;210;210m▄[48;2;213;213;213m[38;2;212;212;212m▄[48;2;214;214;214m[38;2;213;213;213m▄[48;2;214;214;214m[38;2;214;214;214m▄[48;2;215;215;215m[38;2;214;214;214m▄[48;2;215;215;215m[38;2;215;215;215m▄[48;2;215;215;215m[38;2;215;215;215m▄[48;2;215;215;215m[38;2;215;215;215m▄[48;2;215;215;215m[38;2;215;215;215m▄[48;2;216;216;216m[38;2;215;215;215m▄[48;2;216;216;216m[38;2;215;215;215m▄[48;2;216;216;216m[38;2;216;216;216m▄[48;2;216;216;216m[38;2;216;216;216m▄[48;2;217;217;217m[38;2;216;216;216m▄[48;2;217;217;217m[38;2;216;216;216m▄[48;2;217;216;216m[38;2;216;216;216m▄[48;2;218;224;224m[38;2;217;217;217m▄[48;2;209;182;186m[38;2;217;213;214m▄[48;2;222;153;162m[38;2;204;131;141m▄[48;2;224;159;167m[38;2;190;84;100m▄[48;2;206;101;115m[38;2;212;125;137m▄[48;2;238;183;190m[38;2;234;171;177m▄[48;2;200;111;124m[38;2;211;123;134m▄[48;2;218;149;157m[38;2;220;149;160m▄[48;2;239;183;188m[38;2;190;90;106m▄[48;2;200;103;115m[38;2;217;136;146m▄[48;2;216;146;155m[38;2;208;131;143m▄[48;2;219;143;151m[38;2;223;158;167m▄[48;2;212;147;155m[38;2;215;134;148m▄[48;2;206;133;142m[38;2;200;103;118m▄[48;2;212;114;127m[38;2;229;169;177m▄[48;2;200;123;132m[38;2;191;91;107m▄[48;2;208;149;156m[38;2;228;162;170m▄[48;2;224;152;161m[38;2;206;126;139m▄[48;2;208;126;136m[38;2;202;111;126m▄[48;2;231;165;172m[38;2;233;175;182m▄[48;2;223;167;171m[38;2;208;140;151m▄[48;2;216;127;135m[38;2;234;176;184m▄[48;2;207;146;153m[38;2;206;112;127m▄[48;2;208;141;147m[38;2;211;129;141m▄[48;2;217;121;130m[38;2;227;158;167m▄[48;2;204;161;165m[38;2;188;131;141m▄[48;2;206;214;213m[38;2;207;208;208m▄[48;2;212;210;210m[38;2;212;212;211m▄[48;2;211;211;211m[38;2;211;211;211m▄[48;2;210;210;210m[38;2;210;210;210m▄[48;2;210;210;210m[38;2;210;210;210m▄[48;2;210;210;210m[38;2;211;211;210m▄[48;2;210;210;210m[38;2;209;211;212m▄[48;2;209;209;211m[38;2;209;211;217m▄[48;2;209;208;211m[38;2;208;208;214m▄[48;2;208;207;210m[38;2;208;207;211m▄[48;2;207;207;208m[38;2;208;208;209m▄[48;2;207;208;207m[38;2;208;208;208m▄[48;2;207;207;207m[38;2;207;207;206m▄[48;2;207;207;204m[38;2;207;207;202m▄[48;2;206;206;203m[38;2;207;207;201m▄[48;2;204;204;204m[38;2;204;205;202m▄[48;2;204;204;204m[38;2;202;202;203m▄[48;2;202;202;202m[38;2;202;202;202m▄[48;2;202;202;202m[38;2;203;202;203m▄[48;2;202;201;202m[38;2;201;201;202m▄[48;2;201;201;201m[38;2;201;201;201m▄[0m
[48;2;210;210;210m[38;2;210;210;210m▄[48;2;210;210;210m[38;2;210;210;210m▄[48;2;211;211;211m[38;2;210;210;210m▄[48;2;211;211;211m[38;2;211;211;211m▄[48;2;213;213;213m[38;2;212;212;212m▄[48;2;213;213;213m[38;2;213;213;213m▄[48;2;214;214;214m[38;2;214;214;214m▄[48;2;214;214;214m[38;2;214;214;214m▄[48;2;214;214;214m[38;2;214;214;214m▄[48;2;215;215;215m[38;2;214;214;214m▄[48;2;215;215;215m[38;2;215;215;215m▄[48;2;215;215;215m[38;2;215;215;215m▄[48;2;215;215;215m[38;2;215;215;215m▄[48;2;215;215;215m[38;2;215;215;215m▄[48;2;215;215;215m[38;2;215;215;215m▄[48;2;216;216;216m[38;2;215;215;215m▄[48;2;215;215;215m[38;2;215;215;215m▄[48;2;215;215;215m[38;2;215;215;215m▄[48;2;216;217;217m[38;2;215;213;213m▄[48;2;217;223;222m[38;2;211;214;207m▄[48;2;190;138;149m[38;2;184;120;135m▄[48;2;221;133;144m[38;2;228;127;142m▄[48;2;193;103;117m[38;2;167;82;100m▄[48;2;228;152;160m[38;2;193;105;121m▄[48;2;190;100;116m[38;2;224;138;151m▄[48;2;183;92;109m[38;2;163;62;84m▄[48;2;230;154;165m[38;2;228;134;147m▄[48;2;171;67;87m[38;2;199;109;126m▄[48;2;233;158;167m[38;2;227;141;153m▄[48;2;181;81;102m[38;2;197;101;120m▄[48;2;225;146;158m[38;2;219;127;142m▄[48;2;193;98;116m[38;2;200;106;124m▄[48;2;215;130;144m[38;2;200;110;127m▄[48;2;208;126;138m[38;2;218;128;143m▄[48;2;170;68;89m[38;2;187;101;120m▄[48;2;197;100;118m[38;2;206;122;137m▄[48;2;243;170;180m[38;2;218;127;141m▄[48;2;182;89;108m[38;2;161;52;76m▄[48;2;224;144;156m[38;2;224;135;147m▄[48;2;186;91;109m[38;2;193;105;121m▄[48;2;228;150;161m[38;2;225;140;152m▄[48;2;194;100;119m[38;2;199;107;123m▄[48;2;190;86;105m[38;2;183;101;119m▄[48;2;203;169;176m[38;2;198;190;191m▄[48;2;212;219;218m[38;2;209;210;210m▄[48;2;211;210;210m[38;2;211;210;210m▄[48;2;210;210;210m[38;2;209;210;210m▄[48;2;210;210;210m[38;2;209;209;209m▄[48;2;210;210;210m[38;2;209;209;209m▄[48;2;208;210;211m[38;2;208;208;209m▄[48;2;207;210;217m[38;2;207;207;211m▄[48;2;208;208;215m[38;2;207;207;211m▄[48;2;208;207;211m[38;2;208;207;210m▄[48;2;208;207;210m[38;2;207;207;208m▄[48;2;207;207;208m[38;2;207;207;207m▄[48;2;208;208;206m[38;2;208;208;205m▄[48;2;207;207;202m[38;2;206;207;202m▄[48;2;206;206;201m[38;2;203;207;202m▄[48;2;203;205;202m[38;2;203;206;204m▄[48;2;202;202;203m[38;2;202;203;204m▄[48;2;202;202;202m[38;2;202;202;202m▄[48;2;201;201;201m[38;2;201;201;201m▄[48;2;201;201;201m[38;2;200;200;200m▄[48;2;201;201;201m[38;2;201;201;201m▄[0m
[48;2;210;210;210m[38;2;209;209;209m▄[48;2;210;210;210m[38;2;210;210;210m▄[48;2;210;210;210m[38;2;211;211;211m▄[48;2;211;211;211m[38;2;210;210;210m▄[48;2;211;211;211m[38;2;210;210;210m▄[48;2;211;211;211m[38;2;210;210;210m▄[48;2;212;212;212m[38;2;211;211;211m▄[48;2;213;213;213m[38;2;212;212;212m▄[48;2;214;214;214m[38;2;212;212;212m▄[48;2;213;213;214m[38;2;213;213;213m▄[48;2;214;214;214m[38;2;213;213;213m▄[48;2;215;215;215m[38;2;214;214;214m▄[48;2;215;215;215m[38;2;213;213;213m▄[48;2;214;214;214m[38;2;214;214;214m▄[48;2;214;214;214m[38;2;214;214;214m▄[48;2;215;215;215m[38;2;214;214;214m▄[48;2;215;215;214m[38;2;214;214;214m▄[48;2;216;217;219m[38;2;215;216;216m▄[48;2;209;203;197m[38;2;210;207;204m▄[48;2;207;207;195m[38;2;199;189;170m▄[48;2;185;125;143m[38;2;207;198;198m▄[48;2;180;63;86m[38;2;185;140;147m▄[48;2;186;143;155m[38;2;190;173;163m▄[48;2;175;119;134m[38;2;201;193;181m▄[48;2;214;114;130m[38;2;167;82;103m▄[48;2;206;112;128m[38;2;214;112;128m▄[48;2;159;51;76m[38;2;219;128;142m▄[48;2;176;85;106m[38;2;177;92;110m▄[48;2;165;58;83m[38;2;171;78;98m▄[48;2;180;97;115m[38;2;189;124;137m▄[48;2;176;100;117m[38;2;185;135;146m▄[48;2;183;95;114m[38;2;178;100;117m▄[48;2;172;83;103m[38;2;186;110;124m▄[48;2;175;77;98m[38;2;177;93;110m▄[48;2;176;79;102m[38;2;181;97;116m▄[48;2;160;57;82m[38;2;186;107;125m▄[48;2;169;76;97m[38;2;184;102;121m▄[48;2;184;136;147m[38;2;192;188;190m▄[48;2;177;89;110m[38;2;197;188;180m▄[48;2;178;100;119m[38;2;192;183;170m▄[48;2;178;94;114m[38;2;194;185;177m▄[48;2;184;101;120m[38;2;194;189;185m▄[48;2;187;165;171m[38;2;196;196;187m▄[48;2;196;201;200m[38;2;204;203;204m▄[48;2;208;207;208m[38;2;209;209;209m▄[48;2;209;209;209m[38;2;208;208;208m▄[48;2;208;208;208m[38;2;208;208;208m▄[48;2;208;208;208m[38;2;208;208;208m▄[48;2;209;209;209m[38;2;208;208;208m▄[48;2;208;208;208m[38;2;207;207;207m▄[48;2;208;207;208m[38;2;206;207;207m▄[48;2;207;206;209m[38;2;207;206;207m▄[48;2;207;207;208m[38;2;206;206;206m▄[48;2;206;206;207m[38;2;205;205;205m▄[48;2;207;207;204m[38;2;205;205;204m▄[48;2;207;207;201m[38;2;207;207;202m▄[48;2;206;208;201m[38;2;206;206;200m▄[48;2;203;207;202m[38;2;203;205;203m▄[48;2;201;206;205m[38;2;201;204;204m▄[48;2;201;202;203m[38;2;202;202;202m▄[48;2;201;201;202m[38;2;201;201;201m▄[48;2;200;200;200m[38;2;200;200;200m▄[48;2;201;201;201m[38;2;201;201;201m▄[48;2;201;201;201m[38;2;201;201;201m▄[0m
[48;2;208;208;208m[38;2;210;210;210m▄[48;2;209;209;209m[38;2;210;210;210m▄[48;2;210;210;210m[38;2;210;210;210m▄[48;2;210;210;210m[38;2;210;210;210m▄[48;2;211;211;211m[38;2;211;211;211m▄[48;2;210;210;210m[38;2;211;211;211m▄[48;2;210;210;210m[38;2;211;211;211m▄[48;2;210;210;210m[38;2;212;211;212m▄[48;2;210;210;210m[38;2;212;212;212m▄[48;2;211;211;211m[38;2;212;212;212m▄[48;2;211;211;211m[38;2;213;212;213m▄[48;2;212;212;212m[38;2;213;213;213m▄[48;2;212;212;212m[38;2;213;213;213m▄[48;2;213;213;213m[38;2;214;214;214m▄[48;2;214;214;214m[38;2;214;214;214m▄[48;2;213;213;213m[38;2;214;214;214m▄[48;2;213;213;213m[38;2;214;214;214m▄[48;2;213;213;213m[38;2;214;214;214m▄[48;2;213;215;217m[38;2;213;213;213m▄[48;2;206;200;192m[38;2;214;216;217m▄[48;2;197;187;170m[38;2;213;214;216m▄[48;2;199;197;181m[38;2;212;211;214m▄[48;2;199;194;185m[38;2;211;212;214m▄[48;2;208;211;211m[38;2;212;211;211m▄[48;2;204;197;201m[38;2;213;216;216m▄[48;2;170;98;116m[38;2;210;211;211m▄[48;2;186;79;101m[38;2;189;158;167m▄[48;2;202;98;119m[38;2;178;121;136m▄[48;2;196;101;120m[38;2;177;114;129m▄[48;2;190;84;104m[38;2;178;129;141m▄[48;2;194;98;116m[38;2;174;106;121m▄[48;2;180;90;109m[38;2;173;80;99m▄[48;2;166;66;90m[38;2;183;84;106m▄[48;2;181;115;131m[38;2;187;91;110m▄[48;2;179;122;138m[38;2;188;89;108m▄[48;2;185;98;116m[38;2;189;91;111m▄[48;2;190;92;113m[38;2;168;86;107m▄[48;2;182;154;159m[38;2;196;192;194m▄[48;2;205;207;199m[38;2;209;210;212m▄[48;2;200;195;189m[38;2;209;210;212m▄[48;2;199;193;181m[38;2;207;209;211m▄[48;2;202;195;182m[38;2;207;207;210m▄[48;2;207;202;199m[38;2;207;208;209m▄[48;2;207;208;208m[38;2;208;208;207m▄[48;2;208;208;208m[38;2;208;208;208m▄[48;2;207;207;207m[38;2;207;207;207m▄[48;2;207;207;207m[38;2;208;208;208m▄[48;2;207;207;207m[38;2;207;207;207m▄[48;2;207;207;207m[38;2;207;207;207m▄[48;2;206;206;207m[38;2;207;207;207m▄[48;2;206;206;206m[38;2;206;206;206m▄[48;2;205;205;205m[38;2;206;206;206m▄[48;2;204;204;204m[38;2;206;206;206m▄[48;2;204;204;204m[38;2;205;205;205m▄[48;2;204;204;204m[38;2;204;204;204m▄[48;2;204;204;204m[38;2;204;204;205m▄[48;2;203;203;202m[38;2;203;203;204m▄[48;2;203;203;203m[38;2;203;203;203m▄[48;2;202;202;202m[38;2;202;202;202m▄[48;2;202;201;202m[38;2;201;201;202m▄[48;2;201;200;201m[38;2;201;201;201m▄[48;2;200;200;200m[38;2;201;201;201m▄[48;2;201;201;201m[38;2;201;201;201m▄[48;2;201;201;201m[38;2;201;201;201m▄[0m
[48;2;213;213;214m[38;2;216;216;216m▄[48;2;213;213;214m[38;2;216;216;217m▄[48;2;214;214;214m[38;2;216;216;216m▄[48;2;214;214;214m[38;2;216;216;216m▄[48;2;215;215;215m[38;2;216;216;216m▄[48;2;215;215;215m[38;2;217;217;217m▄[48;2;215;215;215m[38;2;217;217;217m▄[48;2;216;216;216m[38;2;217;217;217m▄[48;2;215;216;216m[38;2;216;216;216m▄[48;2;216;216;216m[38;2;217;217;217m▄[48;2;216;216;216m[38;2;218;218;218m▄[48;2;216;216;216m[38;2;218;218;218m▄[48;2;216;216;216m[38;2;218;218;218m▄[48;2;216;216;216m[38;2;218;218;218m▄[48;2;216;216;216m[38;2;218;218;218m▄[48;2;216;216;216m[38;2;218;218;218m▄[48;2;216;216;217m[38;2;218;218;218m▄[48;2;217;217;217m[38;2;217;217;217m▄[48;2;217;217;217m[38;2;216;216;216m▄[48;2;217;217;216m[38;2;214;214;214m▄[48;2;217;217;216m[38;2;213;213;213m▄[48;2;217;217;216m[38;2;213;213;213m▄[48;2;218;218;217m[38;2;208;207;209m▄[48;2;216;216;216m[38;2;148;118;124m▄[48;2;215;214;215m[38;2;163;142;145m▄[48;2;214;215;215m[38;2;152;124;130m▄[48;2;210;216;214m[38;2;157;132;137m▄[48;2;205;212;209m[38;2;152;128;130m▄[48;2;198;204;203m[38;2;159;135;139m▄[48;2;193;199;199m[38;2;149;122;128m▄[48;2;193;194;194m[38;2;133;99;106m▄[48;2;181;160;164m[38;2;194;198;198m▄[48;2;172;125;135m[38;2;196;202;199m▄[48;2;171;109;122m[38;2;147;127;130m▄[48;2;170;106;120m[38;2;143;118;122m▄[48;2;172;123;136m[38;2;152;137;137m▄[48;2;187;180;180m[38;2;150;127;129m▄[48;2;195;198;197m[38;2;166;147;151m▄[48;2;210;210;210m[38;2;150;121;127m▄[48;2;212;213;212m[38;2;203;200;200m▄[48;2;211;211;210m[38;2;212;212;212m▄[48;2;211;211;210m[38;2;210;210;209m▄[48;2;211;211;210m[38;2;210;210;210m▄[48;2;210;210;211m[38;2;210;210;210m▄[48;2;210;210;210m[38;2;211;211;211m▄[48;2;209;210;210m[38;2;210;210;210m▄[48;2;210;210;210m[38;2;211;210;211m▄[48;2;209;209;209m[38;2;211;211;211m▄[48;2;209;209;209m[38;2;211;211;211m▄[48;2;209;209;209m[38;2;210;210;210m▄[48;2;208;208;208m[38;2;210;210;210m▄[48;2;208;208;208m[38;2;210;210;210m▄[48;2;208;208;208m[38;2;209;209;209m▄[48;2;208;208;208m[38;2;209;209;209m▄[48;2;208;208;208m[38;2;209;209;209m▄[48;2;207;207;207m[38;2;209;209;209m▄[48;2;206;206;207m[38;2;209;209;209m▄[48;2;206;206;206m[38;2;208;208;208m▄[48;2;205;205;205m[38;2;208;207;208m▄[48;2;204;204;204m[38;2;207;207;207m▄[48;2;203;203;204m[38;2;206;206;206m▄[48;2;203;203;203m[38;2;206;206;206m▄[48;2;202;202;202m[38;2;206;206;206m▄[48;2;203;203;203m[38;2;206;206;206m▄[0m
[48;2;220;220;219m[38;2;224;224;224m▄[48;2;220;220;220m[38;2;224;224;224m▄[48;2;221;221;221m[38;2;224;224;224m▄[48;2;221;221;221m[38;2;224;224;224m▄[48;2;220;220;220m[38;2;224;224;224m▄[48;2;221;221;221m[38;2;224;224;224m▄[48;2;221;221;221m[38;2;224;224;224m▄[48;2;221;221;221m[38;2;224;224;224m▄[48;2;222;222;222m[38;2;225;225;225m▄[48;2;222;222;222m[38;2;225;225;225m▄[48;2;222;222;222m[38;2;225;225;225m▄[48;2;223;223;223m[38;2;225;225;225m▄[48;2;222;222;223m[38;2;225;225;225m▄[48;2;222;222;222m[38;2;225;225;225m▄[48;2;223;223;223m[38;2;225;225;225m▄[48;2;223;223;223m[38;2;225;225;226m▄[48;2;222;222;222m[38;2;225;225;225m▄[48;2;219;219;219m[38;2;226;226;226m▄[48;2;214;214;214m[38;2;225;224;225m▄[48;2;206;206;206m[38;2;225;226;226m▄[48;2;200;200;200m[38;2;215;211;212m▄[48;2;200;201;202m[38;2;179;161;164m▄[48;2;195;197;197m[38;2;172;152;154m▄[48;2;151;123;127m[38;2;179;160;163m▄[48;2;160;142;143m[38;2;179;164;167m▄[48;2;147;124;130m[38;2;182;168;171m▄[48;2;157;137;140m[38;2;166;148;151m▄[48;2;156;137;139m[38;2;169;151;154m▄[48;2;161;143;146m[38;2;171;155;159m▄[48;2;161;144;146m[38;2;181;169;172m▄[48;2;150;127;130m[38;2;187;177;180m▄[48;2;185;178;179m[38;2;159;140;142m▄[48;2;193;192;191m[38;2;179;169;170m▄[48;2;152;131;134m[38;2;173;158;161m▄[48;2;147;123;127m[38;2;170;154;157m▄[48;2;163;145;148m[38;2;165;147;150m▄[48;2;156;133;136m[38;2;167;150;153m▄[48;2;168;156;158m[38;2;196;190;192m▄[48;2;161;141;144m[38;2;182;167;171m▄[48;2;175;163;164m[38;2;177;163;164m▄[48;2;192;191;192m[38;2;174;156;159m▄[48;2;199;202;202m[38;2;164;143;146m▄[48;2;199;200;201m[38;2;187;177;180m▄[48;2;203;203;203m[38;2;216;217;218m▄[48;2;209;209;209m[38;2;215;215;215m▄[48;2;213;213;213m[38;2;216;216;216m▄[48;2;215;214;215m[38;2;217;216;217m▄[48;2;215;215;215m[38;2;216;215;216m▄[48;2;214;214;214m[38;2;216;216;216m▄[48;2;214;214;214m[38;2;215;215;215m▄[48;2;213;213;213m[38;2;215;215;215m▄[48;2;212;212;212m[38;2;215;215;215m▄[48;2;211;211;211m[38;2;215;215;215m▄[48;2;211;211;211m[38;2;214;214;214m▄[48;2;210;210;210m[38;2;213;213;213m▄[48;2;210;210;210m[38;2;213;213;213m▄[48;2;210;210;210m[38;2;212;212;212m▄[48;2;209;209;209m[38;2;210;210;210m▄[48;2;213;213;213m[38;2;217;217;217m▄[48;2;216;216;216m[38;2;221;221;221m▄[48;2;209;209;209m[38;2;211;211;210m▄[48;2;209;209;210m[38;2;209;209;209m▄[48;2;208;208;209m[38;2;210;210;210m▄[48;2;208;208;208m[38;2;210;210;210m▄[0m
[48;2;226;226;226m[38;2;229;229;229m▄[48;2;226;226;226m[38;2;228;228;228m▄[48;2;226;226;226m[38;2;229;229;229m▄[48;2;226;226;226m[38;2;229;229;229m▄[48;2;227;227;227m[38;2;229;229;229m▄[48;2;226;226;226m[38;2;229;229;229m▄[48;2;227;227;227m[38;2;230;230;230m▄[48;2;228;228;228m[38;2;230;230;230m▄[48;2;227;227;227m[38;2;230;230;230m▄[48;2;227;227;227m[38;2;230;230;230m▄[48;2;227;227;227m[38;2;230;230;230m▄[48;2;227;227;227m[38;2;230;230;230m▄[48;2;228;228;228m[38;2;230;230;230m▄[48;2;228;228;228m[38;2;230;230;230m▄[48;2;227;227;227m[38;2;229;229;229m▄[48;2;228;228;227m[38;2;229;229;229m▄[48;2;227;227;227m[38;2;229;229;229m▄[48;2;228;228;228m[38;2;229;229;229m▄[48;2;227;227;227m[38;2;229;229;229m▄[48;2;229;230;230m[38;2;229;229;229m▄[48;2;224;222;222m[38;2;229;229;229m▄[48;2;199;187;189m[38;2;233;235;235m▄[48;2;195;181;184m[38;2;234;236;236m▄[48;2;200;187;189m[38;2;232;234;234m▄[48;2;207;196;199m[38;2;230;232;232m▄[48;2;215;208;210m[38;2;229;230;230m▄[48;2;196;183;186m[38;2;233;235;235m▄[48;2;200;186;189m[38;2;232;234;233m▄[48;2;204;192;195m[38;2;230;232;232m▄[48;2;199;187;191m[38;2;229;231;230m▄[48;2;208;202;203m[38;2;227;228;228m▄[48;2;201;190;192m[38;2;229;231;231m▄[48;2;211;203;206m[38;2;227;228;227m▄[48;2;201;190;192m[38;2;228;230;229m▄[48;2;199;187;188m[38;2;228;230;230m▄[48;2;201;189;191m[38;2;227;229;229m▄[48;2;204;195;197m[38;2;227;228;228m▄[48;2;212;208;210m[38;2;224;225;225m▄[48;2;199;188;190m[38;2;226;228;228m▄[48;2;209;201;203m[38;2;225;226;226m▄[48;2;196;184;186m[38;2;226;228;228m▄[48;2;193;182;185m[38;2;226;228;228m▄[48;2;208;203;205m[38;2;222;223;223m▄[48;2;220;220;220m[38;2;219;219;219m▄[48;2;217;217;217m[38;2;219;219;219m▄[48;2;217;217;217m[38;2;218;218;218m▄[48;2;216;217;216m[38;2;217;217;217m▄[48;2;216;216;216m[38;2;217;217;217m▄[48;2;216;216;216m[38;2;216;216;216m▄[48;2;216;216;216m[38;2;216;216;216m▄[48;2;216;215;216m[38;2;216;216;216m▄[48;2;216;216;216m[38;2;216;216;216m▄[48;2;215;215;215m[38;2;216;216;216m▄[48;2;215;215;215m[38;2;216;216;216m▄[48;2;215;215;215m[38;2;216;216;216m▄[48;2;214;214;214m[38;2;215;215;215m▄[48;2;214;214;214m[38;2;215;215;215m▄[48;2;214;214;214m[38;2;215;215;215m▄[48;2;213;213;213m[38;2;215;215;215m▄[48;2;213;213;213m[38;2;215;215;215m▄[48;2;212;212;212m[38;2;215;215;215m▄[48;2;211;211;210m[38;2;213;213;213m▄[48;2;210;210;210m[38;2;213;213;213m▄[48;2;211;211;211m[38;2;212;212;213m▄[0m
[48;2;231;231;231m[38;2;231;231;231m▄[48;2;230;230;230m[38;2;231;231;231m▄[48;2;230;230;230m[38;2;231;231;231m▄[48;2;230;230;230m[38;2;231;231;231m▄[48;2;231;231;231m[38;2;231;231;231m▄[48;2;230;230;230m[38;2;231;231;231m▄[48;2;230;230;230m[38;2;231;231;231m▄[48;2;230;230;230m[38;2;231;231;231m▄[48;2;230;230;230m[38;2;231;231;231m▄[48;2;231;231;231m[38;2;232;232;232m▄[48;2;230;230;230m[38;2;232;232;232m▄[48;2;231;231;231m[38;2;231;231;231m▄[48;2;231;231;231m[38;2;231;231;231m▄[48;2;230;230;230m[38;2;231;231;231m▄[48;2;230;230;230m[38;2;230;230;230m▄[48;2;230;230;230m[38;2;230;230;230m▄[48;2;230;230;230m[38;2;230;230;230m▄[48;2;230;230;230m[38;2;230;230;230m▄[48;2;230;230;230m[38;2;230;230;230m▄[48;2;230;230;230m[38;2;230;230;230m▄[48;2;230;230;230m[38;2;230;230;230m▄[48;2;229;229;229m[38;2;230;230;230m▄[48;2;228;227;227m[38;2;229;229;229m▄[48;2;228;227;228m[38;2;229;229;229m▄[48;2;227;227;227m[38;2;229;229;229m▄[48;2;227;227;227m[38;2;228;228;228m▄[48;2;226;226;226m[38;2;228;228;228m▄[48;2;226;226;226m[38;2;228;228;228m▄[48;2;226;226;226m[38;2;227;227;227m▄[48;2;226;226;226m[38;2;227;227;227m▄[48;2;226;226;226m[38;2;227;227;227m▄[48;2;225;225;225m[38;2;227;227;227m▄[48;2;224;224;224m[38;2;226;226;226m▄[48;2;223;223;223m[38;2;225;225;225m▄[48;2;223;223;223m[38;2;224;224;224m▄[48;2;223;223;223m[38;2;224;224;224m▄[48;2;223;223;223m[38;2;224;224;224m▄[48;2;223;223;223m[38;2;224;224;224m▄[48;2;222;222;222m[38;2;223;223;223m▄[48;2;223;222;222m[38;2;223;223;223m▄[48;2;221;221;221m[38;2;223;223;223m▄[48;2;221;221;221m[38;2;223;223;223m▄[48;2;221;221;221m[38;2;222;222;222m▄[48;2;221;221;221m[38;2;221;221;221m▄[48;2;221;221;221m[38;2;221;221;221m▄[48;2;219;219;219m[38;2;220;220;220m▄[48;2;218;218;218m[38;2;218;218;218m▄[48;2;217;217;217m[38;2;218;218;218m▄[48;2;217;217;217m[38;2;217;217;217m▄[48;2;217;217;217m[38;2;217;217;217m▄[48;2;216;216;216m[38;2;216;216;216m▄[48;2;216;216;216m[38;2;216;216;216m▄[48;2;216;216;216m[38;2;216;216;216m▄[48;2;216;216;216m[38;2;216;216;216m▄[48;2;216;216;216m[38;2;216;216;216m▄[48;2;215;215;215m[38;2;216;216;216m▄[48;2;215;215;215m[38;2;216;216;216m▄[48;2;215;215;215m[38;2;215;215;215m▄[48;2;215;215;215m[38;2;216;216;216m▄[48;2;215;215;215m[38;2;216;216;216m▄[48;2;215;215;215m[38;2;215;215;215m▄[48;2;215;215;215m[38;2;215;215;215m▄[48;2;214;214;214m[38;2;215;215;214m▄[48;2;214;214;213m[38;2;215;215;214m▄[0m
