[48;2;222;222;222m[38;2;222;222;222m▄[48;2;222;222;222m[38;2;222;222;222m▄[48;2;223;223;223m[38;2;223;223;223m▄[48;2;223;223;223m[38;2;223;223;223m▄[48;2;224;224;224m[38;2;224;224;224m▄[48;2;224;224;224m[38;2;224;224;224m▄[48;2;224;224;224m[38;2;224;224;224m▄[48;2;225;225;225m[38;2;224;224;224m▄[48;2;224;224;224m[38;2;224;224;224m▄[48;2;224;224;224m[38;2;224;224;224m▄[48;2;226;226;226m[38;2;225;225;225m▄[48;2;227;227;227m[38;2;227;227;227m▄[48;2;227;227;227m[38;2;227;227;227m▄[48;2;228;228;228m[38;2;227;227;226m▄[48;2;227;227;227m[38;2;227;226;227m▄[48;2;227;227;227m[38;2;227;227;227m▄[48;2;227;227;227m[38;2;227;227;227m▄[48;2;227;227;227m[38;2;226;226;226m▄[48;2;227;227;227m[38;2;227;227;227m▄[48;2;227;227;227m[38;2;226;226;226m▄[48;2;226;226;226m[38;2;226;226;226m▄[48;2;227;227;227m[38;2;227;227;227m▄[48;2;227;227;227m[38;2;226;226;226m▄[48;2;227;227;227m[38;2;227;227;227m▄[48;2;227;227;227m[38;2;227;227;227m▄[48;2;227;227;227m[38;2;226;226;226m▄[48;2;227;227;227m[38;2;226;226;226m▄[48;2;227;227;227m[38;2;225;225;225m▄[48;2;225;225;225m[38;2;225;225;225m▄[48;2;224;224;224m[38;2;224;224;224m▄[48;2;224;224;224m[38;2;224;224;224m▄[48;2;224;224;224m[38;2;224;224;224m▄[48;2;224;224;224m[38;2;224;224;224m▄[48;2;223;223;223m[38;2;223;223;223m▄[48;2;223;223;223m[38;2;223;223;223m▄[48;2;223;223;223m[38;2;223;223;223m▄[48;2;223;223;223m[38;2;222;222;222m▄[48;2;222;222;222m[38;2;222;222;222m▄[48;2;221;221;221m[38;2;221;221;221m▄[48;2;221;221;221m[38;2;221;221;221m▄[48;2;221;221;221m[38;2;220;220;220m▄[48;2;219;219;219m[38;2;219;219;219m▄[48;2;218;218;218m[38;2;217;217;217m▄[48;2;217;217;217m[38;2;217;217;217m▄[48;2;216;216;216m[38;2;216;216;216m▄[48;2;216;216;216m[38;2;216;216;216m▄[48;2;217;217;217m[38;2;216;216;216m▄[48;2;216;216;216m[38;2;217;217;217m▄[48;2;216;216;216m[38;2;215;215;215m▄[48;2;216;216;216m[38;2;216;215;216m▄[48;2;215;215;215m[38;2;214;214;215m▄[48;2;214;214;214m[38;2;214;214;214m▄[48;2;214;214;214m[38;2;214;214;214m▄[48;2;213;213;213m[38;2;214;214;214m▄[48;2;213;213;213m[38;2;212;212;212m▄[48;2;211;211;211m[38;2;211;211;211m▄[48;2;211;211;211m[38;2;210;210;210m▄[48;2;210;210;210m[38;2;210;210;210m▄[48;2;211;211;211m[38;2;211;211;211m▄[48;2;210;210;210m[38;2;210;210;210m▄[48;2;209;209;209m[38;2;209;209;209m▄[48;2;208;208;208m[38;2;208;208;208m▄[48;2;208;208;208m[38;2;208;208;208m▄[48;2;208;208;208m[38;2;208;208;208m▄[0m
[48;2;222;222;222m[38;2;221;221;221m▄[48;2;222;222;222m[38;2;222;222;222m▄[48;2;223;223;223m[38;2;223;223;223m▄[48;2;223;223;223m[38;2;223;223;223m▄[48;2;223;223;223m[38;2;223;223;223m▄[48;2;224;224;224m[38;2;224;224;224m▄[48;2;224;224;224m[38;2;223;223;223m▄[48;2;224;224;224m[38;2;224;224;224m▄[48;2;226;226;225m[38;2;225;225;224m▄[48;2;229;229;227m[38;2;225;225;224m▄[48;2;224;224;224m[38;2;225;225;225m▄[48;2;224;224;224m[38;2;227;227;226m▄[48;2;225;225;225m[38;2;227;227;228m▄[48;2;231;230;227m[38;2;228;227;227m▄[48;2;229;228;227m[38;2;227;227;226m▄[48;2;226;227;227m[38;2;226;226;226m▄[48;2;226;226;226m[38;2;226;226;226m▄[48;2;226;226;226m[38;2;227;227;227m▄[48;2;226;226;226m[38;2;229;229;229m▄[48;2;227;227;227m[38;2;227;227;227m▄[48;2;226;226;226m[38;2;226;226;226m▄[48;2;226;226;226m[38;2;226;226;226m▄[48;2;226;226;226m[38;2;225;225;225m▄[48;2;227;227;227m[38;2;226;226;226m▄[48;2;227;227;227m[38;2;226;226;226m▄[48;2;226;226;226m[38;2;225;225;225m▄[48;2;225;225;225m[38;2;224;224;224m▄[48;2;224;224;224m[38;2;225;225;225m▄[48;2;224;224;224m[38;2;224;224;224m▄[48;2;224;224;224m[38;2;224;224;224m▄[48;2;224;224;224m[38;2;224;224;224m▄[48;2;224;224;224m[38;2;224;224;224m▄[48;2;224;224;224m[38;2;224;224;224m▄[48;2;223;223;223m[38;2;223;223;223m▄[48;2;223;223;223m[38;2;223;223;223m▄[48;2;223;223;223m[38;2;223;223;223m▄[48;2;222;222;222m[38;2;223;223;223m▄[48;2;223;223;223m[38;2;222;222;222m▄[48;2;222;222;222m[38;2;221;221;221m▄[48;2;221;221;221m[38;2;221;221;221m▄[48;2;220;220;220m[38;2;220;220;220m▄[48;2;218;218;218m[38;2;218;218;218m▄[48;2;217;217;217m[38;2;217;217;217m▄[48;2;217;217;217m[38;2;216;216;216m▄[48;2;216;216;216m[38;2;216;216;216m▄[48;2;216;216;216m[38;2;216;216;216m▄[48;2;216;216;216m[38;2;216;216;216m▄[48;2;216;216;216m[38;2;215;215;215m▄[48;2;215;215;215m[38;2;215;215;215m▄[48;2;215;215;215m[38;2;215;215;215m▄[48;2;215;214;215m[38;2;215;215;215m▄[48;2;214;214;214m[38;2;214;214;214m▄[48;2;214;214;214m[38;2;214;214;214m▄[48;2;213;213;213m[38;2;213;213;213m▄[48;2;212;212;212m[38;2;212;212;212m▄[48;2;212;212;212m[38;2;212;212;212m▄[48;2;210;210;210m[38;2;211;210;211m▄[48;2;210;210;210m[38;2;210;210;210m▄[48;2;210;210;210m[38;2;210;210;210m▄[48;2;211;211;211m[38;2;210;210;210m▄[48;2;209;209;209m[38;2;208;208;208m▄[48;2;208;208;208m[38;2;208;208;208m▄[48;2;208;208;208m[38;2;208;208;208m▄[48;2;207;207;207m[38;2;208;208;208m▄[0m
[48;2;221;221;221m[38;2;221;221;221m▄[48;2;222;222;222m[38;2;221;221;221m▄[48;2;222;222;222m[38;2;222;222;222m▄[48;2;223;223;223m[38;2;222;222;222m▄[48;2;223;223;223m[38;2;222;222;223m▄[48;2;224;224;224m[38;2;227;227;225m▄[48;2;226;225;225m[38;2;227;226;224m▄[48;2;225;225;224m[38;2;223;223;223m▄[48;2;224;224;224m[38;2;224;223;224m▄[48;2;223;224;223m[38;2;225;224;223m▄[48;2;223;224;224m[38;2;228;225;223m▄[48;2;229;228;225m[38;2;229;226;223m▄[48;2;230;229;228m[38;2;228;224;224m▄[48;2;227;227;226m[38;2;227;224;224m▄[48;2;223;224;224m[38;2;226;224;224m▄[48;2;224;224;224m[38;2;225;225;225m▄[48;2;225;225;225m[38;2;224;224;224m▄[48;2;225;225;225m[38;2;224;224;224m▄[48;2;228;228;228m[38;2;225;225;225m▄[48;2;227;227;227m[38;2;226;226;226m▄[48;2;227;227;227m[38;2;227;227;226m▄[48;2;227;227;226m[38;2;227;227;226m▄[48;2;226;226;226m[38;2;227;227;226m▄[48;2;225;225;225m[38;2;225;225;224m▄[48;2;225;225;225m[38;2;223;223;223m▄[48;2;225;225;225m[38;2;224;224;224m▄[48;2;224;224;224m[38;2;224;224;224m▄[48;2;224;224;224m[38;2;222;223;222m▄[48;2;225;225;225m[38;2;222;223;222m▄[48;2;225;225;225m[38;2;223;223;223m▄[48;2;224;224;224m[38;2;224;224;224m▄[48;2;224;224;224m[38;2;224;224;224m▄[48;2;223;223;223m[38;2;223;223;223m▄[48;2;223;223;223m[38;2;223;223;223m▄[48;2;224;224;224m[38;2;222;223;222m▄[48;2;223;223;223m[38;2;221;222;220m▄[48;2;222;222;222m[38;2;221;222;221m▄[48;2;222;222;222m[38;2;222;222;222m▄[48;2;222;222;222m[38;2;221;221;221m▄[48;2;220;220;220m[38;2;221;221;221m▄[48;2;219;219;219m[38;2;220;220;220m▄[48;2;217;217;217m[38;2;218;218;218m▄[48;2;217;217;217m[38;2;217;217;217m▄[48;2;216;216;216m[38;2;216;216;216m▄[48;2;216;216;216m[38;2;216;216;216m▄[48;2;216;216;216m[38;2;217;217;217m▄[48;2;216;216;216m[38;2;215;215;215m▄[48;2;216;216;216m[38;2;216;216;216m▄[48;2;216;216;216m[38;2;216;216;216m▄[48;2;215;215;215m[38;2;215;215;215m▄[48;2;215;215;215m[38;2;214;214;215m▄[48;2;214;214;214m[38;2;214;214;214m▄[48;2;213;213;213m[38;2;213;213;213m▄[48;2;212;212;212m[38;2;212;212;212m▄[48;2;212;212;212m[38;2;212;212;212m▄[48;2;212;212;212m[38;2;211;211;211m▄[48;2;210;210;211m[38;2;210;210;210m▄[48;2;210;210;210m[38;2;210;210;210m▄[48;2;210;210;210m[38;2;210;210;210m▄[48;2;210;210;210m[38;2;210;210;210m▄[48;2;209;209;209m[38;2;209;209;209m▄[48;2;209;209;209m[38;2;209;209;209m▄[48;2;208;208;208m[38;2;209;209;209m▄[48;2;208;208;208m[38;2;208;208;208m▄[0m
[48;2;221;221;221m[38;2;220;220;220m▄[48;2;221;221;221m[38;2;221;221;221m▄[48;2;222;222;222m[38;2;222;222;222m▄[48;2;223;223;223m[38;2;222;222;222m▄[48;2;222;222;223m[38;2;222;222;222m▄[48;2;230;228;227m[38;2;224;222;222m▄[48;2;232;230;225m[38;2;234;230;224m▄[48;2;221;221;222m[38;2;222;222;223m▄[48;2;228;226;225m[38;2;233;229;223m▄[48;2;236;230;224m[38;2;229;226;222m▄[48;2;230;226;221m[38;2;232;232;227m▄[48;2;227;224;223m[38;2;224;224;223m▄[48;2;226;224;224m[38;2;223;223;224m▄[48;2;227;226;225m[38;2;224;223;223m▄[48;2;227;225;224m[38;2;224;224;224m▄[48;2;225;225;225m[38;2;223;223;224m▄[48;2;226;226;226m[38;2;225;225;225m▄[48;2;227;226;225m[38;2;226;226;226m▄[48;2;226;225;225m[38;2;225;224;225m▄[48;2;225;224;225m[38;2;224;224;224m▄[48;2;224;224;224m[38;2;224;224;224m▄[48;2;225;225;225m[38;2;225;225;225m▄[48;2;224;224;225m[38;2;224;224;224m▄[48;2;224;224;224m[38;2;224;224;224m▄[48;2;224;223;224m[38;2;223;223;223m▄[48;2;224;224;224m[38;2;225;224;225m▄[48;2;225;224;225m[38;2;221;223;220m▄[48;2;232;228;233m[38;2;160;193;150m▄[48;2;233;229;234m[38;2;160;189;151m▄[48;2;232;228;231m[38;2;187;204;186m▄[48;2;224;223;223m[38;2;224;223;225m▄[48;2;222;223;222m[38;2;227;225;227m▄[48;2;223;223;223m[38;2;220;222;220m▄[48;2;221;222;221m[38;2;230;227;229m▄[48;2;226;225;226m[38;2;205;213;206m▄[48;2;233;228;234m[38;2;144;181;136m▄[48;2;226;224;227m[38;2;195;208;191m▄[48;2;221;221;221m[38;2;226;224;227m▄[48;2;221;221;221m[38;2;220;221;220m▄[48;2;220;220;220m[38;2;220;220;220m▄[48;2;219;219;219m[38;2;218;218;218m▄[48;2;217;217;217m[38;2;218;218;218m▄[48;2;216;216;216m[38;2;217;217;217m▄[48;2;216;216;216m[38;2;217;217;217m▄[48;2;216;216;216m[38;2;217;217;217m▄[48;2;217;217;217m[38;2;217;217;217m▄[48;2;215;215;215m[38;2;215;215;215m▄[48;2;215;215;215m[38;2;216;216;216m▄[48;2;215;215;215m[38;2;215;215;215m▄[48;2;215;215;215m[38;2;214;214;214m▄[48;2;214;214;214m[38;2;214;215;214m▄[48;2;214;214;214m[38;2;214;214;214m▄[48;2;213;213;213m[38;2;213;213;213m▄[48;2;212;212;212m[38;2;212;212;212m▄[48;2;212;212;212m[38;2;211;211;211m▄[48;2;211;211;211m[38;2;211;211;211m▄[48;2;210;210;210m[38;2;211;211;211m▄[48;2;210;210;210m[38;2;210;210;210m▄[48;2;210;210;210m[38;2;210;210;210m▄[48;2;210;210;210m[38;2;209;209;209m▄[48;2;208;208;208m[38;2;209;209;209m▄[48;2;209;209;209m[38;2;209;209;209m▄[48;2;209;209;209m[38;2;208;208;208m▄[48;2;208;208;208m[38;2;208;208;208m▄[0m
[48;2;218;218;218m[38;2;217;217;217m▄[48;2;221;221;221m[38;2;218;218;218m▄[48;2;221;221;221m[38;2;220;220;220m▄[48;2;222;222;222m[38;2;221;221;221m▄[48;2;221;222;221m[38;2;221;221;221m▄[48;2;233;231;224m[38;2;227;225;224m▄[48;2;226;224;222m[38;2;224;223;223m▄[48;2;228;226;225m[38;2;224;222;223m▄[48;2;234;229;222m[38;2;234;230;224m▄[48;2;228;225;222m[38;2;237;230;223m▄[48;2;224;224;224m[38;2;224;221;222m▄[48;2;224;223;224m[38;2;224;224;224m▄[48;2;223;223;224m[38;2;223;223;223m▄[48;2;223;223;223m[38;2;224;223;224m▄[48;2;223;223;224m[38;2;224;224;224m▄[48;2;223;223;223m[38;2;223;223;223m▄[48;2;223;223;223m[38;2;224;224;224m▄[48;2;223;223;224m[38;2;224;224;224m▄[48;2;224;224;224m[38;2;224;224;224m▄[48;2;223;223;223m[38;2;223;223;223m▄[48;2;224;224;224m[38;2;224;224;224m▄[48;2;224;224;223m[38;2;230;227;230m▄[48;2;224;224;224m[38;2;225;225;226m▄[48;2;224;224;224m[38;2;225;224;223m▄[48;2;223;224;223m[38;2;224;223;222m▄[48;2;227;226;227m[38;2;224;224;224m▄[48;2;208;215;209m[38;2;220;220;222m▄[48;2;132;179;110m[38;2;139;179;125m▄[48;2;157;197;111m[38;2;155;197;94m▄[48;2;136;184;100m[38;2;147;192;87m▄[48;2;134;176;123m[38;2;143;189;86m▄[48;2;211;217;212m[38;2;121;167;102m▄[48;2;231;228;231m[38;2;227;224;230m▄[48;2;210;215;212m[38;2;144;179;133m▄[48;2;136;178;116m[38;2;108;165;65m▄[48;2;91;158;51m[38;2;143;178;129m▄[48;2;142;178;133m[38;2;205;207;205m▄[48;2;229;224;231m[38;2;215;214;213m▄[48;2;218;219;218m[38;2;217;218;216m▄[48;2;220;220;220m[38;2;220;220;219m▄[48;2;219;219;219m[38;2;218;218;217m▄[48;2;219;219;219m[38;2;218;218;216m▄[48;2;218;218;218m[38;2;218;218;214m▄[48;2;216;216;216m[38;2;216;216;213m▄[48;2;216;216;214m[38;2;216;216;212m▄[48;2;216;216;215m[38;2;215;215;211m▄[48;2;215;215;214m[38;2;215;215;212m▄[48;2;215;215;215m[38;2;215;215;215m▄[48;2;215;215;215m[38;2;215;215;215m▄[48;2;215;215;215m[38;2;214;214;214m▄[48;2;214;214;215m[38;2;214;214;214m▄[48;2;213;213;213m[38;2;213;213;213m▄[48;2;213;213;213m[38;2;213;213;213m▄[48;2;213;213;213m[38;2;212;212;212m▄[48;2;211;211;212m[38;2;210;210;210m▄[48;2;210;210;211m[38;2;210;210;210m▄[48;2;210;210;210m[38;2;210;210;210m▄[48;2;210;210;210m[38;2;210;210;210m▄[48;2;209;209;209m[38;2;209;209;209m▄[48;2;209;209;209m[38;2;208;208;208m▄[48;2;208;208;208m[38;2;209;209;209m▄[48;2;209;209;209m[38;2;208;208;208m▄[48;2;208;208;208m[38;2;208;208;208m▄[48;2;207;207;207m[38;2;208;208;208m▄[0m
[48;2;218;218;218m[38;2;217;217;217m▄[48;2;218;218;218m[38;2;217;217;217m▄[48;2;219;219;219m[38;2;219;219;219m▄[48;2;220;220;220m[38;2;220;220;220m▄[48;2;222;222;221m[38;2;220;220;220m▄[48;2;220;220;221m[38;2;221;221;221m▄[48;2;225;224;223m[38;2;223;222;222m▄[48;2;237;234;226m[38;2;230;229;223m▄[48;2;224;221;218m[38;2;235;230;223m▄[48;2;237;231;223m[38;2;230;225;220m▄[48;2;231;227;221m[38;2;239;233;224m▄[48;2;223;222;223m[38;2;230;225;221m▄[48;2;223;224;224m[38;2;223;222;222m▄[48;2;223;223;223m[38;2;225;224;223m▄[48;2;222;222;222m[38;2;229;228;225m▄[48;2;224;224;224m[38;2;222;221;222m▄[48;2;224;224;224m[38;2;223;223;223m▄[48;2;224;224;224m[38;2;223;223;223m▄[48;2;224;224;224m[38;2;223;223;223m▄[48;2;224;224;224m[38;2;227;225;227m▄[48;2;223;224;224m[38;2;210;217;208m▄[48;2;194;209;191m[38;2;126;175;113m▄[48;2;217;220;217m[38;2;211;216;211m▄[48;2;226;225;225m[38;2;225;224;225m▄[48;2;224;224;223m[38;2;223;223;223m▄[48;2;221;222;221m[38;2;222;222;222m▄[48;2;232;228;232m[38;2;224;222;223m▄[48;2;159;186;154m[38;2;220;225;224m▄[48;2;135;181;85m[38;2;122;170;112m▄[48;2;137;183;82m[38;2;128;187;74m▄[48;2;122;174;76m[38;2;116;174;75m▄[48;2;128;178;76m[38;2;109;163;74m▄[48;2;140;175;139m[38;2;86;147;63m▄[48;2;108;162;80m[38;2;99;152;87m▄[48;2;155;182;144m[38;2;149;181;140m▄[48;2;208;204;212m[38;2;129;174;110m▄[48;2;195;199;195m[38;2;134;179;111m▄[48;2;212;212;211m[38;2;140;179;124m▄[48;2;229;225;227m[38;2;162;187;160m▄[48;2;221;220;217m[38;2;219;219;218m▄[48;2;216;217;213m[38;2;222;220;219m▄[48;2;217;217;214m[38;2;216;216;213m▄[48;2;217;217;214m[38;2;219;217;214m▄[48;2;216;216;212m[38;2;220;218;213m▄[48;2;216;216;210m[38;2;219;218;213m▄[48;2;216;216;211m[38;2;216;216;211m▄[48;2;215;215;211m[38;2;215;216;209m▄[48;2;215;215;212m[38;2;215;215;210m▄[48;2;215;215;214m[38;2;214;214;210m▄[48;2;215;215;215m[38;2;215;215;213m▄[48;2;214;214;214m[38;2;214;214;214m▄[48;2;213;213;213m[38;2;213;213;213m▄[48;2;213;213;213m[38;2;213;213;213m▄[48;2;212;212;212m[38;2;212;212;211m▄[48;2;211;211;211m[38;2;210;210;210m▄[48;2;210;210;210m[38;2;210;210;210m▄[48;2;210;210;210m[38;2;211;211;211m▄[48;2;210;210;211m[38;2;210;210;210m▄[48;2;209;209;209m[38;2;209;209;209m▄[48;2;209;209;209m[38;2;209;209;209m▄[48;2;209;209;209m[38;2;208;208;208m▄[48;2;208;209;209m[38;2;208;208;208m▄[48;2;208;208;208m[38;2;208;208;208m▄[48;2;208;208;208m[38;2;207;207;207m▄[0m
[48;2;217;217;217m[38;2;216;216;216m▄[48;2;217;217;217m[38;2;217;217;217m▄[48;2;217;217;217m[38;2;217;217;217m▄[48;2;219;219;219m[38;2;217;217;217m▄[48;2;219;219;218m[38;2;218;218;218m▄[48;2;220;220;220m[38;2;219;219;219m▄[48;2;221;221;221m[38;2;219;219;220m▄[48;2;220;220;221m[38;2;224;223;222m▄[48;2;225;224;221m[38;2;229;227;224m▄[48;2;227;225;222m[38;2;224;224;221m▄[48;2;227;225;219m[38;2;221;220;219m▄[48;2;237;232;222m[38;2;228;225;220m▄[48;2;229;223;219m[38;2;238;233;224m▄[48;2;226;224;222m[38;2;230;225;220m▄[48;2;228;226;222m[38;2;225;223;219m▄[48;2;231;230;226m[38;2;227;226;224m▄[48;2;223;223;223m[38;2;223;223;223m▄[48;2;223;223;223m[38;2;223;223;223m▄[48;2;223;223;223m[38;2;223;223;223m▄[48;2;223;223;223m[38;2;223;223;223m▄[48;2;223;223;223m[38;2;224;223;224m▄[48;2;222;222;221m[38;2;222;222;221m▄[48;2;226;222;226m[38;2;162;191;151m▄[48;2;222;222;222m[38;2;215;217;213m▄[48;2;222;221;222m[38;2;225;227;227m▄[48;2;223;225;224m[38;2;221;217;218m▄[48;2;223;229;227m[38;2;210;143;158m▄[48;2;221;202;207m[38;2;217;136;150m▄[48;2;208;177;183m[38;2;227;140;152m▄[48;2;137;144;110m[38;2;230;128;148m▄[48;2;102;160;85m[38;2;205;135;145m▄[48;2;82;156;71m[38;2;178;130;128m▄[48;2;64;136;52m[38;2;149;132;106m▄[48;2;84;146;69m[38;2;83;151;70m▄[48;2;103;163;76m[38;2;95;164;68m▄[48;2;120;174;80m[38;2;124;178;76m▄[48;2;127;180;80m[38;2;133;185;76m▄[48;2;150;195;94m[38;2;145;192;76m▄[48;2;148;191;99m[38;2;128;182;69m▄[48;2;124;170;103m[38;2;119;166;98m▄[48;2;205;210;201m[38;2;202;205;199m▄[48;2;222;218;218m[38;2;219;216;213m▄[48;2;219;217;214m[38;2;221;218;214m▄[48;2;216;217;209m[38;2;206;212;196m▄[48;2;208;213;201m[38;2;182;201;167m▄[48;2;218;217;212m[38;2;221;218;214m▄[48;2;215;216;210m[38;2;215;214;208m▄[48;2;215;215;210m[38;2;216;214;210m▄[48;2;214;214;210m[38;2;215;214;209m▄[48;2;214;214;210m[38;2;214;214;209m▄[48;2;214;214;210m[38;2;214;214;209m▄[48;2;213;213;212m[38;2;213;213;210m▄[48;2;212;212;212m[38;2;211;211;210m▄[48;2;211;211;211m[38;2;211;211;210m▄[48;2;210;210;210m[38;2;211;211;211m▄[48;2;210;210;210m[38;2;210;210;210m▄[48;2;211;211;211m[38;2;210;210;210m▄[48;2;209;209;209m[38;2;209;209;209m▄[48;2;209;209;209m[38;2;209;209;209m▄[48;2;209;209;209m[38;2;209;209;209m▄[48;2;209;209;209m[38;2;208;208;209m▄[48;2;208;208;208m[38;2;208;208;208m▄[48;2;208;208;208m[38;2;208;208;208m▄[48;2;207;207;207m[38;2;207;207;207m▄[0m
[48;2;216;216;216m[38;2;216;216;216m▄[48;2;216;216;216m[38;2;216;216;216m▄[48;2;216;216;216m[38;2;217;217;217m▄[48;2;217;217;217m[38;2;217;217;217m▄[48;2;218;218;218m[38;2;217;217;217m▄[48;2;218;218;218m[38;2;218;218;218m▄[48;2;218;218;218m[38;2;218;218;218m▄[48;2;221;221;220m[38;2;218;218;218m▄[48;2;222;222;221m[38;2;218;218;218m▄[48;2;220;220;220m[38;2;221;220;220m▄[48;2;223;223;222m[38;2;226;225;223m▄[48;2;222;220;218m[38;2;221;222;221m▄[48;2;228;224;219m[38;2;222;220;221m▄[48;2;243;238;226m[38;2;228;224;220m▄[48;2;240;235;226m[38;2;242;238;226m▄[48;2;223;220;219m[38;2;233;229;221m▄[48;2;224;223;223m[38;2;227;222;219m▄[48;2;223;223;223m[38;2;224;223;222m▄[48;2;222;222;222m[38;2;222;223;222m▄[48;2;222;222;222m[38;2;222;222;222m▄[48;2;225;224;226m[38;2;221;221;221m▄[48;2;212;217;209m[38;2;223;223;223m▄[48;2;142;183;129m[38;2;225;220;225m▄[48;2;218;220;219m[38;2;218;226;224m▄[48;2;221;221;221m[38;2;207;152;164m▄[48;2;207;128;144m[38;2;227;150;161m▄[48;2;230;152;162m[38;2;235;157;163m▄[48;2;236;162;169m[38;2;228;131;141m▄[48;2;229;136;146m[38;2;223;118;130m▄[48;2;221;111;125m[38;2;210;100;120m▄[48;2;215;105;125m[38;2;232;167;173m▄[48;2;235;153;168m[38;2;231;147;155m▄[48;2;246;158;173m[38;2;228;135;144m▄[48;2;202;140;135m[38;2;238;140;152m▄[48;2;130;143;92m[38;2;238;138;154m▄[48;2;117;161;79m[38;2;221;133;141m▄[48;2;121;170;79m[38;2;210;136;139m▄[48;2;116;166;91m[38;2;201;194;194m▄[48;2;141;171;134m[38;2;210;207;208m▄[48;2;199;197;197m[38;2;207;204;200m▄[48;2;210;206;205m[38;2;212;211;206m▄[48;2;215;213;208m[38;2;218;216;211m▄[48;2;219;216;209m[38;2;220;217;211m▄[48;2;220;217;211m[38;2;219;217;210m▄[48;2;222;217;213m[38;2;219;215;210m▄[48;2;217;214;209m[38;2;219;215;210m▄[48;2;216;214;210m[38;2;216;215;209m▄[48;2;216;214;210m[38;2;215;214;208m▄[48;2;215;214;210m[38;2;214;214;207m▄[48;2;215;214;209m[38;2;214;214;208m▄[48;2;214;214;209m[38;2;214;214;209m▄[48;2;213;213;208m[38;2;213;214;208m▄[48;2;211;211;207m[38;2;211;211;207m▄[48;2;210;210;209m[38;2;210;210;206m▄[48;2;210;210;210m[38;2;210;210;208m▄[48;2;211;211;210m[38;2;210;210;210m▄[48;2;210;210;210m[38;2;210;210;210m▄[48;2;209;209;209m[38;2;209;209;209m▄[48;2;209;209;208m[38;2;208;208;208m▄[48;2;209;209;209m[38;2;208;208;208m▄[48;2;208;208;208m[38;2;208;208;208m▄[48;2;208;208;208m[38;2;207;207;207m▄[48;2;207;207;207m[38;2;206;206;206m▄[48;2;206;206;206m[38;2;206;206;206m▄[0m
[48;2;216;216;216m[38;2;216;216;216m▄[48;2;216;216;216m[38;2;216;216;216m▄[48;2;216;216;216m[38;2;216;216;216m▄[48;2;217;217;217m[38;2;217;217;217m▄[48;2;217;217;217m[38;2;216;216;216m▄[48;2;217;217;217m[38;2;217;217;217m▄[48;2;217;217;217m[38;2;217;217;217m▄[48;2;217;217;217m[38;2;217;217;217m▄[48;2;218;218;218m[38;2;217;217;217m▄[48;2;218;218;218m[38;2;217;217;217m▄[48;2;219;219;219m[38;2;219;219;219m▄[48;2;221;221;221m[38;2;217;217;218m▄[48;2;221;221;220m[38;2;229;228;223m▄[48;2;222;221;220m[38;2;226;224;222m▄[48;2;227;223;218m[38;2;229;226;220m▄[48;2;238;233;223m[38;2;224;220;217m▄[48;2;237;233;224m[38;2;234;229;221m▄[48;2;226;221;218m[38;2;241;234;225m▄[48;2;224;222;220m[38;2;229;224;218m▄[48;2;223;222;221m[38;2;226;221;217m▄[48;2;225;225;223m[38;2;236;232;226m▄[48;2;222;222;221m[38;2;223;221;219m▄[48;2;221;223;222m[38;2;223;230;228m▄[48;2;216;209;211m[38;2;213;181;189m▄[48;2;213;131;146m[38;2;222;142;154m▄[48;2;237;168;175m[38;2;234;155;162m▄[48;2;227;131;142m[38;2;228;134;144m▄[48;2;232;142;150m[38;2;230;139;147m▄[48;2;217;108;123m[38;2;223;127;139m▄[48;2;222;146;158m[38;2;230;154;162m▄[48;2;234;154;160m[38;2;230;136;146m▄[48;2;229;132;143m[38;2;232;138;148m▄[48;2;232;140;149m[38;2;232;138;148m▄[48;2;231;139;149m[38;2;233;140;149m▄[48;2;231;139;148m[38;2;233;140;149m▄[48;2;236;142;152m[38;2;233;143;151m▄[48;2;233;125;138m[38;2;227;129;139m▄[48;2;215;139;148m[38;2;218;99;114m▄[48;2;208;209;203m[38;2;210;171;176m▄[48;2;220;216;210m[38;2;222;227;218m▄[48;2;221;219;213m[38;2;225;219;213m▄[48;2;221;219;213m[38;2;227;220;215m▄[48;2;223;218;214m[38;2;227;220;215m▄[48;2;223;218;213m[38;2;226;220;214m▄[48;2;222;218;212m[38;2;225;219;214m▄[48;2;220;215;211m[38;2;223;217;213m▄[48;2;218;214;211m[38;2;220;215;210m▄[48;2;216;214;210m[38;2;218;214;210m▄[48;2;215;214;208m[38;2;216;213;210m▄[48;2;215;214;208m[38;2;215;213;209m▄[48;2;215;214;209m[38;2;215;213;209m▄[48;2;213;213;208m[38;2;215;213;209m▄[48;2;212;211;207m[38;2;212;211;207m▄[48;2;210;210;205m[38;2;210;210;207m▄[48;2;210;210;208m[38;2;210;210;207m▄[48;2;211;211;211m[38;2;209;209;208m▄[48;2;209;209;210m[38;2;209;209;208m▄[48;2;209;209;209m[38;2;209;209;208m▄[48;2;209;209;209m[38;2;209;209;209m▄[48;2;208;208;208m[38;2;208;208;207m▄[48;2;207;207;208m[38;2;207;207;207m▄[48;2;207;207;207m[38;2;207;207;207m▄[48;2;206;206;206m[38;2;207;207;207m▄[48;2;206;206;206m[38;2;206;206;206m▄[0m
[48;2;216;216;216m[38;2;215;215;215m▄[48;2;216;216;216m[38;2;216;216;216m▄[48;2;215;215;215m[38;2;216;216;216m▄[48;2;216;216;216m[38;2;216;216;216m▄[48;2;217;217;217m[38;2;217;217;216m▄[48;2;217;217;217m[38;2;216;216;216m▄[48;2;217;217;217m[38;2;217;217;217m▄[48;2;217;217;217m[38;2;217;217;217m▄[48;2;217;217;217m[38;2;217;217;217m▄[48;2;218;218;218m[38;2;217;217;217m▄[48;2;217;217;217m[38;2;217;217;217m▄[48;2;217;217;217m[38;2;217;217;217m▄[48;2;219;218;218m[38;2;217;217;217m▄[48;2;219;218;218m[38;2;217;217;218m▄[48;2;221;221;218m[38;2;216;216;218m▄[48;2;221;220;219m[38;2;227;226;221m▄[48;2;221;217;216m[38;2;225;223;218m▄[48;2;229;223;216m[38;2;226;222;217m▄[48;2;240;234;223m[38;2;227;222;215m▄[48;2;235;230;220m[38;2;237;231;222m▄[48;2;225;219;215m[38;2;240;235;224m▄[48;2;227;221;217m[38;2;228;221;215m▄[48;2;230;236;228m[38;2;235;236;228m▄[48;2;213;174;179m[38;2;222;184;184m▄[48;2;226;148;158m[38;2;226;150;158m▄[48;2;232;146;155m[38;2;232;146;155m▄[48;2;229;136;146m[38;2;229;134;145m▄[48;2;228;135;144m[38;2;229;138;147m▄[48;2;233;153;160m[38;2;230;140;150m▄[48;2;231;146;155m[38;2;230;138;149m▄[48;2;230;135;146m[38;2;230;137;148m▄[48;2;231;138;147m[38;2;231;138;147m▄[48;2;232;139;148m[38;2;231;138;147m▄[48;2;233;140;148m[38;2;232;140;148m▄[48;2;233;141;147m[38;2;233;141;148m▄[48;2;234;144;150m[38;2;234;145;149m▄[48;2;230;132;140m[38;2;228;128;136m▄[48;2;224;110;121m[38;2;225;111;124m▄[48;2;209;139;148m[38;2;208;134;144m▄[48;2;218;222;215m[38;2;216;218;209m▄[48;2;226;220;212m[38;2;230;220;212m▄[48;2;232;224;213m[38;2;238;229;213m▄[48;2;236;226;214m[38;2;251;246;233m▄[48;2;235;225;213m[38;2;250;244;232m▄[48;2;229;221;215m[38;2;238;229;214m▄[48;2;225;220;213m[38;2;228;220;213m▄[48;2;221;217;211m[38;2;224;217;213m▄[48;2;220;215;209m[38;2;220;215;210m▄[48;2;218;214;208m[38;2;218;214;208m▄[48;2;215;213;209m[38;2;216;214;208m▄[48;2;215;213;209m[38;2;216;213;208m▄[48;2;215;213;209m[38;2;214;212;209m▄[48;2;212;210;206m[38;2;211;209;206m▄[48;2;210;209;206m[38;2;210;209;205m▄[48;2;209;210;206m[38;2;210;208;205m▄[48;2;209;209;205m[38;2;209;207;204m▄[48;2;208;208;204m[38;2;209;209;205m▄[48;2;208;208;206m[38;2;209;209;205m▄[48;2;208;208;206m[38;2;208;208;205m▄[48;2;208;208;205m[38;2;208;208;205m▄[48;2;207;207;207m[38;2;207;207;207m▄[48;2;207;207;207m[38;2;207;207;207m▄[48;2;206;206;206m[38;2;207;207;207m▄[48;2;205;205;205m[38;2;204;204;204m▄[0m
[48;2;215;215;215m[38;2;215;215;215m▄[48;2;216;216;216m[38;2;216;216;216m▄[48;2;216;216;216m[38;2;216;216;216m▄[48;2;216;216;216m[38;2;216;216;216m▄[48;2;216;216;215m[38;2;216;216;216m▄[48;2;217;217;217m[38;2;216;216;216m▄[48;2;217;217;217m[38;2;217;217;216m▄[48;2;216;216;216m[38;2;216;216;216m▄[48;2;216;216;216m[38;2;216;216;216m▄[48;2;216;216;216m[38;2;216;216;216m▄[48;2;217;217;217m[38;2;217;217;217m▄[48;2;217;217;217m[38;2;217;217;217m▄[48;2;217;217;217m[38;2;217;217;217m▄[48;2;217;217;217m[38;2;216;216;216m▄[48;2;217;217;217m[38;2;217;217;216m▄[48;2;219;219;217m[38;2;216;216;217m▄[48;2;224;222;218m[38;2;215;215;216m▄[48;2;229;225;222m[38;2;216;216;216m▄[48;2;224;222;219m[38;2;216;216;217m▄[48;2;219;216;215m[38;2;216;216;217m▄[48;2;230;225;217m[38;2;218;216;214m▄[48;2;241;235;224m[38;2;224;218;214m▄[48;2;237;237;227m[38;2;237;231;222m▄[48;2;223;199;196m[38;2;242;235;224m▄[48;2;226;150;153m[38;2;231;173;174m▄[48;2;233;153;160m[38;2;237;170;169m▄[48;2;230;136;147m[38;2;235;146;148m▄[48;2;228;134;144m[38;2;235;161;159m▄[48;2;229;136;146m[38;2;229;140;147m▄[48;2;231;137;148m[38;2;230;138;148m▄[48;2;231;138;149m[38;2;231;138;148m▄[48;2;231;138;149m[38;2;232;139;148m▄[48;2;231;138;147m[38;2;231;138;148m▄[48;2;232;139;148m[38;2;232;138;147m▄[48;2;232;140;148m[38;2;233;143;150m▄[48;2;234;144;148m[38;2;230;133;139m▄[48;2;225;122;130m[38;2;225;117;126m▄[48;2;224;113;125m[38;2;220;113;125m▄[48;2;206;145;152m[38;2;204;174;174m▄[48;2;216;218;209m[38;2;215;215;206m▄[48;2;229;218;211m[38;2;227;219;211m▄[48;2;240;230;215m[38;2;234;225;215m▄[48;2;254;252;241m[38;2;244;234;218m▄[48;2;255;255;255m[38;2;252;248;237m▄[48;2;252;249;238m[38;2;255;255;255m▄[48;2;240;231;214m[38;2;254;253;244m▄[48;2;225;217;210m[38;2;240;233;217m▄[48;2;219;215;210m[38;2;222;215;208m▄[48;2;218;214;208m[38;2;218;214;208m▄[48;2;217;213;208m[38;2;215;214;207m▄[48;2;216;213;208m[38;2;214;213;208m▄[48;2;214;212;208m[38;2;213;211;207m▄[48;2;211;209;205m[38;2;211;209;205m▄[48;2;210;208;204m[38;2;210;209;205m▄[48;2;210;208;204m[38;2;210;208;205m▄[48;2;209;207;203m[38;2;209;208;204m▄[48;2;209;209;204m[38;2;208;208;205m▄[48;2;208;208;204m[38;2;208;208;204m▄[48;2;208;208;204m[38;2;208;208;203m▄[48;2;207;207;204m[38;2;207;207;204m▄[48;2;207;207;207m[38;2;206;206;206m▄[48;2;207;207;207m[38;2;206;206;206m▄[48;2;206;206;206m[38;2;205;205;205m▄[48;2;204;204;204m[38;2;204;204;205m▄[0m
[48;2;215;215;215m[38;2;214;214;214m▄[48;2;215;215;215m[38;2;214;214;214m▄[48;2;216;216;216m[38;2;215;215;215m▄[48;2;216;216;216m[38;2;216;216;216m▄[48;2;216;216;216m[38;2;216;216;216m▄[48;2;215;215;215m[38;2;216;216;216m▄[48;2;216;216;216m[38;2;216;216;216m▄[48;2;216;216;216m[38;2;216;217;216m▄[48;2;215;215;215m[38;2;216;216;216m▄[48;2;216;216;216m[38;2;216;216;216m▄[48;2;217;217;217m[38;2;216;216;216m▄[48;2;217;217;217m[38;2;216;216;216m▄[48;2;217;217;217m[38;2;216;216;216m▄[48;2;216;216;216m[38;2;216;216;216m▄[48;2;216;216;216m[38;2;217;217;217m▄[48;2;216;216;216m[38;2;217;217;217m▄[48;2;216;216;216m[38;2;216;216;216m▄[48;2;216;216;216m[38;2;216;216;216m▄[48;2;216;216;216m[38;2;216;216;216m▄[48;2;216;216;216m[38;2;216;216;216m▄[48;2;216;216;216m[38;2;216;216;216m▄[48;2;217;216;216m[38;2;216;216;217m▄[48;2;219;215;213m[38;2;217;217;215m▄[48;2;229;222;216m[38;2;222;218;214m▄[48;2;241;235;220m[38;2;222;217;212m▄[48;2;245;218;194m[38;2;226;164;157m▄[48;2;237;168;158m[38;2;248;217;190m▄[48;2;239;172;161m[38;2;245;207;179m▄[48;2;234;150;149m[38;2;239;168;154m▄[48;2;231;139;147m[38;2;235;152;146m▄[48;2;231;138;147m[38;2;232;143;149m▄[48;2;231;137;148m[38;2;231;142;151m▄[48;2;232;140;149m[38;2;228;132;143m▄[48;2;232;143;150m[38;2;226;123;136m▄[48;2;231;138;145m[38;2;220;107;123m▄[48;2;222;112;125m[38;2;226;118;130m▄[48;2;230;121;133m[38;2;213;105;123m▄[48;2;214;146;154m[38;2;200;185;183m▄[48;2;202;204;197m[38;2;207;206;200m▄[48;2;216;210;203m[38;2;218;212;206m▄[48;2;225;218;212m[38;2;222;216;211m▄[48;2;228;221;214m[38;2;223;218;212m▄[48;2;232;222;213m[38;2;225;219;213m▄[48;2;238;226;212m[38;2;226;218;211m▄[48;2;248;242;230m[38;2;229;219;207m▄[48;2;255;255;255m[38;2;246;240;226m▄[48;2;255;253;245m[38;2;255;255;255m▄[48;2;241;232;215m[38;2;255;253;244m▄[48;2;220;213;207m[38;2;239;232;213m▄[48;2;216;212;207m[38;2;218;212;205m▄[48;2;214;212;205m[38;2;213;211;205m▄[48;2;211;209;205m[38;2;211;209;205m▄[48;2;210;208;204m[38;2;210;208;205m▄[48;2;210;208;204m[38;2;209;208;205m▄[48;2;210;208;204m[38;2;209;209;206m▄[48;2;209;208;205m[38;2;208;208;205m▄[48;2;209;208;205m[38;2;208;208;205m▄[48;2;208;208;204m[38;2;208;208;205m▄[48;2;208;208;203m[38;2;208;208;204m▄[48;2;207;207;204m[38;2;208;208;204m▄[48;2;206;206;206m[38;2;207;207;205m▄[48;2;205;205;205m[38;2;205;205;205m▄[48;2;204;204;204m[38;2;204;204;204m▄[48;2;204;203;204m[38;2;203;203;203m▄[0m
[48;2;213;213;213m[38;2;212;212;212m▄[48;2;214;214;214m[38;2;214;214;214m▄[48;2;215;215;215m[38;2;214;214;214m▄[48;2;215;215;215m[38;2;215;215;215m▄[48;2;215;215;215m[38;2;215;215;215m▄[48;2;215;215;215m[38;2;215;215;215m▄[48;2;215;215;215m[38;2;216;216;216m▄[48;2;215;215;215m[38;2;216;216;216m▄[48;2;216;216;216m[38;2;215;215;215m▄[48;2;215;215;215m[38;2;215;215;215m▄[48;2;216;216;216m[38;2;215;215;215m▄[48;2;215;215;215m[38;2;215;215;215m▄[48;2;215;215;215m[38;2;215;215;215m▄[48;2;215;215;215m[38;2;215;215;215m▄[48;2;216;216;216m[38;2;215;215;215m▄[48;2;217;217;217m[38;2;216;216;216m▄[48;2;217;217;217m[38;2;216;216;216m▄[48;2;217;217;217m[38;2;215;215;215m▄[48;2;216;216;216m[38;2;216;216;216m▄[48;2;216;216;216m[38;2;216;216;216m▄[48;2;216;216;216m[38;2;216;215;217m▄[48;2;216;216;216m[38;2;216;216;216m▄[48;2;219;219;216m[38;2;217;216;216m▄[48;2;233;230;221m[38;2;217;216;216m▄[48;2;217;218;218m[38;2;214;213;215m▄[48;2;224;204;202m[38;2;229;231;224m▄[48;2;229;150;142m[38;2;219;204;198m▄[48;2;243;180;159m[38;2;209;140;140m▄[48;2;250;219;187m[38;2;225;143;133m▄[48;2;244;205;176m[38;2;234;183;159m▄[48;2;233;156;137m[38;2;247;237;198m▄[48;2;234;148;137m[38;2;244;206;183m▄[48;2;229;128;130m[38;2;231;154;140m▄[48;2;227;117;125m[38;2;227;150;135m▄[48;2;230;130;131m[38;2;230;191;159m▄[48;2;213;103;117m[38;2;199;168;167m▄[48;2;198;156;162m[38;2;198;202;195m▄[48;2;201;203;196m[38;2;205;202;197m▄[48;2;211;206;201m[38;2;214;212;207m▄[48;2;218;215;208m[38;2;218;215;209m▄[48;2;219;215;209m[38;2;218;214;208m▄[48;2;221;214;209m[38;2;217;215;208m▄[48;2;221;216;211m[38;2;218;215;208m▄[48;2;221;215;209m[38;2;218;214;207m▄[48;2;220;214;208m[38;2;218;213;207m▄[48;2;227;216;206m[38;2;218;212;207m▄[48;2;247;241;227m[38;2;227;217;204m▄[48;2;255;255;255m[38;2;252;248;232m▄[48;2;254;252;242m[38;2;255;255;255m▄[48;2;235;224;210m[38;2;249;243;227m▄[48;2;214;209;206m[38;2;224;216;207m▄[48;2;210;209;205m[38;2;209;208;204m▄[48;2;210;208;204m[38;2;209;209;204m▄[48;2;210;209;207m[38;2;209;209;207m▄[48;2;209;209;209m[38;2;209;208;208m▄[48;2;208;208;208m[38;2;208;208;206m▄[48;2;208;208;205m[38;2;208;208;204m▄[48;2;208;208;204m[38;2;208;208;203m▄[48;2;207;207;202m[38;2;207;207;202m▄[48;2;207;207;202m[38;2;207;207;202m▄[48;2;207;207;202m[38;2;207;207;202m▄[48;2;206;206;204m[38;2;206;206;203m▄[48;2;203;203;203m[38;2;204;204;203m▄[48;2;203;203;203m[38;2;203;203;203m▄[0m
[48;2;212;212;212m[38;2;211;211;211m▄[48;2;213;213;213m[38;2;212;212;212m▄[48;2;214;214;214m[38;2;213;213;213m▄[48;2;214;214;214m[38;2;213;213;213m▄[48;2;215;215;215m[38;2;213;213;213m▄[48;2;215;215;215m[38;2;214;214;214m▄[48;2;214;214;214m[38;2;214;214;214m▄[48;2;215;215;215m[38;2;215;215;215m▄[48;2;215;215;215m[38;2;215;215;215m▄[48;2;216;216;216m[38;2;214;214;214m▄[48;2;215;215;215m[38;2;215;215;215m▄[48;2;215;215;215m[38;2;215;215;215m▄[48;2;215;215;215m[38;2;215;215;215m▄[48;2;215;215;215m[38;2;215;215;215m▄[48;2;216;216;216m[38;2;215;215;215m▄[48;2;215;215;215m[38;2;215;215;215m▄[48;2;216;216;216m[38;2;215;215;215m▄[48;2;216;216;216m[38;2;215;215;215m▄[48;2;215;215;215m[38;2;215;215;215m▄[48;2;216;216;216m[38;2;215;215;215m▄[48;2;216;216;216m[38;2;215;215;215m▄[48;2;215;215;215m[38;2;215;215;215m▄[48;2;216;216;216m[38;2;215;215;215m▄[48;2;215;216;216m[38;2;215;215;215m▄[48;2;213;213;215m[38;2;215;215;215m▄[48;2;227;223;218m[38;2;215;214;215m▄[48;2;227;227;219m[38;2;215;214;213m▄[48;2;204;211;212m[38;2;215;214;214m▄[48;2;209;208;205m[38;2;214;214;213m▄[48;2;214;205;199m[38;2;211;209;207m▄[48;2;222;211;202m[38;2;216;215;209m▄[48;2;238;235;219m[38;2;224;215;209m▄[48;2;248;245;227m[38;2;227;217;208m▄[48;2;246;236;216m[38;2;240;230;216m▄[48;2;232;225;206m[38;2;249;242;222m▄[48;2;223;217;201m[38;2;250;242;222m▄[48;2;218;207;197m[38;2;244;234;217m▄[48;2;221;216;207m[38;2;244;236;216m▄[48;2;220;215;210m[38;2;240;230;212m▄[48;2;215;213;209m[38;2;227;216;203m▄[48;2;214;213;207m[38;2;224;217;208m▄[48;2;215;213;208m[38;2;219;213;208m▄[48;2;216;213;208m[38;2;215;209;205m▄[48;2;216;212;207m[38;2;214;210;206m▄[48;2;216;212;206m[38;2;213;209;204m▄[48;2;215;212;206m[38;2;211;207;203m▄[48;2;216;210;205m[38;2;210;206;204m▄[48;2;236;226;208m[38;2;220;211;203m▄[48;2;254;253;245m[38;2;251;246;227m▄[48;2;253;252;248m[38;2;255;255;254m▄[48;2;234;226;210m[38;2;238;230;216m▄[48;2;211;208;204m[38;2;215;210;204m▄[48;2;208;207;204m[38;2;207;207;203m▄[48;2;209;208;206m[38;2;208;208;205m▄[48;2;208;208;205m[38;2;207;207;204m▄[48;2;207;207;204m[38;2;207;207;204m▄[48;2;207;207;204m[38;2;207;207;204m▄[48;2;208;208;203m[38;2;207;207;204m▄[48;2;207;207;202m[38;2;207;207;202m▄[48;2;208;208;203m[38;2;208;208;203m▄[48;2;207;207;202m[38;2;207;207;202m▄[48;2;206;207;203m[38;2;205;207;205m▄[48;2;203;205;204m[38;2;203;205;205m▄[48;2;202;202;204m[38;2;201;202;205m▄[0m
[48;2;210;210;210m[38;2;210;210;210m▄[48;2;211;211;211m[38;2;210;210;210m▄[48;2;211;211;211m[38;2;211;211;211m▄[48;2;212;212;212m[38;2;211;211;211m▄[48;2;213;213;213m[38;2;212;212;212m▄[48;2;213;213;213m[38;2;212;212;212m▄[48;2;214;214;214m[38;2;212;212;212m▄[48;2;214;214;214m[38;2;212;212;212m▄[48;2;214;214;215m[38;2;213;213;214m▄[48;2;214;214;214m[38;2;213;213;215m▄[48;2;214;214;215m[38;2;214;214;214m▄[48;2;215;214;215m[38;2;214;214;214m▄[48;2;214;214;215m[38;2;214;214;214m▄[48;2;214;214;214m[38;2;214;214;214m▄[48;2;214;214;214m[38;2;214;214;214m▄[48;2;214;214;214m[38;2;214;214;214m▄[48;2;215;215;215m[38;2;214;214;214m▄[48;2;214;214;214m[38;2;214;214;214m▄[48;2;215;215;215m[38;2;214;214;214m▄[48;2;215;215;214m[38;2;214;214;214m▄[48;2;214;214;214m[38;2;214;214;214m▄[48;2;214;214;214m[38;2;214;214;214m▄[48;2;214;214;214m[38;2;214;214;214m▄[48;2;215;215;215m[38;2;214;214;214m▄[48;2;215;215;215m[38;2;214;214;214m▄[48;2;214;214;214m[38;2;214;214;214m▄[48;2;215;215;215m[38;2;214;214;214m▄[48;2;215;215;215m[38;2;214;214;214m▄[48;2;214;214;214m[38;2;213;213;213m▄[48;2;214;214;214m[38;2;213;213;213m▄[48;2;215;215;214m[38;2;213;213;213m▄[48;2;213;213;211m[38;2;213;212;213m▄[48;2;220;219;213m[38;2;214;213;213m▄[48;2;223;218;210m[38;2;213;212;210m▄[48;2;227;218;208m[38;2;215;212;208m▄[48;2;240;230;214m[38;2;233;227;213m▄[48;2;246;239;219m[38;2;233;223;210m▄[48;2;250;247;227m[38;2;238;228;210m▄[48;2;252;248;228m[38;2;240;230;213m▄[48;2;246;238;220m[38;2;248;242;223m▄[48;2;245;237;219m[38;2;252;249;230m▄[48;2;238;228;210m[38;2;253;251;235m▄[48;2;237;227;210m[38;2;254;251;237m▄[48;2;228;218;203m[38;2;248;244;232m▄[48;2;227;217;205m[38;2;248;244;229m▄[48;2;229;220;205m[38;2;253;248;228m▄[48;2;231;225;207m[38;2;253;251;231m▄[48;2;240;234;212m[38;2;255;255;246m▄[48;2;249;246;231m[38;2;255;255;255m▄[48;2;255;255;255m[38;2;254;251;235m▄[48;2;240;233;216m[38;2;231;225;210m▄[48;2;213;209;204m[38;2;208;205;204m▄[48;2;207;207;203m[38;2;208;207;203m▄[48;2;207;207;204m[38;2;207;207;203m▄[48;2;207;207;204m[38;2;207;207;205m▄[48;2;207;207;204m[38;2;206;206;204m▄[48;2;207;207;204m[38;2;206;206;204m▄[48;2;206;206;203m[38;2;204;204;203m▄[48;2;206;206;203m[38;2;204;204;201m▄[48;2;207;207;203m[38;2;204;204;200m▄[48;2;205;206;202m[38;2;204;204;202m▄[48;2;204;205;203m[38;2;203;203;202m▄[48;2;202;204;205m[38;2;202;203;204m▄[48;2;201;202;205m[38;2;202;202;204m▄[0m
[48;2;210;210;210m[38;2;210;210;210m▄[48;2;210;210;210m[38;2;210;210;210m▄[48;2;211;211;211m[38;2;211;211;211m▄[48;2;211;211;211m[38;2;211;211;211m▄[48;2;211;211;211m[38;2;210;210;210m▄[48;2;211;211;211m[38;2;210;210;210m▄[48;2;211;211;211m[38;2;210;210;210m▄[48;2;212;212;212m[38;2;211;211;211m▄[48;2;212;212;212m[38;2;211;211;211m▄[48;2;212;212;213m[38;2;211;211;211m▄[48;2;212;212;212m[38;2;212;212;212m▄[48;2;213;213;213m[38;2;212;212;212m▄[48;2;213;213;213m[38;2;212;212;212m▄[48;2;213;213;213m[38;2;212;212;213m▄[48;2;213;213;214m[38;2;213;213;213m▄[48;2;213;213;213m[38;2;213;213;213m▄[48;2;213;213;213m[38;2;213;213;213m▄[48;2;213;213;213m[38;2;213;213;214m▄[48;2;213;213;213m[38;2;212;212;212m▄[48;2;213;213;213m[38;2;211;211;213m▄[48;2;214;214;214m[38;2;211;211;213m▄[48;2;214;214;214m[38;2;211;212;212m▄[48;2;213;213;214m[38;2;212;212;213m▄[48;2;214;214;214m[38;2;212;212;212m▄[48;2;213;213;213m[38;2;211;212;212m▄[48;2;213;213;213m[38;2;211;211;212m▄[48;2;213;213;213m[38;2;208;208;208m▄[48;2;213;213;213m[38;2;204;204;204m▄[48;2;213;214;214m[38;2;200;199;199m▄[48;2;213;213;213m[38;2;198;195;196m▄[48;2;212;212;212m[38;2;197;194;193m▄[48;2;212;212;213m[38;2;197;195;194m▄[48;2;212;212;212m[38;2;199;196;196m▄[48;2;212;212;213m[38;2;198;197;195m▄[48;2;211;211;210m[38;2;198;196;194m▄[48;2;213;211;208m[38;2;199;196;196m▄[48;2;224;220;213m[38;2;200;197;195m▄[48;2;220;216;210m[38;2;202;199;197m▄[48;2;215;209;204m[38;2;203;202;199m▄[48;2;231;223;210m[38;2;212;210;204m▄[48;2;236;225;208m[38;2;213;209;202m▄[48;2;238;229;212m[38;2;214;207;203m▄[48;2;245;240;222m[38;2;221;213;205m▄[48;2;250;247;231m[38;2;224;216;205m▄[48;2;253;252;239m[38;2;228;220;206m▄[48;2;252;250;240m[38;2;226;218;204m▄[48;2;252;250;242m[38;2;226;218;205m▄[48;2;250;247;241m[38;2;225;216;204m▄[48;2;247;241;225m[38;2;219;212;202m▄[48;2;235;227;207m[38;2;209;207;203m▄[48;2;209;207;203m[38;2;207;207;204m▄[48;2;207;206;204m[38;2;207;207;204m▄[48;2;207;206;204m[38;2;207;206;203m▄[48;2;206;206;204m[38;2;206;206;204m▄[48;2;206;206;206m[38;2;205;204;205m▄[48;2;205;205;206m[38;2;204;204;204m▄[48;2;204;204;204m[38;2;204;204;204m▄[48;2;203;203;203m[38;2;202;202;202m▄[48;2;208;208;207m[38;2;210;210;210m▄[48;2;211;211;210m[38;2;216;216;216m▄[48;2;203;203;203m[38;2;203;203;203m▄[48;2;203;203;203m[38;2;202;202;202m▄[48;2;203;202;203m[38;2;202;202;202m▄[48;2;202;202;203m[38;2;202;202;202m▄[0m
[48;2;210;210;210m[38;2;213;213;213m▄[48;2;211;211;211m[38;2;214;214;214m▄[48;2;211;211;211m[38;2;214;214;214m▄[48;2;212;212;212m[38;2;214;214;214m▄[48;2;212;212;212m[38;2;215;215;215m▄[48;2;213;212;214m[38;2;215;215;215m▄[48;2;213;213;214m[38;2;215;215;215m▄[48;2;213;213;213m[38;2;215;215;215m▄[48;2;213;213;214m[38;2;215;215;215m▄[48;2;213;213;213m[38;2;215;215;215m▄[48;2;214;214;214m[38;2;215;215;215m▄[48;2;214;214;214m[38;2;215;215;215m▄[48;2;214;214;214m[38;2;215;215;215m▄[48;2;214;214;214m[38;2;215;215;215m▄[48;2;214;214;214m[38;2;215;215;215m▄[48;2;215;215;215m[38;2;215;215;215m▄[48;2;215;215;215m[38;2;215;215;215m▄[48;2;215;215;215m[38;2;216;216;216m▄[48;2;214;214;214m[38;2;215;215;215m▄[48;2;213;212;214m[38;2;215;215;215m▄[48;2;213;212;213m[38;2;215;215;215m▄[48;2;211;211;212m[38;2;214;214;214m▄[48;2;209;207;208m[38;2;211;209;210m▄[48;2;207;203;203m[38;2;209;203;204m▄[48;2;203;196;198m[38;2;204;195;195m▄[48;2;199;190;189m[38;2;200;188;187m▄[48;2;197;184;184m[38;2;199;183;182m▄[48;2;196;179;180m[38;2;197;178;179m▄[48;2;194;176;177m[38;2;197;177;177m▄[48;2;192;175;176m[38;2;197;177;177m▄[48;2;192;173;174m[38;2;197;177;177m▄[48;2;191;173;172m[38;2;197;177;176m▄[48;2;191;173;174m[38;2;196;177;176m▄[48;2;192;173;174m[38;2;196;177;176m▄[48;2;191;174;173m[38;2;196;176;176m▄[48;2;191;174;174m[38;2;198;178;178m▄[48;2;191;176;174m[38;2;199;180;180m▄[48;2;192;179;177m[38;2;200;186;184m▄[48;2;195;184;182m[38;2;203;192;190m▄[48;2;198;189;187m[38;2;206;199;197m▄[48;2;203;197;196m[38;2;209;204;201m▄[48;2;205;202;200m[38;2;211;209;205m▄[48;2;208;206;203m[38;2;212;211;207m▄[48;2;209;208;205m[38;2;212;211;208m▄[48;2;209;208;205m[38;2;212;212;208m▄[48;2;210;208;205m[38;2;211;211;208m▄[48;2;209;208;206m[38;2;210;211;207m▄[48;2;209;208;207m[38;2;210;210;209m▄[48;2;208;208;207m[38;2;210;210;210m▄[48;2;208;208;207m[38;2;209;209;209m▄[48;2;208;208;207m[38;2;209;209;209m▄[48;2;207;207;207m[38;2;208;208;208m▄[48;2;207;207;206m[38;2;208;208;208m▄[48;2;207;207;207m[38;2;208;208;208m▄[48;2;206;207;206m[38;2;207;207;207m▄[48;2;206;206;206m[38;2;208;208;208m▄[48;2;206;206;206m[38;2;207;207;207m▄[48;2;205;205;205m[38;2;208;208;207m▄[48;2;204;204;204m[38;2;207;207;207m▄[48;2;204;204;204m[38;2;206;206;206m▄[48;2;203;203;202m[38;2;206;206;206m▄[48;2;203;203;203m[38;2;205;205;205m▄[48;2;203;203;203m[38;2;204;204;204m▄[48;2;203;203;203m[38;2;203;203;203m▄[0m
[48;2;215;215;215m[38;2;216;216;216m▄[48;2;215;215;215m[38;2;216;216;216m▄[48;2;215;215;215m[38;2;216;216;216m▄[48;2;215;215;215m[38;2;216;216;216m▄[48;2;215;215;215m[38;2;216;216;216m▄[48;2;215;215;215m[38;2;216;216;216m▄[48;2;216;216;216m[38;2;217;217;217m▄[48;2;216;216;216m[38;2;217;217;217m▄[48;2;216;216;216m[38;2;217;217;217m▄[48;2;216;216;216m[38;2;217;217;217m▄[48;2;217;217;217m[38;2;217;217;217m▄[48;2;216;216;216m[38;2;217;217;217m▄[48;2;216;216;216m[38;2;217;217;217m▄[48;2;217;217;217m[38;2;217;217;217m▄[48;2;216;216;216m[38;2;217;217;217m▄[48;2;217;217;217m[38;2;217;217;217m▄[48;2;216;216;216m[38;2;217;217;217m▄[48;2;216;216;216m[38;2;217;217;217m▄[48;2;216;216;216m[38;2;217;217;217m▄[48;2;217;217;216m[38;2;217;217;217m▄[48;2;216;216;216m[38;2;217;217;217m▄[48;2;216;216;216m[38;2;217;217;217m▄[48;2;216;216;215m[38;2;217;217;217m▄[48;2;216;216;215m[38;2;217;217;217m▄[48;2;216;215;215m[38;2;217;217;217m▄[48;2;215;214;214m[38;2;217;217;217m▄[48;2;214;213;212m[38;2;217;218;218m▄[48;2;213;211;211m[38;2;217;218;218m▄[48;2;213;209;210m[38;2;217;217;217m▄[48;2;213;209;209m[38;2;218;218;219m▄[48;2;212;209;208m[38;2;217;217;217m▄[48;2;212;209;208m[38;2;217;217;217m▄[48;2;211;208;208m[38;2;217;217;218m▄[48;2;210;207;207m[38;2;217;217;218m▄[48;2;210;207;207m[38;2;217;217;218m▄[48;2;212;208;208m[38;2;217;217;217m▄[48;2;213;210;209m[38;2;217;216;217m▄[48;2;214;212;212m[38;2;216;216;216m▄[48;2;214;214;214m[38;2;216;216;216m▄[48;2;215;215;214m[38;2;215;215;215m▄[48;2;215;215;212m[38;2;216;216;213m▄[48;2;216;215;213m[38;2;216;216;213m▄[48;2;214;214;212m[38;2;215;215;212m▄[48;2;214;213;211m[38;2;215;215;212m▄[48;2;214;214;213m[38;2;215;215;213m▄[48;2;213;213;212m[38;2;215;215;213m▄[48;2;213;213;211m[38;2;214;214;212m▄[48;2;212;212;212m[38;2;214;214;212m▄[48;2;211;211;211m[38;2;213;213;211m▄[48;2;210;210;210m[38;2;212;212;212m▄[48;2;210;210;210m[38;2;210;210;210m▄[48;2;210;209;209m[38;2;210;210;210m▄[48;2;209;209;209m[38;2;210;210;210m▄[48;2;208;208;208m[38;2;210;210;210m▄[48;2;209;209;209m[38;2;210;210;210m▄[48;2;208;208;208m[38;2;209;209;209m▄[48;2;208;208;208m[38;2;209;209;209m▄[48;2;208;208;208m[38;2;209;209;209m▄[48;2;208;208;208m[38;2;209;209;209m▄[48;2;208;208;208m[38;2;209;209;209m▄[48;2;207;207;207m[38;2;208;208;208m▄[48;2;207;207;207m[38;2;208;208;208m▄[48;2;207;207;207m[38;2;208;208;208m▄[48;2;206;206;206m[38;2;207;207;207m▄[0m
