[48;2;219;219;219m[38;2;218;218;218m▄[48;2;220;220;220m[38;2;219;219;219m▄[48;2;221;221;221m[38;2;221;221;221m▄[48;2;222;222;222m[38;2;222;222;222m▄[48;2;223;223;223m[38;2;222;222;222m▄[48;2;223;223;223m[38;2;223;223;223m▄[48;2;223;223;223m[38;2;224;224;224m▄[48;2;225;225;225m[38;2;224;224;224m▄[48;2;225;225;225m[38;2;225;225;225m▄[48;2;225;225;225m[38;2;224;224;224m▄[48;2;225;225;225m[38;2;224;224;224m▄[48;2;225;225;225m[38;2;224;224;224m▄[48;2;227;227;227m[38;2;225;225;225m▄[48;2;228;228;228m[38;2;226;226;226m▄[48;2;228;228;228m[38;2;226;226;226m▄[48;2;227;227;227m[38;2;227;227;227m▄[48;2;227;227;227m[38;2;227;227;227m▄[48;2;227;227;227m[38;2;227;227;227m▄[48;2;227;227;227m[38;2;227;227;227m▄[48;2;227;227;227m[38;2;227;227;227m▄[48;2;228;228;228m[38;2;227;227;227m▄[48;2;228;228;228m[38;2;227;227;227m▄[48;2;228;228;228m[38;2;227;227;227m▄[48;2;227;227;227m[38;2;227;227;227m▄[48;2;227;227;227m[38;2;227;227;227m▄[48;2;227;227;227m[38;2;227;227;227m▄[48;2;228;228;228m[38;2;226;226;226m▄[48;2;227;227;227m[38;2;226;226;226m▄[48;2;225;225;225m[38;2;225;225;225m▄[48;2;225;225;225m[38;2;224;224;224m▄[48;2;225;225;225m[38;2;224;224;224m▄[48;2;225;225;225m[38;2;224;224;224m▄[48;2;226;226;226m[38;2;224;224;224m▄[48;2;224;224;224m[38;2;224;224;224m▄[48;2;223;223;223m[38;2;223;223;223m▄[48;2;223;223;223m[38;2;223;223;223m▄[48;2;223;223;223m[38;2;223;223;223m▄[48;2;222;222;222m[38;2;222;222;222m▄[48;2;221;221;221m[38;2;221;221;221m▄[48;2;221;221;221m[38;2;220;220;220m▄[48;2;220;220;220m[38;2;220;220;220m▄[48;2;219;219;219m[38;2;218;218;218m▄[48;2;218;218;218m[38;2;217;217;217m▄[48;2;217;217;217m[38;2;216;216;216m▄[48;2;216;216;216m[38;2;216;216;216m▄[48;2;216;216;216m[38;2;216;216;216m▄[48;2;216;216;216m[38;2;216;216;216m▄[48;2;216;216;216m[38;2;216;216;216m▄[48;2;215;215;215m[38;2;215;215;215m▄[48;2;215;215;215m[38;2;215;215;215m▄[48;2;214;214;214m[38;2;214;214;214m▄[48;2;214;214;214m[38;2;213;213;213m▄[48;2;213;213;213m[38;2;213;213;213m▄[48;2;212;212;212m[38;2;212;212;212m▄[48;2;211;211;211m[38;2;211;211;211m▄[48;2;211;211;211m[38;2;210;210;210m▄[48;2;210;210;210m[38;2;210;210;210m▄[48;2;210;210;210m[38;2;210;210;210m▄[48;2;209;209;209m[38;2;209;209;209m▄[48;2;209;209;209m[38;2;209;209;209m▄[48;2;208;208;208m[38;2;208;208;208m▄[48;2;208;208;208m[38;2;207;207;207m▄[48;2;207;207;207m[38;2;207;207;207m▄[48;2;207;207;207m[38;2;206;206;206m▄[0m
[48;2;218;218;218m[38;2;218;218;218m▄[48;2;219;219;219m[38;2;218;218;218m▄[48;2;221;221;221m[38;2;220;220;220m▄[48;2;222;222;222m[38;2;222;222;222m▄[48;2;223;223;223m[38;2;223;223;223m▄[48;2;223;223;223m[38;2;223;223;223m▄[48;2;223;223;223m[38;2;223;223;223m▄[48;2;223;223;223m[38;2;223;223;223m▄[48;2;224;224;224m[38;2;224;224;224m▄[48;2;224;224;224m[38;2;224;224;224m▄[48;2;225;225;225m[38;2;224;224;224m▄[48;2;224;224;224m[38;2;224;224;224m▄[48;2;224;224;224m[38;2;224;224;224m▄[48;2;224;224;224m[38;2;224;224;224m▄[48;2;225;225;225m[38;2;224;224;224m▄[48;2;226;226;226m[38;2;224;224;224m▄[48;2;226;226;226m[38;2;225;225;225m▄[48;2;227;227;227m[38;2;226;226;226m▄[48;2;227;227;227m[38;2;227;227;227m▄[48;2;227;227;227m[38;2;227;227;227m▄[48;2;226;226;226m[38;2;226;226;226m▄[48;2;227;227;227m[38;2;226;226;226m▄[48;2;227;227;227m[38;2;227;227;227m▄[48;2;227;227;227m[38;2;225;225;225m▄[48;2;226;226;226m[38;2;224;224;224m▄[48;2;225;225;225m[38;2;224;224;224m▄[48;2;225;225;225m[38;2;224;224;224m▄[48;2;225;225;225m[38;2;225;225;225m▄[48;2;223;224;223m[38;2;231;227;232m▄[48;2;223;224;223m[38;2;232;228;233m▄[48;2;223;224;223m[38;2;233;229;233m▄[48;2;224;224;224m[38;2;224;224;224m▄[48;2;223;223;223m[38;2;223;223;223m▄[48;2;223;223;223m[38;2;222;222;222m▄[48;2;222;223;222m[38;2;228;226;228m▄[48;2;221;222;221m[38;2;231;227;233m▄[48;2;223;223;223m[38;2;225;223;225m▄[48;2;223;223;223m[38;2;221;222;221m▄[48;2;222;222;222m[38;2;221;221;221m▄[48;2;221;221;221m[38;2;220;220;219m▄[48;2;219;219;219m[38;2;218;218;218m▄[48;2;218;218;218m[38;2;217;217;217m▄[48;2;217;217;217m[38;2;217;217;217m▄[48;2;216;216;216m[38;2;216;216;216m▄[48;2;216;216;216m[38;2;216;216;216m▄[48;2;216;216;216m[38;2;216;216;216m▄[48;2;216;216;216m[38;2;215;215;215m▄[48;2;215;215;215m[38;2;215;215;215m▄[48;2;215;215;215m[38;2;215;215;215m▄[48;2;215;214;215m[38;2;215;215;215m▄[48;2;214;214;214m[38;2;214;214;214m▄[48;2;213;213;213m[38;2;213;213;213m▄[48;2;212;213;213m[38;2;213;213;213m▄[48;2;211;211;211m[38;2;212;212;212m▄[48;2;210;210;210m[38;2;211;211;211m▄[48;2;210;210;210m[38;2;210;210;210m▄[48;2;210;210;210m[38;2;210;210;211m▄[48;2;210;210;210m[38;2;209;209;210m▄[48;2;209;209;209m[38;2;209;209;209m▄[48;2;208;208;208m[38;2;209;209;209m▄[48;2;208;208;208m[38;2;208;208;208m▄[48;2;207;207;207m[38;2;208;208;208m▄[48;2;207;207;207m[38;2;207;207;207m▄[48;2;207;207;207m[38;2;207;207;207m▄[0m
[48;2;218;218;218m[38;2;217;217;217m▄[48;2;218;218;218m[38;2;219;219;219m▄[48;2;220;220;220m[38;2;221;221;221m▄[48;2;221;221;221m[38;2;221;221;221m▄[48;2;222;222;222m[38;2;221;221;221m▄[48;2;223;223;223m[38;2;222;222;222m▄[48;2;223;223;223m[38;2;223;223;223m▄[48;2;223;223;223m[38;2;223;223;223m▄[48;2;224;224;224m[38;2;224;224;224m▄[48;2;224;224;224m[38;2;224;224;224m▄[48;2;225;225;225m[38;2;224;224;224m▄[48;2;225;225;225m[38;2;225;225;225m▄[48;2;225;225;225m[38;2;225;225;225m▄[48;2;225;225;225m[38;2;225;225;225m▄[48;2;225;225;225m[38;2;225;225;225m▄[48;2;225;225;225m[38;2;225;225;225m▄[48;2;224;224;224m[38;2;224;224;224m▄[48;2;225;225;225m[38;2;224;224;224m▄[48;2;225;225;225m[38;2;225;225;225m▄[48;2;225;225;225m[38;2;224;224;224m▄[48;2;226;226;226m[38;2;224;224;224m▄[48;2;224;224;224m[38;2;224;224;224m▄[48;2;224;224;224m[38;2;225;225;225m▄[48;2;225;225;225m[38;2;225;225;225m▄[48;2;225;225;225m[38;2;225;225;225m▄[48;2;225;225;225m[38;2;224;224;224m▄[48;2;225;225;225m[38;2;226;225;225m▄[48;2;223;223;224m[38;2;219;221;221m▄[48;2;159;189;152m[38;2;139;183;120m▄[48;2;160;191;153m[38;2;152;196;98m▄[48;2;187;204;186m[38;2;132;179;89m▄[48;2;226;225;228m[38;2;146;180;134m▄[48;2;223;223;223m[38;2;230;227;231m▄[48;2;230;227;230m[38;2;196;207;198m▄[48;2;188;204;186m[38;2;117;170;86m▄[48;2;146;183;135m[38;2;109;165;81m▄[48;2;214;217;214m[38;2;199;207;200m▄[48;2;224;223;224m[38;2;222;222;222m▄[48;2;220;221;220m[38;2;220;220;220m▄[48;2;220;220;220m[38;2;220;220;221m▄[48;2;219;219;219m[38;2;218;218;218m▄[48;2;217;217;217m[38;2;217;217;217m▄[48;2;216;216;216m[38;2;217;217;217m▄[48;2;216;216;216m[38;2;216;216;216m▄[48;2;216;216;216m[38;2;216;216;216m▄[48;2;216;216;216m[38;2;216;216;216m▄[48;2;215;215;215m[38;2;215;215;215m▄[48;2;215;215;215m[38;2;215;215;215m▄[48;2;215;215;215m[38;2;215;215;215m▄[48;2;215;215;215m[38;2;214;214;214m▄[48;2;214;213;214m[38;2;214;214;214m▄[48;2;213;213;214m[38;2;213;213;213m▄[48;2;213;213;213m[38;2;212;212;212m▄[48;2;212;212;212m[38;2;211;211;211m▄[48;2;211;211;211m[38;2;210;211;211m▄[48;2;210;210;210m[38;2;211;211;211m▄[48;2;210;210;210m[38;2;209;210;210m▄[48;2;210;209;210m[38;2;209;209;209m▄[48;2;209;209;209m[38;2;209;209;209m▄[48;2;209;209;209m[38;2;209;209;209m▄[48;2;208;208;208m[38;2;209;209;209m▄[48;2;208;208;208m[38;2;208;208;208m▄[48;2;207;207;207m[38;2;207;207;207m▄[48;2;206;206;206m[38;2;207;207;207m▄[0m
[48;2;217;217;217m[38;2;217;217;217m▄[48;2;218;218;218m[38;2;217;217;217m▄[48;2;219;219;219m[38;2;217;217;218m▄[48;2;221;221;221m[38;2;219;219;219m▄[48;2;221;221;221m[38;2;221;221;221m▄[48;2;221;221;221m[38;2;221;221;221m▄[48;2;223;223;223m[38;2;223;223;223m▄[48;2;223;223;223m[38;2;223;223;223m▄[48;2;223;223;223m[38;2;223;223;223m▄[48;2;224;224;224m[38;2;223;223;223m▄[48;2;224;224;224m[38;2;224;224;224m▄[48;2;224;224;224m[38;2;224;224;224m▄[48;2;224;224;224m[38;2;224;224;224m▄[48;2;224;224;224m[38;2;224;224;224m▄[48;2;224;224;224m[38;2;224;224;224m▄[48;2;225;225;225m[38;2;225;225;225m▄[48;2;225;225;225m[38;2;224;224;224m▄[48;2;224;224;224m[38;2;224;224;224m▄[48;2;224;224;224m[38;2;225;225;225m▄[48;2;224;224;224m[38;2;224;224;224m▄[48;2;224;224;224m[38;2;224;224;224m▄[48;2;224;224;224m[38;2;224;224;224m▄[48;2;224;224;224m[38;2;224;224;224m▄[48;2;225;225;225m[38;2;225;225;225m▄[48;2;224;224;224m[38;2;225;225;225m▄[48;2;224;224;224m[38;2;224;224;224m▄[48;2;223;223;222m[38;2;223;223;223m▄[48;2;230;228;232m[38;2;230;227;228m▄[48;2;153;184;142m[38;2;202;214;206m▄[48;2;142;186;83m[38;2;124;178;98m▄[48;2;142;185;86m[38;2;125;181;74m▄[48;2;123;176;71m[38;2;113;167;73m▄[48;2;164;188;159m[38;2;107;162;79m▄[48;2;135;175;119m[38;2;102;153;90m▄[48;2;127;169;106m[38;2;160;183;156m▄[48;2;203;204;208m[38;2;157;184;145m▄[48;2;219;214;220m[38;2;154;183;145m▄[48;2;225;222;225m[38;2;177;195;177m▄[48;2;220;220;220m[38;2;221;220;224m▄[48;2;219;219;218m[38;2;223;221;223m▄[48;2;218;218;218m[38;2;217;217;217m▄[48;2;217;217;217m[38;2;217;217;217m▄[48;2;216;216;216m[38;2;217;217;217m▄[48;2;216;216;216m[38;2;216;216;216m▄[48;2;217;217;217m[38;2;217;217;217m▄[48;2;216;216;216m[38;2;216;216;216m▄[48;2;215;215;215m[38;2;215;215;215m▄[48;2;215;215;215m[38;2;215;215;215m▄[48;2;214;214;214m[38;2;214;214;214m▄[48;2;214;214;214m[38;2;214;214;214m▄[48;2;214;214;214m[38;2;213;213;213m▄[48;2;213;213;213m[38;2;213;213;213m▄[48;2;212;212;212m[38;2;212;212;212m▄[48;2;211;211;211m[38;2;211;211;211m▄[48;2;211;211;211m[38;2;211;211;211m▄[48;2;211;211;211m[38;2;211;211;211m▄[48;2;210;210;210m[38;2;211;211;211m▄[48;2;210;210;210m[38;2;210;210;210m▄[48;2;209;209;209m[38;2;208;208;208m▄[48;2;208;208;208m[38;2;209;209;209m▄[48;2;208;208;208m[38;2;208;208;208m▄[48;2;208;208;208m[38;2;208;208;208m▄[48;2;207;207;207m[38;2;207;207;207m▄[48;2;206;206;206m[38;2;206;206;205m▄[0m
[48;2;216;216;216m[38;2;216;216;216m▄[48;2;217;217;217m[38;2;216;216;216m▄[48;2;217;217;217m[38;2;217;217;217m▄[48;2;218;218;218m[38;2;218;218;218m▄[48;2;220;220;220m[38;2;219;219;218m▄[48;2;222;222;222m[38;2;220;220;220m▄[48;2;222;222;222m[38;2;221;221;221m▄[48;2;222;222;223m[38;2;222;222;221m▄[48;2;223;223;223m[38;2;222;222;222m▄[48;2;223;223;223m[38;2;222;222;222m▄[48;2;223;223;223m[38;2;223;223;223m▄[48;2;223;223;223m[38;2;223;223;223m▄[48;2;224;224;224m[38;2;224;224;224m▄[48;2;224;224;224m[38;2;224;224;224m▄[48;2;225;225;225m[38;2;224;224;224m▄[48;2;224;224;224m[38;2;224;224;224m▄[48;2;224;224;224m[38;2;224;224;224m▄[48;2;225;225;225m[38;2;224;224;224m▄[48;2;224;224;224m[38;2;224;224;224m▄[48;2;225;224;225m[38;2;224;224;224m▄[48;2;224;224;224m[38;2;224;224;224m▄[48;2;225;225;225m[38;2;224;224;225m▄[48;2;225;225;225m[38;2;225;225;225m▄[48;2;224;224;224m[38;2;224;224;224m▄[48;2;224;224;224m[38;2;224;224;224m▄[48;2;224;224;224m[38;2;223;223;223m▄[48;2;224;224;224m[38;2;223;225;224m▄[48;2;223;228;227m[38;2;219;168;176m▄[48;2;227;209;214m[38;2;227;140;150m▄[48;2;189;173;168m[38;2;237;141;154m▄[48;2;125;159;100m[38;2;229;135;152m▄[48;2;100;167;84m[38;2;195;136;142m▄[48;2;71;141;57m[38;2;183;147;134m▄[48;2;80;148;74m[38;2;105;146;78m▄[48;2;112;168;85m[38;2;90;162;65m▄[48;2;125;178;80m[38;2;115;177;71m▄[48;2;142;188;91m[38;2;131;186;74m▄[48;2;143;188;99m[38;2;129;180;70m▄[48;2;135;176;120m[38;2;119;165;99m▄[48;2;207;212;209m[38;2;199;204;201m▄[48;2;220;219;220m[38;2;219;218;219m▄[48;2;216;216;216m[38;2;216;216;216m▄[48;2;216;216;216m[38;2;216;216;216m▄[48;2;217;217;217m[38;2;217;217;217m▄[48;2;217;217;217m[38;2;216;216;216m▄[48;2;217;217;217m[38;2;216;216;216m▄[48;2;215;215;215m[38;2;215;215;215m▄[48;2;215;215;215m[38;2;215;215;215m▄[48;2;214;214;214m[38;2;214;214;214m▄[48;2;213;213;213m[38;2;214;214;214m▄[48;2;214;214;214m[38;2;214;214;214m▄[48;2;212;212;212m[38;2;212;212;212m▄[48;2;211;211;211m[38;2;211;211;211m▄[48;2;211;211;211m[38;2;211;211;211m▄[48;2;210;210;210m[38;2;211;211;211m▄[48;2;211;211;211m[38;2;211;211;211m▄[48;2;211;211;211m[38;2;210;210;210m▄[48;2;209;209;209m[38;2;209;209;209m▄[48;2;209;209;209m[38;2;209;209;209m▄[48;2;208;208;208m[38;2;208;208;208m▄[48;2;208;208;208m[38;2;207;207;207m▄[48;2;207;207;207m[38;2;207;207;207m▄[48;2;207;207;207m[38;2;207;207;207m▄[48;2;206;206;206m[38;2;206;205;207m▄[0m
[48;2;216;216;216m[38;2;217;217;217m▄[48;2;216;216;216m[38;2;216;216;216m▄[48;2;216;216;216m[38;2;216;216;216m▄[48;2;217;217;217m[38;2;216;216;216m▄[48;2;218;218;218m[38;2;218;218;218m▄[48;2;219;219;219m[38;2;218;218;218m▄[48;2;220;220;220m[38;2;218;218;219m▄[48;2;221;221;222m[38;2;220;220;221m▄[48;2;221;221;221m[38;2;220;220;220m▄[48;2;222;222;222m[38;2;221;221;221m▄[48;2;223;223;223m[38;2;222;222;222m▄[48;2;223;223;223m[38;2;222;222;222m▄[48;2;223;223;223m[38;2;222;222;222m▄[48;2;223;223;223m[38;2;223;223;223m▄[48;2;224;224;224m[38;2;223;223;223m▄[48;2;224;224;224m[38;2;223;223;223m▄[48;2;223;223;223m[38;2;223;223;223m▄[48;2;223;223;223m[38;2;223;223;223m▄[48;2;224;224;224m[38;2;223;223;223m▄[48;2;224;224;224m[38;2;223;223;223m▄[48;2;223;223;223m[38;2;223;223;223m▄[48;2;224;224;224m[38;2;224;224;224m▄[48;2;224;224;224m[38;2;224;224;224m▄[48;2;224;224;224m[38;2;223;223;223m▄[48;2;224;222;223m[38;2;223;221;221m▄[48;2;224;229;229m[38;2;224;233;232m▄[48;2;219;188;193m[38;2;210;146;155m▄[48;2;229;131;144m[38;2;222;124;136m▄[48;2;236;139;151m[38;2;224;134;145m▄[48;2;235;139;149m[38;2;217;114;128m▄[48;2;227;128;138m[38;2;219;128;138m▄[48;2;234;146;158m[38;2;241;168;174m▄[48;2;252;164;179m[38;2;235;153;162m▄[48;2;220;127;138m[38;2;230;138;151m▄[48;2;170;147;121m[38;2;240;138;156m▄[48;2;148;156;103m[38;2;250;154;169m▄[48;2;136;154;103m[38;2;216;140;158m▄[48;2;150;176;148m[38;2;205;204;210m▄[48;2;195;195;198m[38;2;207;206;206m▄[48;2;208;206;209m[38;2;212;212;212m▄[48;2;214;215;214m[38;2;216;216;216m▄[48;2;217;217;217m[38;2;216;216;216m▄[48;2;217;217;217m[38;2;217;217;217m▄[48;2;216;216;216m[38;2;216;216;216m▄[48;2;216;216;216m[38;2;216;216;215m▄[48;2;215;215;215m[38;2;215;215;215m▄[48;2;215;215;215m[38;2;214;214;214m▄[48;2;214;214;215m[38;2;214;214;214m▄[48;2;214;214;214m[38;2;214;213;214m▄[48;2;214;214;214m[38;2;213;213;213m▄[48;2;213;213;213m[38;2;213;213;213m▄[48;2;212;212;212m[38;2;211;211;211m▄[48;2;211;211;211m[38;2;211;211;211m▄[48;2;210;210;210m[38;2;211;211;211m▄[48;2;212;212;212m[38;2;211;211;211m▄[48;2;212;212;212m[38;2;211;211;211m▄[48;2;210;210;210m[38;2;210;210;210m▄[48;2;209;209;209m[38;2;209;209;209m▄[48;2;208;208;208m[38;2;209;209;209m▄[48;2;208;208;208m[38;2;208;208;208m▄[48;2;208;208;208m[38;2;208;208;208m▄[48;2;207;207;207m[38;2;207;207;207m▄[48;2;208;208;208m[38;2;207;207;207m▄[48;2;207;207;206m[38;2;206;206;206m▄[0m
[48;2;216;216;216m[38;2;215;215;215m▄[48;2;216;216;216m[38;2;216;216;216m▄[48;2;216;216;216m[38;2;216;216;216m▄[48;2;216;216;216m[38;2;216;216;216m▄[48;2;217;217;217m[38;2;216;216;216m▄[48;2;217;217;217m[38;2;217;217;217m▄[48;2;218;218;218m[38;2;218;218;218m▄[48;2;219;219;219m[38;2;218;218;218m▄[48;2;220;220;220m[38;2;218;218;218m▄[48;2;219;219;219m[38;2;219;219;219m▄[48;2;221;221;221m[38;2;220;220;220m▄[48;2;221;221;221m[38;2;220;220;220m▄[48;2;221;221;221m[38;2;220;220;220m▄[48;2;222;222;222m[38;2;221;221;221m▄[48;2;222;222;222m[38;2;221;221;221m▄[48;2;222;222;222m[38;2;221;221;221m▄[48;2;223;223;223m[38;2;221;221;221m▄[48;2;223;223;223m[38;2;222;222;222m▄[48;2;223;223;223m[38;2;222;222;222m▄[48;2;223;223;223m[38;2;222;222;222m▄[48;2;223;223;223m[38;2;222;222;222m▄[48;2;223;223;223m[38;2;222;222;222m▄[48;2;223;223;223m[38;2;222;222;222m▄[48;2;222;221;221m[38;2;223;222;222m▄[48;2;224;230;228m[38;2;221;224;223m▄[48;2;213;182;188m[38;2;209;136;149m▄[48;2;220;125;139m[38;2;233;125;139m▄[48;2;233;134;147m[38;2;231;119;135m▄[48;2;235;131;145m[38;2;213;91;111m▄[48;2;221;136;149m[38;2;215;149;160m▄[48;2;221;159;168m[38;2;255;255;255m▄[48;2;225;130;142m[38;2;225;177;184m▄[48;2;242;160;169m[38;2;219;128;141m▄[48;2;230;145;153m[38;2;226;134;146m▄[48;2;224;130;140m[38;2;224;136;146m▄[48;2;240;167;171m[38;2;219;133;142m▄[48;2;208;104;117m[38;2;220;103;120m▄[48;2;201;149;157m[38;2;212;112;129m▄[48;2;215;222;221m[38;2;208;205;207m▄[48;2;217;216;216m[38;2;217;217;216m▄[48;2;216;217;218m[38;2;215;211;206m▄[48;2;217;218;218m[38;2;213;207;196m▄[48;2;216;215;214m[38;2;213;205;193m▄[48;2;216;215;215m[38;2;213;201;185m▄[48;2;216;218;220m[38;2;212;204;190m▄[48;2;214;214;214m[38;2;215;216;218m▄[48;2;215;215;215m[38;2;215;214;214m▄[48;2;214;214;214m[38;2;214;214;214m▄[48;2;214;214;214m[38;2;214;213;214m▄[48;2;213;213;213m[38;2;213;213;213m▄[48;2;213;213;213m[38;2;212;212;212m▄[48;2;211;211;211m[38;2;211;211;211m▄[48;2;211;211;211m[38;2;211;211;211m▄[48;2;212;212;212m[38;2;212;212;212m▄[48;2;211;211;211m[38;2;212;212;212m▄[48;2;210;210;210m[38;2;210;210;210m▄[48;2;209;209;209m[38;2;209;209;209m▄[48;2;209;209;209m[38;2;209;209;209m▄[48;2;209;209;209m[38;2;209;209;209m▄[48;2;208;208;208m[38;2;208;208;208m▄[48;2;207;207;207m[38;2;207;207;207m▄[48;2;207;207;207m[38;2;207;207;207m▄[48;2;206;206;206m[38;2;206;206;206m▄[48;2;205;205;205m[38;2;205;205;205m▄[0m
[48;2;215;215;215m[38;2;215;215;215m▄[48;2;216;216;216m[38;2;215;215;215m▄[48;2;216;216;216m[38;2;216;216;216m▄[48;2;216;216;216m[38;2;216;216;216m▄[48;2;216;216;216m[38;2;216;216;216m▄[48;2;217;217;217m[38;2;218;218;218m▄[48;2;217;217;217m[38;2;217;217;217m▄[48;2;218;218;218m[38;2;217;217;217m▄[48;2;217;217;217m[38;2;217;217;217m▄[48;2;218;218;218m[38;2;217;217;217m▄[48;2;219;219;219m[38;2;218;218;218m▄[48;2;219;219;219m[38;2;218;218;218m▄[48;2;219;219;219m[38;2;218;218;218m▄[48;2;220;220;220m[38;2;219;219;219m▄[48;2;221;221;221m[38;2;220;220;220m▄[48;2;221;221;221m[38;2;220;220;220m▄[48;2;220;220;220m[38;2;219;219;219m▄[48;2;221;221;221m[38;2;219;219;219m▄[48;2;221;221;221m[38;2;220;220;220m▄[48;2;222;222;222m[38;2;221;221;221m▄[48;2;221;221;221m[38;2;220;220;220m▄[48;2;222;222;222m[38;2;221;221;221m▄[48;2;222;221;221m[38;2;221;221;221m▄[48;2;222;222;222m[38;2;220;219;219m▄[48;2;219;220;221m[38;2;223;230;229m▄[48;2;207;125;139m[38;2;202;144;155m▄[48;2;230;116;133m[38;2;203;85;106m▄[48;2;211;103;122m[38;2;220;114;131m▄[48;2;208;97;117m[38;2;216;99;117m▄[48;2;201;94;112m[38;2;220;110;126m▄[48;2;228;189;195m[38;2;213;104;121m▄[48;2;255;255;255m[38;2;214;154;166m▄[48;2;241;222;224m[38;2;251;251;252m▄[48;2;209;128;142m[38;2;221;164;173m▄[48;2;204;94;112m[38;2;224;102;119m▄[48;2;219;107;124m[38;2;234;127;141m▄[48;2;232;119;134m[38;2;227;108;125m▄[48;2;212;104;122m[38;2;196;116;130m▄[48;2;201;192;195m[38;2;200;204;203m▄[48;2;215;214;211m[38;2;214;212;213m▄[48;2;214;210;204m[38;2;216;216;217m▄[48;2;214;213;211m[38;2;214;214;215m▄[48;2;215;215;216m[38;2;214;213;212m▄[48;2;214;215;217m[38;2;214;215;217m▄[48;2;209;196;177m[38;2;214;213;211m▄[48;2;210;203;191m[38;2;207;193;172m▄[48;2;214;216;218m[38;2;214;216;218m▄[48;2;213;213;212m[38;2;213;213;212m▄[48;2;213;213;214m[38;2;212;212;213m▄[48;2;212;212;212m[38;2;211;211;211m▄[48;2;211;211;211m[38;2;211;211;211m▄[48;2;211;211;211m[38;2;211;211;211m▄[48;2;211;211;211m[38;2;211;211;211m▄[48;2;211;211;211m[38;2;211;211;211m▄[48;2;211;210;211m[38;2;210;210;210m▄[48;2;210;209;210m[38;2;207;208;209m▄[48;2;209;209;209m[38;2;209;209;209m▄[48;2;209;209;209m[38;2;209;209;209m▄[48;2;208;208;208m[38;2;208;208;208m▄[48;2;207;207;207m[38;2;207;207;208m▄[48;2;207;207;207m[38;2;207;207;207m▄[48;2;207;207;207m[38;2;207;207;207m▄[48;2;205;205;205m[38;2;205;205;205m▄[48;2;205;205;205m[38;2;205;205;205m▄[0m
[48;2;215;215;215m[38;2;215;215;215m▄[48;2;215;215;215m[38;2;216;216;216m▄[48;2;216;216;216m[38;2;216;216;216m▄[48;2;216;216;216m[38;2;215;215;215m▄[48;2;216;216;216m[38;2;216;216;216m▄[48;2;217;217;217m[38;2;216;216;216m▄[48;2;217;217;217m[38;2;217;217;217m▄[48;2;217;217;217m[38;2;217;217;217m▄[48;2;216;216;216m[38;2;217;217;217m▄[48;2;217;217;217m[38;2;217;217;217m▄[48;2;217;217;217m[38;2;217;217;217m▄[48;2;217;217;217m[38;2;217;217;217m▄[48;2;217;217;217m[38;2;217;217;217m▄[48;2;218;218;218m[38;2;217;217;217m▄[48;2;219;219;219m[38;2;218;218;218m▄[48;2;219;218;220m[38;2;218;218;218m▄[48;2;218;218;219m[38;2;218;218;218m▄[48;2;218;218;218m[38;2;220;219;219m▄[48;2;219;220;220m[38;2;221;220;220m▄[48;2;219;218;218m[38;2;220;225;225m▄[48;2;219;218;218m[38;2;218;223;223m▄[48;2;219;219;219m[38;2;218;216;216m▄[48;2;220;221;221m[38;2;217;211;211m▄[48;2;219;219;219m[38;2;217;214;214m▄[48;2;220;220;219m[38;2;217;222;221m▄[48;2;214;212;212m[38;2;220;233;231m▄[48;2;193;107;125m[38;2;200;151;162m▄[48;2;228;110;128m[38;2;219;96;116m▄[48;2;213;93;114m[38;2;221;105;122m▄[48;2;216;106;125m[38;2;208;95;114m▄[48;2;233;128;141m[38;2;231;128;140m▄[48;2;218;105;121m[38;2;229;121;136m▄[48;2;205;112;129m[38;2;202;78;100m▄[48;2;196;87;108m[38;2;209;85;107m▄[48;2;217;101;119m[38;2;209;90;112m▄[48;2;214;96;116m[38;2;210;75;100m▄[48;2;196;91;113m[38;2;189;113;130m▄[48;2;189;177;180m[38;2;196;211;207m▄[48;2;204;208;208m[38;2;209;200;200m▄[48;2;214;220;219m[38;2;216;186;187m▄[48;2;215;216;216m[38;2;215;211;211m▄[48;2;214;214;213m[38;2;217;220;222m▄[48;2;216;218;220m[38;2;207;199;188m▄[48;2;217;218;221m[38;2;198;180;156m▄[48;2;204;192;173m[38;2;205;194;179m▄[48;2;205;195;180m[38;2;210;211;210m▄[48;2;213;215;218m[38;2;208;205;200m▄[48;2;213;212;212m[38;2;212;213;213m▄[48;2;212;212;212m[38;2;211;211;211m▄[48;2;211;211;211m[38;2;210;210;210m▄[48;2;211;211;211m[38;2;211;211;211m▄[48;2;211;211;211m[38;2;211;211;211m▄[48;2;211;211;211m[38;2;211;211;211m▄[48;2;211;211;211m[38;2;210;210;210m▄[48;2;209;209;209m[38;2;208;208;208m▄[48;2;208;208;208m[38;2;208;208;208m▄[48;2;208;208;208m[38;2;208;208;208m▄[48;2;208;208;208m[38;2;208;208;208m▄[48;2;208;208;208m[38;2;207;207;207m▄[48;2;207;207;207m[38;2;207;207;207m▄[48;2;207;207;207m[38;2;206;206;206m▄[48;2;206;206;206m[38;2;205;205;205m▄[48;2;205;205;205m[38;2;204;204;204m▄[48;2;205;205;205m[38;2;204;204;204m▄[0m
[48;2;215;215;215m[38;2;214;214;214m▄[48;2;215;215;215m[38;2;215;215;215m▄[48;2;215;215;215m[38;2;215;215;215m▄[48;2;215;215;215m[38;2;215;215;215m▄[48;2;216;216;216m[38;2;216;215;216m▄[48;2;216;216;216m[38;2;216;216;216m▄[48;2;216;216;216m[38;2;215;215;215m▄[48;2;217;217;217m[38;2;216;216;216m▄[48;2;216;216;216m[38;2;216;216;216m▄[48;2;217;217;217m[38;2;217;217;217m▄[48;2;217;217;217m[38;2;217;217;217m▄[48;2;217;217;217m[38;2;217;217;217m▄[48;2;217;217;217m[38;2;217;217;217m▄[48;2;217;217;217m[38;2;217;217;217m▄[48;2;217;217;217m[38;2;217;217;217m▄[48;2;217;217;217m[38;2;217;216;216m▄[48;2;218;217;217m[38;2;217;221;220m▄[48;2;221;223;223m[38;2;221;208;211m▄[48;2;229;234;233m[38;2;237;206;210m▄[48;2;225;196;199m[38;2;244;211;212m▄[48;2;225;165;171m[38;2;228;152;160m▄[48;2;228;159;165m[38;2;221;134;143m▄[48;2;227;160;166m[38;2;221;125;136m▄[48;2;229;160;166m[38;2;226;139;150m▄[48;2;221;156;162m[38;2;241;175;183m▄[48;2;218;204;205m[38;2;221;136;145m▄[48;2;211;208;210m[38;2;217;212;211m▄[48;2;195;96;116m[38;2;206;200;204m▄[48;2;220;92;112m[38;2;192;128;142m▄[48;2;207;81;103m[38;2;193;107;126m▄[48;2;217;105;122m[38;2;187;122;136m▄[48;2;195;99;116m[38;2;216;144;150m▄[48;2;201;97;117m[38;2;222;148;155m▄[48;2;218;91;113m[38;2;194;117;134m▄[48;2;217;83;107m[38;2;187;110;128m▄[48;2;198;78;102m[38;2;187;167;172m▄[48;2;189;172;178m[38;2;198;209;208m▄[48;2;203;195;195m[38;2;212;143;152m▄[48;2;224;146;153m[38;2;238;168;176m▄[48;2;236;158;163m[38;2;224;159;167m▄[48;2;221;162;167m[38;2;219;140;146m▄[48;2;204;201;189m[38;2;201;197;187m▄[48;2;201;193;173m[38;2;216;176;181m▄[48;2;212;213;212m[38;2;225;145;152m▄[48;2;214;220;224m[38;2;215;181;184m▄[48;2;209;206;199m[38;2;210;210;202m▄[48;2;209;204;195m[38;2;211;208;208m▄[48;2;211;212;214m[38;2;210;211;211m▄[48;2;211;211;210m[38;2;210;210;210m▄[48;2;211;211;211m[38;2;210;210;210m▄[48;2;211;211;211m[38;2;211;211;211m▄[48;2;211;211;211m[38;2;210;210;210m▄[48;2;210;210;210m[38;2;209;209;209m▄[48;2;210;210;210m[38;2;208;208;208m▄[48;2;209;209;209m[38;2;208;208;208m▄[48;2;208;208;209m[38;2;208;208;208m▄[48;2;208;208;208m[38;2;208;208;208m▄[48;2;208;208;208m[38;2;208;208;208m▄[48;2;208;208;208m[38;2;207;207;207m▄[48;2;207;207;207m[38;2;207;207;207m▄[48;2;206;206;206m[38;2;206;206;206m▄[48;2;205;204;205m[38;2;204;204;204m▄[48;2;203;203;203m[38;2;203;203;203m▄[48;2;204;204;204m[38;2;204;204;204m▄[0m
[48;2;214;214;214m[38;2;213;213;213m▄[48;2;215;215;215m[38;2;214;214;214m▄[48;2;215;215;215m[38;2;214;214;214m▄[48;2;215;215;215m[38;2;215;215;215m▄[48;2;216;215;216m[38;2;215;215;215m▄[48;2;216;216;216m[38;2;215;215;215m▄[48;2;216;216;216m[38;2;215;215;215m▄[48;2;215;215;215m[38;2;216;216;216m▄[48;2;216;216;216m[38;2;216;216;216m▄[48;2;216;216;216m[38;2;216;216;216m▄[48;2;216;216;216m[38;2;216;216;216m▄[48;2;217;217;217m[38;2;216;216;216m▄[48;2;216;216;216m[38;2;217;217;216m▄[48;2;217;217;217m[38;2;217;216;217m▄[48;2;217;217;217m[38;2;217;216;217m▄[48;2;217;217;217m[38;2;218;222;221m▄[48;2;216;218;218m[38;2;212;196;198m▄[48;2;218;148;158m[38;2;214;134;144m▄[48;2;243;210;214m[38;2;242;202;207m▄[48;2;220;151;160m[38;2;199;97;113m▄[48;2;210;98;112m[38;2;221;142;154m▄[48;2;240;181;188m[38;2;233;172;181m▄[48;2;218;130;140m[38;2;193;100;115m▄[48;2;202;114;123m[38;2;206;130;143m▄[48;2;235;174;183m[38;2;245;192;200m▄[48;2;233;158;167m[38;2;208;115;129m▄[48;2;206;170;174m[38;2;202;111;123m▄[48;2;213;216;216m[38;2;218;143;155m▄[48;2;209;212;211m[38;2;211;125;138m▄[48;2;202;220;217m[38;2;207;140;151m▄[48;2;205;171;173m[38;2;203;132;141m▄[48;2;233;150;159m[38;2;207;106;118m▄[48;2;229;143;153m[38;2;202;110;123m▄[48;2;201;175;176m[38;2;197;140;149m▄[48;2;195;209;206m[38;2;212;130;143m▄[48;2;200;200;200m[38;2;214;137;149m▄[48;2;205;192;193m[38;2;199;114;125m▄[48;2;224;142;152m[38;2;231;158;168m▄[48;2;232;176;182m[38;2;228;170;177m▄[48;2;212;115;130m[38;2;208;118;132m▄[48;2;207;137;146m[38;2;208;122;136m▄[48;2;204;213;211m[38;2;198;157;161m▄[48;2;215;127;138m[38;2;204;115;129m▄[48;2;237;160;168m[38;2;205;102;117m▄[48;2;212;130;139m[38;2;202;162;167m▄[48;2;209;214;215m[38;2;202;209;209m▄[48;2;210;209;210m[38;2;210;209;210m▄[48;2;211;211;210m[38;2;211;211;211m▄[48;2;210;210;208m[38;2;211;211;209m▄[48;2;210;210;210m[38;2;210;211;210m▄[48;2;210;210;210m[38;2;208;210;211m▄[48;2;210;210;210m[38;2;210;209;213m▄[48;2;210;210;211m[38;2;209;208;211m▄[48;2;209;209;209m[38;2;209;209;209m▄[48;2;209;209;209m[38;2;209;209;209m▄[48;2;208;208;208m[38;2;208;208;208m▄[48;2;208;208;208m[38;2;208;208;206m▄[48;2;208;208;208m[38;2;207;207;206m▄[48;2;207;207;207m[38;2;207;207;207m▄[48;2;206;206;207m[38;2;205;205;205m▄[48;2;205;205;205m[38;2;204;204;204m▄[48;2;205;205;205m[38;2;204;204;204m▄[48;2;204;204;204m[38;2;203;203;204m▄[48;2;203;203;203m[38;2;203;203;203m▄[0m
[48;2;212;212;212m[38;2;212;212;212m▄[48;2;213;213;213m[38;2;212;212;213m▄[48;2;214;214;214m[38;2;213;213;213m▄[48;2;214;214;214m[38;2;213;213;213m▄[48;2;214;214;214m[38;2;214;214;214m▄[48;2;215;215;215m[38;2;214;214;214m▄[48;2;215;215;215m[38;2;214;214;214m▄[48;2;215;215;215m[38;2;214;214;214m▄[48;2;215;215;215m[38;2;215;215;215m▄[48;2;215;215;215m[38;2;215;215;215m▄[48;2;215;215;215m[38;2;215;215;215m▄[48;2;215;215;215m[38;2;215;215;215m▄[48;2;215;215;215m[38;2;215;215;215m▄[48;2;216;216;216m[38;2;216;216;215m▄[48;2;215;215;215m[38;2;216;216;216m▄[48;2;216;216;216m[38;2;216;215;215m▄[48;2;216;216;215m[38;2;216;219;218m▄[48;2;201;119;133m[38;2;215;207;209m▄[48;2;197;93;111m[38;2;197;155;163m▄[48;2;185;77;95m[38;2;188;96;114m▄[48;2;234;166;177m[38;2;234;151;164m▄[48;2;217;137;150m[38;2;204;120;137m▄[48;2;200;103;118m[38;2;238;164;175m▄[48;2;230;164;173m[38;2;180;85;103m▄[48;2;204;112;128m[38;2;179;82;101m▄[48;2;190;79;99m[38;2;222;138;153m▄[48;2;234;170;181m[38;2;202;114;131m▄[48;2;199;109;126m[38;2;170;56;80m▄[48;2;242;186;195m[38;2;240;174;183m▄[48;2;209;116;132m[38;2;168;58;83m▄[48;2;195;87;106m[38;2;213;127;143m▄[48;2;242;188;196m[38;2;217;141;154m▄[48;2;184;79;100m[38;2;172;58;82m▄[48;2;218;140;151m[38;2;238;171;182m▄[48;2;217;139;151m[38;2;180;82;102m▄[48;2;219;145;157m[38;2;176;71;92m▄[48;2;202;103;119m[38;2;185;84;106m▄[48;2;234;175;184m[38;2;243;174;184m▄[48;2;211;140;152m[38;2;191;106;123m▄[48;2;218;148;159m[38;2;202;111;127m▄[48;2;239;175;184m[38;2;216;137;150m▄[48;2;180;65;85m[38;2;165;55;78m▄[48;2;227;156;165m[38;2;239;173;180m▄[48;2;240;177;184m[38;2;231;178;183m▄[48;2;205;188;188m[38;2;235;179;186m▄[48;2;201;204;205m[38;2;218;197;199m▄[48;2;211;210;211m[38;2;208;212;212m▄[48;2;210;210;210m[38;2;211;210;210m▄[48;2;211;211;211m[38;2;210;210;210m▄[48;2;210;210;210m[38;2;210;210;210m▄[48;2;208;210;213m[38;2;209;210;211m▄[48;2;208;210;215m[38;2;206;209;213m▄[48;2;209;209;215m[38;2;208;208;214m▄[48;2;209;208;211m[38;2;208;207;210m▄[48;2;209;208;210m[38;2;208;208;208m▄[48;2;208;208;208m[38;2;209;208;206m▄[48;2;208;208;203m[38;2;208;208;203m▄[48;2;208;208;202m[38;2;206;208;203m▄[48;2;206;206;204m[38;2;205;206;203m▄[48;2;204;204;204m[38;2;204;204;204m▄[48;2;203;203;203m[38;2;204;204;204m▄[48;2;203;203;203m[38;2;204;204;203m▄[48;2;203;203;203m[38;2;203;203;203m▄[48;2;203;202;204m[38;2;203;203;204m▄[0m
[48;2;211;211;211m[38;2;211;211;211m▄[48;2;211;211;211m[38;2;210;210;210m▄[48;2;212;212;212m[38;2;210;210;210m▄[48;2;213;212;213m[38;2;211;211;211m▄[48;2;213;213;213m[38;2;212;212;212m▄[48;2;213;213;213m[38;2;213;213;213m▄[48;2;214;214;214m[38;2;213;213;213m▄[48;2;214;214;214m[38;2;213;213;213m▄[48;2;214;214;214m[38;2;214;214;214m▄[48;2;215;215;215m[38;2;215;215;215m▄[48;2;214;214;214m[38;2;214;214;214m▄[48;2;215;215;215m[38;2;214;214;214m▄[48;2;215;215;215m[38;2;215;215;215m▄[48;2;215;215;215m[38;2;214;214;214m▄[48;2;215;215;215m[38;2;215;215;215m▄[48;2;215;216;215m[38;2;215;215;215m▄[48;2;215;214;215m[38;2;213;211;211m▄[48;2;217;223;221m[38;2;210;209;195m▄[48;2;193;177;182m[38;2;184;139;151m▄[48;2;201;98;120m[38;2;206;96;117m▄[48;2;222;129;145m[38;2;203;100;120m▄[48;2;151;43;70m[38;2;170;115;128m▄[48;2;224;130;147m[38;2;180;82;106m▄[48;2;209;118;134m[38;2;240;140;157m▄[48;2;159;65;89m[38;2;166;63;85m▄[48;2;237;143;159m[38;2;185;83;105m▄[48;2;195;98;116m[38;2;214;111;130m▄[48;2;213;123;139m[38;2;177;74;98m▄[48;2;233;140;154m[38;2;214;117;133m▄[48;2;179;83;105m[38;2;184;82;105m▄[48;2;246;159;170m[38;2;191;88;111m▄[48;2;194;91;111m[38;2;207;107;127m▄[48;2;200;113;130m[38;2;168;69;93m▄[48;2;237;142;156m[38;2;200;101;120m▄[48;2;173;81;100m[38;2;210;113;131m▄[48;2;180;93;112m[38;2;183;84;107m▄[48;2;221;130;147m[38;2;181;81;102m▄[48;2;239;146;162m[38;2;197;96;116m▄[48;2;157;45;72m[38;2;151;51;76m▄[48;2;227;131;147m[38;2;193;90;111m▄[48;2;201;105;124m[38;2;200;91;114m▄[48;2;201;114;132m[38;2;202;130;144m▄[48;2;250;205;210m[38;2;243;214;214m▄[48;2;226;185;188m[38;2;231;188;193m▄[48;2;232;189;194m[38;2;213;177;183m▄[48;2;210;188;191m[38;2;190;192;192m▄[48;2;205;209;208m[38;2;204;204;204m▄[48;2;210;209;209m[38;2;210;209;209m▄[48;2;210;209;210m[38;2;208;208;208m▄[48;2;209;209;210m[38;2;208;208;208m▄[48;2;209;208;210m[38;2;208;208;209m▄[48;2;208;207;210m[38;2;208;208;208m▄[48;2;208;207;210m[38;2;208;208;208m▄[48;2;208;208;209m[38;2;208;207;208m▄[48;2;208;208;206m[38;2;208;208;206m▄[48;2;208;208;205m[38;2;208;208;204m▄[48;2;207;208;203m[38;2;207;208;203m▄[48;2;205;208;203m[38;2;204;207;202m▄[48;2;203;208;204m[38;2;202;207;203m▄[48;2;202;205;206m[38;2;201;203;206m▄[48;2;203;202;205m[38;2;202;202;206m▄[48;2;203;203;203m[38;2;203;202;203m▄[48;2;203;203;203m[38;2;203;203;203m▄[48;2;203;203;203m[38;2;202;202;202m▄[0m
[48;2;210;210;210m[38;2;209;209;209m▄[48;2;211;211;211m[38;2;210;210;210m▄[48;2;210;210;210m[38;2;210;210;210m▄[48;2;210;210;210m[38;2;211;211;211m▄[48;2;211;211;211m[38;2;210;210;210m▄[48;2;211;211;211m[38;2;210;210;210m▄[48;2;212;212;212m[38;2;211;211;211m▄[48;2;212;212;212m[38;2;211;211;211m▄[48;2;213;213;213m[38;2;211;211;211m▄[48;2;214;214;214m[38;2;211;211;211m▄[48;2;213;213;214m[38;2;211;211;212m▄[48;2;214;214;214m[38;2;212;212;212m▄[48;2;214;214;215m[38;2;213;213;213m▄[48;2;214;214;214m[38;2;212;212;212m▄[48;2;214;214;214m[38;2;213;213;213m▄[48;2;215;216;217m[38;2;213;213;213m▄[48;2;209;204;199m[38;2;212;212;212m▄[48;2;203;196;180m[38;2;193;178;159m▄[48;2;207;190;199m[38;2;209;207;197m▄[48;2;168;67;91m[38;2;204;187;188m▄[48;2;169;66;93m[38;2;190;163;161m▄[48;2;192;186;190m[38;2;189;180;163m▄[48;2;171;113;124m[38;2;203;194;182m▄[48;2;194;86;107m[38;2;162;80;102m▄[48;2;235;136;151m[38;2;192;81;103m▄[48;2;152;45;72m[38;2;237;140;156m▄[48;2;160;67;92m[38;2;195;104;123m▄[48;2;166;76;97m[38;2;162;69;91m▄[48;2;152;42;70m[38;2;180;86;108m▄[48;2;182;116;134m[38;2;183;114;129m▄[48;2;181;121;136m[38;2;178;121;135m▄[48;2;170;85;106m[38;2;180;100;120m▄[48;2;181;111;126m[38;2;179;93;114m▄[48;2;161;66;90m[38;2;184;99;118m▄[48;2;163;65;89m[38;2;182;93;113m▄[48;2;167;70;94m[38;2;180;95;114m▄[48;2;165;62;86m[38;2;189;105;124m▄[48;2;163;67;91m[38;2;185;95;115m▄[48;2;192;174;178m[38;2;187;171;174m▄[48;2;175;110;129m[38;2;202;206;196m▄[48;2;175;105;123m[38;2;207;203;193m▄[48;2;208;182;188m[38;2;202;200;189m▄[48;2;215;180;187m[38;2;200;198;192m▄[48;2;211;181;186m[38;2;193;194;189m▄[48;2;188;187;186m[38;2;201;198;191m▄[48;2;194;194;194m[38;2;204;204;204m▄[48;2;206;206;206m[38;2;208;208;208m▄[48;2;208;208;208m[38;2;208;208;208m▄[48;2;208;208;208m[38;2;207;207;207m▄[48;2;208;208;208m[38;2;207;207;207m▄[48;2;208;208;208m[38;2;207;207;207m▄[48;2;207;207;207m[38;2;206;206;206m▄[48;2;207;207;207m[38;2;206;206;206m▄[48;2;207;207;207m[38;2;206;206;206m▄[48;2;207;207;206m[38;2;205;205;204m▄[48;2;207;207;205m[38;2;205;205;205m▄[48;2;207;206;205m[38;2;204;204;204m▄[48;2;205;205;204m[38;2;203;203;204m▄[48;2;203;203;204m[38;2;204;204;204m▄[48;2;203;202;205m[38;2;202;202;203m▄[48;2;203;202;204m[38;2;201;201;201m▄[48;2;202;202;203m[38;2;201;201;201m▄[48;2;203;202;203m[38;2;202;202;202m▄[48;2;202;202;202m[38;2;202;202;202m▄[0m
[48;2;209;209;209m[38;2;212;212;212m▄[48;2;209;209;209m[38;2;212;212;213m▄[48;2;210;210;210m[38;2;212;212;213m▄[48;2;210;210;210m[38;2;213;213;213m▄[48;2;211;211;211m[38;2;213;213;214m▄[48;2;210;210;210m[38;2;214;213;214m▄[48;2;210;210;210m[38;2;214;214;214m▄[48;2;211;211;211m[38;2;214;214;215m▄[48;2;211;211;211m[38;2;214;214;215m▄[48;2;212;212;212m[38;2;215;214;215m▄[48;2;212;212;212m[38;2;215;215;215m▄[48;2;212;212;211m[38;2;215;215;215m▄[48;2;212;212;212m[38;2;214;214;214m▄[48;2;212;212;213m[38;2;215;215;215m▄[48;2;213;213;213m[38;2;215;215;215m▄[48;2;213;213;212m[38;2;215;215;215m▄[48;2;214;214;216m[38;2;215;215;214m▄[48;2;209;206;202m[38;2;216;216;217m▄[48;2;196;181;164m[38;2;215;217;219m▄[48;2;196;186;169m[38;2;213;213;215m▄[48;2;198;192;178m[38;2;213;214;217m▄[48;2;204;199;195m[38;2;213;214;215m▄[48;2;210;214;215m[38;2;212;211;211m▄[48;2;209;204;204m[38;2;212;214;214m▄[48;2;171;100;117m[38;2;212;214;213m▄[48;2;164;57;83m[38;2;191;158;167m▄[48;2;200;89;110m[38;2;171;105;122m▄[48;2;206;104;125m[38;2;166;86;107m▄[48;2;198;98;118m[38;2;167;87;107m▄[48;2;192;84;107m[38;2;170;101;119m▄[48;2;201;104;124m[38;2;166;80;103m▄[48;2;182;95;113m[38;2;172;72;96m▄[48;2;153;49;75m[38;2;186;81;105m▄[48;2;163;81;101m[38;2;189;90;113m▄[48;2;173;124;136m[38;2;186;88;111m▄[48;2;166;105;120m[38;2;195;93;115m▄[48;2;179;83;105m[38;2;198;95;117m▄[48;2;195;91;114m[38;2;156;56;83m▄[48;2;177;137;148m[38;2;189;178;183m▄[48;2;206;207;199m[38;2;207;210;211m▄[48;2;208;203;200m[38;2;208;208;209m▄[48;2;210;206;200m[38;2;207;208;209m▄[48;2;213;207;196m[38;2;206;207;209m▄[48;2;214;208;198m[38;2;205;206;208m▄[48;2;208;206;205m[38;2;207;207;207m▄[48;2;206;206;207m[38;2;208;208;209m▄[48;2;208;208;207m[38;2;208;208;209m▄[48;2;207;207;207m[38;2;208;208;208m▄[48;2;207;207;207m[38;2;208;208;208m▄[48;2;207;207;207m[38;2;208;208;208m▄[48;2;206;206;206m[38;2;208;208;208m▄[48;2;206;206;206m[38;2;208;208;208m▄[48;2;205;205;205m[38;2;207;207;207m▄[48;2;204;204;204m[38;2;207;207;207m▄[48;2;204;204;204m[38;2;207;207;207m▄[48;2;204;204;204m[38;2;206;206;206m▄[48;2;203;203;203m[38;2;205;205;205m▄[48;2;203;203;203m[38;2;204;204;204m▄[48;2;204;204;204m[38;2;204;204;204m▄[48;2;203;203;203m[38;2;203;203;203m▄[48;2;202;202;202m[38;2;203;203;203m▄[48;2;202;202;202m[38;2;202;202;202m▄[48;2;202;202;202m[38;2;202;202;202m▄[48;2;202;202;202m[38;2;203;203;203m▄[0m
[48;2;215;215;215m[38;2;217;217;217m▄[48;2;216;216;216m[38;2;217;217;217m▄[48;2;216;216;216m[38;2;217;217;217m▄[48;2;216;216;216m[38;2;217;217;217m▄[48;2;216;216;216m[38;2;216;216;216m▄[48;2;216;216;216m[38;2;218;218;218m▄[48;2;216;216;216m[38;2;218;218;218m▄[48;2;216;216;217m[38;2;218;218;218m▄[48;2;216;216;216m[38;2;218;218;218m▄[48;2;217;217;217m[38;2;218;218;218m▄[48;2;216;216;216m[38;2;218;218;218m▄[48;2;217;217;217m[38;2;217;217;217m▄[48;2;216;216;216m[38;2;218;218;218m▄[48;2;216;216;216m[38;2;218;218;218m▄[48;2;216;216;216m[38;2;218;218;218m▄[48;2;216;216;216m[38;2;217;217;217m▄[48;2;216;216;216m[38;2;217;217;217m▄[48;2;217;217;216m[38;2;216;216;216m▄[48;2;217;216;216m[38;2;215;215;215m▄[48;2;217;216;216m[38;2;214;214;214m▄[48;2;217;216;216m[38;2;213;213;213m▄[48;2;217;217;217m[38;2;213;212;213m▄[48;2;217;217;217m[38;2;212;212;212m▄[48;2;216;215;215m[38;2;211;212;211m▄[48;2;211;211;211m[38;2;210;210;210m▄[48;2;205;211;209m[38;2;208;206;207m▄[48;2;198;202;200m[38;2;204;202;203m▄[48;2;189;188;188m[38;2;198;198;197m▄[48;2;185;183;183m[38;2;195;192;193m▄[48;2;184;187;187m[38;2;195;189;192m▄[48;2;184;173;177m[38;2;194;191;193m▄[48;2;172;128;141m[38;2;195;198;197m▄[48;2;163;90;109m[38;2;194;194;194m▄[48;2;165;77;99m[38;2;188;180;182m▄[48;2;167;73;97m[38;2;187;173;176m▄[48;2;162;67;91m[38;2;190;179;181m▄[48;2;158;79;99m[38;2;191;193;191m▄[48;2;180;155;162m[38;2;189;193;192m▄[48;2;190;194;193m[38;2;198;197;198m▄[48;2;203;202;203m[38;2;205;206;206m▄[48;2;210;210;210m[38;2;208;208;208m▄[48;2;212;212;211m[38;2;211;211;211m▄[48;2;212;212;212m[38;2;212;212;212m▄[48;2;211;211;210m[38;2;211;211;211m▄[48;2;210;210;210m[38;2;211;211;211m▄[48;2;210;210;210m[38;2;211;211;211m▄[48;2;210;210;210m[38;2;210;210;210m▄[48;2;210;210;210m[38;2;209;209;209m▄[48;2;210;210;210m[38;2;210;210;210m▄[48;2;210;210;210m[38;2;211;211;211m▄[48;2;210;210;210m[38;2;211;210;211m▄[48;2;209;209;210m[38;2;210;210;211m▄[48;2;209;209;209m[38;2;211;211;211m▄[48;2;209;209;209m[38;2;210;210;210m▄[48;2;208;208;208m[38;2;210;210;210m▄[48;2;208;208;208m[38;2;210;210;210m▄[48;2;208;208;208m[38;2;209;209;209m▄[48;2;207;207;207m[38;2;209;209;209m▄[48;2;211;211;211m[38;2;217;216;216m▄[48;2;214;214;214m[38;2;221;221;221m▄[48;2;207;207;207m[38;2;209;209;209m▄[48;2;206;206;206m[38;2;209;209;209m▄[48;2;206;206;206m[38;2;209;209;209m▄[48;2;206;206;206m[38;2;208;208;208m▄[0m
[48;2;220;220;220m[38;2;223;223;223m▄[48;2;220;220;220m[38;2;224;224;224m▄[48;2;221;221;221m[38;2;224;224;224m▄[48;2;221;221;221m[38;2;223;223;223m▄[48;2;221;221;221m[38;2;224;224;224m▄[48;2;221;221;221m[38;2;224;224;224m▄[48;2;222;222;222m[38;2;224;224;224m▄[48;2;222;222;222m[38;2;224;224;224m▄[48;2;222;222;222m[38;2;225;225;225m▄[48;2;222;222;222m[38;2;225;225;225m▄[48;2;222;222;222m[38;2;225;225;225m▄[48;2;222;222;222m[38;2;224;224;224m▄[48;2;223;223;223m[38;2;224;224;224m▄[48;2;222;222;222m[38;2;224;224;224m▄[48;2;221;221;221m[38;2;224;224;224m▄[48;2;218;218;218m[38;2;223;223;223m▄[48;2;214;214;214m[38;2;220;220;221m▄[48;2;207;207;207m[38;2;216;216;216m▄[48;2;200;200;200m[38;2;211;211;211m▄[48;2;195;195;195m[38;2;206;206;206m▄[48;2;191;191;192m[38;2;204;204;204m▄[48;2;190;189;190m[38;2;203;203;203m▄[48;2;189;189;189m[38;2;201;201;201m▄[48;2;188;188;188m[38;2;196;196;196m▄[48;2;189;189;189m[38;2;191;191;191m▄[48;2;192;192;192m[38;2;187;187;187m▄[48;2;196;196;196m[38;2;185;185;185m▄[48;2;198;198;199m[38;2;184;184;184m▄[48;2;199;199;199m[38;2;185;186;186m▄[48;2;199;199;199m[38;2;187;187;187m▄[48;2;198;197;198m[38;2;187;187;187m▄[48;2;196;194;194m[38;2;186;186;186m▄[48;2;194;193;193m[38;2;185;185;185m▄[48;2;193;194;194m[38;2;185;185;185m▄[48;2;191;194;193m[38;2;185;184;184m▄[48;2;189;192;192m[38;2;185;184;184m▄[48;2;190;189;190m[38;2;184;184;184m▄[48;2;191;189;190m[38;2;187;187;187m▄[48;2;188;188;188m[38;2;191;191;191m▄[48;2;186;187;186m[38;2;195;195;195m▄[48;2;188;187;188m[38;2;196;196;196m▄[48;2;190;190;191m[38;2;195;195;195m▄[48;2;192;192;192m[38;2;195;195;195m▄[48;2;193;193;193m[38;2;196;196;196m▄[48;2;197;196;197m[38;2;200;199;201m▄[48;2;203;202;203m[38;2;205;205;205m▄[48;2;208;208;208m[38;2;211;211;211m▄[48;2;211;211;211m[38;2;214;214;214m▄[48;2;213;213;213m[38;2;215;215;215m▄[48;2;213;213;214m[38;2;215;215;215m▄[48;2;214;213;214m[38;2;215;215;215m▄[48;2;213;213;213m[38;2;215;215;215m▄[48;2;213;213;213m[38;2;215;215;215m▄[48;2;212;212;212m[38;2;214;214;214m▄[48;2;211;211;211m[38;2;214;214;214m▄[48;2;210;210;210m[38;2;213;213;213m▄[48;2;210;210;210m[38;2;213;213;213m▄[48;2;210;210;210m[38;2;212;212;212m▄[48;2;210;210;210m[38;2;211;211;211m▄[48;2;210;210;210m[38;2;211;211;211m▄[48;2;210;210;210m[38;2;212;212;212m▄[48;2;210;210;210m[38;2;211;211;211m▄[48;2;209;209;209m[38;2;210;210;210m▄[48;2;209;209;209m[38;2;210;210;210m▄[0m
[48;2;225;225;225m[38;2;227;227;227m▄[48;2;225;225;225m[38;2;228;228;228m▄[48;2;225;225;225m[38;2;227;227;227m▄[48;2;226;226;226m[38;2;228;228;228m▄[48;2;226;226;226m[38;2;228;228;228m▄[48;2;226;226;226m[38;2;228;228;228m▄[48;2;226;226;226m[38;2;229;229;229m▄[48;2;226;226;226m[38;2;228;228;228m▄[48;2;226;226;226m[38;2;228;228;228m▄[48;2;227;227;227m[38;2;229;229;229m▄[48;2;226;226;226m[38;2;227;227;227m▄[48;2;226;226;226m[38;2;228;228;228m▄[48;2;226;226;226m[38;2;228;228;228m▄[48;2;226;226;226m[38;2;228;228;228m▄[48;2;225;225;225m[38;2;227;227;227m▄[48;2;224;224;224m[38;2;227;227;227m▄[48;2;225;225;225m[38;2;227;227;227m▄[48;2;226;226;225m[38;2;227;227;227m▄[48;2;225;225;225m[38;2;227;227;227m▄[48;2;225;225;225m[38;2;228;227;227m▄[48;2;226;226;226m[38;2;227;227;227m▄[48;2;226;226;226m[38;2;227;227;227m▄[48;2;224;224;224m[38;2;227;227;227m▄[48;2;222;222;222m[38;2;227;227;227m▄[48;2;219;219;219m[38;2;227;227;227m▄[48;2;217;217;217m[38;2;227;227;227m▄[48;2;214;214;214m[38;2;227;227;227m▄[48;2;213;213;213m[38;2;228;228;228m▄[48;2;213;213;213m[38;2;228;228;228m▄[48;2;212;212;212m[38;2;226;226;226m▄[48;2;210;210;210m[38;2;226;226;226m▄[48;2;207;207;207m[38;2;225;225;225m▄[48;2;204;204;204m[38;2;225;225;225m▄[48;2;202;202;202m[38;2;224;224;224m▄[48;2;201;201;201m[38;2;224;224;224m▄[48;2;201;201;201m[38;2;224;224;224m▄[48;2;203;203;203m[38;2;224;224;224m▄[48;2;207;207;207m[38;2;223;223;223m▄[48;2;212;212;212m[38;2;223;223;223m▄[48;2;217;217;217m[38;2;222;222;222m▄[48;2;219;219;219m[38;2;222;222;222m▄[48;2;219;219;219m[38;2;221;221;221m▄[48;2;219;219;219m[38;2;220;220;220m▄[48;2;217;217;217m[38;2;218;218;218m▄[48;2;218;218;218m[38;2;218;218;218m▄[48;2;217;217;217m[38;2;217;217;217m▄[48;2;217;217;217m[38;2;216;216;216m▄[48;2;216;216;216m[38;2;216;216;216m▄[48;2;216;216;216m[38;2;216;216;216m▄[48;2;216;216;216m[38;2;216;216;216m▄[48;2;216;216;216m[38;2;216;216;216m▄[48;2;216;216;216m[38;2;217;217;217m▄[48;2;216;216;216m[38;2;216;216;216m▄[48;2;215;215;215m[38;2;216;216;216m▄[48;2;215;215;215m[38;2;216;216;216m▄[48;2;215;215;215m[38;2;215;215;215m▄[48;2;215;215;215m[38;2;216;216;216m▄[48;2;215;215;215m[38;2;216;216;216m▄[48;2;215;215;215m[38;2;215;215;215m▄[48;2;214;214;214m[38;2;216;216;216m▄[48;2;214;213;214m[38;2;216;216;216m▄[48;2;212;212;212m[38;2;215;215;215m▄[48;2;211;211;211m[38;2;214;214;214m▄[48;2;210;210;210m[38;2;213;213;213m▄[0m
