[48;2;219;219;219m[38;2;218;218;218m▄[48;2;220;220;220m[38;2;219;219;219m▄[48;2;222;222;222m[38;2;221;221;221m▄[48;2;222;222;222m[38;2;222;222;222m▄[48;2;223;223;223m[38;2;223;223;223m▄[48;2;223;223;223m[38;2;223;223;223m▄[48;2;224;224;224m[38;2;223;223;223m▄[48;2;225;225;225m[38;2;224;224;224m▄[48;2;225;225;225m[38;2;225;225;225m▄[48;2;225;225;225m[38;2;224;224;224m▄[48;2;225;225;225m[38;2;224;224;224m▄[48;2;226;226;226m[38;2;224;224;224m▄[48;2;227;227;227m[38;2;225;225;225m▄[48;2;227;227;227m[38;2;225;225;225m▄[48;2;227;227;227m[38;2;226;226;226m▄[48;2;228;228;228m[38;2;227;227;227m▄[48;2;228;228;228m[38;2;227;227;227m▄[48;2;227;227;227m[38;2;227;227;227m▄[48;2;227;227;227m[38;2;227;227;227m▄[48;2;227;227;227m[38;2;227;227;227m▄[48;2;227;227;227m[38;2;227;227;227m▄[48;2;227;227;227m[38;2;227;227;227m▄[48;2;227;227;227m[38;2;227;227;227m▄[48;2;227;227;227m[38;2;227;227;227m▄[48;2;227;227;227m[38;2;227;227;227m▄[48;2;227;227;227m[38;2;227;227;227m▄[48;2;228;228;228m[38;2;227;227;227m▄[48;2;227;227;227m[38;2;225;225;225m▄[48;2;225;225;225m[38;2;224;224;224m▄[48;2;224;224;224m[38;2;224;224;224m▄[48;2;224;224;224m[38;2;224;224;224m▄[48;2;225;225;225m[38;2;224;224;224m▄[48;2;225;225;225m[38;2;224;224;224m▄[48;2;225;225;225m[38;2;223;223;223m▄[48;2;224;224;224m[38;2;224;224;224m▄[48;2;223;223;223m[38;2;223;223;223m▄[48;2;223;223;223m[38;2;223;223;223m▄[48;2;222;222;222m[38;2;222;222;222m▄[48;2;221;221;221m[38;2;221;221;221m▄[48;2;221;221;221m[38;2;220;220;220m▄[48;2;221;221;221m[38;2;220;220;220m▄[48;2;219;219;219m[38;2;218;218;218m▄[48;2;217;217;217m[38;2;217;217;217m▄[48;2;216;216;216m[38;2;216;216;216m▄[48;2;216;216;216m[38;2;216;216;216m▄[48;2;216;216;216m[38;2;216;216;216m▄[48;2;216;216;216m[38;2;216;216;216m▄[48;2;216;216;216m[38;2;215;215;215m▄[48;2;216;216;216m[38;2;215;215;215m▄[48;2;215;215;215m[38;2;215;215;215m▄[48;2;214;214;214m[38;2;214;214;214m▄[48;2;213;213;213m[38;2;213;213;213m▄[48;2;213;213;213m[38;2;213;213;213m▄[48;2;211;211;211m[38;2;211;211;211m▄[48;2;210;210;210m[38;2;210;210;210m▄[48;2;210;210;210m[38;2;210;210;210m▄[48;2;211;211;211m[38;2;210;210;210m▄[48;2;210;210;210m[38;2;210;210;210m▄[48;2;209;209;209m[38;2;209;209;209m▄[48;2;209;209;209m[38;2;208;208;208m▄[48;2;208;208;208m[38;2;208;208;208m▄[48;2;207;207;207m[38;2;208;208;208m▄[48;2;207;207;207m[38;2;207;207;207m▄[48;2;207;207;207m[38;2;206;206;206m▄[0m
[48;2;217;217;217m[38;2;217;217;217m▄[48;2;218;218;218m[38;2;217;217;217m▄[48;2;221;221;221m[38;2;220;220;220m▄[48;2;222;222;222m[38;2;221;221;221m▄[48;2;223;223;223m[38;2;222;222;222m▄[48;2;223;223;223m[38;2;222;222;222m▄[48;2;223;223;223m[38;2;223;223;223m▄[48;2;223;223;223m[38;2;223;223;223m▄[48;2;224;224;224m[38;2;224;224;224m▄[48;2;225;225;225m[38;2;224;224;224m▄[48;2;225;225;225m[38;2;224;224;224m▄[48;2;224;224;224m[38;2;224;224;224m▄[48;2;224;224;224m[38;2;224;224;224m▄[48;2;224;224;224m[38;2;224;224;224m▄[48;2;226;226;226m[38;2;224;224;224m▄[48;2;227;227;227m[38;2;224;224;224m▄[48;2;226;226;226m[38;2;225;225;225m▄[48;2;227;227;227m[38;2;226;226;226m▄[48;2;227;227;227m[38;2;226;226;226m▄[48;2;227;227;227m[38;2;227;227;227m▄[48;2;227;227;227m[38;2;227;227;227m▄[48;2;227;227;227m[38;2;226;226;226m▄[48;2;227;227;227m[38;2;227;227;227m▄[48;2;227;227;227m[38;2;225;225;225m▄[48;2;227;227;227m[38;2;224;224;224m▄[48;2;226;226;226m[38;2;224;224;224m▄[48;2;224;224;224m[38;2;224;224;224m▄[48;2;225;225;225m[38;2;225;225;225m▄[48;2;223;224;223m[38;2;232;228;233m▄[48;2;222;223;222m[38;2;232;228;233m▄[48;2;222;223;222m[38;2;232;229;232m▄[48;2;224;224;224m[38;2;224;224;223m▄[48;2;224;224;224m[38;2;223;223;223m▄[48;2;223;223;223m[38;2;222;222;222m▄[48;2;223;223;222m[38;2;228;226;228m▄[48;2;221;222;221m[38;2;231;226;233m▄[48;2;222;223;222m[38;2;225;224;225m▄[48;2;222;222;222m[38;2;221;222;221m▄[48;2;221;221;221m[38;2;221;221;221m▄[48;2;221;221;221m[38;2;220;220;220m▄[48;2;220;220;220m[38;2;219;219;219m▄[48;2;217;217;217m[38;2;217;217;217m▄[48;2;216;216;216m[38;2;216;216;216m▄[48;2;216;216;216m[38;2;216;216;216m▄[48;2;216;216;216m[38;2;216;216;216m▄[48;2;216;216;216m[38;2;216;216;216m▄[48;2;216;216;216m[38;2;215;215;215m▄[48;2;215;215;215m[38;2;215;215;215m▄[48;2;215;215;216m[38;2;214;214;215m▄[48;2;215;215;215m[38;2;214;214;214m▄[48;2;213;213;213m[38;2;213;213;213m▄[48;2;213;213;213m[38;2;212;212;213m▄[48;2;212;212;212m[38;2;212;212;212m▄[48;2;211;211;211m[38;2;211;211;211m▄[48;2;210;210;210m[38;2;210;210;210m▄[48;2;210;210;210m[38;2;210;210;210m▄[48;2;210;210;210m[38;2;210;210;211m▄[48;2;210;210;210m[38;2;209;209;210m▄[48;2;209;209;209m[38;2;209;209;209m▄[48;2;208;208;208m[38;2;209;209;209m▄[48;2;208;208;208m[38;2;208;208;208m▄[48;2;208;208;208m[38;2;208;208;208m▄[48;2;207;207;207m[38;2;207;207;207m▄[48;2;206;206;206m[38;2;207;207;207m▄[0m
[48;2;217;217;217m[38;2;217;217;217m▄[48;2;218;218;218m[38;2;218;218;218m▄[48;2;220;220;220m[38;2;220;220;220m▄[48;2;221;221;221m[38;2;221;221;221m▄[48;2;222;222;222m[38;2;222;222;222m▄[48;2;222;222;222m[38;2;223;223;223m▄[48;2;223;223;223m[38;2;223;223;223m▄[48;2;223;223;223m[38;2;223;223;223m▄[48;2;223;223;223m[38;2;224;224;224m▄[48;2;224;224;224m[38;2;224;224;224m▄[48;2;225;225;225m[38;2;224;224;224m▄[48;2;225;225;225m[38;2;225;225;225m▄[48;2;225;225;225m[38;2;225;225;225m▄[48;2;225;225;225m[38;2;224;224;224m▄[48;2;224;224;224m[38;2;225;225;225m▄[48;2;225;225;225m[38;2;224;224;224m▄[48;2;225;225;225m[38;2;224;224;224m▄[48;2;224;224;224m[38;2;224;224;224m▄[48;2;225;225;225m[38;2;225;225;225m▄[48;2;225;225;225m[38;2;224;224;224m▄[48;2;226;226;226m[38;2;224;224;224m▄[48;2;224;224;224m[38;2;224;224;224m▄[48;2;225;225;225m[38;2;224;224;224m▄[48;2;224;224;224m[38;2;224;224;224m▄[48;2;225;225;225m[38;2;224;224;224m▄[48;2;225;225;225m[38;2;224;224;224m▄[48;2;225;225;225m[38;2;226;225;225m▄[48;2;223;223;224m[38;2;218;220;221m▄[48;2;159;188;150m[38;2;138;182;118m▄[48;2;159;190;151m[38;2;152;196;98m▄[48;2;187;203;188m[38;2;132;180;91m▄[48;2;226;225;228m[38;2;146;179;135m▄[48;2;224;224;223m[38;2;230;227;232m▄[48;2;230;227;231m[38;2;197;208;198m▄[48;2;188;203;186m[38;2;117;170;85m▄[48;2;145;182;133m[38;2;109;164;80m▄[48;2;214;217;214m[38;2;199;207;200m▄[48;2;224;223;224m[38;2;222;221;222m▄[48;2;221;221;220m[38;2;220;221;220m▄[48;2;220;220;220m[38;2;220;220;220m▄[48;2;218;218;218m[38;2;218;218;218m▄[48;2;217;217;217m[38;2;218;218;218m▄[48;2;217;217;217m[38;2;217;217;217m▄[48;2;216;216;216m[38;2;216;216;216m▄[48;2;216;216;216m[38;2;216;216;216m▄[48;2;216;216;216m[38;2;216;216;216m▄[48;2;215;215;215m[38;2;215;215;215m▄[48;2;215;215;215m[38;2;215;215;215m▄[48;2;214;214;214m[38;2;215;215;215m▄[48;2;214;214;214m[38;2;214;214;214m▄[48;2;213;213;214m[38;2;213;213;213m▄[48;2;213;213;213m[38;2;212;212;212m▄[48;2;213;213;212m[38;2;211;211;212m▄[48;2;211;211;211m[38;2;210;210;211m▄[48;2;210;210;210m[38;2;210;210;210m▄[48;2;210;210;210m[38;2;210;210;210m▄[48;2;210;210;210m[38;2;210;210;210m▄[48;2;210;210;210m[38;2;209;209;209m▄[48;2;208;208;208m[38;2;208;208;208m▄[48;2;209;209;209m[38;2;208;208;208m▄[48;2;208;208;208m[38;2;208;208;208m▄[48;2;208;208;208m[38;2;208;208;208m▄[48;2;207;207;207m[38;2;207;207;207m▄[48;2;207;207;207m[38;2;207;207;207m▄[0m
[48;2;217;217;217m[38;2;216;216;217m▄[48;2;217;217;217m[38;2;217;217;217m▄[48;2;219;219;219m[38;2;217;217;217m▄[48;2;220;220;220m[38;2;219;219;220m▄[48;2;221;221;221m[38;2;221;221;221m▄[48;2;222;222;222m[38;2;221;221;221m▄[48;2;222;222;222m[38;2;222;222;222m▄[48;2;223;223;223m[38;2;223;223;223m▄[48;2;223;223;223m[38;2;223;223;223m▄[48;2;224;224;224m[38;2;223;223;223m▄[48;2;224;224;224m[38;2;223;223;223m▄[48;2;224;224;224m[38;2;223;223;223m▄[48;2;224;224;224m[38;2;224;224;224m▄[48;2;224;224;224m[38;2;224;224;224m▄[48;2;224;224;224m[38;2;224;224;224m▄[48;2;224;224;224m[38;2;224;224;224m▄[48;2;224;224;224m[38;2;224;224;224m▄[48;2;224;224;224m[38;2;224;224;224m▄[48;2;224;224;224m[38;2;224;224;224m▄[48;2;224;224;224m[38;2;224;224;224m▄[48;2;224;224;224m[38;2;224;224;224m▄[48;2;224;224;224m[38;2;224;224;224m▄[48;2;224;224;224m[38;2;224;224;224m▄[48;2;224;224;224m[38;2;224;224;224m▄[48;2;224;224;224m[38;2;224;224;224m▄[48;2;224;224;224m[38;2;224;224;224m▄[48;2;223;224;223m[38;2;223;223;223m▄[48;2;230;227;232m[38;2;229;226;228m▄[48;2;152;183;143m[38;2;202;213;206m▄[48;2;142;186;83m[38;2;123;177;97m▄[48;2;142;187;84m[38;2;125;181;72m▄[48;2;123;176;69m[38;2;113;166;70m▄[48;2;164;187;159m[38;2;106;160;78m▄[48;2;134;175;117m[38;2;101;153;89m▄[48;2;125;168;106m[38;2;159;183;155m▄[48;2;203;203;208m[38;2;157;185;144m▄[48;2;218;213;221m[38;2;154;182;144m▄[48;2;224;221;224m[38;2;177;195;177m▄[48;2;220;220;220m[38;2;221;220;224m▄[48;2;219;219;219m[38;2;222;221;222m▄[48;2;219;218;219m[38;2;217;217;217m▄[48;2;217;217;217m[38;2;217;217;217m▄[48;2;216;216;216m[38;2;216;216;216m▄[48;2;216;216;216m[38;2;216;216;216m▄[48;2;216;216;216m[38;2;216;216;216m▄[48;2;216;216;216m[38;2;216;216;216m▄[48;2;215;215;215m[38;2;215;215;215m▄[48;2;215;215;215m[38;2;215;215;215m▄[48;2;215;215;215m[38;2;214;214;214m▄[48;2;214;214;214m[38;2;214;214;214m▄[48;2;213;213;213m[38;2;213;213;213m▄[48;2;212;212;212m[38;2;213;213;213m▄[48;2;212;212;212m[38;2;212;212;212m▄[48;2;210;210;210m[38;2;210;210;210m▄[48;2;210;210;210m[38;2;210;210;210m▄[48;2;210;210;210m[38;2;211;211;211m▄[48;2;210;210;210m[38;2;211;211;211m▄[48;2;210;210;210m[38;2;209;209;209m▄[48;2;209;209;209m[38;2;209;209;209m▄[48;2;209;209;209m[38;2;209;209;209m▄[48;2;208;208;208m[38;2;208;208;208m▄[48;2;208;208;208m[38;2;207;207;207m▄[48;2;207;207;207m[38;2;207;207;207m▄[48;2;206;206;206m[38;2;206;206;206m▄[0m
[48;2;216;216;216m[38;2;216;216;216m▄[48;2;216;216;216m[38;2;216;216;216m▄[48;2;217;217;217m[38;2;216;216;216m▄[48;2;218;218;218m[38;2;218;218;218m▄[48;2;220;220;220m[38;2;218;218;218m▄[48;2;221;221;221m[38;2;220;220;220m▄[48;2;221;221;221m[38;2;221;221;221m▄[48;2;222;222;222m[38;2;221;221;221m▄[48;2;223;223;223m[38;2;222;222;222m▄[48;2;223;223;223m[38;2;223;223;223m▄[48;2;223;223;223m[38;2;223;223;223m▄[48;2;223;223;223m[38;2;223;223;223m▄[48;2;224;224;224m[38;2;223;223;223m▄[48;2;224;224;224m[38;2;223;223;223m▄[48;2;224;224;224m[38;2;223;223;223m▄[48;2;224;224;223m[38;2;224;224;224m▄[48;2;224;224;224m[38;2;224;224;224m▄[48;2;225;225;225m[38;2;224;224;224m▄[48;2;224;224;225m[38;2;223;223;223m▄[48;2;224;224;224m[38;2;224;224;224m▄[48;2;224;224;224m[38;2;224;224;223m▄[48;2;224;224;224m[38;2;224;224;224m▄[48;2;224;224;224m[38;2;223;223;223m▄[48;2;224;224;224m[38;2;223;223;223m▄[48;2;223;223;223m[38;2;223;223;223m▄[48;2;224;224;224m[38;2;223;223;223m▄[48;2;224;224;224m[38;2;223;225;225m▄[48;2;223;228;226m[38;2;218;168;175m▄[48;2;226;209;215m[38;2;226;138;148m▄[48;2;188;173;167m[38;2;236;142;154m▄[48;2;123;156;97m[38;2;228;137;154m▄[48;2;96;164;81m[38;2;194;133;138m▄[48;2;67;138;54m[38;2;179;140;127m▄[48;2;80;146;72m[38;2;103;142;75m▄[48;2;114;169;84m[38;2;88;161;62m▄[48;2;126;177;79m[38;2;114;176;68m▄[48;2;142;187;90m[38;2;131;185;74m▄[48;2;143;188;100m[38;2;128;179;70m▄[48;2;136;175;120m[38;2;118;165;97m▄[48;2;206;211;208m[38;2;199;204;201m▄[48;2;220;219;219m[38;2;219;218;219m▄[48;2;216;216;216m[38;2;216;216;215m▄[48;2;216;216;216m[38;2;216;216;216m▄[48;2;216;216;216m[38;2;217;217;217m▄[48;2;216;216;216m[38;2;216;216;216m▄[48;2;215;215;215m[38;2;215;215;215m▄[48;2;215;215;215m[38;2;215;215;215m▄[48;2;214;214;214m[38;2;214;214;214m▄[48;2;214;214;214m[38;2;214;214;214m▄[48;2;213;213;213m[38;2;213;213;213m▄[48;2;213;213;213m[38;2;213;213;213m▄[48;2;211;211;211m[38;2;212;212;212m▄[48;2;211;211;211m[38;2;211;211;211m▄[48;2;210;210;210m[38;2;210;210;210m▄[48;2;210;210;210m[38;2;210;210;210m▄[48;2;211;211;211m[38;2;210;210;210m▄[48;2;211;210;211m[38;2;209;209;209m▄[48;2;209;209;209m[38;2;209;209;209m▄[48;2;208;208;208m[38;2;208;208;208m▄[48;2;208;208;208m[38;2;208;208;208m▄[48;2;208;208;208m[38;2;208;208;208m▄[48;2;207;207;207m[38;2;207;207;207m▄[48;2;207;207;207m[38;2;207;207;207m▄[48;2;206;206;206m[38;2;206;206;206m▄[0m
[48;2;216;216;216m[38;2;216;216;216m▄[48;2;216;216;216m[38;2;216;216;216m▄[48;2;216;216;216m[38;2;216;216;216m▄[48;2;217;217;217m[38;2;216;216;216m▄[48;2;217;217;217m[38;2;217;217;217m▄[48;2;219;219;219m[38;2;217;217;217m▄[48;2;220;220;221m[38;2;218;218;218m▄[48;2;221;221;221m[38;2;220;220;220m▄[48;2;221;221;221m[38;2;221;221;221m▄[48;2;221;221;221m[38;2;221;221;221m▄[48;2;222;222;222m[38;2;221;221;221m▄[48;2;223;223;223m[38;2;221;221;221m▄[48;2;223;223;223m[38;2;222;222;222m▄[48;2;223;223;223m[38;2;223;223;223m▄[48;2;223;223;223m[38;2;223;223;223m▄[48;2;224;224;224m[38;2;223;223;223m▄[48;2;224;224;224m[38;2;223;223;223m▄[48;2;223;223;223m[38;2;223;223;223m▄[48;2;223;223;223m[38;2;223;223;223m▄[48;2;223;223;223m[38;2;223;223;223m▄[48;2;223;223;223m[38;2;223;223;223m▄[48;2;223;223;224m[38;2;223;223;223m▄[48;2;224;223;224m[38;2;223;223;223m▄[48;2;223;223;223m[38;2;223;223;223m▄[48;2;223;222;222m[38;2;223;221;221m▄[48;2;224;230;229m[38;2;224;233;232m▄[48;2;217;186;192m[38;2;211;146;156m▄[48;2;228;128;141m[38;2;223;121;135m▄[48;2;237;142;152m[38;2;224;127;139m▄[48;2;237;141;150m[38;2;221;121;134m▄[48;2;224;124;135m[38;2;224;149;157m▄[48;2;233;151;161m[38;2;238;167;171m▄[48;2;250;172;181m[38;2;235;154;161m▄[48;2;218;126;135m[38;2;228;139;149m▄[48;2;169;146;118m[38;2;239;137;154m▄[48;2;148;156;101m[38;2;248;153;168m▄[48;2;137;154;102m[38;2;216;140;156m▄[48;2;150;176;147m[38;2;205;204;210m▄[48;2;196;196;198m[38;2;207;206;206m▄[48;2;208;207;209m[38;2;212;212;212m▄[48;2;214;214;214m[38;2;216;216;216m▄[48;2;216;216;216m[38;2;216;216;215m▄[48;2;216;216;216m[38;2;216;216;217m▄[48;2;216;216;216m[38;2;215;216;216m▄[48;2;215;215;215m[38;2;215;215;214m▄[48;2;216;216;216m[38;2;215;215;215m▄[48;2;215;215;215m[38;2;214;214;214m▄[48;2;214;214;214m[38;2;214;214;214m▄[48;2;215;215;215m[38;2;214;214;214m▄[48;2;213;213;213m[38;2;212;212;212m▄[48;2;213;213;213m[38;2;212;212;212m▄[48;2;212;212;212m[38;2;212;211;211m▄[48;2;210;210;210m[38;2;211;211;211m▄[48;2;210;210;210m[38;2;211;211;211m▄[48;2;210;210;210m[38;2;211;211;211m▄[48;2;211;211;211m[38;2;210;210;210m▄[48;2;210;210;210m[38;2;209;209;210m▄[48;2;209;209;209m[38;2;209;209;209m▄[48;2;209;209;209m[38;2;209;209;209m▄[48;2;208;208;209m[38;2;208;208;208m▄[48;2;208;208;208m[38;2;208;208;208m▄[48;2;207;207;207m[38;2;207;207;207m▄[48;2;207;207;207m[38;2;206;206;206m▄[48;2;206;206;206m[38;2;206;206;206m▄[0m
[48;2;216;216;216m[38;2;216;216;216m▄[48;2;216;216;216m[38;2;216;216;216m▄[48;2;216;216;216m[38;2;216;216;216m▄[48;2;216;216;216m[38;2;216;216;216m▄[48;2;217;217;217m[38;2;216;216;216m▄[48;2;217;217;217m[38;2;217;217;217m▄[48;2;217;217;217m[38;2;217;217;217m▄[48;2;218;218;218m[38;2;218;218;218m▄[48;2;219;219;219m[38;2;218;218;218m▄[48;2;220;220;220m[38;2;218;218;218m▄[48;2;221;221;221m[38;2;219;219;219m▄[48;2;221;221;221m[38;2;220;220;220m▄[48;2;221;221;221m[38;2;220;220;220m▄[48;2;222;222;222m[38;2;222;222;222m▄[48;2;222;222;222m[38;2;222;222;222m▄[48;2;222;222;222m[38;2;221;221;221m▄[48;2;223;223;223m[38;2;222;222;222m▄[48;2;222;222;222m[38;2;222;222;222m▄[48;2;223;223;223m[38;2;222;222;222m▄[48;2;222;222;222m[38;2;222;222;222m▄[48;2;223;223;223m[38;2;222;222;222m▄[48;2;222;222;222m[38;2;222;222;222m▄[48;2;223;223;223m[38;2;222;222;222m▄[48;2;223;221;222m[38;2;223;222;222m▄[48;2;224;230;229m[38;2;220;223;223m▄[48;2;213;182;188m[38;2;209;135;148m▄[48;2;220;123;136m[38;2;233;125;138m▄[48;2;232;132;146m[38;2;228;116;131m▄[48;2;235;130;144m[38;2;213;97;115m▄[48;2;227;137;147m[38;2;221;138;147m▄[48;2;236;164;171m[38;2;240;168;173m▄[48;2;236;154;161m[38;2;234;153;159m▄[48;2;238;159;166m[38;2;237;159;164m▄[48;2;228;144;152m[38;2;228;145;152m▄[48;2;222;128;139m[38;2;224;135;146m▄[48;2;239;167;172m[38;2;220;133;144m▄[48;2;209;104;119m[38;2;220;102;121m▄[48;2;202;149;158m[38;2;212;112;130m▄[48;2;215;222;221m[38;2;208;206;207m▄[48;2;216;215;216m[38;2;217;217;215m▄[48;2;216;217;218m[38;2;215;211;206m▄[48;2;216;217;218m[38;2;213;206;196m▄[48;2;216;215;213m[38;2;213;204;193m▄[48;2;215;215;215m[38;2;212;200;184m▄[48;2;216;217;220m[38;2;212;203;190m▄[48;2;214;214;214m[38;2;215;216;217m▄[48;2;215;215;215m[38;2;215;214;214m▄[48;2;214;214;214m[38;2;214;214;214m▄[48;2;213;213;213m[38;2;213;213;214m▄[48;2;212;212;213m[38;2;213;213;213m▄[48;2;212;212;212m[38;2;211;212;212m▄[48;2;211;211;211m[38;2;210;211;211m▄[48;2;211;211;211m[38;2;211;211;211m▄[48;2;211;211;211m[38;2;211;211;211m▄[48;2;210;210;210m[38;2;211;211;211m▄[48;2;210;210;210m[38;2;210;210;210m▄[48;2;209;209;209m[38;2;208;208;209m▄[48;2;209;209;209m[38;2;209;209;209m▄[48;2;208;208;209m[38;2;208;208;208m▄[48;2;208;207;208m[38;2;208;208;208m▄[48;2;207;207;207m[38;2;207;207;207m▄[48;2;207;207;207m[38;2;207;207;207m▄[48;2;206;206;206m[38;2;205;205;206m▄[48;2;205;205;205m[38;2;204;204;205m▄[0m
[48;2;215;215;215m[38;2;215;215;215m▄[48;2;216;216;216m[38;2;215;215;215m▄[48;2;216;216;216m[38;2;216;216;216m▄[48;2;216;216;216m[38;2;216;216;216m▄[48;2;216;216;216m[38;2;216;216;216m▄[48;2;216;216;216m[38;2;216;216;216m▄[48;2;216;216;216m[38;2;216;216;216m▄[48;2;217;217;217m[38;2;216;216;216m▄[48;2;217;217;217m[38;2;216;216;216m▄[48;2;217;217;217m[38;2;217;217;217m▄[48;2;218;218;218m[38;2;218;218;218m▄[48;2;218;218;218m[38;2;218;218;218m▄[48;2;219;219;219m[38;2;218;218;218m▄[48;2;220;220;220m[38;2;219;219;219m▄[48;2;220;220;220m[38;2;219;219;219m▄[48;2;221;221;221m[38;2;220;220;220m▄[48;2;221;221;221m[38;2;220;220;220m▄[48;2;221;221;221m[38;2;219;219;219m▄[48;2;221;221;221m[38;2;220;220;220m▄[48;2;221;221;221m[38;2;221;221;221m▄[48;2;221;221;221m[38;2;220;220;220m▄[48;2;222;222;222m[38;2;221;220;220m▄[48;2;221;221;221m[38;2;220;220;220m▄[48;2;222;222;222m[38;2;220;218;219m▄[48;2;218;219;220m[38;2;222;229;228m▄[48;2;206;123;139m[38;2;203;143;155m▄[48;2;230;116;132m[38;2;204;85;105m▄[48;2;211;103;121m[38;2;220;113;130m▄[48;2;209;96;116m[38;2;215;97;116m▄[48;2;202;91;110m[38;2;220;109;126m▄[48;2;219;129;141m[38;2;216;105;123m▄[48;2;239;162;167m[38;2;209;112;128m▄[48;2;240;162;168m[38;2;234;154;161m▄[48;2;222;133;142m[38;2;223;126;137m▄[48;2;203;95;112m[38;2;225;110;127m▄[48;2;217;107;124m[38;2;232;125;139m▄[48;2;231;119;133m[38;2;226;108;125m▄[48;2;211;104;122m[38;2;196;116;131m▄[48;2;200;192;195m[38;2;199;203;203m▄[48;2;215;214;210m[38;2;214;212;213m▄[48;2;215;210;205m[38;2;215;216;217m▄[48;2;215;213;212m[38;2;214;215;215m▄[48;2;215;215;216m[38;2;214;213;212m▄[48;2;215;215;217m[38;2;214;215;217m▄[48;2;208;196;178m[38;2;214;212;210m▄[48;2;211;203;192m[38;2;206;192;172m▄[48;2;215;216;218m[38;2;214;216;219m▄[48;2;213;213;213m[38;2;213;213;212m▄[48;2;213;213;214m[38;2;211;211;211m▄[48;2;212;212;212m[38;2;211;211;211m▄[48;2;211;211;211m[38;2;211;211;211m▄[48;2;211;211;211m[38;2;211;211;211m▄[48;2;211;211;211m[38;2;211;211;211m▄[48;2;210;210;210m[38;2;210;210;210m▄[48;2;210;210;210m[38;2;210;210;210m▄[48;2;209;209;209m[38;2;209;209;209m▄[48;2;208;208;208m[38;2;209;209;209m▄[48;2;208;208;208m[38;2;208;208;208m▄[48;2;208;208;208m[38;2;208;208;208m▄[48;2;207;207;207m[38;2;207;207;207m▄[48;2;207;207;207m[38;2;207;207;207m▄[48;2;207;207;207m[38;2;206;206;206m▄[48;2;205;205;205m[38;2;204;204;204m▄[48;2;204;204;204m[38;2;204;204;204m▄[0m
[48;2;215;215;215m[38;2;214;214;214m▄[48;2;215;215;215m[38;2;215;215;215m▄[48;2;216;216;216m[38;2;215;215;215m▄[48;2;216;216;216m[38;2;215;215;215m▄[48;2;216;216;216m[38;2;215;215;215m▄[48;2;216;216;216m[38;2;216;216;216m▄[48;2;216;216;216m[38;2;217;217;217m▄[48;2;216;216;216m[38;2;216;216;216m▄[48;2;217;217;217m[38;2;216;216;216m▄[48;2;216;216;216m[38;2;216;216;216m▄[48;2;216;216;216m[38;2;216;216;216m▄[48;2;216;216;216m[38;2;216;216;216m▄[48;2;217;217;217m[38;2;216;216;216m▄[48;2;217;217;217m[38;2;217;217;217m▄[48;2;218;218;218m[38;2;217;217;217m▄[48;2;219;219;219m[38;2;217;217;217m▄[48;2;219;219;219m[38;2;217;217;217m▄[48;2;218;218;218m[38;2;217;217;217m▄[48;2;219;218;218m[38;2;218;217;217m▄[48;2;218;217;217m[38;2;218;225;225m▄[48;2;219;217;218m[38;2;218;223;223m▄[48;2;219;219;219m[38;2;217;216;217m▄[48;2;219;220;220m[38;2;217;212;212m▄[48;2;219;219;219m[38;2;218;214;214m▄[48;2;220;219;219m[38;2;218;222;220m▄[48;2;214;212;212m[38;2;220;233;230m▄[48;2;193;108;124m[38;2;200;152;162m▄[48;2;226;110;127m[38;2;218;96;115m▄[48;2;213;94;114m[38;2;221;106;124m▄[48;2;216;105;122m[38;2;208;96;115m▄[48;2;232;129;139m[38;2;230;128;140m▄[48;2;219;111;126m[38;2;229;120;133m▄[48;2;205;95;112m[38;2;203;82;103m▄[48;2;207;92;112m[38;2;207;82;105m▄[48;2;216;102;121m[38;2;209;88;110m▄[48;2;214;95;115m[38;2;211;75;98m▄[48;2;195;90;112m[38;2;188;113;129m▄[48;2;188;177;180m[38;2;196;211;208m▄[48;2;203;208;208m[38;2;209;199;200m▄[48;2;214;220;219m[38;2;215;185;188m▄[48;2;215;216;216m[38;2;215;210;211m▄[48;2;214;214;213m[38;2;217;220;221m▄[48;2;216;217;220m[38;2;207;199;188m▄[48;2;216;218;221m[38;2;197;179;155m▄[48;2;204;191;173m[38;2;206;193;178m▄[48;2;205;195;180m[38;2;211;211;211m▄[48;2;213;214;218m[38;2;207;204;199m▄[48;2;212;212;211m[38;2;211;212;212m▄[48;2;211;211;211m[38;2;211;211;210m▄[48;2;211;211;211m[38;2;211;211;211m▄[48;2;210;210;210m[38;2;210;210;210m▄[48;2;210;210;210m[38;2;210;210;210m▄[48;2;210;210;210m[38;2;211;211;211m▄[48;2;210;210;210m[38;2;210;210;209m▄[48;2;209;209;209m[38;2;208;208;208m▄[48;2;209;209;209m[38;2;208;208;208m▄[48;2;208;208;208m[38;2;208;208;208m▄[48;2;208;208;208m[38;2;207;207;208m▄[48;2;208;208;208m[38;2;207;207;207m▄[48;2;207;207;207m[38;2;207;207;207m▄[48;2;207;207;207m[38;2;206;206;206m▄[48;2;206;206;206m[38;2;206;206;206m▄[48;2;204;204;204m[38;2;204;204;204m▄[48;2;204;204;204m[38;2;204;204;204m▄[0m
[48;2;215;215;215m[38;2;214;214;214m▄[48;2;214;214;214m[38;2;214;214;214m▄[48;2;215;215;215m[38;2;214;214;214m▄[48;2;216;216;216m[38;2;215;215;215m▄[48;2;216;216;216m[38;2;216;216;216m▄[48;2;216;216;216m[38;2;215;215;215m▄[48;2;216;216;216m[38;2;215;215;215m▄[48;2;217;217;217m[38;2;215;215;215m▄[48;2;217;217;217m[38;2;216;216;216m▄[48;2;216;216;216m[38;2;216;216;216m▄[48;2;216;216;216m[38;2;216;216;216m▄[48;2;216;216;216m[38;2;216;216;216m▄[48;2;216;216;216m[38;2;216;216;216m▄[48;2;216;216;216m[38;2;216;216;216m▄[48;2;216;216;216m[38;2;216;216;216m▄[48;2;217;217;217m[38;2;217;216;216m▄[48;2;217;216;216m[38;2;217;221;220m▄[48;2;217;220;220m[38;2;215;203;205m▄[48;2;217;219;219m[38;2;215;136;147m▄[48;2;216;180;182m[38;2;232;168;174m▄[48;2;223;160;166m[38;2;227;149;159m▄[48;2;226;158;163m[38;2;219;131;140m▄[48;2;227;160;165m[38;2;220;127;138m▄[48;2;230;165;169m[38;2;228;147;157m▄[48;2;226;170;173m[38;2;243;193;197m▄[48;2;217;204;205m[38;2;222;144;152m▄[48;2;211;207;209m[38;2;218;213;213m▄[48;2;195;99;116m[38;2;207;201;204m▄[48;2;219;93;112m[38;2;193;129;143m▄[48;2;205;82;104m[38;2;194;108;126m▄[48;2;216;104;120m[38;2;191;130;142m▄[48;2;195;97;113m[38;2;233;200;200m▄[48;2;202;96;116m[38;2;240;208;207m▄[48;2;218;90;112m[38;2;197;126;140m▄[48;2;217;84;107m[38;2;187;108;126m▄[48;2;198;78;101m[38;2;187;166;172m▄[48;2;188;172;175m[38;2;198;209;207m▄[48;2;202;194;194m[38;2;211;142;149m▄[48;2;222;143;150m[38;2;235;166;175m▄[48;2;234;153;159m[38;2;223;156;165m▄[48;2;220;161;167m[38;2;217;138;145m▄[48;2;203;200;189m[38;2;199;195;185m▄[48;2;200;192;173m[38;2;215;176;182m▄[48;2;210;212;210m[38;2;222;143;150m▄[48;2;213;219;223m[38;2;212;179;183m▄[48;2;205;201;194m[38;2;204;203;196m▄[48;2;205;200;191m[38;2;209;207;206m▄[48;2;212;213;214m[38;2;211;211;211m▄[48;2;211;210;210m[38;2;211;211;211m▄[48;2;211;211;211m[38;2;211;211;211m▄[48;2;211;211;211m[38;2;211;211;211m▄[48;2;211;211;211m[38;2;210;210;210m▄[48;2;210;210;210m[38;2;209;209;209m▄[48;2;209;209;209m[38;2;208;208;208m▄[48;2;208;208;208m[38;2;208;208;208m▄[48;2;208;208;209m[38;2;208;208;208m▄[48;2;207;207;207m[38;2;208;207;207m▄[48;2;207;207;207m[38;2;207;207;207m▄[48;2;207;207;207m[38;2;207;207;207m▄[48;2;207;207;207m[38;2;206;206;206m▄[48;2;206;206;206m[38;2;205;205;205m▄[48;2;205;205;205m[38;2;204;204;204m▄[48;2;204;204;204m[38;2;203;203;203m▄[48;2;203;203;203m[38;2;203;203;203m▄[0m
[48;2;214;214;214m[38;2;213;213;213m▄[48;2;214;214;214m[38;2;214;214;214m▄[48;2;214;214;214m[38;2;214;214;214m▄[48;2;215;215;215m[38;2;214;214;214m▄[48;2;215;215;215m[38;2;215;215;215m▄[48;2;215;215;215m[38;2;215;215;215m▄[48;2;215;215;215m[38;2;215;215;215m▄[48;2;215;215;215m[38;2;216;216;216m▄[48;2;215;215;215m[38;2;216;216;216m▄[48;2;216;216;216m[38;2;215;215;215m▄[48;2;216;216;216m[38;2;216;216;216m▄[48;2;216;216;216m[38;2;216;216;216m▄[48;2;216;216;216m[38;2;216;216;216m▄[48;2;217;217;217m[38;2;216;216;216m▄[48;2;217;217;217m[38;2;217;216;216m▄[48;2;217;217;217m[38;2;218;221;221m▄[48;2;216;218;218m[38;2;211;194;197m▄[48;2;213;137;147m[38;2;212;131;142m▄[48;2;240;197;204m[38;2;239;196;204m▄[48;2;216;142;152m[38;2;195;89;106m▄[48;2;206;92;107m[38;2;221;143;153m▄[48;2;240;182;188m[38;2;234;176;184m▄[48;2;221;138;148m[38;2;201;118;131m▄[48;2;210;128;137m[38;2;215;153;161m▄[48;2;240;203;207m[38;2;250;225;227m▄[48;2;234;178;184m[38;2;230;194;197m▄[48;2;210;179;181m[38;2;211;154;161m▄[48;2;215;216;216m[38;2;221;164;171m▄[48;2;210;214;213m[38;2;213;141;150m▄[48;2;198;208;208m[38;2;222;172;179m▄[48;2;218;204;203m[38;2;235;200;204m▄[48;2;253;227;226m[38;2;242;193;197m▄[48;2;254;224;225m[38;2;236;185;190m▄[48;2;212;200;199m[38;2;220;195;197m▄[48;2;193;205;202m[38;2;239;193;196m▄[48;2;201;204;203m[38;2;214;136;146m▄[48;2;205;192;193m[38;2;197;111;123m▄[48;2;222;139;149m[38;2;228;155;163m▄[48;2;231;174;180m[38;2;226;166;173m▄[48;2;211;114;127m[38;2;208;117;130m▄[48;2;204;134;143m[38;2;206;120;131m▄[48;2;201;210;209m[38;2;197;155;159m▄[48;2;214;128;137m[38;2;207;117;129m▄[48;2;236;159;167m[38;2;205;98;115m▄[48;2;211;128;137m[38;2;200;154;160m▄[48;2;209;214;215m[38;2;202;210;210m▄[48;2;211;210;211m[38;2;211;209;210m▄[48;2;210;210;210m[38;2;210;210;211m▄[48;2;210;210;211m[38;2;210;210;211m▄[48;2;211;210;211m[38;2;210;210;210m▄[48;2;210;210;210m[38;2;210;210;211m▄[48;2;210;210;210m[38;2;210;209;212m▄[48;2;209;209;209m[38;2;209;208;211m▄[48;2;208;208;208m[38;2;208;208;209m▄[48;2;209;209;209m[38;2;208;208;208m▄[48;2;208;208;208m[38;2;208;208;208m▄[48;2;208;208;208m[38;2;207;207;206m▄[48;2;207;207;207m[38;2;207;207;206m▄[48;2;207;207;207m[38;2;207;207;207m▄[48;2;206;206;206m[38;2;205;205;205m▄[48;2;204;204;204m[38;2;204;203;204m▄[48;2;204;204;204m[38;2;203;203;203m▄[48;2;203;203;203m[38;2;203;203;203m▄[48;2;203;203;203m[38;2;203;203;203m▄[0m
[48;2;212;212;212m[38;2;211;211;211m▄[48;2;213;212;213m[38;2;212;211;212m▄[48;2;214;214;214m[38;2;212;211;212m▄[48;2;214;214;214m[38;2;213;213;213m▄[48;2;214;214;214m[38;2;213;213;214m▄[48;2;214;214;214m[38;2;214;214;214m▄[48;2;215;215;215m[38;2;214;214;214m▄[48;2;214;214;215m[38;2;214;214;214m▄[48;2;215;215;215m[38;2;214;214;214m▄[48;2;215;215;215m[38;2;215;215;215m▄[48;2;215;215;215m[38;2;214;214;214m▄[48;2;215;215;215m[38;2;215;215;215m▄[48;2;216;216;216m[38;2;215;215;215m▄[48;2;215;215;215m[38;2;216;216;216m▄[48;2;215;215;215m[38;2;215;215;215m▄[48;2;216;216;216m[38;2;216;215;215m▄[48;2;216;216;216m[38;2;216;219;218m▄[48;2;198;118;133m[38;2;214;207;208m▄[48;2;196;93;113m[38;2;197;154;164m▄[48;2;185;74;94m[38;2;190;97;115m▄[48;2;235;169;178m[38;2;235;159;169m▄[48;2;223;153;162m[38;2;211;143;155m▄[48;2;210;133;142m[38;2;242;192;197m▄[48;2;243;211;214m[38;2;206;153;160m▄[48;2;255;251;250m[38;2;228;207;210m▄[48;2;249;245;243m[38;2;254;239;241m▄[48;2;242;219;220m[38;2;213;149;159m▄[48;2;212;153;160m[38;2;186;94;109m▄[48;2;240;210;212m[38;2;249;235;232m▄[48;2;245;210;211m[38;2;229;177;183m▄[48;2;243;191;198m[38;2;243;217;218m▄[48;2;251;249;247m[38;2;241;222;222m▄[48;2;233;176;181m[38;2;228;177;182m▄[48;2;248;224;221m[38;2;239;198;203m▄[48;2;216;147;156m[38;2;177;74;95m▄[48;2;213;132;147m[38;2;173;68;90m▄[48;2;197;99;115m[38;2;183;83;104m▄[48;2;232;172;180m[38;2;240;172;181m▄[48;2;209;137;149m[38;2;190;103;122m▄[48;2;218;147;159m[38;2;204;110;128m▄[48;2;238;173;182m[38;2;216;133;147m▄[48;2;180;64;83m[38;2;167;57;80m▄[48;2;232;166;174m[38;2;236;163;172m▄[48;2;216;133;145m[38;2;178;75;96m▄[48;2;186;155;161m[38;2;179;72;93m▄[48;2;205;210;210m[38;2;197;160;167m▄[48;2;210;209;209m[38;2;211;219;217m▄[48;2;210;210;211m[38;2;209;208;208m▄[48;2;210;210;211m[38;2;209;209;210m▄[48;2;210;210;210m[38;2;210;210;210m▄[48;2;210;210;211m[38;2;210;210;211m▄[48;2;208;210;214m[38;2;206;209;212m▄[48;2;208;209;215m[38;2;208;208;214m▄[48;2;209;208;210m[38;2;208;208;210m▄[48;2;208;208;208m[38;2;208;208;208m▄[48;2;208;207;208m[38;2;208;208;206m▄[48;2;207;208;202m[38;2;206;207;201m▄[48;2;207;206;203m[38;2;205;207;202m▄[48;2;205;205;206m[38;2;205;205;204m▄[48;2;204;204;204m[38;2;203;203;204m▄[48;2;204;204;204m[38;2;203;203;203m▄[48;2;203;203;203m[38;2;202;202;202m▄[48;2;203;202;203m[38;2;203;203;203m▄[48;2;203;203;203m[38;2;203;203;203m▄[0m
[48;2;210;210;210m[38;2;210;210;210m▄[48;2;210;210;210m[38;2;210;210;210m▄[48;2;211;211;211m[38;2;210;210;210m▄[48;2;212;212;212m[38;2;210;210;210m▄[48;2;212;212;212m[38;2;211;211;211m▄[48;2;213;213;213m[38;2;212;212;212m▄[48;2;214;214;214m[38;2;213;213;213m▄[48;2;214;214;214m[38;2;213;214;213m▄[48;2;214;214;214m[38;2;214;214;214m▄[48;2;215;215;215m[38;2;215;215;215m▄[48;2;214;214;214m[38;2;215;215;215m▄[48;2;215;215;215m[38;2;214;214;214m▄[48;2;215;215;215m[38;2;214;215;214m▄[48;2;214;214;214m[38;2;214;214;214m▄[48;2;215;215;215m[38;2;215;215;215m▄[48;2;215;215;215m[38;2;215;215;215m▄[48;2;216;214;215m[38;2;214;212;212m▄[48;2;217;223;221m[38;2;209;209;196m▄[48;2;193;176;182m[38;2;184;140;152m▄[48;2;200;99;120m[38;2;205;96;117m▄[48;2;222;133;147m[38;2;202;102;122m▄[48;2;156;50;76m[38;2;172;118;133m▄[48;2;226;138;154m[38;2;183;92;113m▄[48;2;214;138;150m[38;2;241;153;166m▄[48;2;183;117;133m[38;2;180;96;113m▄[48;2;249;207;213m[38;2;201;125;140m▄[48;2;202;122;136m[38;2;231;161;171m▄[48;2;221;178;181m[38;2;228;196;199m▄[48;2;254;235;233m[38;2;240;212;213m▄[48;2;227;185;190m[38;2;228;192;196m▄[48;2;253;239;236m[38;2;235;200;203m▄[48;2;236;203;205m[38;2;231;194;198m▄[48;2;229;180;186m[38;2;167;75;96m▄[48;2;233;131;147m[38;2;199;98;117m▄[48;2;170;77;96m[38;2;208;109;127m▄[48;2;176;88;106m[38;2;181;82;102m▄[48;2;220;130;145m[38;2;180;82;104m▄[48;2;238;145;159m[38;2;197;96;115m▄[48;2;157;44;71m[38;2;151;50;75m▄[48;2;228;131;147m[38;2;194;86;109m▄[48;2;199;101;120m[38;2;200;94;116m▄[48;2;207;121;137m[38;2;171;66;88m▄[48;2;232;136;151m[38;2;205;103;122m▄[48;2;176;79;101m[38;2;182;76;99m▄[48;2;184;83;105m[38;2;173;99;116m▄[48;2;190;153;161m[38;2;193;197;196m▄[48;2;209;216;214m[38;2;203;203;203m▄[48;2;209;207;208m[38;2;209;209;209m▄[48;2;209;209;209m[38;2;208;208;208m▄[48;2;209;209;209m[38;2;208;208;208m▄[48;2;209;208;210m[38;2;208;208;208m▄[48;2;208;207;210m[38;2;208;208;208m▄[48;2;208;207;210m[38;2;207;207;208m▄[48;2;208;208;208m[38;2;207;207;207m▄[48;2;208;208;208m[38;2;207;207;207m▄[48;2;208;208;206m[38;2;208;207;206m▄[48;2;206;207;202m[38;2;206;207;203m▄[48;2;203;208;202m[38;2;204;206;202m▄[48;2;204;206;203m[38;2;203;206;204m▄[48;2;203;204;204m[38;2;202;203;205m▄[48;2;203;202;203m[38;2;202;202;204m▄[48;2;203;203;203m[38;2;203;203;203m▄[48;2;203;203;203m[38;2;202;202;202m▄[48;2;203;203;203m[38;2;203;203;203m▄[0m
[48;2;210;210;210m[38;2;209;209;209m▄[48;2;210;210;210m[38;2;210;210;210m▄[48;2;210;210;210m[38;2;210;210;210m▄[48;2;210;210;210m[38;2;210;210;210m▄[48;2;211;211;211m[38;2;210;210;210m▄[48;2;211;211;211m[38;2;210;210;210m▄[48;2;210;210;210m[38;2;210;210;210m▄[48;2;211;211;211m[38;2;211;211;210m▄[48;2;213;213;213m[38;2;211;211;211m▄[48;2;214;214;214m[38;2;211;211;211m▄[48;2;214;213;214m[38;2;211;211;211m▄[48;2;214;214;214m[38;2;212;212;212m▄[48;2;214;214;214m[38;2;212;212;212m▄[48;2;214;214;214m[38;2;212;212;212m▄[48;2;214;214;214m[38;2;212;212;212m▄[48;2;215;216;217m[38;2;213;213;213m▄[48;2;209;204;200m[38;2;213;212;212m▄[48;2;203;196;181m[38;2;194;179;161m▄[48;2;207;190;199m[38;2;209;206;199m▄[48;2;167;66;90m[38;2;203;185;186m▄[48;2;168;66;93m[38;2;189;163;161m▄[48;2;193;186;191m[38;2;190;181;165m▄[48;2;175;119;129m[38;2;205;195;185m▄[48;2;198;96;115m[38;2;165;82;104m▄[48;2;232;140;153m[38;2;193;89;107m▄[48;2;183;99;116m[38;2;253;213;214m▄[48;2;222;176;184m[38;2;239;206;210m▄[48;2;219;178;184m[38;2;215;170;177m▄[48;2;219;163;172m[38;2;226;190;193m▄[48;2;215;181;185m[38;2;227;202;205m▄[48;2;218;191;194m[38;2;192;143;154m▄[48;2;190;119;134m[38;2;172;87;107m▄[48;2;174;101;118m[38;2;177;89;112m▄[48;2;160;64;88m[38;2;181;96;114m▄[48;2;161;64;88m[38;2;179;90;109m▄[48;2;165;70;92m[38;2;179;93;113m▄[48;2;163;61;86m[38;2;188;104;124m▄[48;2;161;65;89m[38;2;182;92;113m▄[48;2;194;174;177m[38;2;185;171;176m▄[48;2;177;111;129m[38;2;200;204;194m▄[48;2;175;101;121m[38;2;190;182;165m▄[48;2;182;130;146m[38;2;191;187;169m▄[48;2;170;93;115m[38;2;196;194;184m▄[48;2;179;118;134m[38;2;194;197;190m▄[48;2;189;186;187m[38;2;194;190;182m▄[48;2;194;196;195m[38;2;204;203;203m▄[48;2;206;206;206m[38;2;207;207;208m▄[48;2;208;208;208m[38;2;207;207;207m▄[48;2;208;208;208m[38;2;207;207;207m▄[48;2;208;208;208m[38;2;207;207;207m▄[48;2;207;207;207m[38;2;207;207;207m▄[48;2;207;207;207m[38;2;206;206;206m▄[48;2;207;207;207m[38;2;206;206;206m▄[48;2;207;207;207m[38;2;205;205;206m▄[48;2;207;207;206m[38;2;204;204;204m▄[48;2;206;206;206m[38;2;204;204;204m▄[48;2;205;205;205m[38;2;204;204;204m▄[48;2;204;204;204m[38;2;203;203;203m▄[48;2;203;203;205m[38;2;203;203;203m▄[48;2;203;203;204m[38;2;203;202;203m▄[48;2;202;202;204m[38;2;201;201;202m▄[48;2;202;202;202m[38;2;202;202;202m▄[48;2;202;202;202m[38;2;203;203;203m▄[48;2;203;203;203m[38;2;201;201;201m▄[0m
[48;2;209;209;209m[38;2;211;211;211m▄[48;2;209;209;209m[38;2;212;212;212m▄[48;2;210;210;210m[38;2;213;213;213m▄[48;2;210;210;210m[38;2;213;213;213m▄[48;2;210;210;210m[38;2;213;213;213m▄[48;2;211;211;211m[38;2;214;214;214m▄[48;2;211;211;211m[38;2;214;214;214m▄[48;2;211;211;211m[38;2;214;214;214m▄[48;2;211;211;211m[38;2;214;214;215m▄[48;2;211;211;211m[38;2;214;214;215m▄[48;2;212;212;212m[38;2;214;214;214m▄[48;2;211;211;211m[38;2;215;215;215m▄[48;2;212;212;212m[38;2;215;215;215m▄[48;2;212;212;212m[38;2;215;215;215m▄[48;2;213;213;213m[38;2;215;215;215m▄[48;2;212;212;212m[38;2;215;215;215m▄[48;2;213;214;215m[38;2;215;215;214m▄[48;2;209;206;202m[38;2;216;216;217m▄[48;2;197;182;165m[38;2;215;217;220m▄[48;2;196;187;169m[38;2;213;214;216m▄[48;2;198;192;178m[38;2;213;214;217m▄[48;2;204;199;196m[38;2;212;213;214m▄[48;2;212;216;217m[38;2;212;211;211m▄[48;2;205;198;199m[38;2;212;214;214m▄[48;2;192;140;151m[38;2;212;215;214m▄[48;2;223;178;185m[38;2;209;188;192m▄[48;2;236;194;198m[38;2;208;174;180m▄[48;2;237;204;205m[38;2;212;172;178m▄[48;2;236;207;208m[38;2;216;173;180m▄[48;2;219;166;175m[38;2;182;114;131m▄[48;2;199;102;121m[38;2;161;69;92m▄[48;2;178;88;107m[38;2;171;71;93m▄[48;2;150;46;71m[38;2;184;81;105m▄[48;2;162;80;99m[38;2;187;89;112m▄[48;2;172;122;133m[38;2;187;86;110m▄[48;2;167;103;118m[38;2;196;94;117m▄[48;2;181;84;106m[38;2;200;97;119m▄[48;2;193;89;112m[38;2;158;56;83m▄[48;2;174;136;146m[38;2;187;175;179m▄[48;2;204;206;197m[38;2;205;208;209m▄[48;2;201;194;191m[38;2;209;209;211m▄[48;2;200;192;182m[38;2;207;209;212m▄[48;2;199;187;172m[38;2;207;209;212m▄[48;2;201;190;175m[38;2;206;208;210m▄[48;2;204;201;198m[38;2;207;207;208m▄[48;2;206;207;207m[38;2;208;208;208m▄[48;2;208;208;207m[38;2;209;209;209m▄[48;2;207;207;207m[38;2;209;208;209m▄[48;2;207;207;207m[38;2;208;208;208m▄[48;2;207;207;207m[38;2;208;208;208m▄[48;2;207;207;207m[38;2;208;207;208m▄[48;2;206;206;206m[38;2;208;208;208m▄[48;2;206;206;206m[38;2;208;208;207m▄[48;2;204;204;204m[38;2;207;207;207m▄[48;2;204;204;204m[38;2;206;206;206m▄[48;2;203;203;203m[38;2;206;206;206m▄[48;2;203;203;203m[38;2;205;205;205m▄[48;2;203;203;203m[38;2;205;205;205m▄[48;2;203;203;203m[38;2;204;204;204m▄[48;2;202;202;202m[38;2;203;202;203m▄[48;2;202;202;202m[38;2;203;203;203m▄[48;2;202;202;202m[38;2;203;203;203m▄[48;2;202;202;202m[38;2;203;203;203m▄[48;2;201;201;201m[38;2;203;203;203m▄[0m
[48;2;214;214;214m[38;2;216;216;216m▄[48;2;215;215;215m[38;2;217;217;217m▄[48;2;216;216;216m[38;2;217;217;217m▄[48;2;216;216;216m[38;2;217;217;217m▄[48;2;216;216;216m[38;2;217;217;217m▄[48;2;216;216;216m[38;2;218;218;218m▄[48;2;216;216;216m[38;2;217;217;217m▄[48;2;216;216;216m[38;2;218;218;218m▄[48;2;216;216;216m[38;2;218;218;218m▄[48;2;216;216;216m[38;2;218;218;218m▄[48;2;216;216;216m[38;2;217;217;217m▄[48;2;216;216;216m[38;2;218;218;218m▄[48;2;216;216;216m[38;2;218;218;218m▄[48;2;216;216;216m[38;2;218;218;218m▄[48;2;216;216;216m[38;2;218;218;218m▄[48;2;216;216;216m[38;2;217;217;217m▄[48;2;216;216;216m[38;2;217;217;217m▄[48;2;216;216;216m[38;2;216;216;216m▄[48;2;217;216;216m[38;2;215;215;215m▄[48;2;217;216;216m[38;2;214;214;214m▄[48;2;217;216;216m[38;2;213;213;213m▄[48;2;217;217;217m[38;2;212;212;213m▄[48;2;217;217;217m[38;2;212;212;212m▄[48;2;216;215;215m[38;2;211;211;211m▄[48;2;210;209;209m[38;2;210;209;209m▄[48;2;200;204;203m[38;2;208;207;207m▄[48;2;192;194;193m[38;2;205;203;204m▄[48;2;188;184;185m[38;2;200;198;198m▄[48;2;183;177;178m[38;2;197;193;194m▄[48;2;183;181;182m[38;2;196;189;193m▄[48;2;186;174;177m[38;2;195;190;192m▄[48;2;172;125;138m[38;2;195;196;195m▄[48;2;160;88;107m[38;2;193;193;193m▄[48;2;163;75;97m[38;2;187;179;181m▄[48;2;166;71;95m[38;2;186;172;176m▄[48;2;160;67;91m[38;2;190;179;181m▄[48;2;158;79;101m[38;2;192;193;192m▄[48;2;181;154;160m[38;2;189;193;192m▄[48;2;188;191;191m[38;2;198;197;198m▄[48;2;202;201;201m[38;2;205;205;206m▄[48;2;209;209;209m[38;2;207;208;208m▄[48;2;210;210;210m[38;2;210;210;210m▄[48;2;210;210;209m[38;2;211;211;211m▄[48;2;210;210;209m[38;2;210;210;210m▄[48;2;210;210;210m[38;2;210;210;210m▄[48;2;210;210;210m[38;2;211;211;211m▄[48;2;210;210;210m[38;2;210;210;210m▄[48;2;210;210;210m[38;2;209;209;209m▄[48;2;210;210;210m[38;2;210;210;210m▄[48;2;210;210;210m[38;2;211;211;211m▄[48;2;209;209;210m[38;2;210;210;210m▄[48;2;209;209;209m[38;2;210;210;210m▄[48;2;209;209;209m[38;2;210;210;210m▄[48;2;208;208;209m[38;2;210;210;210m▄[48;2;208;208;208m[38;2;210;210;210m▄[48;2;208;208;208m[38;2;210;210;210m▄[48;2;207;208;207m[38;2;209;209;209m▄[48;2;207;207;207m[38;2;209;209;209m▄[48;2;211;211;211m[38;2;216;216;216m▄[48;2;213;213;213m[38;2;220;220;220m▄[48;2;206;206;206m[38;2;209;209;208m▄[48;2;206;206;206m[38;2;208;208;208m▄[48;2;206;206;206m[38;2;208;208;208m▄[48;2;205;205;205m[38;2;208;208;208m▄[0m
[48;2;219;219;219m[38;2;223;223;223m▄[48;2;220;220;220m[38;2;223;223;223m▄[48;2;221;221;221m[38;2;224;224;224m▄[48;2;221;221;221m[38;2;224;224;224m▄[48;2;221;221;221m[38;2;224;224;224m▄[48;2;221;221;221m[38;2;224;224;224m▄[48;2;221;221;221m[38;2;223;223;223m▄[48;2;221;221;221m[38;2;224;224;224m▄[48;2;222;222;222m[38;2;224;224;224m▄[48;2;221;221;221m[38;2;224;224;224m▄[48;2;222;222;222m[38;2;224;224;224m▄[48;2;222;222;222m[38;2;224;224;224m▄[48;2;222;222;222m[38;2;224;224;224m▄[48;2;222;222;222m[38;2;224;224;224m▄[48;2;222;222;222m[38;2;224;224;224m▄[48;2;219;219;219m[38;2;223;223;223m▄[48;2;215;214;214m[38;2;220;220;220m▄[48;2;208;208;208m[38;2;216;216;216m▄[48;2;201;201;201m[38;2;210;211;211m▄[48;2;195;195;195m[38;2;206;206;206m▄[48;2;192;192;191m[38;2;204;204;204m▄[48;2;190;190;190m[38;2;203;203;203m▄[48;2;189;189;189m[38;2;201;201;201m▄[48;2;189;189;189m[38;2;197;197;197m▄[48;2;189;189;189m[38;2;191;191;191m▄[48;2;192;192;192m[38;2;188;188;188m▄[48;2;196;196;196m[38;2;185;185;185m▄[48;2;198;198;198m[38;2;184;184;184m▄[48;2;199;199;200m[38;2;185;186;186m▄[48;2;199;199;200m[38;2;187;187;187m▄[48;2;198;197;197m[38;2;187;188;187m▄[48;2;195;193;194m[38;2;186;186;186m▄[48;2;194;193;194m[38;2;185;185;185m▄[48;2;193;194;195m[38;2;185;185;185m▄[48;2;192;195;195m[38;2;185;184;184m▄[48;2;190;192;192m[38;2;185;184;184m▄[48;2;190;190;191m[38;2;184;185;185m▄[48;2;190;189;190m[38;2;186;186;186m▄[48;2;188;188;188m[38;2;190;190;190m▄[48;2;186;186;186m[38;2;195;195;195m▄[48;2;187;187;188m[38;2;196;195;197m▄[48;2;190;189;190m[38;2;195;195;196m▄[48;2;192;192;192m[38;2;195;195;195m▄[48;2;192;192;192m[38;2;196;196;196m▄[48;2;195;195;195m[38;2;199;199;199m▄[48;2;202;202;202m[38;2;204;204;204m▄[48;2;207;207;208m[38;2;210;210;210m▄[48;2;210;210;211m[38;2;213;213;213m▄[48;2;213;213;213m[38;2;215;215;215m▄[48;2;214;214;214m[38;2;215;215;215m▄[48;2;213;213;213m[38;2;215;215;215m▄[48;2;213;213;213m[38;2;215;215;215m▄[48;2;212;212;212m[38;2;215;215;215m▄[48;2;212;212;212m[38;2;214;214;214m▄[48;2;211;211;211m[38;2;214;214;214m▄[48;2;210;210;210m[38;2;213;213;213m▄[48;2;210;210;210m[38;2;213;213;213m▄[48;2;210;210;210m[38;2;212;212;212m▄[48;2;210;210;210m[38;2;211;211;211m▄[48;2;210;210;210m[38;2;210;210;210m▄[48;2;209;209;209m[38;2;210;210;210m▄[48;2;210;210;210m[38;2;210;210;210m▄[48;2;209;209;209m[38;2;210;210;210m▄[48;2;209;209;209m[38;2;210;210;210m▄[0m
[48;2;224;224;224m[38;2;228;228;228m▄[48;2;225;225;225m[38;2;227;227;227m▄[48;2;225;225;225m[38;2;228;228;228m▄[48;2;226;226;226m[38;2;229;229;229m▄[48;2;226;226;226m[38;2;228;228;228m▄[48;2;225;225;225m[38;2;228;228;228m▄[48;2;225;225;225m[38;2;228;228;228m▄[48;2;225;225;225m[38;2;227;227;227m▄[48;2;226;226;226m[38;2;228;228;228m▄[48;2;226;226;226m[38;2;228;228;228m▄[48;2;226;226;226m[38;2;228;228;228m▄[48;2;227;227;227m[38;2;228;228;228m▄[48;2;226;226;226m[38;2;228;228;228m▄[48;2;226;226;226m[38;2;228;228;228m▄[48;2;225;225;225m[38;2;227;227;227m▄[48;2;225;225;225m[38;2;227;227;227m▄[48;2;225;225;225m[38;2;227;227;227m▄[48;2;225;225;225m[38;2;227;227;227m▄[48;2;224;225;225m[38;2;227;227;227m▄[48;2;225;225;225m[38;2;227;227;227m▄[48;2;226;226;226m[38;2;227;227;227m▄[48;2;225;225;225m[38;2;227;227;227m▄[48;2;225;225;225m[38;2;227;227;227m▄[48;2;223;223;223m[38;2;227;227;227m▄[48;2;220;220;220m[38;2;227;227;227m▄[48;2;217;217;217m[38;2;227;227;227m▄[48;2;214;214;214m[38;2;228;228;228m▄[48;2;213;213;213m[38;2;228;228;228m▄[48;2;212;212;212m[38;2;227;227;227m▄[48;2;211;211;211m[38;2;226;226;226m▄[48;2;210;210;210m[38;2;226;226;226m▄[48;2;207;207;207m[38;2;226;226;226m▄[48;2;204;204;204m[38;2;225;225;225m▄[48;2;202;202;202m[38;2;225;225;225m▄[48;2;201;201;201m[38;2;225;225;225m▄[48;2;202;202;202m[38;2;224;224;224m▄[48;2;203;203;203m[38;2;224;224;224m▄[48;2;206;206;206m[38;2;224;224;224m▄[48;2;212;212;212m[38;2;223;223;223m▄[48;2;216;216;217m[38;2;222;222;222m▄[48;2;219;219;219m[38;2;222;222;222m▄[48;2;219;219;219m[38;2;221;221;221m▄[48;2;218;218;218m[38;2;221;221;221m▄[48;2;218;218;218m[38;2;219;219;219m▄[48;2;218;218;218m[38;2;218;218;218m▄[48;2;218;218;218m[38;2;217;217;217m▄[48;2;217;217;217m[38;2;217;217;217m▄[48;2;217;217;217m[38;2;217;217;217m▄[48;2;216;216;216m[38;2;216;216;216m▄[48;2;216;216;216m[38;2;216;216;216m▄[48;2;215;215;215m[38;2;216;216;216m▄[48;2;215;215;215m[38;2;216;216;216m▄[48;2;215;215;215m[38;2;216;216;216m▄[48;2;215;215;215m[38;2;216;216;216m▄[48;2;215;215;215m[38;2;216;216;216m▄[48;2;215;215;215m[38;2;215;215;215m▄[48;2;214;214;214m[38;2;215;215;215m▄[48;2;215;215;215m[38;2;216;216;216m▄[48;2;214;214;215m[38;2;215;215;215m▄[48;2;214;214;214m[38;2;215;215;215m▄[48;2;213;212;213m[38;2;214;214;214m▄[48;2;212;212;212m[38;2;214;214;214m▄[48;2;211;211;211m[38;2;214;214;214m▄[48;2;210;210;210m[38;2;214;214;214m▄[0m
