[48;2;220;220;220m[38;2;219;219;219m▄[48;2;222;222;222m[38;2;221;221;221m▄[48;2;223;223;223m[38;2;222;222;222m▄[48;2;223;223;223m[38;2;222;222;222m▄[48;2;224;224;224m[38;2;223;223;223m▄[48;2;224;224;224m[38;2;223;223;223m▄[48;2;224;224;224m[38;2;223;223;223m▄[48;2;225;225;225m[38;2;224;224;224m▄[48;2;224;224;224m[38;2;224;224;224m▄[48;2;224;224;224m[38;2;224;224;224m▄[48;2;224;224;224m[38;2;224;224;224m▄[48;2;224;224;224m[38;2;224;224;224m▄[48;2;226;226;226m[38;2;226;226;226m▄[48;2;228;228;228m[38;2;227;227;227m▄[48;2;228;228;228m[38;2;227;227;227m▄[48;2;228;228;228m[38;2;228;228;228m▄[48;2;227;227;227m[38;2;227;227;227m▄[48;2;227;227;227m[38;2;227;227;227m▄[48;2;228;228;228m[38;2;227;227;227m▄[48;2;227;227;227m[38;2;227;227;227m▄[48;2;227;227;227m[38;2;227;227;227m▄[48;2;228;228;228m[38;2;227;227;227m▄[48;2;227;227;227m[38;2;226;226;226m▄[48;2;227;227;227m[38;2;226;226;226m▄[48;2;227;227;227m[38;2;227;227;227m▄[48;2;227;227;227m[38;2;226;226;226m▄[48;2;226;226;226m[38;2;226;226;226m▄[48;2;226;226;226m[38;2;225;225;225m▄[48;2;225;225;225m[38;2;223;224;223m▄[48;2;225;225;225m[38;2;224;224;224m▄[48;2;225;225;225m[38;2;224;224;224m▄[48;2;225;225;225m[38;2;224;224;224m▄[48;2;226;226;226m[38;2;224;224;224m▄[48;2;224;224;224m[38;2;224;224;224m▄[48;2;223;223;223m[38;2;223;223;223m▄[48;2;223;223;223m[38;2;222;223;222m▄[48;2;223;223;223m[38;2;223;223;223m▄[48;2;222;222;222m[38;2;222;222;222m▄[48;2;221;221;221m[38;2;221;221;221m▄[48;2;222;222;222m[38;2;221;221;221m▄[48;2;220;220;220m[38;2;220;220;220m▄[48;2;218;218;218m[38;2;218;218;218m▄[48;2;217;217;217m[38;2;217;217;217m▄[48;2;217;217;217m[38;2;217;217;217m▄[48;2;216;216;216m[38;2;216;216;216m▄[48;2;216;216;216m[38;2;216;216;216m▄[48;2;217;217;217m[38;2;217;217;217m▄[48;2;216;216;216m[38;2;216;216;216m▄[48;2;216;216;216m[38;2;215;215;215m▄[48;2;215;215;215m[38;2;215;215;215m▄[48;2;215;215;215m[38;2;214;214;215m▄[48;2;214;214;214m[38;2;214;214;214m▄[48;2;212;212;212m[38;2;213;213;213m▄[48;2;211;211;211m[38;2;211;211;211m▄[48;2;211;211;211m[38;2;211;211;211m▄[48;2;211;211;211m[38;2;211;211;211m▄[48;2;211;211;211m[38;2;211;211;211m▄[48;2;210;210;210m[38;2;210;210;210m▄[48;2;209;209;209m[38;2;210;210;210m▄[48;2;209;209;209m[38;2;208;208;208m▄[48;2;208;208;208m[38;2;209;209;209m▄[48;2;208;208;208m[38;2;208;208;208m▄[48;2;207;207;207m[38;2;207;207;207m▄[48;2;207;207;207m[38;2;206;206;206m▄[0m
[48;2;218;218;218m[38;2;217;217;217m▄[48;2;220;220;220m[38;2;219;219;219m▄[48;2;221;221;221m[38;2;221;221;221m▄[48;2;222;222;222m[38;2;222;222;222m▄[48;2;222;222;222m[38;2;222;222;222m▄[48;2;223;223;223m[38;2;222;222;222m▄[48;2;223;223;223m[38;2;223;223;223m▄[48;2;223;223;223m[38;2;223;223;223m▄[48;2;224;224;225m[38;2;224;224;224m▄[48;2;224;224;224m[38;2;224;224;224m▄[48;2;224;224;224m[38;2;224;224;224m▄[48;2;224;224;224m[38;2;224;224;224m▄[48;2;224;224;224m[38;2;224;224;224m▄[48;2;226;226;226m[38;2;224;224;224m▄[48;2;225;225;225m[38;2;224;224;224m▄[48;2;227;227;227m[38;2;224;224;224m▄[48;2;226;226;226m[38;2;224;224;224m▄[48;2;227;227;227m[38;2;225;225;225m▄[48;2;227;227;227m[38;2;227;227;227m▄[48;2;227;227;227m[38;2;227;227;227m▄[48;2;227;227;227m[38;2;227;227;227m▄[48;2;227;227;227m[38;2;227;227;227m▄[48;2;226;226;226m[38;2;225;225;225m▄[48;2;227;227;227m[38;2;225;225;225m▄[48;2;225;225;225m[38;2;224;224;224m▄[48;2;224;224;224m[38;2;224;224;224m▄[48;2;224;224;224m[38;2;224;224;224m▄[48;2;224;224;224m[38;2;225;225;225m▄[48;2;227;226;227m[38;2;213;217;213m▄[48;2;226;226;226m[38;2;215;218;218m▄[48;2;223;223;222m[38;2;232;229;233m▄[48;2;223;223;223m[38;2;228;226;228m▄[48;2;224;224;224m[38;2;221;222;221m▄[48;2;223;223;223m[38;2;224;224;224m▄[48;2;223;223;223m[38;2;224;223;226m▄[48;2;225;224;225m[38;2;215;218;216m▄[48;2;222;223;222m[38;2;226;224;225m▄[48;2;222;222;222m[38;2;222;222;222m▄[48;2;221;221;221m[38;2;221;221;221m▄[48;2;221;221;221m[38;2;220;220;220m▄[48;2;220;220;220m[38;2;219;219;219m▄[48;2;218;218;218m[38;2;218;218;218m▄[48;2;217;217;217m[38;2;217;217;217m▄[48;2;216;216;216m[38;2;216;216;216m▄[48;2;216;216;216m[38;2;216;216;216m▄[48;2;216;216;216m[38;2;217;217;217m▄[48;2;215;215;215m[38;2;216;216;216m▄[48;2;216;216;216m[38;2;216;216;216m▄[48;2;215;215;215m[38;2;216;216;216m▄[48;2;215;215;215m[38;2;215;215;215m▄[48;2;214;214;214m[38;2;214;214;214m▄[48;2;214;214;214m[38;2;213;213;212m▄[48;2;213;213;213m[38;2;213;213;213m▄[48;2;211;211;211m[38;2;212;212;212m▄[48;2;211;211;211m[38;2;211;211;211m▄[48;2;210;210;210m[38;2;210;210;210m▄[48;2;211;211;211m[38;2;210;210;210m▄[48;2;210;210;210m[38;2;210;210;210m▄[48;2;209;209;209m[38;2;209;209;209m▄[48;2;209;209;209m[38;2;209;209;209m▄[48;2;209;209;209m[38;2;209;209;209m▄[48;2;207;207;207m[38;2;208;208;208m▄[48;2;208;208;208m[38;2;208;208;208m▄[48;2;207;207;207m[38;2;208;208;208m▄[0m
[48;2;217;217;217m[38;2;218;218;218m▄[48;2;219;219;219m[38;2;219;219;219m▄[48;2;221;221;221m[38;2;220;220;220m▄[48;2;222;222;222m[38;2;221;221;221m▄[48;2;223;223;223m[38;2;222;222;222m▄[48;2;222;222;222m[38;2;222;222;222m▄[48;2;223;223;223m[38;2;223;223;223m▄[48;2;223;223;223m[38;2;224;224;224m▄[48;2;224;224;224m[38;2;224;224;224m▄[48;2;224;224;224m[38;2;224;224;224m▄[48;2;224;224;224m[38;2;224;224;224m▄[48;2;224;224;224m[38;2;224;224;224m▄[48;2;224;224;224m[38;2;224;224;224m▄[48;2;224;224;224m[38;2;224;224;224m▄[48;2;225;225;225m[38;2;224;224;224m▄[48;2;225;225;225m[38;2;224;224;224m▄[48;2;224;224;224m[38;2;224;224;224m▄[48;2;225;224;225m[38;2;225;225;225m▄[48;2;226;226;226m[38;2;224;224;224m▄[48;2;226;226;226m[38;2;224;224;224m▄[48;2;226;226;226m[38;2;224;224;224m▄[48;2;225;225;225m[38;2;224;224;224m▄[48;2;224;224;224m[38;2;224;224;224m▄[48;2;224;224;224m[38;2;224;224;224m▄[48;2;224;225;225m[38;2;224;224;224m▄[48;2;224;224;224m[38;2;224;224;224m▄[48;2;227;226;227m[38;2;226;225;226m▄[48;2;215;218;216m[38;2;216;220;219m▄[48;2;131;175;115m[38;2;145;187;123m▄[48;2;145;185;120m[38;2;155;197;94m▄[48;2;153;185;146m[38;2;136;185;84m▄[48;2;210;216;213m[38;2;129;175;107m▄[48;2;229;227;228m[38;2;222;222;224m▄[48;2;227;225;229m[38;2;176;197;172m▄[48;2;160;189;152m[38;2;109;166;72m▄[48;2;103;161;82m[38;2;133;175;116m▄[48;2;201;210;200m[38;2;206;210;206m▄[48;2;227;224;227m[38;2;220;220;219m▄[48;2;221;221;221m[38;2;220;220;219m▄[48;2;220;220;220m[38;2;220;220;220m▄[48;2;218;218;218m[38;2;218;218;218m▄[48;2;218;218;218m[38;2;217;217;217m▄[48;2;217;217;217m[38;2;217;217;217m▄[48;2;216;216;216m[38;2;216;216;216m▄[48;2;216;216;216m[38;2;217;217;217m▄[48;2;217;217;217m[38;2;217;217;217m▄[48;2;216;216;216m[38;2;216;216;216m▄[48;2;216;216;216m[38;2;216;216;216m▄[48;2;215;215;215m[38;2;215;215;215m▄[48;2;215;215;215m[38;2;215;215;215m▄[48;2;214;214;214m[38;2;214;214;214m▄[48;2;213;213;213m[38;2;213;213;213m▄[48;2;213;213;213m[38;2;212;212;212m▄[48;2;212;212;212m[38;2;211;211;211m▄[48;2;210;210;210m[38;2;211;211;211m▄[48;2;210;210;210m[38;2;210;210;210m▄[48;2;210;210;210m[38;2;211;211;211m▄[48;2;210;210;210m[38;2;210;210;210m▄[48;2;209;209;209m[38;2;209;209;209m▄[48;2;209;209;209m[38;2;209;209;209m▄[48;2;209;209;209m[38;2;209;209;209m▄[48;2;208;208;208m[38;2;208;208;208m▄[48;2;207;207;207m[38;2;207;207;207m▄[48;2;207;207;207m[38;2;207;207;207m▄[0m
[48;2;217;217;217m[38;2;217;217;217m▄[48;2;218;218;218m[38;2;217;217;217m▄[48;2;219;219;219m[38;2;218;218;218m▄[48;2;221;221;221m[38;2;220;220;220m▄[48;2;221;221;221m[38;2;221;221;221m▄[48;2;222;222;222m[38;2;222;222;222m▄[48;2;223;223;223m[38;2;223;223;223m▄[48;2;223;223;223m[38;2;223;223;223m▄[48;2;224;224;224m[38;2;223;223;223m▄[48;2;223;223;224m[38;2;224;224;224m▄[48;2;223;223;223m[38;2;224;224;224m▄[48;2;224;224;224m[38;2;224;224;224m▄[48;2;225;225;225m[38;2;223;223;223m▄[48;2;224;224;224m[38;2;224;224;224m▄[48;2;224;224;224m[38;2;224;224;224m▄[48;2;224;224;224m[38;2;224;224;224m▄[48;2;224;224;224m[38;2;224;224;224m▄[48;2;224;224;224m[38;2;224;224;224m▄[48;2;225;225;225m[38;2;224;224;224m▄[48;2;224;224;224m[38;2;224;224;224m▄[48;2;224;224;224m[38;2;224;224;224m▄[48;2;224;224;224m[38;2;224;224;224m▄[48;2;224;224;224m[38;2;224;224;224m▄[48;2;224;224;224m[38;2;224;224;224m▄[48;2;224;224;224m[38;2;224;224;224m▄[48;2;224;224;224m[38;2;224;224;224m▄[48;2;223;223;222m[38;2;223;222;222m▄[48;2;231;228;233m[38;2;228;228;229m▄[48;2;151;181;143m[38;2;213;225;220m▄[48;2;137;182;80m[38;2;128;179;110m▄[48;2;136;182;85m[38;2;115;176;71m▄[48;2;124;177;69m[38;2;100;161;69m▄[48;2;144;177;133m[38;2;92;156;67m▄[48;2;122;169;102m[38;2;98;152;89m▄[48;2;148;179;137m[38;2;150;181;140m▄[48;2;208;206;215m[38;2;139;179;114m▄[48;2;205;207;207m[38;2;140;179;120m▄[48;2;224;221;225m[38;2;150;183;143m▄[48;2;226;223;225m[38;2;200;208;202m▄[48;2;218;219;218m[38;2;225;223;225m▄[48;2;218;218;218m[38;2;216;216;216m▄[48;2;217;217;217m[38;2;217;217;217m▄[48;2;216;217;217m[38;2;217;217;217m▄[48;2;217;217;217m[38;2;217;217;217m▄[48;2;217;217;217m[38;2;216;216;216m▄[48;2;216;216;216m[38;2;216;216;216m▄[48;2;216;216;216m[38;2;216;216;216m▄[48;2;215;215;215m[38;2;215;215;215m▄[48;2;215;215;215m[38;2;215;215;215m▄[48;2;215;215;215m[38;2;214;214;214m▄[48;2;214;214;214m[38;2;213;213;213m▄[48;2;213;213;213m[38;2;213;213;213m▄[48;2;212;212;212m[38;2;212;212;212m▄[48;2;212;212;212m[38;2;210;210;210m▄[48;2;211;210;211m[38;2;210;210;210m▄[48;2;210;210;210m[38;2;210;210;210m▄[48;2;211;211;210m[38;2;210;210;210m▄[48;2;210;211;210m[38;2;210;210;210m▄[48;2;209;209;209m[38;2;209;209;209m▄[48;2;209;209;209m[38;2;209;209;209m▄[48;2;209;209;209m[38;2;208;208;208m▄[48;2;208;208;208m[38;2;208;208;208m▄[48;2;207;207;207m[38;2;207;207;207m▄[48;2;207;207;207m[38;2;206;206;206m▄[0m
[48;2;217;217;217m[38;2;216;216;216m▄[48;2;217;217;217m[38;2;217;217;217m▄[48;2;218;218;218m[38;2;217;217;217m▄[48;2;219;219;219m[38;2;218;218;218m▄[48;2;220;220;220m[38;2;219;219;219m▄[48;2;221;221;221m[38;2;220;220;221m▄[48;2;222;222;222m[38;2;221;221;221m▄[48;2;223;223;223m[38;2;222;222;222m▄[48;2;223;223;223m[38;2;222;222;222m▄[48;2;223;223;223m[38;2;222;222;222m▄[48;2;223;223;223m[38;2;223;223;223m▄[48;2;223;223;223m[38;2;223;223;223m▄[48;2;223;223;223m[38;2;223;223;223m▄[48;2;224;224;224m[38;2;223;223;223m▄[48;2;224;224;224m[38;2;224;224;224m▄[48;2;225;225;225m[38;2;224;224;224m▄[48;2;224;224;224m[38;2;224;224;224m▄[48;2;224;224;224m[38;2;224;224;224m▄[48;2;224;224;225m[38;2;224;224;224m▄[48;2;224;224;224m[38;2;224;224;224m▄[48;2;224;224;224m[38;2;224;224;224m▄[48;2;224;224;224m[38;2;224;223;224m▄[48;2;224;224;224m[38;2;224;224;224m▄[48;2;224;224;224m[38;2;224;224;224m▄[48;2;224;224;224m[38;2;223;222;222m▄[48;2;224;222;223m[38;2;225;230;228m▄[48;2;225;230;229m[38;2;218;200;206m▄[48;2;221;218;219m[38;2;214;133;150m▄[48;2;221;181;193m[38;2;227;146;158m▄[48;2;201;156;165m[38;2;230;136;150m▄[48;2;139;148;113m[38;2;225;109;135m▄[48;2;106;162;93m[38;2;204;111;136m▄[48;2;70;129;56m[38;2;206;142;149m▄[48;2;72;144;65m[38;2;126;149;97m▄[48;2;108;167;76m[38;2;91;159;65m▄[48;2;125;176;77m[38;2;114;179;72m▄[48;2;142;186;85m[38;2;124;181;70m▄[48;2;151;196;92m[38;2;118;170;67m▄[48;2;111;166;82m[38;2;131;169;114m▄[48;2;185;200;186m[38;2;199;203;200m▄[48;2;224;221;224m[38;2;217;216;217m▄[48;2;215;216;215m[38;2;216;217;216m▄[48;2;217;216;216m[38;2;217;217;217m▄[48;2;217;217;217m[38;2;217;217;217m▄[48;2;216;216;216m[38;2;216;216;216m▄[48;2;216;216;216m[38;2;216;216;216m▄[48;2;215;215;215m[38;2;216;216;216m▄[48;2;215;215;215m[38;2;215;215;215m▄[48;2;214;214;214m[38;2;215;215;215m▄[48;2;213;213;213m[38;2;213;213;214m▄[48;2;213;213;213m[38;2;213;213;213m▄[48;2;213;213;213m[38;2;212;212;212m▄[48;2;211;211;211m[38;2;211;211;211m▄[48;2;211;211;211m[38;2;210;210;210m▄[48;2;211;211;211m[38;2;210;210;210m▄[48;2;210;210;210m[38;2;210;210;210m▄[48;2;211;211;211m[38;2;211;210;211m▄[48;2;209;209;209m[38;2;209;208;210m▄[48;2;208;208;208m[38;2;208;208;209m▄[48;2;209;209;209m[38;2;208;208;209m▄[48;2;208;208;208m[38;2;208;208;208m▄[48;2;208;208;208m[38;2;208;208;208m▄[48;2;208;208;208m[38;2;207;207;207m▄[48;2;206;206;206m[38;2;206;206;206m▄[0m
[48;2;216;216;216m[38;2;216;216;216m▄[48;2;216;216;216m[38;2;216;216;216m▄[48;2;217;217;217m[38;2;216;216;216m▄[48;2;217;217;217m[38;2;217;217;217m▄[48;2;218;218;218m[38;2;217;217;217m▄[48;2;220;220;220m[38;2;217;217;217m▄[48;2;221;220;221m[38;2;219;219;219m▄[48;2;221;221;221m[38;2;221;221;221m▄[48;2;221;221;221m[38;2;221;221;221m▄[48;2;222;222;222m[38;2;221;221;221m▄[48;2;222;222;222m[38;2;221;221;221m▄[48;2;223;223;223m[38;2;222;222;222m▄[48;2;223;223;223m[38;2;223;223;223m▄[48;2;222;222;223m[38;2;223;223;223m▄[48;2;223;223;223m[38;2;222;222;222m▄[48;2;223;223;223m[38;2;223;223;223m▄[48;2;223;223;223m[38;2;223;223;223m▄[48;2;223;223;223m[38;2;223;223;223m▄[48;2;223;223;223m[38;2;223;223;223m▄[48;2;224;224;224m[38;2;223;223;223m▄[48;2;223;223;223m[38;2;223;223;223m▄[48;2;223;223;223m[38;2;224;224;224m▄[48;2;223;223;223m[38;2;223;223;223m▄[48;2;223;223;223m[38;2;222;221;221m▄[48;2;224;226;225m[38;2;224;232;231m▄[48;2;221;214;216m[38;2;210;162;173m▄[48;2;212;134;151m[38;2;229;151;162m▄[48;2;235;160;169m[38;2;231;143;153m▄[48;2;232;141;153m[38;2;229;134;145m▄[48;2;221;112;129m[38;2;214;104;124m▄[48;2;208;108;124m[38;2;226;150;162m▄[48;2;231;153;162m[38;2;232;144;154m▄[48;2;239;146;161m[38;2;226;132;143m▄[48;2;233;135;151m[38;2;228;136;146m▄[48;2;190;136;126m[38;2;237;137;152m▄[48;2;161;140;108m[38;2;239;132;151m▄[48;2;150;159;125m[38;2;230;135;153m▄[48;2;167;186;172m[38;2;207;196;202m▄[48;2;202;197;205m[38;2;206;208;208m▄[48;2;206;204;206m[38;2;212;212;212m▄[48;2;213;213;213m[38;2;216;216;216m▄[48;2;217;217;217m[38;2;217;217;217m▄[48;2;217;217;216m[38;2;216;216;216m▄[48;2;216;216;217m[38;2;216;216;216m▄[48;2;216;216;216m[38;2;216;216;216m▄[48;2;216;216;216m[38;2;216;216;216m▄[48;2;215;215;215m[38;2;215;215;215m▄[48;2;215;215;215m[38;2;215;215;215m▄[48;2;214;214;215m[38;2;214;214;214m▄[48;2;214;214;214m[38;2;213;213;213m▄[48;2;213;213;213m[38;2;213;212;213m▄[48;2;213;213;213m[38;2;211;211;211m▄[48;2;211;211;211m[38;2;211;211;211m▄[48;2;210;210;210m[38;2;210;210;210m▄[48;2;210;210;210m[38;2;210;210;210m▄[48;2;210;211;211m[38;2;210;210;210m▄[48;2;210;210;210m[38;2;209;209;209m▄[48;2;210;210;210m[38;2;209;209;209m▄[48;2;209;209;209m[38;2;209;209;209m▄[48;2;208;208;208m[38;2;208;208;208m▄[48;2;208;208;208m[38;2;208;208;208m▄[48;2;208;207;208m[38;2;207;207;207m▄[48;2;207;207;207m[38;2;207;207;207m▄[48;2;207;207;207m[38;2;206;206;206m▄[0m
[48;2;216;216;216m[38;2;216;216;216m▄[48;2;216;216;216m[38;2;216;216;216m▄[48;2;216;216;216m[38;2;216;216;216m▄[48;2;216;216;216m[38;2;216;216;216m▄[48;2;217;217;217m[38;2;217;217;217m▄[48;2;217;217;217m[38;2;217;217;217m▄[48;2;218;218;218m[38;2;217;217;217m▄[48;2;218;218;218m[38;2;218;218;218m▄[48;2;219;219;219m[38;2;219;219;219m▄[48;2;220;220;220m[38;2;219;219;219m▄[48;2;221;221;221m[38;2;220;220;220m▄[48;2;221;221;221m[38;2;220;220;220m▄[48;2;221;221;222m[38;2;221;221;221m▄[48;2;222;222;222m[38;2;221;221;221m▄[48;2;222;222;222m[38;2;221;221;221m▄[48;2;222;222;222m[38;2;221;221;221m▄[48;2;223;223;223m[38;2;221;221;221m▄[48;2;223;223;223m[38;2;222;222;222m▄[48;2;222;222;222m[38;2;223;223;223m▄[48;2;223;223;223m[38;2;222;222;222m▄[48;2;223;223;223m[38;2;222;222;222m▄[48;2;223;223;223m[38;2;222;222;222m▄[48;2;222;222;222m[38;2;222;222;222m▄[48;2;223;223;223m[38;2;223;225;224m▄[48;2;221;222;222m[38;2;219;213;214m▄[48;2;211;143;156m[38;2;214;144;155m▄[48;2;234;156;165m[38;2;232;151;159m▄[48;2;227;132;144m[38;2;227;133;144m▄[48;2;229;134;145m[38;2;228;135;146m▄[48;2;223;131;145m[38;2;234;151;160m▄[48;2;232;151;162m[38;2;229;137;149m▄[48;2;228;131;144m[38;2;229;136;147m▄[48;2;229;137;148m[38;2;229;136;146m▄[48;2;229;136;147m[38;2;229;135;147m▄[48;2;227;135;145m[38;2;229;135;146m▄[48;2;226;138;146m[38;2;229;137;148m▄[48;2;219;104;120m[38;2;225;117;132m▄[48;2;205;133;148m[38;2;210;108;128m▄[48;2;213;220;220m[38;2;206;201;203m▄[48;2;217;216;216m[38;2;217;219;218m▄[48;2;216;216;216m[38;2;217;216;216m▄[48;2;216;216;216m[38;2;216;216;216m▄[48;2;216;216;216m[38;2;216;216;216m▄[48;2;216;216;216m[38;2;215;215;215m▄[48;2;216;216;216m[38;2;216;216;216m▄[48;2;215;215;215m[38;2;215;215;215m▄[48;2;215;215;215m[38;2;215;215;215m▄[48;2;215;215;215m[38;2;215;215;215m▄[48;2;214;214;214m[38;2;214;214;214m▄[48;2;213;213;213m[38;2;213;213;214m▄[48;2;212;212;212m[38;2;212;212;213m▄[48;2;211;211;211m[38;2;210;210;210m▄[48;2;211;211;211m[38;2;210;210;210m▄[48;2;210;210;210m[38;2;210;210;210m▄[48;2;210;210;210m[38;2;211;211;211m▄[48;2;210;210;210m[38;2;210;210;210m▄[48;2;209;209;209m[38;2;208;208;208m▄[48;2;209;209;209m[38;2;209;209;209m▄[48;2;209;209;209m[38;2;209;209;209m▄[48;2;208;208;208m[38;2;208;208;208m▄[48;2;208;208;208m[38;2;207;207;207m▄[48;2;207;207;207m[38;2;207;207;207m▄[48;2;207;207;207m[38;2;207;207;207m▄[48;2;206;206;206m[38;2;206;206;206m▄[0m
[48;2;215;215;215m[38;2;215;215;215m▄[48;2;216;216;216m[38;2;215;215;215m▄[48;2;216;216;216m[38;2;216;216;216m▄[48;2;216;216;216m[38;2;216;216;216m▄[48;2;216;216;216m[38;2;216;216;216m▄[48;2;216;216;216m[38;2;216;216;216m▄[48;2;217;217;217m[38;2;216;216;216m▄[48;2;217;217;217m[38;2;216;216;216m▄[48;2;218;218;218m[38;2;216;216;216m▄[48;2;218;218;218m[38;2;217;217;217m▄[48;2;218;218;218m[38;2;218;218;218m▄[48;2;220;220;220m[38;2;219;219;219m▄[48;2;220;220;220m[38;2;219;219;219m▄[48;2;220;220;220m[38;2;220;220;220m▄[48;2;221;221;221m[38;2;220;220;219m▄[48;2;221;221;221m[38;2;220;220;220m▄[48;2;221;221;221m[38;2;220;220;220m▄[48;2;221;221;221m[38;2;222;222;222m▄[48;2;221;221;221m[38;2;224;224;224m▄[48;2;221;221;221m[38;2;222;222;222m▄[48;2;221;221;221m[38;2;221;221;221m▄[48;2;222;222;221m[38;2;223;223;223m▄[48;2;222;221;221m[38;2;222;222;222m▄[48;2;223;224;223m[38;2;222;221;221m▄[48;2;219;214;216m[38;2;221;226;225m▄[48;2;214;142;157m[38;2;209;147;161m▄[48;2;232;151;160m[38;2;230;145;156m▄[48;2;226;132;143m[38;2;228;133;144m▄[48;2;228;136;147m[38;2;228;136;146m▄[48;2;229;138;148m[38;2;228;135;146m▄[48;2;228;136;147m[38;2;228;135;145m▄[48;2;229;136;147m[38;2;228;135;146m▄[48;2;228;135;146m[38;2;229;136;147m▄[48;2;229;136;147m[38;2;229;136;146m▄[48;2;229;136;147m[38;2;230;138;148m▄[48;2;229;135;146m[38;2;226;129;142m▄[48;2;224;115;130m[38;2;223;108;125m▄[48;2;210;109;128m[38;2;206;117;134m▄[48;2;199;191;193m[38;2;198;199;200m▄[48;2;215;217;217m[38;2;214;213;213m▄[48;2;216;216;216m[38;2;216;216;216m▄[48;2;216;216;216m[38;2;216;216;216m▄[48;2;216;216;216m[38;2;216;215;216m▄[48;2;216;216;216m[38;2;215;215;215m▄[48;2;216;216;215m[38;2;216;216;215m▄[48;2;215;215;216m[38;2;215;215;215m▄[48;2;215;215;214m[38;2;215;215;213m▄[48;2;214;214;215m[38;2;215;215;214m▄[48;2;214;213;214m[38;2;214;214;214m▄[48;2;213;213;214m[38;2;213;213;213m▄[48;2;211;211;212m[38;2;212;212;212m▄[48;2;211;211;211m[38;2;211;211;211m▄[48;2;211;211;211m[38;2;211;211;211m▄[48;2;210;210;210m[38;2;211;211;211m▄[48;2;211;211;211m[38;2;210;210;210m▄[48;2;210;210;210m[38;2;210;210;210m▄[48;2;209;209;209m[38;2;209;209;209m▄[48;2;209;209;209m[38;2;209;209;209m▄[48;2;208;208;208m[38;2;208;208;208m▄[48;2;208;208;208m[38;2;208;208;208m▄[48;2;207;207;207m[38;2;207;207;207m▄[48;2;207;207;207m[38;2;207;206;207m▄[48;2;206;206;206m[38;2;205;205;206m▄[48;2;204;204;204m[38;2;204;204;204m▄[0m
[48;2;215;215;215m[38;2;215;215;215m▄[48;2;215;215;215m[38;2;215;215;215m▄[48;2;216;216;216m[38;2;215;215;215m▄[48;2;217;217;217m[38;2;215;215;215m▄[48;2;216;216;216m[38;2;216;216;216m▄[48;2;216;216;216m[38;2;216;216;216m▄[48;2;216;216;216m[38;2;216;216;216m▄[48;2;216;216;216m[38;2;216;216;216m▄[48;2;216;216;216m[38;2;216;216;216m▄[48;2;216;216;216m[38;2;216;216;216m▄[48;2;216;216;216m[38;2;216;216;216m▄[48;2;217;217;217m[38;2;216;216;216m▄[48;2;217;217;217m[38;2;217;217;217m▄[48;2;218;218;218m[38;2;217;217;218m▄[48;2;218;218;218m[38;2;216;216;217m▄[48;2;218;218;218m[38;2;221;221;221m▄[48;2;219;219;219m[38;2;219;219;219m▄[48;2;220;220;220m[38;2;217;216;216m▄[48;2;225;225;225m[38;2;219;220;220m▄[48;2;222;221;221m[38;2;221;229;228m▄[48;2;221;219;219m[38;2;218;226;225m▄[48;2;223;222;223m[38;2;219;221;221m▄[48;2;225;226;225m[38;2;219;217;218m▄[48;2;221;219;219m[38;2;219;222;221m▄[48;2;221;223;223m[38;2;220;226;224m▄[48;2;215;197;201m[38;2;218;224;223m▄[48;2;231;168;175m[38;2;213;153;164m▄[48;2;230;137;148m[38;2;232;143;153m▄[48;2;230;134;146m[38;2;229;137;147m▄[48;2;229;135;147m[38;2;228;136;146m▄[48;2;228;135;146m[38;2;229;137;147m▄[48;2;228;135;146m[38;2;231;139;149m▄[48;2;228;135;146m[38;2;228;135;146m▄[48;2;230;137;148m[38;2;228;133;144m▄[48;2;230;137;148m[38;2;223;117;131m▄[48;2;222;115;130m[38;2;224;108;124m▄[48;2;224;118;132m[38;2;211;134;146m▄[48;2;198;158;166m[38;2;194;201;200m▄[48;2;200;207;205m[38;2;206;204;205m▄[48;2;214;213;213m[38;2;215;215;216m▄[48;2;216;216;216m[38;2;215;216;214m▄[48;2;216;216;215m[38;2;216;216;212m▄[48;2;215;216;214m[38;2;216;216;211m▄[48;2;216;216;213m[38;2;217;215;211m▄[48;2;216;216;211m[38;2;217;215;211m▄[48;2;215;215;211m[38;2;217;216;210m▄[48;2;215;215;212m[38;2;215;215;210m▄[48;2;215;215;212m[38;2;214;215;210m▄[48;2;214;214;211m[38;2;214;214;210m▄[48;2;213;213;212m[38;2;213;213;211m▄[48;2;211;211;212m[38;2;211;211;211m▄[48;2;210;210;210m[38;2;210;210;210m▄[48;2;210;210;210m[38;2;211;211;211m▄[48;2;210;210;210m[38;2;210;210;210m▄[48;2;209;209;209m[38;2;209;209;209m▄[48;2;209;209;209m[38;2;209;209;209m▄[48;2;208;208;208m[38;2;208;208;208m▄[48;2;208;208;208m[38;2;208;208;208m▄[48;2;208;208;208m[38;2;208;208;208m▄[48;2;207;207;207m[38;2;207;207;207m▄[48;2;207;206;207m[38;2;207;207;207m▄[48;2;207;206;207m[38;2;206;206;206m▄[48;2;205;205;205m[38;2;205;205;205m▄[48;2;205;205;205m[38;2;204;204;204m▄[0m
[48;2;214;214;214m[38;2;214;214;214m▄[48;2;214;214;214m[38;2;215;215;215m▄[48;2;215;215;215m[38;2;215;215;215m▄[48;2;215;215;215m[38;2;215;215;215m▄[48;2;216;216;216m[38;2;215;215;215m▄[48;2;216;216;216m[38;2;215;215;215m▄[48;2;216;216;216m[38;2;216;216;216m▄[48;2;216;216;216m[38;2;216;216;216m▄[48;2;216;216;216m[38;2;216;216;216m▄[48;2;216;216;216m[38;2;217;217;217m▄[48;2;216;216;216m[38;2;217;217;217m▄[48;2;216;216;216m[38;2;216;216;216m▄[48;2;216;216;216m[38;2;217;217;217m▄[48;2;216;216;216m[38;2;216;216;216m▄[48;2;222;222;222m[38;2;220;220;220m▄[48;2;220;220;220m[38;2;218;217;217m▄[48;2;217;216;216m[38;2;219;225;224m▄[48;2;220;227;226m[38;2;219;190;197m▄[48;2;217;216;217m[38;2;219;130;146m▄[48;2;218;180;186m[38;2;233;165;172m▄[48;2;225;165;173m[38;2;227;139;152m▄[48;2;227;159;167m[38;2;220;132;144m▄[48;2;229;172;181m[38;2;219;121;136m▄[48;2;229;162;173m[38;2;230;144;156m▄[48;2;221;173;179m[38;2;236;154;164m▄[48;2;218;223;222m[38;2;218;142;153m▄[48;2;209;186;193m[38;2;217;223;222m▄[48;2;212;114;132m[38;2;207;183;189m▄[48;2;228;128;141m[38;2;201;122;138m▄[48;2;230;133;144m[38;2;206;118;135m▄[48;2;217;106;124m[38;2;199;120;137m▄[48;2;221;119;134m[38;2;230;155;169m▄[48;2;224;125;136m[38;2;230;140;156m▄[48;2;221;106;123m[38;2;205;105;123m▄[48;2;224;107;125m[38;2;205;121;139m▄[48;2;211;102;122m[38;2;194;170;176m▄[48;2;192;170;175m[38;2;196;203;200m▄[48;2;199;203;202m[38;2;207;206;206m▄[48;2;212;211;212m[38;2;215;215;215m▄[48;2;216;216;216m[38;2;216;215;212m▄[48;2;215;216;212m[38;2;216;216;211m▄[48;2;216;216;211m[38;2;216;215;210m▄[48;2;217;216;211m[38;2;218;216;211m▄[48;2;221;218;212m[38;2;227;221;213m▄[48;2;222;219;212m[38;2;238;229;217m▄[48;2;221;217;211m[38;2;232;224;215m▄[48;2;218;215;210m[38;2;221;216;210m▄[48;2;215;214;209m[38;2;216;214;209m▄[48;2;214;214;209m[38;2;214;214;209m▄[48;2;214;214;210m[38;2;213;213;209m▄[48;2;211;211;210m[38;2;211;211;210m▄[48;2;210;210;210m[38;2;210;210;210m▄[48;2;210;210;210m[38;2;209;209;209m▄[48;2;210;210;210m[38;2;209;209;209m▄[48;2;209;209;209m[38;2;208;208;208m▄[48;2;209;209;209m[38;2;209;209;209m▄[48;2;208;208;209m[38;2;208;208;208m▄[48;2;208;208;208m[38;2;208;208;208m▄[48;2;208;208;208m[38;2;207;207;208m▄[48;2;207;207;207m[38;2;207;207;208m▄[48;2;207;207;207m[38;2;207;207;208m▄[48;2;206;206;206m[38;2;206;206;206m▄[48;2;204;204;204m[38;2;204;204;204m▄[48;2;203;203;203m[38;2;203;203;203m▄[0m
[48;2;213;213;213m[38;2;214;214;214m▄[48;2;214;214;214m[38;2;214;214;214m▄[48;2;215;215;215m[38;2;214;214;214m▄[48;2;215;215;215m[38;2;215;215;215m▄[48;2;215;215;215m[38;2;215;215;215m▄[48;2;215;215;215m[38;2;215;215;215m▄[48;2;215;215;215m[38;2;215;215;215m▄[48;2;215;215;215m[38;2;215;215;215m▄[48;2;215;215;215m[38;2;215;215;215m▄[48;2;216;216;216m[38;2;216;216;216m▄[48;2;217;217;217m[38;2;216;216;216m▄[48;2;217;216;217m[38;2;216;216;216m▄[48;2;219;219;219m[38;2;216;216;216m▄[48;2;217;217;217m[38;2;216;216;216m▄[48;2;219;218;218m[38;2;217;214;215m▄[48;2;218;221;220m[38;2;217;226;224m▄[48;2;215;200;205m[38;2;213;161;173m▄[48;2;221;130;150m[38;2;245;189;199m▄[48;2;240;198;203m[38;2;217;133;149m▄[48;2;208;120;136m[38;2;189;132;144m▄[48;2;215;128;141m[38;2;233;212;211m▄[48;2;234;152;165m[38;2;224;141;155m▄[48;2;202;84;105m[38;2;190;144;155m▄[48;2;205;100;120m[38;2;207;154;163m▄[48;2;240;174;182m[38;2;240;157;168m▄[48;2;223;134;148m[38;2;204;159;168m▄[48;2;209;194;196m[38;2;209;210;208m▄[48;2;214;225;224m[38;2;224;205;207m▄[48;2;207;215;213m[38;2;220;206;209m▄[48;2;198;199;198m[38;2;214;211;211m▄[48;2;197;206;204m[38;2;216;204;205m▄[48;2;211;179;183m[38;2;231;173;182m▄[48;2;201;165;171m[38;2;202;194;195m▄[48;2;192;193;191m[38;2;202;205;203m▄[48;2;192;203;200m[38;2;222;187;193m▄[48;2;197;207;203m[38;2;225;185;192m▄[48;2;205;205;202m[38;2;217;212;212m▄[48;2;214;214;211m[38;2;214;214;211m▄[48;2;215;215;211m[38;2;216;215;212m▄[48;2;214;216;211m[38;2;222;213;209m▄[48;2;215;215;210m[38;2;216;216;209m▄[48;2;216;215;208m[38;2;216;216;210m▄[48;2;220;217;211m[38;2;219;215;211m▄[48;2;230;222;213m[38;2;234;227;220m▄[48;2;252;248;237m[38;2;253;251;245m▄[48;2;243;237;226m[38;2;235;230;222m▄[48;2;221;216;209m[38;2;218;215;209m▄[48;2;216;215;209m[38;2;215;214;208m▄[48;2;214;214;208m[38;2;213;213;208m▄[48;2;213;213;208m[38;2;212;212;208m▄[48;2;210;210;209m[38;2;210;210;209m▄[48;2;210;210;210m[38;2;210;209;210m▄[48;2;210;210;209m[38;2;209;208;209m▄[48;2;208;208;208m[38;2;208;208;208m▄[48;2;208;208;208m[38;2;209;209;209m▄[48;2;208;208;208m[38;2;208;208;208m▄[48;2;208;208;208m[38;2;207;207;207m▄[48;2;208;208;208m[38;2;206;206;206m▄[48;2;206;206;206m[38;2;207;207;207m▄[48;2;206;206;206m[38;2;206;206;206m▄[48;2;205;205;206m[38;2;204;204;205m▄[48;2;205;205;205m[38;2;204;204;204m▄[48;2;204;204;204m[38;2;204;204;204m▄[48;2;203;203;203m[38;2;203;203;203m▄[0m
[48;2;212;212;212m[38;2;211;211;211m▄[48;2;213;213;213m[38;2;212;212;212m▄[48;2;214;214;214m[38;2;213;212;213m▄[48;2;214;214;214m[38;2;214;214;214m▄[48;2;214;214;214m[38;2;214;214;214m▄[48;2;215;215;215m[38;2;214;214;215m▄[48;2;215;215;215m[38;2;215;214;215m▄[48;2;215;215;215m[38;2;215;215;215m▄[48;2;215;215;215m[38;2;215;215;215m▄[48;2;215;215;215m[38;2;215;215;215m▄[48;2;215;215;215m[38;2;215;215;215m▄[48;2;216;216;216m[38;2;214;214;214m▄[48;2;215;215;215m[38;2;215;215;215m▄[48;2;215;215;215m[38;2;215;215;215m▄[48;2;220;219;220m[38;2;217;216;217m▄[48;2;221;225;223m[38;2;218;217;217m▄[48;2;211;190;195m[38;2;217;220;220m▄[48;2;214;141;159m[38;2;212;214;214m▄[48;2;206;128;144m[38;2;195;205;203m▄[48;2;199;184;184m[38;2;213;179;183m▄[48;2;233;157;169m[38;2;228;141;154m▄[48;2;205;162;169m[38;2;216;139;152m▄[48;2;210;200;202m[38;2;227;135;151m▄[48;2;231;161;170m[38;2;199;157;165m▄[48;2;207;143;154m[38;2;199;198;198m▄[48;2;204;186;188m[38;2;230;155;167m▄[48;2;230;166;177m[38;2;206;142;155m▄[48;2;212;151;163m[38;2;205;200;200m▄[48;2;239;170;180m[38;2;230;142;156m▄[48;2;213;177;182m[38;2;195;176;180m▄[48;2;225;197;200m[38;2;226;148;162m▄[48;2;228;143;157m[38;2;208;146;156m▄[48;2;194;190;191m[38;2;211;192;195m▄[48;2;231;188;193m[38;2;230;122;143m▄[48;2;216;150;160m[38;2;194;176;176m▄[48;2;217;140;157m[38;2;194;188;189m▄[48;2;213;180;187m[38;2;203;167;173m▄[48;2;213;226;221m[38;2;217;193;197m▄[48;2;229;195;198m[38;2;229;169;178m▄[48;2;225;156;167m[38;2;213;157;164m▄[48;2;212;203;199m[38;2;219;217;214m▄[48;2;217;218;213m[38;2;227;228;224m▄[48;2;226;224;219m[38;2;247;246;243m▄[48;2;248;246;244m[38;2;245;244;241m▄[48;2;246;243;239m[38;2;228;225;219m▄[48;2;221;215;209m[38;2;216;213;208m▄[48;2;217;214;210m[38;2;215;214;210m▄[48;2;215;214;208m[38;2;214;213;210m▄[48;2;213;213;208m[38;2;212;210;208m▄[48;2;211;211;207m[38;2;210;210;209m▄[48;2;210;210;210m[38;2;210;210;210m▄[48;2;210;209;213m[38;2;209;209;211m▄[48;2;210;209;213m[38;2;210;209;214m▄[48;2;209;208;209m[38;2;209;208;211m▄[48;2;209;209;209m[38;2;209;208;209m▄[48;2;208;208;208m[38;2;208;208;208m▄[48;2;207;207;208m[38;2;208;208;205m▄[48;2;207;207;207m[38;2;207;207;206m▄[48;2;206;206;206m[38;2;206;206;206m▄[48;2;204;204;204m[38;2;204;204;204m▄[48;2;204;204;204m[38;2;204;204;204m▄[48;2;204;204;204m[38;2;203;203;203m▄[48;2;203;203;203m[38;2;203;203;203m▄[48;2;203;203;203m[38;2;203;203;203m▄[0m
[48;2;211;211;211m[38;2;210;210;210m▄[48;2;211;211;211m[38;2;210;210;210m▄[48;2;211;211;211m[38;2;210;210;210m▄[48;2;213;212;213m[38;2;211;211;211m▄[48;2;213;213;213m[38;2;212;212;212m▄[48;2;213;213;214m[38;2;212;212;212m▄[48;2;214;214;214m[38;2;213;213;213m▄[48;2;214;214;214m[38;2;214;214;214m▄[48;2;214;214;214m[38;2;214;214;215m▄[48;2;215;215;215m[38;2;214;214;214m▄[48;2;214;214;214m[38;2;214;214;214m▄[48;2;219;219;219m[38;2;217;217;217m▄[48;2;217;217;217m[38;2;216;215;216m▄[48;2;216;216;216m[38;2;215;215;215m▄[48;2;223;223;223m[38;2;217;217;217m▄[48;2;220;220;220m[38;2;216;216;216m▄[48;2;221;220;220m[38;2;215;215;215m▄[48;2;220;219;219m[38;2;218;221;220m▄[48;2;219;225;224m[38;2;217;206;208m▄[48;2;227;138;153m[38;2;229;100;126m▄[48;2;209;131;144m[38;2;213;159;167m▄[48;2;205;180;185m[38;2;200;214;211m▄[48;2;231;118;140m[38;2;224;131;149m▄[48;2;208;186;189m[38;2;224;131;147m▄[48;2;213;212;211m[38;2;214;214;212m▄[48;2;234;122;141m[38;2;228;139;159m▄[48;2;202;170;174m[38;2;219;124;144m▄[48;2;222;150;163m[38;2;212;138;153m▄[48;2;217;113;133m[38;2;222;111;134m▄[48;2;200;177;182m[38;2;210;128;144m▄[48;2;227;105;128m[38;2;193;133;143m▄[48;2;213;125;142m[38;2;196;115;133m▄[48;2;209;119;138m[38;2;191;170;175m▄[48;2;227;105;129m[38;2;207;127;143m▄[48;2;205;184;186m[38;2;228;130;151m▄[48;2;211;203;202m[38;2;222;156;170m▄[48;2;207;134;148m[38;2;221;210;209m▄[48;2;212;180;184m[38;2;234;229;226m▄[48;2;237;161;174m[38;2;242;191;200m▄[48;2;240;207;209m[38;2;247;220;223m▄[48;2;248;238;237m[38;2;233;210;212m▄[48;2;241;242;239m[38;2;219;219;215m▄[48;2;234;232;229m[38;2;213;214;209m▄[48;2;218;216;211m[38;2;213;214;209m▄[48;2;215;213;207m[38;2;212;211;207m▄[48;2;214;213;208m[38;2;211;211;207m▄[48;2;213;212;209m[38;2;211;210;208m▄[48;2;211;211;208m[38;2;210;210;208m▄[48;2;210;210;207m[38;2;209;209;208m▄[48;2;209;209;210m[38;2;209;209;209m▄[48;2;210;210;210m[38;2;209;209;209m▄[48;2;209;209;210m[38;2;209;209;209m▄[48;2;208;208;210m[38;2;208;208;208m▄[48;2;208;208;210m[38;2;208;208;208m▄[48;2;208;208;209m[38;2;207;207;208m▄[48;2;208;208;208m[38;2;207;207;207m▄[48;2;207;207;203m[38;2;207;207;204m▄[48;2;203;206;201m[38;2;204;206;202m▄[48;2;204;205;204m[38;2;203;205;204m▄[48;2;204;204;204m[38;2;203;203;204m▄[48;2;203;203;203m[38;2;203;203;204m▄[48;2;203;203;203m[38;2;203;203;203m▄[48;2;203;203;203m[38;2;203;203;203m▄[48;2;203;203;203m[38;2;203;203;203m▄[0m
[48;2;210;210;210m[38;2;210;210;210m▄[48;2;210;210;210m[38;2;210;210;210m▄[48;2;210;210;210m[38;2;210;210;210m▄[48;2;210;210;210m[38;2;210;210;210m▄[48;2;211;211;211m[38;2;210;210;210m▄[48;2;211;211;211m[38;2;210;210;210m▄[48;2;212;211;212m[38;2;210;210;210m▄[48;2;213;213;213m[38;2;212;212;212m▄[48;2;213;213;213m[38;2;212;212;212m▄[48;2;214;213;214m[38;2;212;212;212m▄[48;2;215;215;215m[38;2;212;212;212m▄[48;2;214;214;214m[38;2;213;213;213m▄[48;2;214;214;214m[38;2;213;213;213m▄[48;2;215;215;214m[38;2;213;212;213m▄[48;2;214;214;214m[38;2;217;217;218m▄[48;2;213;213;213m[38;2;215;215;216m▄[48;2;221;221;221m[38;2;214;214;214m▄[48;2;228;229;229m[38;2;214;213;213m▄[48;2;215;213;213m[38;2;212;214;215m▄[48;2;209;121;141m[38;2;211;218;217m▄[48;2;201;157;167m[38;2;204;204;204m▄[48;2;208;220;217m[38;2;211;209;210m▄[48;2;211;192;195m[38;2;211;219;217m▄[48;2;222;95;124m[38;2;206;154;166m▄[48;2;221;145;162m[38;2;230;103;131m▄[48;2;209;203;205m[38;2;225;148;163m▄[48;2;203;190;193m[38;2;213;219;217m▄[48;2;204;205;206m[38;2;205;200;201m▄[48;2;203;179;184m[38;2;210;178;185m▄[48;2;216;208;208m[38;2;210;214;213m▄[48;2;201;209;207m[38;2;219;220;220m▄[48;2;198;208;205m[38;2;227;210;214m▄[48;2;205;213;210m[38;2;229;222;222m▄[48;2;209;211;209m[38;2;229;228;227m▄[48;2;209;197;200m[38;2;217;221;219m▄[48;2;216;214;213m[38;2;210;209;210m▄[48;2;216;229;222m[38;2;215;222;217m▄[48;2;236;166;183m[38;2;202;130;148m▄[48;2;222;159;173m[38;2;192;155;164m▄[48;2;222;152;165m[38;2;200;129;147m▄[48;2;208;136;152m[38;2;196;111;133m▄[48;2;203;170;178m[38;2;198;198;198m▄[48;2;211;208;206m[38;2;204;196;197m▄[48;2;213;200;200m[38;2;209;196;198m▄[48;2;210;212;207m[38;2;209;211;210m▄[48;2;210;209;205m[38;2;209;209;208m▄[48;2;210;210;207m[38;2;209;209;208m▄[48;2;210;210;210m[38;2;209;209;209m▄[48;2;209;209;210m[38;2;209;209;209m▄[48;2;209;209;209m[38;2;208;208;208m▄[48;2;208;208;208m[38;2;208;208;208m▄[48;2;208;208;208m[38;2;208;208;208m▄[48;2;208;208;209m[38;2;207;207;207m▄[48;2;207;207;207m[38;2;207;207;207m▄[48;2;207;207;207m[38;2;206;206;206m▄[48;2;207;207;207m[38;2;205;205;205m▄[48;2;206;206;206m[38;2;205;205;205m▄[48;2;205;205;205m[38;2;204;204;204m▄[48;2;204;204;205m[38;2;203;203;204m▄[48;2;203;203;204m[38;2;202;202;203m▄[48;2;202;202;203m[38;2;202;202;202m▄[48;2;202;202;202m[38;2;202;202;202m▄[48;2;203;203;203m[38;2;203;203;203m▄[48;2;203;203;203m[38;2;203;203;203m▄[0m
[48;2;209;209;209m[38;2;210;210;210m▄[48;2;210;210;210m[38;2;211;211;211m▄[48;2;210;210;210m[38;2;212;211;212m▄[48;2;210;210;210m[38;2;212;212;212m▄[48;2;210;210;210m[38;2;211;211;212m▄[48;2;210;210;210m[38;2;212;212;212m▄[48;2;210;210;210m[38;2;213;213;213m▄[48;2;210;210;211m[38;2;213;213;213m▄[48;2;211;211;211m[38;2;213;213;214m▄[48;2;211;211;211m[38;2;213;213;214m▄[48;2;212;212;212m[38;2;214;214;214m▄[48;2;212;212;212m[38;2;214;214;214m▄[48;2;212;212;212m[38;2;214;214;214m▄[48;2;212;212;212m[38;2;214;214;215m▄[48;2;217;217;218m[38;2;213;213;214m▄[48;2;215;215;216m[38;2;214;214;213m▄[48;2;210;210;211m[38;2;214;214;214m▄[48;2;212;212;212m[38;2;214;214;213m▄[48;2;213;213;213m[38;2;223;223;222m▄[48;2;218;218;219m[38;2;219;219;219m▄[48;2;217;217;218m[38;2;216;216;216m▄[48;2;217;217;217m[38;2;217;217;217m▄[48;2;213;212;213m[38;2;213;212;213m▄[48;2;217;223;221m[38;2;221;220;219m▄[48;2;214;177;183m[38;2;213;219;216m▄[48;2;210;90;120m[38;2;198;192;192m▄[48;2;231;134;157m[38;2;196;153;160m▄[48;2;219;143;162m[38;2;217;158;173m▄[48;2;221;131;153m[38;2;201;147;160m▄[48;2;230;145;167m[38;2;193;158;165m▄[48;2;222;155;173m[38;2;199;184;185m▄[48;2;217;154;170m[38;2;197;200;198m▄[48;2;238;230;231m[38;2;201;202;203m▄[48;2;228;230;230m[38;2;197;196;196m▄[48;2;221;221;221m[38;2;195;194;193m▄[48;2;206;206;205m[38;2;197;194;195m▄[48;2;206;206;205m[38;2;199;197;198m▄[48;2;201;207;204m[38;2;201;198;198m▄[48;2;200;204;202m[38;2;202;201;200m▄[48;2;202;205;204m[38;2;205;205;205m▄[48;2;198;202;200m[38;2;206;205;205m▄[48;2;200;202;202m[38;2;206;206;206m▄[48;2;205;206;206m[38;2;209;209;209m▄[48;2;209;211;210m[38;2;210;209;210m▄[48;2;210;209;210m[38;2;210;210;210m▄[48;2;209;209;210m[38;2;209;209;210m▄[48;2;209;209;210m[38;2;209;209;209m▄[48;2;208;208;209m[38;2;209;209;209m▄[48;2;208;208;208m[38;2;209;209;209m▄[48;2;208;207;208m[38;2;208;208;208m▄[48;2;208;207;208m[38;2;208;207;208m▄[48;2;207;207;207m[38;2;207;207;207m▄[48;2;206;206;206m[38;2;207;207;207m▄[48;2;206;206;206m[38;2;207;207;207m▄[48;2;205;205;205m[38;2;206;206;207m▄[48;2;204;204;204m[38;2;206;205;206m▄[48;2;204;204;204m[38;2;204;204;204m▄[48;2;203;203;203m[38;2;203;203;203m▄[48;2;203;202;203m[38;2;203;203;203m▄[48;2;202;202;203m[38;2;202;202;202m▄[48;2;202;202;202m[38;2;203;203;203m▄[48;2;202;202;202m[38;2;203;202;203m▄[48;2;202;202;202m[38;2;202;202;203m▄[48;2;202;202;202m[38;2;203;203;203m▄[0m
[48;2;214;214;214m[38;2;216;216;216m▄[48;2;214;214;214m[38;2;216;216;216m▄[48;2;214;214;214m[38;2;216;216;216m▄[48;2;215;215;215m[38;2;216;216;216m▄[48;2;215;215;215m[38;2;217;217;217m▄[48;2;216;216;216m[38;2;217;217;217m▄[48;2;216;216;216m[38;2;217;217;217m▄[48;2;215;215;216m[38;2;216;216;217m▄[48;2;215;215;216m[38;2;217;217;217m▄[48;2;215;215;215m[38;2;216;216;216m▄[48;2;216;216;216m[38;2;217;217;217m▄[48;2;216;216;216m[38;2;217;217;217m▄[48;2;216;216;216m[38;2;217;217;217m▄[48;2;216;216;216m[38;2;217;217;216m▄[48;2;216;216;217m[38;2;217;217;217m▄[48;2;216;216;216m[38;2;217;217;217m▄[48;2;216;216;216m[38;2;218;218;218m▄[48;2;216;216;216m[38;2;218;218;218m▄[48;2;216;216;216m[38;2;216;216;216m▄[48;2;216;216;216m[38;2;217;217;217m▄[48;2;216;216;215m[38;2;216;216;217m▄[48;2;216;216;216m[38;2;215;215;215m▄[48;2;217;216;217m[38;2;220;220;220m▄[48;2;212;213;212m[38;2;226;225;224m▄[48;2;210;208;205m[38;2;213;211;210m▄[48;2;216;213;211m[38;2;216;213;210m▄[48;2;193;195;190m[38;2;207;200;199m▄[48;2;191;192;188m[38;2;200;190;189m▄[48;2;181;181;176m[38;2;197;187;186m▄[48;2;197;196;190m[38;2;201;191;191m▄[48;2;189;180;179m[38;2;200;190;190m▄[48;2;177;164;165m[38;2;196;186;185m▄[48;2;178;167;167m[38;2;197;188;186m▄[48;2;184;171;171m[38;2;199;189;188m▄[48;2;188;174;173m[38;2;202;191;191m▄[48;2;188;175;175m[38;2;204;195;194m▄[48;2;191;179;177m[38;2;207;198;197m▄[48;2;194;184;182m[38;2;208;202;201m▄[48;2;198;191;190m[38;2;211;207;205m▄[48;2;204;198;198m[38;2;214;212;210m▄[48;2;207;205;204m[38;2;215;215;213m▄[48;2;209;210;210m[38;2;215;215;215m▄[48;2;211;212;212m[38;2;215;215;215m▄[48;2;212;212;212m[38;2;214;214;215m▄[48;2;211;211;211m[38;2;214;214;215m▄[48;2;211;210;211m[38;2;214;214;214m▄[48;2;210;210;210m[38;2;214;214;214m▄[48;2;210;210;210m[38;2;212;212;212m▄[48;2;210;210;210m[38;2;212;212;212m▄[48;2;210;210;210m[38;2;211;211;211m▄[48;2;210;210;210m[38;2;210;210;210m▄[48;2;209;209;209m[38;2;210;210;210m▄[48;2;208;208;208m[38;2;209;209;209m▄[48;2;208;208;208m[38;2;209;209;209m▄[48;2;207;207;208m[38;2;209;209;210m▄[48;2;208;207;208m[38;2;209;208;209m▄[48;2;207;207;207m[38;2;209;209;209m▄[48;2;206;206;207m[38;2;208;208;209m▄[48;2;210;210;211m[38;2;216;216;216m▄[48;2;213;213;213m[38;2;220;220;220m▄[48;2;205;205;205m[38;2;208;208;208m▄[48;2;204;204;205m[38;2;207;207;207m▄[48;2;204;204;205m[38;2;208;208;208m▄[48;2;204;204;204m[38;2;207;207;207m▄[0m
[48;2;218;218;218m[38;2;221;221;221m▄[48;2;218;218;218m[38;2;222;222;222m▄[48;2;219;219;219m[38;2;222;222;222m▄[48;2;219;219;219m[38;2;223;223;223m▄[48;2;219;219;219m[38;2;223;223;223m▄[48;2;219;219;219m[38;2;223;223;223m▄[48;2;219;219;219m[38;2;223;223;223m▄[48;2;220;220;220m[38;2;223;223;223m▄[48;2;219;219;219m[38;2;223;223;223m▄[48;2;220;220;220m[38;2;223;223;223m▄[48;2;220;220;220m[38;2;223;223;223m▄[48;2;220;220;220m[38;2;223;223;223m▄[48;2;220;220;220m[38;2;223;223;223m▄[48;2;220;220;220m[38;2;223;223;223m▄[48;2;219;219;219m[38;2;223;223;223m▄[48;2;215;215;216m[38;2;220;220;220m▄[48;2;211;210;211m[38;2;216;216;216m▄[48;2;205;205;205m[38;2;212;212;212m▄[48;2;203;203;202m[38;2;208;208;208m▄[48;2;202;202;202m[38;2;206;206;206m▄[48;2;201;200;201m[38;2;204;204;204m▄[48;2;199;200;199m[38;2;203;203;203m▄[48;2;201;201;201m[38;2;202;202;202m▄[48;2;204;204;203m[38;2;199;199;199m▄[48;2;201;201;201m[38;2;199;199;199m▄[48;2;204;205;204m[38;2;199;199;199m▄[48;2;209;209;210m[38;2;200;200;200m▄[48;2;211;211;212m[38;2;200;200;200m▄[48;2;211;211;211m[38;2;200;200;200m▄[48;2;210;211;211m[38;2;200;200;200m▄[48;2;208;209;209m[38;2;200;200;201m▄[48;2;206;206;208m[38;2;202;201;203m▄[48;2;205;206;206m[38;2;202;202;202m▄[48;2;206;207;207m[38;2;201;201;201m▄[48;2;209;209;210m[38;2;202;202;203m▄[48;2;211;211;212m[38;2;204;203;205m▄[48;2;212;212;213m[38;2;205;205;205m▄[48;2;212;212;213m[38;2;203;203;203m▄[48;2;211;211;211m[38;2;199;199;199m▄[48;2;209;210;210m[38;2;198;198;198m▄[48;2;210;210;210m[38;2;201;201;201m▄[48;2;213;213;213m[38;2;207;207;207m▄[48;2;216;215;217m[38;2;214;214;214m▄[48;2;215;215;216m[38;2;216;216;216m▄[48;2;215;215;215m[38;2;216;216;216m▄[48;2;215;215;215m[38;2;216;216;216m▄[48;2;215;215;215m[38;2;216;216;216m▄[48;2;214;214;214m[38;2;216;216;216m▄[48;2;215;215;215m[38;2;215;215;215m▄[48;2;214;214;214m[38;2;215;215;215m▄[48;2;213;213;213m[38;2;215;215;215m▄[48;2;212;212;212m[38;2;215;215;215m▄[48;2;211;211;211m[38;2;215;215;215m▄[48;2;211;211;211m[38;2;214;214;214m▄[48;2;211;211;211m[38;2;213;213;212m▄[48;2;210;210;211m[38;2;212;212;212m▄[48;2;210;210;210m[38;2;211;211;211m▄[48;2;210;210;210m[38;2;211;211;211m▄[48;2;210;210;210m[38;2;210;210;210m▄[48;2;210;210;210m[38;2;210;210;210m▄[48;2;208;208;209m[38;2;210;210;210m▄[48;2;209;209;209m[38;2;210;210;210m▄[48;2;208;208;208m[38;2;210;210;210m▄[48;2;208;208;208m[38;2;209;209;209m▄[0m
[48;2;224;224;224m[38;2;227;227;227m▄[48;2;224;224;224m[38;2;225;225;225m▄[48;2;224;224;224m[38;2;226;226;226m▄[48;2;224;224;224m[38;2;225;225;225m▄[48;2;224;224;224m[38;2;225;225;225m▄[48;2;224;224;224m[38;2;226;226;226m▄[48;2;224;224;224m[38;2;227;227;227m▄[48;2;224;224;224m[38;2;226;226;226m▄[48;2;224;224;224m[38;2;227;227;227m▄[48;2;224;224;224m[38;2;227;227;227m▄[48;2;224;224;224m[38;2;226;226;226m▄[48;2;224;224;224m[38;2;227;227;227m▄[48;2;224;224;224m[38;2;227;227;227m▄[48;2;224;224;224m[38;2;227;227;227m▄[48;2;225;225;225m[38;2;227;227;227m▄[48;2;225;225;225m[38;2;227;227;227m▄[48;2;225;225;225m[38;2;227;227;227m▄[48;2;223;223;224m[38;2;226;226;226m▄[48;2;222;222;223m[38;2;227;227;227m▄[48;2;222;222;222m[38;2;227;227;227m▄[48;2;222;222;222m[38;2;226;226;226m▄[48;2;222;222;222m[38;2;226;226;226m▄[48;2;219;219;219m[38;2;226;226;226m▄[48;2;215;215;215m[38;2;226;226;226m▄[48;2;212;212;212m[38;2;226;226;226m▄[48;2;211;211;211m[38;2;225;225;225m▄[48;2;211;211;211m[38;2;224;224;224m▄[48;2;211;211;211m[38;2;224;224;224m▄[48;2;211;211;211m[38;2;224;224;224m▄[48;2;211;212;211m[38;2;224;224;224m▄[48;2;213;213;213m[38;2;224;224;224m▄[48;2;216;216;216m[38;2;224;224;224m▄[48;2;219;219;219m[38;2;224;224;224m▄[48;2;220;220;220m[38;2;224;224;224m▄[48;2;221;221;221m[38;2;223;223;223m▄[48;2;220;220;220m[38;2;223;223;223m▄[48;2;220;220;220m[38;2;223;223;223m▄[48;2;220;220;220m[38;2;222;222;222m▄[48;2;218;218;218m[38;2;222;222;222m▄[48;2;218;218;218m[38;2;222;222;222m▄[48;2;218;218;218m[38;2;222;222;222m▄[48;2;219;219;219m[38;2;221;221;221m▄[48;2;218;218;218m[38;2;220;220;220m▄[48;2;217;217;217m[38;2;219;219;219m▄[48;2;217;217;217m[38;2;218;218;218m▄[48;2;216;216;216m[38;2;218;218;218m▄[48;2;216;216;216m[38;2;217;217;217m▄[48;2;216;216;216m[38;2;216;216;216m▄[48;2;217;217;217m[38;2;217;217;217m▄[48;2;216;216;216m[38;2;216;216;216m▄[48;2;216;216;216m[38;2;216;216;216m▄[48;2;216;216;216m[38;2;216;216;216m▄[48;2;215;215;215m[38;2;215;215;215m▄[48;2;216;216;216m[38;2;215;215;215m▄[48;2;215;215;215m[38;2;215;215;215m▄[48;2;215;215;215m[38;2;215;215;215m▄[48;2;214;214;214m[38;2;215;215;215m▄[48;2;214;214;213m[38;2;215;215;215m▄[48;2;213;213;213m[38;2;215;215;215m▄[48;2;212;212;213m[38;2;215;215;215m▄[48;2;211;211;211m[38;2;214;214;214m▄[48;2;211;211;210m[38;2;213;213;213m▄[48;2;210;210;210m[38;2;212;212;212m▄[48;2;210;210;210m[38;2;211;211;211m▄[0m
