[48;2;218;218;218m[38;2;218;218;218m▄[48;2;220;220;220m[38;2;219;219;219m▄[48;2;222;222;222m[38;2;221;221;221m▄[48;2;222;222;222m[38;2;221;221;221m▄[48;2;223;223;223m[38;2;222;222;222m▄[48;2;223;223;223m[38;2;223;223;223m▄[48;2;223;223;223m[38;2;223;223;223m▄[48;2;224;224;224m[38;2;224;224;224m▄[48;2;225;225;225m[38;2;225;225;225m▄[48;2;225;225;225m[38;2;225;225;225m▄[48;2;224;224;224m[38;2;224;224;224m▄[48;2;225;225;225m[38;2;224;224;224m▄[48;2;226;226;226m[38;2;224;224;224m▄[48;2;228;228;228m[38;2;225;225;225m▄[48;2;227;227;227m[38;2;226;226;226m▄[48;2;227;227;227m[38;2;228;228;228m▄[48;2;227;227;227m[38;2;227;227;227m▄[48;2;228;228;228m[38;2;227;227;227m▄[48;2;227;227;227m[38;2;227;227;227m▄[48;2;227;227;227m[38;2;226;226;226m▄[48;2;227;227;227m[38;2;227;227;227m▄[48;2;227;227;227m[38;2;227;227;227m▄[48;2;228;228;228m[38;2;227;227;227m▄[48;2;228;228;228m[38;2;227;227;227m▄[48;2;228;228;228m[38;2;227;227;227m▄[48;2;228;228;228m[38;2;226;226;226m▄[48;2;228;228;228m[38;2;226;226;226m▄[48;2;226;226;226m[38;2;225;225;225m▄[48;2;224;224;224m[38;2;224;224;224m▄[48;2;224;224;224m[38;2;224;224;224m▄[48;2;224;224;224m[38;2;224;224;224m▄[48;2;224;224;224m[38;2;224;224;224m▄[48;2;225;225;225m[38;2;224;224;224m▄[48;2;224;224;224m[38;2;224;224;224m▄[48;2;223;223;223m[38;2;223;223;223m▄[48;2;223;223;223m[38;2;223;223;223m▄[48;2;222;222;222m[38;2;222;222;222m▄[48;2;222;222;222m[38;2;222;222;222m▄[48;2;221;221;221m[38;2;221;221;221m▄[48;2;221;221;221m[38;2;220;220;220m▄[48;2;220;220;220m[38;2;219;219;219m▄[48;2;218;218;218m[38;2;218;218;218m▄[48;2;217;217;217m[38;2;217;217;217m▄[48;2;216;216;216m[38;2;216;216;216m▄[48;2;216;216;216m[38;2;216;216;216m▄[48;2;216;216;216m[38;2;216;216;216m▄[48;2;216;216;216m[38;2;216;216;216m▄[48;2;215;215;215m[38;2;216;216;216m▄[48;2;215;215;215m[38;2;215;215;215m▄[48;2;214;214;214m[38;2;215;215;215m▄[48;2;214;214;214m[38;2;214;214;214m▄[48;2;213;213;213m[38;2;213;213;213m▄[48;2;213;213;213m[38;2;212;212;212m▄[48;2;211;211;211m[38;2;211;211;211m▄[48;2;211;211;211m[38;2;211;211;211m▄[48;2;211;211;211m[38;2;210;210;210m▄[48;2;210;210;210m[38;2;210;210;210m▄[48;2;210;210;210m[38;2;210;210;210m▄[48;2;208;208;208m[38;2;208;208;208m▄[48;2;208;208;208m[38;2;208;208;208m▄[48;2;208;208;208m[38;2;208;208;208m▄[48;2;207;207;207m[38;2;208;208;208m▄[48;2;207;207;207m[38;2;207;207;207m▄[48;2;206;206;206m[38;2;205;205;205m▄[0m
[48;2;218;218;218m[38;2;217;217;217m▄[48;2;218;218;218m[38;2;218;218;218m▄[48;2;221;221;221m[38;2;220;220;220m▄[48;2;221;221;221m[38;2;222;222;222m▄[48;2;222;222;222m[38;2;222;222;222m▄[48;2;223;223;223m[38;2;222;222;222m▄[48;2;223;223;223m[38;2;223;223;223m▄[48;2;223;223;223m[38;2;223;223;223m▄[48;2;225;225;225m[38;2;224;224;224m▄[48;2;225;225;225m[38;2;224;224;224m▄[48;2;224;224;224m[38;2;224;224;224m▄[48;2;224;224;224m[38;2;224;224;224m▄[48;2;224;224;224m[38;2;224;224;224m▄[48;2;224;224;224m[38;2;224;224;224m▄[48;2;224;224;224m[38;2;224;224;224m▄[48;2;226;226;226m[38;2;224;224;224m▄[48;2;227;227;227m[38;2;225;225;225m▄[48;2;227;227;227m[38;2;225;225;225m▄[48;2;227;227;227m[38;2;225;225;225m▄[48;2;226;226;226m[38;2;227;227;227m▄[48;2;227;227;227m[38;2;227;227;227m▄[48;2;227;227;227m[38;2;225;225;225m▄[48;2;227;227;227m[38;2;225;225;225m▄[48;2;227;227;227m[38;2;225;225;225m▄[48;2;225;225;225m[38;2;224;224;224m▄[48;2;225;225;225m[38;2;224;224;224m▄[48;2;225;224;225m[38;2;224;224;224m▄[48;2;225;225;225m[38;2;225;225;225m▄[48;2;223;223;222m[38;2;231;228;233m▄[48;2;222;223;222m[38;2;231;227;232m▄[48;2;222;223;222m[38;2;232;228;232m▄[48;2;224;224;224m[38;2;224;224;223m▄[48;2;223;223;223m[38;2;223;223;223m▄[48;2;223;223;223m[38;2;222;222;222m▄[48;2;222;222;222m[38;2;228;225;228m▄[48;2;221;222;221m[38;2;230;226;232m▄[48;2;222;222;222m[38;2;224;223;224m▄[48;2;222;222;222m[38;2;222;222;221m▄[48;2;221;221;221m[38;2;221;221;221m▄[48;2;221;221;221m[38;2;220;220;220m▄[48;2;220;220;220m[38;2;219;219;219m▄[48;2;217;217;217m[38;2;217;217;217m▄[48;2;217;217;217m[38;2;216;216;216m▄[48;2;216;216;216m[38;2;216;216;216m▄[48;2;216;216;216m[38;2;216;216;216m▄[48;2;216;216;216m[38;2;216;216;216m▄[48;2;216;216;216m[38;2;215;215;215m▄[48;2;216;216;216m[38;2;215;215;215m▄[48;2;215;215;215m[38;2;215;215;215m▄[48;2;215;215;215m[38;2;215;215;215m▄[48;2;214;214;214m[38;2;214;213;214m▄[48;2;213;213;213m[38;2;212;212;212m▄[48;2;212;212;212m[38;2;212;212;212m▄[48;2;211;211;211m[38;2;211;211;211m▄[48;2;210;210;210m[38;2;210;210;210m▄[48;2;210;210;210m[38;2;210;210;210m▄[48;2;210;210;210m[38;2;210;210;210m▄[48;2;210;210;210m[38;2;209;209;209m▄[48;2;209;209;209m[38;2;208;208;208m▄[48;2;208;208;208m[38;2;208;208;208m▄[48;2;208;208;208m[38;2;208;208;208m▄[48;2;207;207;207m[38;2;207;207;207m▄[48;2;207;207;207m[38;2;207;207;207m▄[48;2;206;206;206m[38;2;207;207;207m▄[0m
[48;2;218;218;218m[38;2;217;217;217m▄[48;2;219;219;219m[38;2;218;218;218m▄[48;2;220;220;220m[38;2;219;219;219m▄[48;2;221;221;221m[38;2;221;221;221m▄[48;2;221;221;221m[38;2;221;221;221m▄[48;2;222;222;222m[38;2;222;222;222m▄[48;2;223;223;223m[38;2;223;223;223m▄[48;2;223;223;223m[38;2;223;223;223m▄[48;2;223;223;223m[38;2;223;223;223m▄[48;2;224;224;224m[38;2;224;224;224m▄[48;2;225;225;225m[38;2;224;224;224m▄[48;2;225;225;225m[38;2;225;225;225m▄[48;2;224;224;224m[38;2;224;224;224m▄[48;2;224;224;224m[38;2;224;224;224m▄[48;2;224;224;224m[38;2;224;224;224m▄[48;2;225;225;225m[38;2;224;224;224m▄[48;2;225;225;225m[38;2;224;224;224m▄[48;2;224;224;224m[38;2;224;224;224m▄[48;2;225;225;225m[38;2;225;225;225m▄[48;2;225;225;225m[38;2;224;224;224m▄[48;2;225;225;225m[38;2;224;224;224m▄[48;2;224;224;224m[38;2;224;224;224m▄[48;2;224;224;224m[38;2;224;224;224m▄[48;2;224;224;224m[38;2;224;224;224m▄[48;2;224;224;224m[38;2;224;224;224m▄[48;2;224;224;224m[38;2;224;224;224m▄[48;2;225;225;225m[38;2;226;225;225m▄[48;2;224;224;224m[38;2;218;221;220m▄[48;2;158;188;150m[38;2;138;183;118m▄[48;2;159;190;151m[38;2;152;194;97m▄[48;2;187;203;187m[38;2;132;178;89m▄[48;2;226;225;228m[38;2;146;180;135m▄[48;2;223;223;223m[38;2;231;228;233m▄[48;2;230;227;231m[38;2;196;207;197m▄[48;2;187;203;184m[38;2;116;168;84m▄[48;2;144;181;132m[38;2;108;163;81m▄[48;2;214;218;214m[38;2;199;207;201m▄[48;2;224;223;224m[38;2;221;221;222m▄[48;2;220;221;220m[38;2;220;220;219m▄[48;2;220;220;220m[38;2;219;219;219m▄[48;2;218;218;218m[38;2;217;217;217m▄[48;2;217;217;217m[38;2;217;217;217m▄[48;2;217;217;217m[38;2;217;217;217m▄[48;2;216;216;216m[38;2;216;216;216m▄[48;2;216;216;216m[38;2;216;216;216m▄[48;2;216;216;216m[38;2;216;216;216m▄[48;2;215;215;215m[38;2;215;215;215m▄[48;2;216;216;216m[38;2;215;215;215m▄[48;2;215;215;215m[38;2;215;215;215m▄[48;2;215;215;215m[38;2;214;214;214m▄[48;2;214;213;214m[38;2;214;214;214m▄[48;2;213;212;213m[38;2;213;213;213m▄[48;2;212;212;212m[38;2;212;212;212m▄[48;2;210;210;210m[38;2;210;210;211m▄[48;2;210;210;210m[38;2;210;210;210m▄[48;2;210;210;210m[38;2;210;210;210m▄[48;2;210;210;210m[38;2;210;210;210m▄[48;2;209;209;209m[38;2;210;210;210m▄[48;2;208;208;208m[38;2;209;209;209m▄[48;2;208;208;208m[38;2;209;209;209m▄[48;2;208;208;208m[38;2;208;208;208m▄[48;2;208;208;208m[38;2;207;207;207m▄[48;2;207;207;207m[38;2;207;207;207m▄[48;2;207;207;207m[38;2;207;207;207m▄[0m
[48;2;217;217;217m[38;2;217;217;217m▄[48;2;218;218;218m[38;2;217;217;217m▄[48;2;218;218;218m[38;2;217;217;217m▄[48;2;220;220;220m[38;2;219;219;219m▄[48;2;221;221;221m[38;2;220;220;220m▄[48;2;221;221;221m[38;2;221;221;221m▄[48;2;222;222;222m[38;2;222;222;222m▄[48;2;223;223;223m[38;2;222;222;222m▄[48;2;223;223;223m[38;2;222;222;222m▄[48;2;224;224;224m[38;2;223;223;223m▄[48;2;224;224;224m[38;2;223;223;223m▄[48;2;224;224;224m[38;2;224;224;224m▄[48;2;224;224;224m[38;2;224;224;224m▄[48;2;224;224;224m[38;2;224;224;224m▄[48;2;224;224;224m[38;2;224;224;224m▄[48;2;224;224;224m[38;2;224;224;224m▄[48;2;224;224;224m[38;2;224;224;224m▄[48;2;224;224;224m[38;2;224;224;224m▄[48;2;224;224;224m[38;2;224;224;224m▄[48;2;224;224;224m[38;2;224;224;224m▄[48;2;224;224;224m[38;2;224;224;224m▄[48;2;224;224;224m[38;2;224;224;224m▄[48;2;224;224;224m[38;2;224;224;224m▄[48;2;224;224;224m[38;2;224;224;224m▄[48;2;224;224;224m[38;2;224;224;224m▄[48;2;224;224;224m[38;2;224;224;224m▄[48;2;223;224;223m[38;2;223;223;222m▄[48;2;231;228;232m[38;2;229;226;228m▄[48;2;150;183;142m[38;2;202;214;206m▄[48;2;141;184;81m[38;2;123;178;95m▄[48;2;140;186;84m[38;2;123;180;72m▄[48;2;123;175;69m[38;2;110;164;71m▄[48;2;164;187;160m[38;2;105;159;76m▄[48;2;133;174;116m[38;2;101;152;89m▄[48;2;128;168;107m[38;2;159;183;156m▄[48;2;203;204;208m[38;2;156;184;144m▄[48;2;217;213;219m[38;2;153;182;144m▄[48;2;224;221;224m[38;2;177;195;178m▄[48;2;220;220;220m[38;2;222;221;225m▄[48;2;219;219;219m[38;2;223;221;222m▄[48;2;218;218;218m[38;2;216;217;217m▄[48;2;217;217;217m[38;2;217;217;217m▄[48;2;216;216;216m[38;2;216;216;216m▄[48;2;216;216;216m[38;2;216;216;216m▄[48;2;216;216;216m[38;2;216;216;216m▄[48;2;216;216;216m[38;2;216;216;216m▄[48;2;215;215;215m[38;2;215;215;215m▄[48;2;215;215;215m[38;2;215;215;215m▄[48;2;214;214;214m[38;2;214;214;214m▄[48;2;214;214;214m[38;2;213;213;213m▄[48;2;213;213;213m[38;2;212;212;212m▄[48;2;211;211;211m[38;2;212;212;212m▄[48;2;212;212;212m[38;2;211;211;211m▄[48;2;210;210;211m[38;2;210;210;210m▄[48;2;210;210;210m[38;2;210;210;210m▄[48;2;210;210;210m[38;2;211;211;211m▄[48;2;210;210;210m[38;2;210;210;210m▄[48;2;209;209;209m[38;2;208;208;208m▄[48;2;209;209;209m[38;2;208;208;208m▄[48;2;208;208;208m[38;2;208;208;208m▄[48;2;207;207;207m[38;2;208;208;208m▄[48;2;207;207;207m[38;2;207;207;207m▄[48;2;207;207;207m[38;2;206;206;206m▄[48;2;205;205;205m[38;2;206;206;206m▄[0m
[48;2;216;216;216m[38;2;216;216;216m▄[48;2;217;217;217m[38;2;216;216;216m▄[48;2;217;217;217m[38;2;217;217;217m▄[48;2;218;218;218m[38;2;218;218;218m▄[48;2;219;219;219m[38;2;218;218;218m▄[48;2;221;221;221m[38;2;220;220;220m▄[48;2;221;221;221m[38;2;220;220;220m▄[48;2;222;222;222m[38;2;221;221;221m▄[48;2;222;222;222m[38;2;222;222;222m▄[48;2;223;223;223m[38;2;222;222;222m▄[48;2;223;223;223m[38;2;222;222;222m▄[48;2;223;223;223m[38;2;223;223;223m▄[48;2;224;224;224m[38;2;224;224;223m▄[48;2;224;224;224m[38;2;223;223;223m▄[48;2;224;224;224m[38;2;223;223;223m▄[48;2;224;224;224m[38;2;224;224;224m▄[48;2;224;224;224m[38;2;224;224;224m▄[48;2;224;224;224m[38;2;224;224;224m▄[48;2;224;224;224m[38;2;224;224;224m▄[48;2;224;224;225m[38;2;224;224;224m▄[48;2;224;224;224m[38;2;224;224;224m▄[48;2;224;224;224m[38;2;224;223;224m▄[48;2;224;224;224m[38;2;224;223;224m▄[48;2;224;224;224m[38;2;223;223;223m▄[48;2;224;224;224m[38;2;223;222;223m▄[48;2;223;223;223m[38;2;224;225;225m▄[48;2;224;225;225m[38;2;222;221;222m▄[48;2;223;229;228m[38;2;209;150;163m▄[48;2;225;204;212m[38;2;219;140;152m▄[48;2;184;167;162m[38;2;230;138;151m▄[48;2;118;154;94m[38;2;219;119;138m▄[48;2;92;163;79m[38;2;186;119;128m▄[48;2;63;137;52m[38;2;172;134;125m▄[48;2;79;143;70m[38;2;103;149;81m▄[48;2;114;167;83m[38;2;90;162;64m▄[48;2;124;177;78m[38;2;115;176;71m▄[48;2;141;186;90m[38;2;132;185;79m▄[48;2;142;186;99m[38;2;127;179;69m▄[48;2;135;174;119m[38;2;117;164;97m▄[48;2;207;212;208m[38;2;198;203;199m▄[48;2;220;219;220m[38;2;219;217;218m▄[48;2;216;216;216m[38;2;215;216;215m▄[48;2;216;216;216m[38;2;216;216;216m▄[48;2;216;216;216m[38;2;216;216;216m▄[48;2;216;216;216m[38;2;215;215;215m▄[48;2;215;215;215m[38;2;215;215;215m▄[48;2;215;215;215m[38;2;215;215;215m▄[48;2;215;215;215m[38;2;214;214;214m▄[48;2;214;214;214m[38;2;213;213;213m▄[48;2;213;213;213m[38;2;212;212;212m▄[48;2;213;213;213m[38;2;212;212;212m▄[48;2;212;212;212m[38;2;212;212;212m▄[48;2;211;211;211m[38;2;211;211;211m▄[48;2;210;210;210m[38;2;210;210;210m▄[48;2;210;210;210m[38;2;210;210;210m▄[48;2;210;210;210m[38;2;210;210;210m▄[48;2;210;210;210m[38;2;209;209;209m▄[48;2;208;208;208m[38;2;208;208;208m▄[48;2;208;208;208m[38;2;208;208;208m▄[48;2;208;208;208m[38;2;208;208;208m▄[48;2;207;207;207m[38;2;207;207;207m▄[48;2;207;207;207m[38;2;206;206;206m▄[48;2;207;207;207m[38;2;206;206;206m▄[48;2;206;206;206m[38;2;205;205;205m▄[0m
[48;2;216;216;216m[38;2;216;216;216m▄[48;2;216;216;216m[38;2;216;216;216m▄[48;2;216;216;216m[38;2;216;216;216m▄[48;2;217;217;217m[38;2;216;216;216m▄[48;2;217;217;217m[38;2;217;217;217m▄[48;2;218;218;218m[38;2;217;217;217m▄[48;2;220;220;220m[38;2;218;218;218m▄[48;2;221;221;221m[38;2;221;221;221m▄[48;2;221;221;221m[38;2;221;221;221m▄[48;2;222;222;222m[38;2;221;221;221m▄[48;2;222;222;222m[38;2;221;221;221m▄[48;2;223;223;223m[38;2;222;222;222m▄[48;2;223;222;223m[38;2;222;222;222m▄[48;2;223;223;223m[38;2;222;222;222m▄[48;2;223;223;223m[38;2;222;222;222m▄[48;2;224;224;224m[38;2;223;223;223m▄[48;2;223;223;223m[38;2;223;223;223m▄[48;2;223;223;223m[38;2;223;223;223m▄[48;2;223;223;223m[38;2;223;223;223m▄[48;2;223;223;223m[38;2;223;223;223m▄[48;2;223;223;223m[38;2;223;223;223m▄[48;2;223;223;223m[38;2;223;223;223m▄[48;2;224;223;224m[38;2;223;223;223m▄[48;2;223;223;223m[38;2;222;221;221m▄[48;2;223;222;223m[38;2;225;231;230m▄[48;2;224;228;227m[38;2;214;184;192m▄[48;2;207;147;160m[38;2;220;139;153m▄[48;2;225;145;155m[38;2;233;151;159m▄[48;2;232;147;156m[38;2;228;129;141m▄[48;2;223;119;132m[38;2;212;98;120m▄[48;2;212;101;120m[38;2;221;140;155m▄[48;2;230;140;157m[38;2;233;150;158m▄[48;2;243;150;166m[38;2;223;128;139m▄[48;2;222;134;143m[38;2;229;133;145m▄[48;2;168;142;116m[38;2;237;131;149m▄[48;2;147;161;103m[38;2;241;145;161m▄[48;2;135;157;106m[38;2;215;144;160m▄[48;2;149;176;147m[38;2;205;202;209m▄[48;2;196;195;198m[38;2;206;205;206m▄[48;2;207;205;207m[38;2;211;211;211m▄[48;2;213;213;213m[38;2;216;216;216m▄[48;2;217;216;217m[38;2;216;216;216m▄[48;2;216;216;216m[38;2;216;216;217m▄[48;2;216;216;216m[38;2;215;215;215m▄[48;2;215;215;215m[38;2;216;216;215m▄[48;2;215;215;215m[38;2;216;216;217m▄[48;2;215;215;215m[38;2;214;214;215m▄[48;2;214;214;214m[38;2;214;213;214m▄[48;2;214;214;214m[38;2;214;214;214m▄[48;2;213;213;213m[38;2;212;212;212m▄[48;2;213;213;213m[38;2;212;212;212m▄[48;2;212;212;212m[38;2;211;211;211m▄[48;2;211;211;211m[38;2;210;210;210m▄[48;2;210;210;210m[38;2;210;210;210m▄[48;2;210;210;210m[38;2;210;210;210m▄[48;2;210;210;210m[38;2;209;209;209m▄[48;2;209;209;209m[38;2;209;209;209m▄[48;2;209;209;209m[38;2;209;208;209m▄[48;2;208;208;208m[38;2;208;208;208m▄[48;2;208;208;208m[38;2;208;208;208m▄[48;2;208;208;208m[38;2;207;207;207m▄[48;2;207;207;207m[38;2;207;207;207m▄[48;2;207;207;207m[38;2;206;206;206m▄[48;2;205;205;205m[38;2;205;205;205m▄[0m
[48;2;216;216;216m[38;2;215;215;215m▄[48;2;216;216;216m[38;2;216;216;216m▄[48;2;216;216;216m[38;2;216;216;216m▄[48;2;216;216;216m[38;2;216;216;216m▄[48;2;216;216;216m[38;2;216;216;216m▄[48;2;217;217;217m[38;2;217;217;217m▄[48;2;217;217;217m[38;2;217;217;217m▄[48;2;218;218;218m[38;2;218;218;218m▄[48;2;219;219;219m[38;2;218;218;218m▄[48;2;220;220;220m[38;2;218;218;218m▄[48;2;221;221;221m[38;2;219;219;219m▄[48;2;221;221;221m[38;2;220;220;220m▄[48;2;221;221;221m[38;2;220;220;220m▄[48;2;221;221;221m[38;2;221;221;221m▄[48;2;222;222;222m[38;2;221;221;221m▄[48;2;222;222;222m[38;2;221;221;221m▄[48;2;222;222;222m[38;2;221;221;221m▄[48;2;222;222;222m[38;2;221;221;221m▄[48;2;222;222;222m[38;2;221;221;222m▄[48;2;223;223;223m[38;2;222;222;222m▄[48;2;223;223;223m[38;2;222;222;222m▄[48;2;223;223;223m[38;2;222;222;222m▄[48;2;222;222;222m[38;2;221;221;221m▄[48;2;222;221;221m[38;2;222;222;221m▄[48;2;224;230;229m[38;2;221;221;222m▄[48;2;209;151;165m[38;2;210;144;159m▄[48;2;230;152;162m[38;2;231;149;158m▄[48;2;227;131;143m[38;2;227;132;144m▄[48;2;228;132;144m[38;2;227;133;145m▄[48;2;217;122;137m[38;2;229;147;156m▄[48;2;230;151;161m[38;2;228;136;149m▄[48;2;227;130;142m[38;2;227;133;144m▄[48;2;228;136;147m[38;2;230;145;154m▄[48;2;227;135;146m[38;2;229;139;150m▄[48;2;223;128;139m[38;2;229;135;146m▄[48;2;228;148;154m[38;2;231;150;156m▄[48;2;209;107;121m[38;2;218;106;122m▄[48;2;200;148;158m[38;2;205;112;128m▄[48;2;215;222;221m[38;2;208;209;209m▄[48;2;217;215;216m[38;2;216;215;214m▄[48;2;220;221;222m[38;2;215;211;206m▄[48;2;217;217;218m[38;2;213;206;196m▄[48;2;216;215;213m[38;2;213;204;192m▄[48;2;215;215;214m[38;2;212;199;182m▄[48;2;216;217;220m[38;2;212;202;190m▄[48;2;215;215;215m[38;2;214;215;216m▄[48;2;214;214;214m[38;2;214;214;214m▄[48;2;214;214;214m[38;2;214;214;214m▄[48;2;213;213;213m[38;2;213;213;213m▄[48;2;211;211;212m[38;2;212;212;213m▄[48;2;211;211;211m[38;2;211;211;211m▄[48;2;211;211;211m[38;2;211;211;211m▄[48;2;210;210;210m[38;2;210;210;210m▄[48;2;210;210;210m[38;2;210;210;210m▄[48;2;210;210;210m[38;2;210;210;210m▄[48;2;209;209;209m[38;2;209;209;209m▄[48;2;209;209;209m[38;2;208;208;208m▄[48;2;209;209;209m[38;2;209;209;209m▄[48;2;208;208;208m[38;2;208;208;208m▄[48;2;207;207;207m[38;2;207;207;207m▄[48;2;207;207;207m[38;2;207;207;207m▄[48;2;206;206;206m[38;2;206;206;206m▄[48;2;206;206;206m[38;2;206;206;206m▄[48;2;205;205;205m[38;2;204;204;204m▄[0m
[48;2;214;214;214m[38;2;215;215;215m▄[48;2;216;216;215m[38;2;215;215;215m▄[48;2;216;216;216m[38;2;216;216;216m▄[48;2;216;216;216m[38;2;216;216;216m▄[48;2;216;216;216m[38;2;216;216;216m▄[48;2;216;216;216m[38;2;216;216;216m▄[48;2;216;216;216m[38;2;216;216;216m▄[48;2;217;217;217m[38;2;216;216;216m▄[48;2;217;217;217m[38;2;216;216;216m▄[48;2;218;218;218m[38;2;217;217;217m▄[48;2;217;218;217m[38;2;217;217;217m▄[48;2;218;218;218m[38;2;217;217;217m▄[48;2;218;218;219m[38;2;218;218;218m▄[48;2;219;219;219m[38;2;218;218;218m▄[48;2;220;220;220m[38;2;219;219;219m▄[48;2;220;220;220m[38;2;219;219;219m▄[48;2;221;221;221m[38;2;219;219;219m▄[48;2;221;221;221m[38;2;220;220;220m▄[48;2;221;221;221m[38;2;220;220;220m▄[48;2;222;222;222m[38;2;220;220;220m▄[48;2;222;222;222m[38;2;221;221;221m▄[48;2;221;221;221m[38;2;221;220;220m▄[48;2;221;221;221m[38;2;220;220;220m▄[48;2;221;221;221m[38;2;220;218;218m▄[48;2;220;222;222m[38;2;222;229;228m▄[48;2;208;143;155m[38;2;207;154;165m▄[48;2;233;150;159m[38;2;208;109;125m▄[48;2;227;131;143m[38;2;221;131;142m▄[48;2;228;133;145m[38;2;227;132;143m▄[48;2;227;137;148m[38;2;224;129;141m▄[48;2;228;136;148m[38;2;225;132;142m▄[48;2;228;136;147m[38;2;226;131;142m▄[48;2;228;136;147m[38;2;226;135;145m▄[48;2;227;129;141m[38;2;224;130;141m▄[48;2;230;141;150m[38;2;226;134;144m▄[48;2;227;135;146m[38;2;222;123;137m▄[48;2;220;111;125m[38;2;213;97;115m▄[48;2;203;110;127m[38;2;194;123;139m▄[48;2;201;199;201m[38;2;202;206;206m▄[48;2;214;213;209m[38;2;214;212;213m▄[48;2;217;212;207m[38;2;216;216;217m▄[48;2;215;213;212m[38;2;214;215;215m▄[48;2;215;216;217m[38;2;214;213;212m▄[48;2;214;215;217m[38;2;213;214;216m▄[48;2;208;195;179m[38;2;211;210;209m▄[48;2;211;204;192m[38;2;206;193;173m▄[48;2;215;216;218m[38;2;214;215;218m▄[48;2;212;212;212m[38;2;213;212;212m▄[48;2;212;212;212m[38;2;214;214;214m▄[48;2;211;211;212m[38;2;214;214;214m▄[48;2;210;210;210m[38;2;213;213;213m▄[48;2;210;210;210m[38;2;210;210;210m▄[48;2;210;210;210m[38;2;210;210;210m▄[48;2;210;210;210m[38;2;210;210;210m▄[48;2;210;210;210m[38;2;210;210;210m▄[48;2;209;209;209m[38;2;209;209;209m▄[48;2;208;208;208m[38;2;209;209;209m▄[48;2;208;208;208m[38;2;208;208;209m▄[48;2;208;208;208m[38;2;207;207;207m▄[48;2;207;207;207m[38;2;207;207;207m▄[48;2;206;206;206m[38;2;206;206;207m▄[48;2;206;206;206m[38;2;205;205;206m▄[48;2;204;204;204m[38;2;204;204;204m▄[48;2;204;204;204m[38;2;204;204;204m▄[0m
[48;2;215;215;215m[38;2;215;215;215m▄[48;2;215;215;215m[38;2;215;215;215m▄[48;2;215;215;215m[38;2;215;215;215m▄[48;2;216;216;216m[38;2;215;215;215m▄[48;2;216;216;216m[38;2;215;215;215m▄[48;2;216;216;216m[38;2;216;216;216m▄[48;2;216;216;216m[38;2;216;216;216m▄[48;2;216;216;216m[38;2;216;216;216m▄[48;2;216;216;216m[38;2;216;216;216m▄[48;2;216;216;216m[38;2;216;216;216m▄[48;2;216;216;216m[38;2;216;216;216m▄[48;2;217;217;217m[38;2;217;217;217m▄[48;2;217;217;217m[38;2;217;217;217m▄[48;2;217;217;217m[38;2;217;217;217m▄[48;2;217;217;217m[38;2;217;217;217m▄[48;2;219;219;219m[38;2;217;217;217m▄[48;2;219;219;219m[38;2;217;218;218m▄[48;2;218;218;218m[38;2;217;216;217m▄[48;2;219;219;219m[38;2;217;217;217m▄[48;2;219;217;217m[38;2;218;226;225m▄[48;2;220;218;218m[38;2;218;223;222m▄[48;2;219;219;219m[38;2;218;216;216m▄[48;2;219;220;220m[38;2;217;211;212m▄[48;2;218;219;219m[38;2;217;214;214m▄[48;2;219;219;219m[38;2;217;222;221m▄[48;2;214;210;210m[38;2;220;234;231m▄[48;2;193;106;124m[38;2;201;152;164m▄[48;2;225;122;135m[38;2;216;93;115m▄[48;2;227;136;147m[38;2;226;125;139m▄[48;2;225;129;142m[38;2;224;130;142m▄[48;2;226;133;144m[38;2;229;145;154m▄[48;2;227;133;144m[38;2;228;135;145m▄[48;2;228;140;151m[38;2;227;124;138m▄[48;2;225;132;143m[38;2;222;122;135m▄[48;2;224;129;141m[38;2;218;110;126m▄[48;2;214;100;118m[38;2;214;87;109m▄[48;2;194;96;114m[38;2;191;121;137m▄[48;2;190;181;183m[38;2;196;210;207m▄[48;2;203;207;207m[38;2;209;199;199m▄[48;2;214;220;219m[38;2;216;186;188m▄[48;2;214;215;215m[38;2;214;210;211m▄[48;2;215;214;214m[38;2;218;221;223m▄[48;2;216;217;219m[38;2;207;200;189m▄[48;2;215;217;219m[38;2;197;180;156m▄[48;2;207;196;177m[38;2;206;195;180m▄[48;2;207;198;184m[38;2;215;215;215m▄[48;2;211;212;216m[38;2;211;208;203m▄[48;2;215;214;215m[38;2;213;213;214m▄[48;2;218;218;219m[38;2;211;211;211m▄[48;2;212;212;212m[38;2;210;210;210m▄[48;2;211;211;211m[38;2;210;210;210m▄[48;2;210;210;210m[38;2;211;211;211m▄[48;2;210;210;210m[38;2;210;210;210m▄[48;2;210;210;210m[38;2;210;210;210m▄[48;2;210;210;209m[38;2;208;208;209m▄[48;2;208;208;208m[38;2;208;208;208m▄[48;2;208;208;208m[38;2;208;208;208m▄[48;2;207;207;208m[38;2;207;207;208m▄[48;2;207;207;208m[38;2;207;206;207m▄[48;2;206;206;206m[38;2;206;206;206m▄[48;2;206;206;206m[38;2;206;206;206m▄[48;2;205;205;205m[38;2;205;205;205m▄[48;2;204;204;204m[38;2;204;204;204m▄[48;2;204;204;204m[38;2;203;203;203m▄[0m
[48;2;214;214;214m[38;2;214;214;214m▄[48;2;214;214;214m[38;2;214;214;214m▄[48;2;215;215;215m[38;2;215;215;215m▄[48;2;215;215;215m[38;2;215;215;215m▄[48;2;215;215;215m[38;2;215;215;215m▄[48;2;215;215;215m[38;2;215;215;215m▄[48;2;215;215;215m[38;2;215;215;215m▄[48;2;216;216;216m[38;2;215;215;215m▄[48;2;216;216;216m[38;2;216;216;216m▄[48;2;216;216;216m[38;2;216;216;216m▄[48;2;217;217;217m[38;2;217;217;217m▄[48;2;216;216;216m[38;2;216;216;216m▄[48;2;216;216;216m[38;2;216;216;216m▄[48;2;216;216;216m[38;2;216;216;216m▄[48;2;217;217;217m[38;2;216;216;216m▄[48;2;217;217;217m[38;2;217;216;216m▄[48;2;217;216;216m[38;2;217;221;220m▄[48;2;217;221;220m[38;2;216;203;204m▄[48;2;216;218;218m[38;2;214;133;145m▄[48;2;216;179;183m[38;2;231;168;175m▄[48;2;222;160;167m[38;2;226;148;156m▄[48;2;226;156;162m[38;2;218;128;138m▄[48;2;227;159;164m[38;2;218;121;132m▄[48;2;228;160;166m[38;2;224;136;147m▄[48;2;220;157;162m[38;2;239;171;179m▄[48;2;218;203;204m[38;2;221;134;144m▄[48;2;211;207;209m[38;2;217;211;211m▄[48;2;196;100;118m[38;2;207;200;201m▄[48;2;219;100;119m[38;2;195;131;145m▄[48;2;204;85;107m[38;2;194;110;128m▄[48;2;221;125;140m[38;2;194;132;143m▄[48;2;226;152;159m[38;2;219;151;157m▄[48;2;212;120;135m[38;2;219;147;152m▄[48;2;215;96;116m[38;2;200;129;143m▄[48;2;216;90;110m[38;2;189;115;132m▄[48;2;196;82;105m[38;2;192;172;177m▄[48;2;187;172;178m[38;2;201;212;210m▄[48;2;202;192;193m[38;2;211;143;150m▄[48;2;224;145;152m[38;2;236;167;173m▄[48;2;236;160;165m[38;2;221;154;162m▄[48;2;221;164;171m[38;2;217;140;148m▄[48;2;202;199;188m[38;2;201;197;187m▄[48;2;199;192;172m[38;2;215;182;189m▄[48;2;209;212;211m[38;2;224;163;170m▄[48;2;210;216;219m[38;2;216;196;197m▄[48;2;209;205;199m[38;2;207;204;197m▄[48;2;215;210;201m[38;2;215;213;211m▄[48;2;216;217;218m[38;2;215;216;216m▄[48;2;211;211;211m[38;2;210;210;210m▄[48;2;212;212;212m[38;2;210;210;210m▄[48;2;212;212;212m[38;2;210;210;210m▄[48;2;214;214;214m[38;2;209;209;210m▄[48;2;210;210;210m[38;2;209;209;209m▄[48;2;210;209;210m[38;2;210;210;210m▄[48;2;209;209;209m[38;2;208;208;208m▄[48;2;208;208;209m[38;2;208;208;208m▄[48;2;207;207;207m[38;2;207;207;207m▄[48;2;207;207;207m[38;2;207;207;208m▄[48;2;207;207;207m[38;2;206;206;206m▄[48;2;206;206;206m[38;2;206;206;206m▄[48;2;205;205;205m[38;2;204;204;205m▄[48;2;204;204;204m[38;2;204;204;204m▄[48;2;203;203;203m[38;2;203;203;203m▄[48;2;203;203;203m[38;2;203;203;203m▄[0m
[48;2;214;214;214m[38;2;213;213;213m▄[48;2;214;214;214m[38;2;214;214;214m▄[48;2;214;214;214m[38;2;214;214;214m▄[48;2;214;214;214m[38;2;214;214;214m▄[48;2;215;215;215m[38;2;214;214;214m▄[48;2;214;214;214m[38;2;214;214;214m▄[48;2;216;216;216m[38;2;214;214;214m▄[48;2;215;215;215m[38;2;215;215;215m▄[48;2;215;215;215m[38;2;215;215;215m▄[48;2;216;216;216m[38;2;215;215;215m▄[48;2;216;216;216m[38;2;216;216;216m▄[48;2;216;216;216m[38;2;216;216;216m▄[48;2;216;216;216m[38;2;216;216;216m▄[48;2;216;216;216m[38;2;217;217;217m▄[48;2;217;217;217m[38;2;217;216;216m▄[48;2;217;217;217m[38;2;218;222;222m▄[48;2;216;217;217m[38;2;211;193;196m▄[48;2;212;136;146m[38;2;209;127;139m▄[48;2;239;194;199m[38;2;237;192;199m▄[48;2;214;140;148m[38;2;193;87;104m▄[48;2;204;90;105m[38;2;219;139;151m▄[48;2;237;174;183m[38;2;232;167;177m▄[48;2;217;127;138m[38;2;191;100;115m▄[48;2;202;114;125m[38;2;205;130;141m▄[48;2;232;168;178m[38;2;243;185;193m▄[48;2;232;156;165m[38;2;209;115;129m▄[48;2;205;170;174m[38;2;201;111;123m▄[48;2;212;215;215m[38;2;216;142;153m▄[48;2;209;211;211m[38;2;210;125;137m▄[48;2;204;220;217m[38;2;207;139;150m▄[48;2;208;179;180m[38;2;208;145;153m▄[48;2;231;151;158m[38;2;208;111;123m▄[48;2;226;144;151m[38;2;200;110;122m▄[48;2;202;176;177m[38;2;199;145;152m▄[48;2;198;209;207m[38;2;215;143;152m▄[48;2;202;201;200m[38;2;211;136;146m▄[48;2;206;193;194m[38;2;203;122;133m▄[48;2;223;149;157m[38;2;230;166;174m▄[48;2;232;179;183m[38;2;226;171;177m▄[48;2;214;126;135m[38;2;210;129;139m▄[48;2;206;137;146m[38;2;210;125;137m▄[48;2;203;211;210m[38;2;204;169;173m▄[48;2;218;143;151m[38;2;211;134;141m▄[48;2;239;175;181m[38;2;205;107;121m▄[48;2;212;138;147m[38;2;200;151;158m▄[48;2;209;213;214m[38;2;202;209;208m▄[48;2;211;210;211m[38;2;211;209;209m▄[48;2;209;209;209m[38;2;210;210;210m▄[48;2;210;210;210m[38;2;210;210;210m▄[48;2;209;209;210m[38;2;210;210;210m▄[48;2;210;210;210m[38;2;210;210;210m▄[48;2;210;210;209m[38;2;210;209;210m▄[48;2;209;209;209m[38;2;209;208;210m▄[48;2;208;208;208m[38;2;209;209;209m▄[48;2;208;208;208m[38;2;208;208;208m▄[48;2;208;208;208m[38;2;208;208;208m▄[48;2;207;207;207m[38;2;207;207;207m▄[48;2;207;207;207m[38;2;207;207;207m▄[48;2;206;206;206m[38;2;206;206;206m▄[48;2;205;205;205m[38;2;205;205;205m▄[48;2;204;204;204m[38;2;204;204;205m▄[48;2;204;204;204m[38;2;203;203;203m▄[48;2;203;203;203m[38;2;203;203;203m▄[48;2;203;203;203m[38;2;203;203;203m▄[0m
[48;2;212;212;212m[38;2;211;211;211m▄[48;2;212;212;212m[38;2;211;211;211m▄[48;2;214;214;214m[38;2;213;212;213m▄[48;2;214;214;214m[38;2;212;212;213m▄[48;2;214;214;214m[38;2;213;213;213m▄[48;2;214;214;214m[38;2;213;213;213m▄[48;2;214;214;214m[38;2;214;214;214m▄[48;2;215;215;215m[38;2;214;214;214m▄[48;2;215;215;215m[38;2;214;214;214m▄[48;2;215;215;215m[38;2;215;215;215m▄[48;2;215;215;215m[38;2;215;215;215m▄[48;2;215;215;215m[38;2;215;215;215m▄[48;2;215;215;215m[38;2;215;215;215m▄[48;2;216;216;216m[38;2;216;216;216m▄[48;2;215;215;215m[38;2;215;215;215m▄[48;2;216;216;216m[38;2;215;214;215m▄[48;2;216;215;215m[38;2;216;218;218m▄[48;2;198;115;130m[38;2;214;205;207m▄[48;2;195;90;108m[38;2;195;153;162m▄[48;2;184;72;92m[38;2;189;93;111m▄[48;2;231;159;169m[38;2;232;144;158m▄[48;2;217;134;147m[38;2;204;117;134m▄[48;2;200;100;117m[38;2;235;159;170m▄[48;2;229;160;169m[38;2;180;85;103m▄[48;2;202;112;127m[38;2;179;82;102m▄[48;2;189;78;100m[38;2;220;135;149m▄[48;2;232;166;176m[38;2;202;113;130m▄[48;2;198;109;124m[38;2;167;55;78m▄[48;2;239;180;188m[38;2;238;170;179m▄[48;2;208;116;132m[38;2;169;59;82m▄[48;2;195;89;108m[38;2;213;131;145m▄[48;2;239;186;192m[38;2;217;148;158m▄[48;2;185;84;102m[38;2;172;61;83m▄[48;2;217;145;156m[38;2;235;171;180m▄[48;2;215;144;153m[38;2;191;109;123m▄[48;2;218;150;160m[38;2;179;79;98m▄[48;2;206;117;129m[38;2;185;87;106m▄[48;2;233;181;187m[38;2;238;169;178m▄[48;2;209;144;153m[38;2;191;106;124m▄[48;2;218;151;160m[38;2;204;118;132m▄[48;2;236;171;180m[38;2;214;132;145m▄[48;2;184;75;92m[38;2;165;55;77m▄[48;2;231;165;172m[38;2;238;166;174m▄[48;2;215;131;145m[38;2;182;81;102m▄[48;2;186;159;165m[38;2;178;78;97m▄[48;2;203;211;210m[38;2;200;166;172m▄[48;2;211;209;210m[38;2;212;218;217m▄[48;2;212;212;212m[38;2;210;209;209m▄[48;2;209;209;209m[38;2;211;211;211m▄[48;2;211;211;211m[38;2;211;211;211m▄[48;2;210;210;210m[38;2;210;210;210m▄[48;2;208;210;212m[38;2;208;209;210m▄[48;2;208;209;214m[38;2;207;207;212m▄[48;2;208;207;210m[38;2;208;207;210m▄[48;2;208;208;208m[38;2;208;208;208m▄[48;2;208;208;208m[38;2;208;208;207m▄[48;2;207;207;204m[38;2;207;207;202m▄[48;2;207;207;204m[38;2;206;207;203m▄[48;2;205;205;205m[38;2;206;205;206m▄[48;2;204;204;204m[38;2;203;203;204m▄[48;2;204;204;204m[38;2;203;203;203m▄[48;2;203;203;203m[38;2;202;202;202m▄[48;2;203;203;203m[38;2;202;202;202m▄[48;2;203;203;203m[38;2;203;203;202m▄[0m
[48;2;210;210;210m[38;2;210;210;210m▄[48;2;210;210;210m[38;2;210;210;210m▄[48;2;211;211;211m[38;2;210;210;210m▄[48;2;211;211;211m[38;2;210;210;210m▄[48;2;212;212;212m[38;2;211;211;211m▄[48;2;212;212;212m[38;2;212;212;212m▄[48;2;213;213;213m[38;2;212;212;212m▄[48;2;214;214;214m[38;2;212;212;212m▄[48;2;214;214;214m[38;2;213;213;213m▄[48;2;214;214;214m[38;2;214;214;214m▄[48;2;214;215;214m[38;2;214;214;214m▄[48;2;214;214;214m[38;2;214;214;214m▄[48;2;214;214;214m[38;2;214;214;214m▄[48;2;215;215;215m[38;2;214;214;214m▄[48;2;214;214;214m[38;2;214;214;214m▄[48;2;215;215;215m[38;2;214;214;214m▄[48;2;215;214;215m[38;2;213;211;211m▄[48;2;215;222;220m[38;2;209;207;194m▄[48;2;192;176;181m[38;2;183;139;150m▄[48;2;199;93;116m[38;2;203;90;113m▄[48;2;219;125;141m[38;2;200;95;117m▄[48;2;149;43;67m[38;2;170;114;127m▄[48;2;220;125;141m[38;2;179;81;103m▄[48;2;206;116;132m[38;2;236;134;152m▄[48;2;158;67;89m[38;2;165;63;85m▄[48;2;234;137;154m[38;2;186;81;102m▄[48;2;196;97;115m[38;2;213;109;129m▄[48;2;209;117;134m[38;2;177;75;100m▄[48;2;231;135;153m[38;2;213;114;133m▄[48;2;178;81;103m[38;2;183;81;104m▄[48;2;242;156;167m[38;2;191;87;108m▄[48;2;195;94;113m[38;2;206;106;125m▄[48;2;199;112;130m[38;2;169;71;93m▄[48;2;235;138;153m[38;2;197;99;117m▄[48;2;176;90;106m[38;2;207;108;126m▄[48;2;178;94;111m[38;2;182;84;105m▄[48;2;219;129;144m[38;2;181;82;102m▄[48;2;236;142;157m[38;2;195;93;113m▄[48;2;156;46;72m[38;2;155;59;82m▄[48;2;225;137;151m[38;2;194;91;112m▄[48;2;201;111;128m[38;2;198;92;112m▄[48;2;209;123;139m[38;2;173;70;91m▄[48;2;229;133;150m[38;2;210;111;128m▄[48;2;175;77;97m[38;2;184;79;102m▄[48;2;184;83;104m[38;2;172;92;112m▄[48;2;187;146;155m[38;2;192;193;194m▄[48;2;209;216;214m[38;2;203;203;203m▄[48;2;209;207;209m[38;2;209;209;209m▄[48;2;213;213;213m[38;2;208;208;208m▄[48;2;210;210;210m[38;2;208;208;208m▄[48;2;209;209;209m[38;2;208;207;208m▄[48;2;209;209;209m[38;2;210;210;210m▄[48;2;213;212;214m[38;2;212;212;212m▄[48;2;207;207;208m[38;2;207;207;207m▄[48;2;208;208;208m[38;2;207;207;206m▄[48;2;208;208;206m[38;2;207;207;204m▄[48;2;206;208;202m[38;2;207;207;203m▄[48;2;203;207;202m[38;2;204;206;203m▄[48;2;204;205;205m[38;2;202;205;204m▄[48;2;203;203;204m[38;2;202;203;204m▄[48;2;202;202;202m[38;2;203;203;203m▄[48;2;202;202;202m[38;2;202;202;202m▄[48;2;202;202;202m[38;2;202;202;202m▄[48;2;202;202;203m[38;2;202;202;202m▄[0m
[48;2;210;210;210m[38;2;209;209;209m▄[48;2;210;210;210m[38;2;210;210;210m▄[48;2;210;210;210m[38;2;210;210;210m▄[48;2;210;210;210m[38;2;210;210;210m▄[48;2;210;210;210m[38;2;210;210;210m▄[48;2;211;211;211m[38;2;210;210;210m▄[48;2;211;211;211m[38;2;210;210;210m▄[48;2;212;212;212m[38;2;210;210;210m▄[48;2;212;212;212m[38;2;210;210;210m▄[48;2;213;213;213m[38;2;211;211;211m▄[48;2;213;213;214m[38;2;211;211;211m▄[48;2;213;213;214m[38;2;211;211;211m▄[48;2;214;214;214m[38;2;211;211;211m▄[48;2;214;214;214m[38;2;212;212;212m▄[48;2;214;213;213m[38;2;212;212;212m▄[48;2;215;216;217m[38;2;212;212;213m▄[48;2;208;204;199m[38;2;212;211;211m▄[48;2;202;194;179m[38;2;194;178;161m▄[48;2;206;190;198m[38;2;206;204;196m▄[48;2;167;66;90m[38;2;203;184;185m▄[48;2;170;64;91m[38;2;188;161;159m▄[48;2;191;183;188m[38;2;188;178;162m▄[48;2;172;113;122m[38;2;203;192;182m▄[48;2;193;82;104m[38;2;163;81;102m▄[48;2;233;130;148m[38;2;191;78;100m▄[48;2;153;45;71m[38;2;234;136;152m▄[48;2;160;66;90m[38;2;194;101;120m▄[48;2;166;75;97m[38;2;162;67;90m▄[48;2;151;43;70m[38;2;178;84;104m▄[48;2;179;115;130m[38;2;181;114;127m▄[48;2;181;119;134m[38;2;177;119;134m▄[48;2;172;84;104m[38;2;177;98;116m▄[48;2;181;111;124m[38;2;177;92;113m▄[48;2;163;67;90m[38;2;182;98;117m▄[48;2;163;67;90m[38;2;179;92;112m▄[48;2;166;71;92m[38;2;180;94;113m▄[48;2;165;64;87m[38;2;188;105;122m▄[48;2;163;70;93m[38;2;181;93;112m▄[48;2;194;177;179m[38;2;186;171;174m▄[48;2;178;117;133m[38;2;201;204;193m▄[48;2;175;105;123m[38;2;191;183;166m▄[48;2;179;126;140m[38;2;188;184;167m▄[48;2;167;83;105m[38;2;194;189;180m▄[48;2;176;107;125m[38;2;193;194;188m▄[48;2;186;180;182m[38;2;192;189;179m▄[48;2;192;195;194m[38;2;202;201;201m▄[48;2;205;205;205m[38;2;207;207;207m▄[48;2;208;208;208m[38;2;208;208;208m▄[48;2;208;208;208m[38;2;208;208;208m▄[48;2;208;208;208m[38;2;207;207;207m▄[48;2;208;208;208m[38;2;207;207;207m▄[48;2;207;207;207m[38;2;206;206;206m▄[48;2;207;207;207m[38;2;206;206;206m▄[48;2;207;207;207m[38;2;205;205;205m▄[48;2;206;206;205m[38;2;204;204;204m▄[48;2;206;206;205m[38;2;204;204;204m▄[48;2;206;205;206m[38;2;203;203;204m▄[48;2;204;204;205m[38;2;203;203;203m▄[48;2;203;203;203m[38;2;202;202;203m▄[48;2;202;203;203m[38;2;202;202;202m▄[48;2;202;202;204m[38;2;202;201;202m▄[48;2;202;202;202m[38;2;201;202;202m▄[48;2;203;203;203m[38;2;202;202;202m▄[48;2;202;202;202m[38;2;201;201;202m▄[0m
[48;2;208;209;209m[38;2;212;212;212m▄[48;2;210;210;210m[38;2;212;212;212m▄[48;2;210;210;210m[38;2;212;212;212m▄[48;2;210;210;210m[38;2;213;213;213m▄[48;2;210;210;210m[38;2;213;213;213m▄[48;2;210;210;210m[38;2;213;213;213m▄[48;2;210;210;210m[38;2;213;213;213m▄[48;2;210;210;210m[38;2;214;214;214m▄[48;2;211;211;211m[38;2;214;214;214m▄[48;2;211;211;211m[38;2;214;214;214m▄[48;2;212;212;212m[38;2;214;214;214m▄[48;2;212;212;212m[38;2;214;214;214m▄[48;2;212;212;212m[38;2;215;215;215m▄[48;2;212;212;212m[38;2;215;215;215m▄[48;2;213;213;213m[38;2;215;215;215m▄[48;2;213;213;213m[38;2;215;215;215m▄[48;2;213;213;214m[38;2;215;214;214m▄[48;2;209;206;203m[38;2;215;216;216m▄[48;2;195;180;163m[38;2;214;216;218m▄[48;2;194;185;168m[38;2;212;213;215m▄[48;2;195;190;177m[38;2;212;213;216m▄[48;2;202;197;194m[38;2;212;213;214m▄[48;2;210;214;215m[38;2;212;211;211m▄[48;2;209;203;204m[38;2;213;215;215m▄[48;2;169;99;116m[38;2;211;212;211m▄[48;2;164;56;82m[38;2;190;155;164m▄[48;2;199;85;107m[38;2;169;103;120m▄[48;2;205;100;121m[38;2;163;84;105m▄[48;2;196;95;115m[38;2;166;87;106m▄[48;2;189;81;104m[38;2;169;100;116m▄[48;2;199;100;120m[38;2;165;79;99m▄[48;2;181;93;110m[38;2;170;72;94m▄[48;2;151;48;72m[38;2;184;80;104m▄[48;2;163;81;101m[38;2;188;89;111m▄[48;2;173;124;134m[38;2;185;87;110m▄[48;2;168;105;119m[38;2;194;94;115m▄[48;2;181;85;106m[38;2;198;98;118m▄[48;2;192;88;111m[38;2;158;57;83m▄[48;2;175;136;146m[38;2;187;174;178m▄[48;2;206;206;199m[38;2;204;208;209m▄[48;2;201;194;191m[38;2;209;209;210m▄[48;2;198;190;182m[38;2;207;208;211m▄[48;2;197;188;171m[38;2;207;208;213m▄[48;2;201;190;176m[38;2;207;208;210m▄[48;2;204;200;197m[38;2;207;208;209m▄[48;2;205;207;207m[38;2;207;208;208m▄[48;2;207;208;207m[38;2;207;207;207m▄[48;2;206;206;206m[38;2;210;210;210m▄[48;2;206;206;206m[38;2;214;214;214m▄[48;2;207;207;207m[38;2;209;209;209m▄[48;2;206;206;207m[38;2;209;209;209m▄[48;2;205;205;205m[38;2;208;207;208m▄[48;2;204;204;204m[38;2;207;206;207m▄[48;2;203;204;203m[38;2;207;206;207m▄[48;2;204;204;204m[38;2;207;207;207m▄[48;2;203;203;203m[38;2;206;206;206m▄[48;2;202;202;202m[38;2;205;204;205m▄[48;2;202;202;202m[38;2;204;204;204m▄[48;2;202;202;203m[38;2;203;203;203m▄[48;2;201;201;202m[38;2;203;203;203m▄[48;2;202;202;202m[38;2;203;203;203m▄[48;2;202;202;202m[38;2;202;202;202m▄[48;2;202;202;202m[38;2;202;202;202m▄[48;2;202;202;202m[38;2;203;202;203m▄[0m
[48;2;214;214;214m[38;2;216;216;216m▄[48;2;215;215;215m[38;2;216;216;216m▄[48;2;215;215;215m[38;2;216;216;216m▄[48;2;216;216;216m[38;2;217;217;217m▄[48;2;216;216;216m[38;2;217;217;217m▄[48;2;216;216;216m[38;2;217;217;217m▄[48;2;216;216;215m[38;2;217;217;217m▄[48;2;216;216;216m[38;2;217;217;217m▄[48;2;216;216;216m[38;2;217;217;217m▄[48;2;216;216;215m[38;2;217;217;217m▄[48;2;216;216;216m[38;2;217;217;217m▄[48;2;216;216;216m[38;2;217;217;217m▄[48;2;216;216;216m[38;2;217;217;217m▄[48;2;216;216;216m[38;2;217;217;217m▄[48;2;216;216;216m[38;2;217;217;217m▄[48;2;216;216;216m[38;2;217;217;217m▄[48;2;216;216;216m[38;2;217;217;217m▄[48;2;216;216;216m[38;2;215;215;215m▄[48;2;216;216;215m[38;2;215;214;215m▄[48;2;216;216;215m[38;2;214;214;214m▄[48;2;216;216;215m[38;2;213;213;213m▄[48;2;217;217;216m[38;2;212;212;212m▄[48;2;218;218;218m[38;2;212;212;212m▄[48;2;216;215;215m[38;2;211;211;211m▄[48;2;210;210;210m[38;2;209;209;209m▄[48;2;203;208;207m[38;2;207;206;206m▄[48;2;196;198;197m[38;2;205;201;202m▄[48;2;189;185;186m[38;2;200;197;197m▄[48;2;184;180;180m[38;2;197;192;193m▄[48;2;184;184;182m[38;2;195;189;190m▄[48;2;184;171;172m[38;2;194;190;190m▄[48;2;171;125;136m[38;2;195;196;195m▄[48;2;161;88;107m[38;2;194;194;193m▄[48;2;164;75;97m[38;2;189;179;181m▄[48;2;165;70;95m[38;2;187;172;175m▄[48;2;162;68;91m[38;2;192;179;182m▄[48;2;159;80;100m[38;2;193;193;192m▄[48;2;182;154;160m[38;2;190;194;192m▄[48;2;189;192;192m[38;2;198;197;199m▄[48;2;202;200;201m[38;2;205;204;205m▄[48;2;209;208;208m[38;2;207;207;207m▄[48;2;211;211;211m[38;2;210;210;209m▄[48;2;212;212;213m[38;2;212;212;211m▄[48;2;210;209;209m[38;2;211;211;211m▄[48;2;210;210;210m[38;2;210;210;210m▄[48;2;210;209;210m[38;2;210;210;210m▄[48;2;209;209;209m[38;2;210;210;210m▄[48;2;211;211;211m[38;2;210;210;210m▄[48;2;213;213;213m[38;2;209;209;209m▄[48;2;209;209;209m[38;2;209;209;209m▄[48;2;209;209;209m[38;2;209;209;209m▄[48;2;209;209;210m[38;2;209;209;209m▄[48;2;208;208;209m[38;2;210;210;210m▄[48;2;208;208;208m[38;2;209;209;209m▄[48;2;208;208;208m[38;2;209;209;210m▄[48;2;208;207;208m[38;2;209;209;209m▄[48;2;208;208;208m[38;2;209;209;209m▄[48;2;207;206;207m[38;2;208;208;208m▄[48;2;211;211;211m[38;2;216;216;216m▄[48;2;214;214;214m[38;2;220;220;220m▄[48;2;206;206;206m[38;2;209;208;209m▄[48;2;205;205;205m[38;2;207;207;208m▄[48;2;205;205;205m[38;2;208;208;207m▄[48;2;205;205;204m[38;2;207;207;207m▄[0m
[48;2;219;219;219m[38;2;223;223;223m▄[48;2;220;220;220m[38;2;223;223;223m▄[48;2;220;220;220m[38;2;224;224;224m▄[48;2;220;220;220m[38;2;224;224;224m▄[48;2;220;220;220m[38;2;224;224;224m▄[48;2;220;220;220m[38;2;224;224;224m▄[48;2;221;221;221m[38;2;224;224;224m▄[48;2;221;221;221m[38;2;223;223;223m▄[48;2;221;221;221m[38;2;224;224;224m▄[48;2;221;221;221m[38;2;224;224;224m▄[48;2;222;222;222m[38;2;224;224;224m▄[48;2;223;223;223m[38;2;224;224;224m▄[48;2;222;222;222m[38;2;224;224;224m▄[48;2;222;222;222m[38;2;224;224;224m▄[48;2;220;220;220m[38;2;224;224;224m▄[48;2;217;217;217m[38;2;222;222;222m▄[48;2;213;212;213m[38;2;219;219;219m▄[48;2;206;206;206m[38;2;214;214;214m▄[48;2;199;199;199m[38;2;209;209;209m▄[48;2;193;193;194m[38;2;204;204;204m▄[48;2;191;191;191m[38;2;203;203;203m▄[48;2;190;190;190m[38;2;202;202;202m▄[48;2;189;189;189m[38;2;200;200;200m▄[48;2;189;189;189m[38;2;196;196;196m▄[48;2;190;190;189m[38;2;190;190;191m▄[48;2;192;192;192m[38;2;188;187;188m▄[48;2;196;196;196m[38;2;186;186;186m▄[48;2;199;199;199m[38;2;185;185;185m▄[48;2;199;199;199m[38;2;185;185;186m▄[48;2;199;199;199m[38;2;186;186;187m▄[48;2;198;197;198m[38;2;187;187;187m▄[48;2;196;195;195m[38;2;186;186;186m▄[48;2;194;193;194m[38;2;185;185;185m▄[48;2;194;195;196m[38;2;185;184;185m▄[48;2;192;195;195m[38;2;185;184;186m▄[48;2;191;193;193m[38;2;185;185;184m▄[48;2;191;191;191m[38;2;185;185;185m▄[48;2;191;190;191m[38;2;186;186;186m▄[48;2;187;187;188m[38;2;191;191;191m▄[48;2;186;186;186m[38;2;194;194;194m▄[48;2;186;186;186m[38;2;193;193;193m▄[48;2;194;194;195m[38;2;197;198;198m▄[48;2;195;195;195m[38;2;195;195;195m▄[48;2;191;191;191m[38;2;192;192;192m▄[48;2;194;194;194m[38;2;196;196;196m▄[48;2;201;200;201m[38;2;203;203;203m▄[48;2;207;207;207m[38;2;210;210;210m▄[48;2;211;211;211m[38;2;213;214;214m▄[48;2;213;213;213m[38;2;215;215;215m▄[48;2;213;213;213m[38;2;215;216;216m▄[48;2;212;212;213m[38;2;215;215;215m▄[48;2;213;213;213m[38;2;215;215;215m▄[48;2;212;212;212m[38;2;215;215;215m▄[48;2;211;211;211m[38;2;214;214;214m▄[48;2;210;210;210m[38;2;213;213;213m▄[48;2;210;210;210m[38;2;213;213;213m▄[48;2;210;210;210m[38;2;212;212;212m▄[48;2;210;210;210m[38;2;212;212;212m▄[48;2;210;210;210m[38;2;211;211;211m▄[48;2;210;210;210m[38;2;210;210;210m▄[48;2;209;209;210m[38;2;210;210;210m▄[48;2;209;209;209m[38;2;210;210;210m▄[48;2;209;209;209m[38;2;210;210;210m▄[48;2;209;209;209m[38;2;210;210;210m▄[0m
[48;2;224;224;224m[38;2;227;227;227m▄[48;2;225;225;225m[38;2;228;228;228m▄[48;2;225;225;225m[38;2;227;227;227m▄[48;2;225;225;225m[38;2;228;228;228m▄[48;2;226;226;226m[38;2;228;228;228m▄[48;2;225;225;225m[38;2;227;227;227m▄[48;2;225;225;225m[38;2;228;228;228m▄[48;2;226;226;226m[38;2;228;228;228m▄[48;2;225;225;225m[38;2;228;228;228m▄[48;2;226;226;226m[38;2;228;228;228m▄[48;2;226;226;226m[38;2;228;228;228m▄[48;2;226;226;226m[38;2;227;227;227m▄[48;2;226;226;226m[38;2;227;227;227m▄[48;2;226;226;226m[38;2;227;227;227m▄[48;2;225;225;225m[38;2;226;226;226m▄[48;2;225;225;225m[38;2;226;226;226m▄[48;2;225;225;225m[38;2;227;227;227m▄[48;2;225;225;225m[38;2;227;227;227m▄[48;2;225;225;225m[38;2;227;227;227m▄[48;2;225;225;225m[38;2;227;227;227m▄[48;2;226;226;226m[38;2;227;227;227m▄[48;2;225;225;225m[38;2;227;227;227m▄[48;2;224;224;224m[38;2;227;227;227m▄[48;2;222;222;222m[38;2;226;226;226m▄[48;2;219;219;219m[38;2;226;226;226m▄[48;2;216;216;216m[38;2;227;227;227m▄[48;2;213;213;213m[38;2;227;227;227m▄[48;2;212;212;212m[38;2;226;226;226m▄[48;2;212;212;212m[38;2;226;226;226m▄[48;2;211;211;211m[38;2;225;225;225m▄[48;2;210;210;209m[38;2;226;226;226m▄[48;2;206;206;206m[38;2;225;225;225m▄[48;2;204;204;204m[38;2;225;225;225m▄[48;2;202;202;203m[38;2;225;225;225m▄[48;2;201;200;201m[38;2;224;224;224m▄[48;2;201;201;201m[38;2;223;223;223m▄[48;2;202;203;203m[38;2;224;223;223m▄[48;2;206;207;207m[38;2;223;223;223m▄[48;2;213;213;213m[38;2;223;223;223m▄[48;2;216;216;216m[38;2;222;222;222m▄[48;2;219;219;219m[38;2;222;222;222m▄[48;2;218;218;218m[38;2;222;222;222m▄[48;2;216;216;216m[38;2;221;221;221m▄[48;2;217;217;217m[38;2;218;218;218m▄[48;2;217;217;217m[38;2;218;218;218m▄[48;2;216;217;217m[38;2;217;217;217m▄[48;2;217;217;217m[38;2;217;217;217m▄[48;2;216;216;216m[38;2;217;217;217m▄[48;2;216;216;216m[38;2;217;217;217m▄[48;2;216;216;216m[38;2;216;216;216m▄[48;2;215;216;216m[38;2;216;216;216m▄[48;2;215;215;215m[38;2;216;216;216m▄[48;2;216;216;216m[38;2;216;216;216m▄[48;2;216;216;216m[38;2;216;216;216m▄[48;2;215;215;215m[38;2;215;215;215m▄[48;2;215;215;215m[38;2;216;216;216m▄[48;2;215;215;215m[38;2;216;216;216m▄[48;2;215;215;215m[38;2;215;215;215m▄[48;2;214;214;215m[38;2;216;216;215m▄[48;2;213;213;213m[38;2;215;215;215m▄[48;2;212;212;213m[38;2;214;214;214m▄[48;2;211;211;211m[38;2;214;214;214m▄[48;2;211;211;211m[38;2;214;214;214m▄[48;2;210;210;210m[38;2;213;213;213m▄[0m
