[48;2;219;219;219m[38;2;218;218;218m▄[48;2;221;221;221m[38;2;220;220;220m▄[48;2;222;222;222m[38;2;222;222;222m▄[48;2;223;223;223m[38;2;222;222;222m▄[48;2;224;224;224m[38;2;223;223;223m▄[48;2;223;223;223m[38;2;223;223;223m▄[48;2;224;224;224m[38;2;224;224;224m▄[48;2;225;225;225m[38;2;224;224;224m▄[48;2;225;225;225m[38;2;224;224;224m▄[48;2;225;225;225m[38;2;224;224;224m▄[48;2;224;224;224m[38;2;224;224;224m▄[48;2;224;224;224m[38;2;224;224;224m▄[48;2;226;226;226m[38;2;226;225;226m▄[48;2;228;228;228m[38;2;227;227;228m▄[48;2;228;228;228m[38;2;226;226;226m▄[48;2;228;228;228m[38;2;228;228;228m▄[48;2;227;227;227m[38;2;227;227;227m▄[48;2;227;227;227m[38;2;227;227;227m▄[48;2;227;227;227m[38;2;227;227;227m▄[48;2;227;227;227m[38;2;227;227;227m▄[48;2;227;227;227m[38;2;227;227;227m▄[48;2;227;227;227m[38;2;227;227;227m▄[48;2;227;227;227m[38;2;227;227;227m▄[48;2;227;227;227m[38;2;227;227;227m▄[48;2;227;227;227m[38;2;227;227;227m▄[48;2;227;227;227m[38;2;227;227;227m▄[48;2;227;227;227m[38;2;226;226;226m▄[48;2;226;226;226m[38;2;225;225;225m▄[48;2;225;225;225m[38;2;224;224;224m▄[48;2;225;225;225m[38;2;224;224;224m▄[48;2;224;224;224m[38;2;224;224;224m▄[48;2;224;224;224m[38;2;224;224;224m▄[48;2;225;225;225m[38;2;224;224;224m▄[48;2;224;224;224m[38;2;224;224;224m▄[48;2;223;223;223m[38;2;223;223;223m▄[48;2;223;223;223m[38;2;223;223;223m▄[48;2;223;223;223m[38;2;223;223;223m▄[48;2;222;222;222m[38;2;222;222;222m▄[48;2;221;221;221m[38;2;221;221;221m▄[48;2;221;221;221m[38;2;221;221;221m▄[48;2;220;220;220m[38;2;220;220;220m▄[48;2;218;218;218m[38;2;218;218;218m▄[48;2;217;217;217m[38;2;217;217;217m▄[48;2;217;217;217m[38;2;216;216;216m▄[48;2;216;216;216m[38;2;216;216;216m▄[48;2;216;216;216m[38;2;216;216;216m▄[48;2;217;217;217m[38;2;216;216;216m▄[48;2;216;216;216m[38;2;216;216;216m▄[48;2;215;215;215m[38;2;215;215;215m▄[48;2;215;215;215m[38;2;215;215;215m▄[48;2;214;215;214m[38;2;214;214;214m▄[48;2;213;213;213m[38;2;214;214;214m▄[48;2;213;213;213m[38;2;213;213;213m▄[48;2;212;212;212m[38;2;212;212;212m▄[48;2;211;211;211m[38;2;210;210;210m▄[48;2;211;211;211m[38;2;210;210;210m▄[48;2;211;211;211m[38;2;211;211;211m▄[48;2;211;211;211m[38;2;211;211;211m▄[48;2;209;209;209m[38;2;209;209;209m▄[48;2;209;209;209m[38;2;208;208;208m▄[48;2;208;208;208m[38;2;209;209;209m▄[48;2;208;208;208m[38;2;208;208;208m▄[48;2;207;207;207m[38;2;207;207;207m▄[48;2;206;206;206m[38;2;206;206;206m▄[0m
[48;2;218;218;218m[38;2;218;218;218m▄[48;2;219;219;219m[38;2;218;218;218m▄[48;2;221;221;221m[38;2;220;220;220m▄[48;2;222;222;222m[38;2;221;221;221m▄[48;2;222;222;222m[38;2;222;222;222m▄[48;2;223;223;223m[38;2;223;223;223m▄[48;2;224;224;224m[38;2;223;223;223m▄[48;2;224;224;224m[38;2;223;223;223m▄[48;2;224;224;224m[38;2;224;224;224m▄[48;2;224;224;224m[38;2;224;224;224m▄[48;2;224;224;224m[38;2;224;224;224m▄[48;2;224;224;224m[38;2;224;224;224m▄[48;2;224;224;225m[38;2;224;224;224m▄[48;2;226;226;226m[38;2;224;224;224m▄[48;2;225;225;225m[38;2;224;224;224m▄[48;2;228;228;228m[38;2;225;225;225m▄[48;2;227;227;227m[38;2;225;225;225m▄[48;2;226;226;226m[38;2;226;226;226m▄[48;2;227;227;227m[38;2;226;226;226m▄[48;2;227;227;227m[38;2;227;227;227m▄[48;2;227;227;227m[38;2;227;227;227m▄[48;2;227;227;227m[38;2;227;227;227m▄[48;2;227;227;227m[38;2;225;225;225m▄[48;2;227;227;227m[38;2;225;225;225m▄[48;2;226;226;226m[38;2;224;224;224m▄[48;2;225;225;225m[38;2;224;224;224m▄[48;2;224;224;224m[38;2;224;224;224m▄[48;2;224;224;224m[38;2;226;225;226m▄[48;2;224;224;224m[38;2;226;225;227m▄[48;2;224;224;223m[38;2;226;225;228m▄[48;2;222;223;222m[38;2;234;230;234m▄[48;2;224;224;224m[38;2;225;225;225m▄[48;2;223;223;223m[38;2;222;223;222m▄[48;2;223;223;223m[38;2;223;223;222m▄[48;2;222;222;222m[38;2;228;226;228m▄[48;2;222;223;222m[38;2;227;225;229m▄[48;2;222;223;222m[38;2;226;225;226m▄[48;2;222;222;222m[38;2;221;222;221m▄[48;2;221;221;221m[38;2;221;221;221m▄[48;2;221;221;221m[38;2;220;220;220m▄[48;2;220;220;220m[38;2;218;218;218m▄[48;2;217;217;217m[38;2;217;217;217m▄[48;2;217;217;217m[38;2;217;217;217m▄[48;2;216;216;216m[38;2;216;216;216m▄[48;2;216;216;216m[38;2;216;216;216m▄[48;2;217;217;217m[38;2;217;217;217m▄[48;2;215;215;215m[38;2;216;216;216m▄[48;2;216;216;216m[38;2;216;216;216m▄[48;2;215;215;215m[38;2;216;216;216m▄[48;2;215;215;215m[38;2;215;215;215m▄[48;2;214;214;214m[38;2;214;214;214m▄[48;2;213;213;213m[38;2;212;212;212m▄[48;2;212;212;212m[38;2;212;212;212m▄[48;2;210;210;210m[38;2;210;210;210m▄[48;2;210;210;210m[38;2;210;210;211m▄[48;2;210;210;210m[38;2;210;210;210m▄[48;2;210;210;210m[38;2;210;210;210m▄[48;2;210;210;210m[38;2;210;210;210m▄[48;2;208;208;208m[38;2;208;208;208m▄[48;2;208;208;208m[38;2;209;208;208m▄[48;2;209;209;209m[38;2;209;208;209m▄[48;2;208;208;208m[38;2;208;208;208m▄[48;2;207;207;207m[38;2;207;207;207m▄[48;2;207;207;207m[38;2;207;207;207m▄[0m
[48;2;217;217;217m[38;2;218;218;218m▄[48;2;219;219;219m[38;2;219;219;219m▄[48;2;220;220;220m[38;2;220;220;220m▄[48;2;221;221;221m[38;2;221;221;221m▄[48;2;222;222;222m[38;2;221;221;221m▄[48;2;222;222;222m[38;2;223;223;223m▄[48;2;223;223;223m[38;2;223;223;223m▄[48;2;223;223;223m[38;2;223;223;223m▄[48;2;223;223;223m[38;2;224;224;224m▄[48;2;224;224;224m[38;2;224;224;224m▄[48;2;225;225;225m[38;2;225;225;225m▄[48;2;225;225;225m[38;2;225;225;225m▄[48;2;224;224;224m[38;2;224;224;224m▄[48;2;224;224;224m[38;2;224;224;224m▄[48;2;225;225;225m[38;2;224;224;224m▄[48;2;224;224;224m[38;2;224;224;224m▄[48;2;225;225;225m[38;2;224;224;224m▄[48;2;225;225;225m[38;2;224;224;224m▄[48;2;226;226;226m[38;2;224;224;224m▄[48;2;226;226;226m[38;2;224;224;224m▄[48;2;226;226;226m[38;2;224;224;224m▄[48;2;225;225;225m[38;2;224;224;224m▄[48;2;224;224;224m[38;2;224;224;224m▄[48;2;224;224;224m[38;2;225;225;225m▄[48;2;224;224;224m[38;2;224;224;224m▄[48;2;224;224;224m[38;2;224;224;224m▄[48;2;226;225;226m[38;2;226;226;226m▄[48;2;219;221;219m[38;2;215;219;218m▄[48;2;144;181;133m[38;2;141;185;119m▄[48;2;152;187;140m[38;2;155;197;96m▄[48;2;173;195;171m[38;2;134;182;86m▄[48;2;221;222;223m[38;2;138;178;123m▄[48;2;225;225;225m[38;2;227;225;230m▄[48;2;230;227;231m[38;2;189;203;189m▄[48;2;178;199;174m[38;2;114;168;78m▄[48;2;124;171;109m[38;2;116;166;93m▄[48;2;207;213;206m[38;2;199;206;200m▄[48;2;225;224;226m[38;2;221;220;220m▄[48;2;220;221;220m[38;2;220;220;219m▄[48;2;220;220;220m[38;2;220;220;220m▄[48;2;219;219;219m[38;2;219;219;219m▄[48;2;217;217;217m[38;2;218;218;218m▄[48;2;217;217;217m[38;2;217;217;217m▄[48;2;216;216;216m[38;2;217;217;217m▄[48;2;216;216;216m[38;2;217;216;216m▄[48;2;216;216;216m[38;2;215;216;216m▄[48;2;216;216;216m[38;2;215;216;216m▄[48;2;216;216;216m[38;2;216;215;217m▄[48;2;215;215;215m[38;2;215;215;215m▄[48;2;215;215;215m[38;2;215;215;215m▄[48;2;214;213;214m[38;2;214;214;214m▄[48;2;212;212;212m[38;2;213;213;213m▄[48;2;212;212;212m[38;2;212;212;212m▄[48;2;210;210;211m[38;2;211;211;211m▄[48;2;210;210;211m[38;2;211;211;211m▄[48;2;210;210;210m[38;2;210;210;210m▄[48;2;210;210;210m[38;2;210;210;210m▄[48;2;210;210;210m[38;2;210;210;210m▄[48;2;208;208;208m[38;2;209;209;209m▄[48;2;209;209;209m[38;2;209;209;209m▄[48;2;209;208;209m[38;2;209;209;209m▄[48;2;208;207;208m[38;2;208;208;208m▄[48;2;207;207;207m[38;2;207;207;207m▄[48;2;207;207;207m[38;2;207;207;207m▄[0m
[48;2;217;217;217m[38;2;217;217;217m▄[48;2;217;217;217m[38;2;217;217;217m▄[48;2;219;219;219m[38;2;218;218;218m▄[48;2;220;220;220m[38;2;219;219;219m▄[48;2;220;220;221m[38;2;220;220;220m▄[48;2;222;222;222m[38;2;221;221;221m▄[48;2;223;223;223m[38;2;222;222;222m▄[48;2;223;223;223m[38;2;223;223;223m▄[48;2;223;223;223m[38;2;223;223;223m▄[48;2;224;224;224m[38;2;223;223;223m▄[48;2;224;224;224m[38;2;224;224;224m▄[48;2;224;224;224m[38;2;223;223;224m▄[48;2;225;225;225m[38;2;224;223;224m▄[48;2;224;224;224m[38;2;224;224;224m▄[48;2;224;224;224m[38;2;225;225;224m▄[48;2;224;224;224m[38;2;225;225;225m▄[48;2;224;224;224m[38;2;224;224;224m▄[48;2;224;224;224m[38;2;224;224;224m▄[48;2;224;224;224m[38;2;224;224;224m▄[48;2;224;224;224m[38;2;224;224;224m▄[48;2;224;224;224m[38;2;224;224;224m▄[48;2;224;224;224m[38;2;224;224;224m▄[48;2;224;224;224m[38;2;224;224;224m▄[48;2;224;224;224m[38;2;224;224;224m▄[48;2;224;224;224m[38;2;224;224;224m▄[48;2;224;224;224m[38;2;224;224;224m▄[48;2;223;224;223m[38;2;223;223;222m▄[48;2;230;227;232m[38;2;229;227;228m▄[48;2;150;182;140m[38;2;205;219;212m▄[48;2;140;185;81m[38;2;125;179;102m▄[48;2;139;185;85m[38;2;120;179;73m▄[48;2;125;177;69m[38;2;106;165;72m▄[48;2;158;183;151m[38;2;102;160;74m▄[48;2;128;171;110m[38;2;100;152;89m▄[48;2;135;173;117m[38;2;158;183;152m▄[48;2;208;207;215m[38;2;148;182;131m▄[48;2;214;212;216m[38;2;147;181;133m▄[48;2;225;222;225m[38;2;165;189;161m▄[48;2;223;222;222m[38;2;215;217;217m▄[48;2;219;220;219m[38;2;225;223;225m▄[48;2;219;219;219m[38;2;217;217;217m▄[48;2;217;217;217m[38;2;217;217;217m▄[48;2;216;216;216m[38;2;216;216;216m▄[48;2;217;217;217m[38;2;216;216;216m▄[48;2;216;216;216m[38;2;216;216;216m▄[48;2;216;216;216m[38;2;216;216;216m▄[48;2;216;216;216m[38;2;216;216;216m▄[48;2;216;215;216m[38;2;215;216;215m▄[48;2;215;215;215m[38;2;215;215;215m▄[48;2;215;215;215m[38;2;214;214;214m▄[48;2;214;214;214m[38;2;213;213;213m▄[48;2;213;213;213m[38;2;213;213;213m▄[48;2;212;212;212m[38;2;211;211;211m▄[48;2;211;211;211m[38;2;210;210;210m▄[48;2;210;210;211m[38;2;210;210;210m▄[48;2;210;210;210m[38;2;210;210;210m▄[48;2;210;210;210m[38;2;210;210;210m▄[48;2;210;210;210m[38;2;210;210;210m▄[48;2;209;209;209m[38;2;208;208;208m▄[48;2;208;208;208m[38;2;208;208;208m▄[48;2;209;209;208m[38;2;208;208;208m▄[48;2;208;208;208m[38;2;208;208;208m▄[48;2;207;207;207m[38;2;207;207;207m▄[48;2;206;206;206m[38;2;206;206;206m▄[0m
[48;2;216;216;216m[38;2;216;216;216m▄[48;2;217;217;217m[38;2;216;216;216m▄[48;2;217;217;217m[38;2;217;217;217m▄[48;2;218;218;218m[38;2;217;217;217m▄[48;2;220;220;220m[38;2;219;219;219m▄[48;2;221;221;221m[38;2;220;220;220m▄[48;2;221;221;221m[38;2;221;221;221m▄[48;2;222;222;222m[38;2;221;221;221m▄[48;2;223;223;223m[38;2;222;222;222m▄[48;2;223;223;223m[38;2;223;223;223m▄[48;2;223;223;223m[38;2;223;223;223m▄[48;2;223;223;223m[38;2;223;223;223m▄[48;2;223;223;223m[38;2;223;223;223m▄[48;2;224;224;224m[38;2;223;223;224m▄[48;2;224;224;225m[38;2;224;223;224m▄[48;2;224;224;224m[38;2;224;224;224m▄[48;2;224;224;224m[38;2;224;224;224m▄[48;2;224;224;224m[38;2;224;224;224m▄[48;2;224;224;224m[38;2;224;224;224m▄[48;2;224;224;224m[38;2;224;224;224m▄[48;2;224;224;224m[38;2;224;224;224m▄[48;2;224;224;224m[38;2;224;224;224m▄[48;2;224;224;224m[38;2;224;224;224m▄[48;2;224;224;224m[38;2;223;223;223m▄[48;2;224;224;224m[38;2;223;222;222m▄[48;2;224;223;223m[38;2;225;228;227m▄[48;2;225;228;227m[38;2;220;213;215m▄[48;2;222;226;225m[38;2;212;141;157m▄[48;2;223;195;203m[38;2;226;144;156m▄[48;2;192;162;163m[38;2;232;139;152m▄[48;2;128;151;102m[38;2;224;115;138m▄[48;2;99;164;87m[38;2;196;116;133m▄[48;2;66;134;55m[38;2;190;139;138m▄[48;2;77;144;67m[38;2;114;151;88m▄[48;2;114;168;81m[38;2;92;162;64m▄[48;2;126;179;77m[38;2;117;180;72m▄[48;2;143;188;90m[38;2;129;183;72m▄[48;2;147;191;97m[38;2;125;177;70m▄[48;2;125;170;104m[38;2;123;166;102m▄[48;2;199;208;200m[38;2;197;202;198m▄[48;2;222;220;222m[38;2;218;217;219m▄[48;2;216;217;216m[38;2;216;216;216m▄[48;2;216;216;216m[38;2;216;216;216m▄[48;2;217;217;217m[38;2;217;217;217m▄[48;2;217;217;217m[38;2;216;216;216m▄[48;2;216;216;216m[38;2;215;215;215m▄[48;2;215;215;215m[38;2;215;215;215m▄[48;2;215;215;215m[38;2;215;215;215m▄[48;2;215;215;215m[38;2;214;214;214m▄[48;2;213;213;213m[38;2;213;213;213m▄[48;2;213;213;213m[38;2;213;213;213m▄[48;2;211;211;211m[38;2;211;211;211m▄[48;2;210;210;210m[38;2;211;211;211m▄[48;2;210;210;210m[38;2;210;210;210m▄[48;2;210;210;210m[38;2;210;210;210m▄[48;2;209;210;210m[38;2;210;210;209m▄[48;2;210;210;210m[38;2;211;210;211m▄[48;2;209;209;209m[38;2;209;209;210m▄[48;2;208;208;208m[38;2;208;208;209m▄[48;2;208;208;208m[38;2;208;208;208m▄[48;2;208;207;208m[38;2;207;207;207m▄[48;2;207;207;208m[38;2;208;208;207m▄[48;2;207;207;208m[38;2;207;207;207m▄[48;2;206;206;206m[38;2;206;206;206m▄[0m
[48;2;216;216;216m[38;2;216;216;216m▄[48;2;216;216;216m[38;2;216;216;216m▄[48;2;216;216;216m[38;2;216;216;216m▄[48;2;216;216;216m[38;2;217;217;217m▄[48;2;217;217;217m[38;2;217;217;217m▄[48;2;219;219;219m[38;2;218;218;218m▄[48;2;221;220;221m[38;2;219;219;219m▄[48;2;221;221;221m[38;2;220;220;220m▄[48;2;221;221;221m[38;2;221;221;221m▄[48;2;222;222;222m[38;2;221;221;221m▄[48;2;222;222;222m[38;2;221;221;221m▄[48;2;223;223;223m[38;2;222;222;222m▄[48;2;222;222;222m[38;2;222;222;222m▄[48;2;223;223;223m[38;2;222;222;222m▄[48;2;223;223;223m[38;2;222;222;222m▄[48;2;223;223;223m[38;2;223;223;223m▄[48;2;223;223;223m[38;2;223;223;223m▄[48;2;223;223;223m[38;2;223;223;223m▄[48;2;223;223;223m[38;2;223;223;223m▄[48;2;223;223;223m[38;2;223;223;223m▄[48;2;223;223;223m[38;2;223;223;223m▄[48;2;223;223;223m[38;2;223;223;223m▄[48;2;223;223;223m[38;2;223;223;223m▄[48;2;223;223;223m[38;2;223;221;221m▄[48;2;224;224;224m[38;2;225;232;231m▄[48;2;222;223;223m[38;2;211;173;182m▄[48;2;210;139;154m[38;2;225;146;158m▄[48;2;232;154;164m[38;2;233;148;158m▄[48;2;232;146;156m[38;2;229;133;144m▄[48;2;224;117;132m[38;2;215;104;124m▄[48;2;211;105;123m[38;2;224;149;160m▄[48;2;231;149;160m[38;2;233;150;157m▄[48;2;242;150;164m[38;2;227;134;144m▄[48;2;229;137;149m[38;2;231;137;148m▄[48;2;176;139;119m[38;2;239;138;154m▄[48;2;149;146;99m[38;2;237;132;150m▄[48;2;141;162;114m[38;2;226;142;157m▄[48;2;156;181;156m[38;2;208;202;208m▄[48;2;199;197;201m[38;2;206;207;207m▄[48;2;207;206;208m[38;2;212;212;211m▄[48;2;214;214;214m[38;2;217;216;217m▄[48;2;217;217;217m[38;2;217;216;218m▄[48;2;217;217;217m[38;2;216;216;216m▄[48;2;216;216;216m[38;2;216;216;216m▄[48;2;215;215;215m[38;2;216;216;216m▄[48;2;215;215;215m[38;2;215;215;216m▄[48;2;215;215;215m[38;2;215;214;215m▄[48;2;215;215;215m[38;2;214;214;214m▄[48;2;214;214;215m[38;2;214;214;214m▄[48;2;213;213;213m[38;2;213;213;213m▄[48;2;213;213;213m[38;2;213;213;213m▄[48;2;212;212;212m[38;2;211;211;211m▄[48;2;211;211;211m[38;2;211;211;211m▄[48;2;211;211;211m[38;2;210;210;210m▄[48;2;211;211;211m[38;2;210;210;211m▄[48;2;210;211;211m[38;2;210;210;210m▄[48;2;210;211;210m[38;2;209;209;209m▄[48;2;210;210;210m[38;2;209;209;209m▄[48;2;209;209;209m[38;2;209;209;209m▄[48;2;208;208;208m[38;2;209;209;209m▄[48;2;208;208;208m[38;2;207;207;207m▄[48;2;208;208;208m[38;2;207;207;207m▄[48;2;208;207;208m[38;2;207;207;207m▄[48;2;207;207;207m[38;2;206;206;206m▄[0m
[48;2;216;216;216m[38;2;216;216;216m▄[48;2;216;216;216m[38;2;216;216;216m▄[48;2;216;216;216m[38;2;216;216;216m▄[48;2;216;216;216m[38;2;216;216;216m▄[48;2;217;217;217m[38;2;217;217;217m▄[48;2;217;217;217m[38;2;217;217;217m▄[48;2;217;217;217m[38;2;217;217;217m▄[48;2;218;218;218m[38;2;218;218;218m▄[48;2;219;219;219m[38;2;218;218;218m▄[48;2;220;220;220m[38;2;219;219;219m▄[48;2;221;221;221m[38;2;219;219;219m▄[48;2;221;221;221m[38;2;219;219;219m▄[48;2;221;221;221m[38;2;221;221;221m▄[48;2;221;221;221m[38;2;221;221;221m▄[48;2;222;222;222m[38;2;221;221;221m▄[48;2;222;222;222m[38;2;221;221;221m▄[48;2;223;223;223m[38;2;221;221;221m▄[48;2;223;222;223m[38;2;222;222;222m▄[48;2;222;222;222m[38;2;224;224;224m▄[48;2;222;222;222m[38;2;223;223;223m▄[48;2;222;222;222m[38;2;222;222;222m▄[48;2;223;223;223m[38;2;222;222;222m▄[48;2;223;222;222m[38;2;221;225;224m▄[48;2;222;221;221m[38;2;222;224;223m▄[48;2;223;227;226m[38;2;219;217;218m▄[48;2;211;147;160m[38;2;212;146;158m▄[48;2;233;157;165m[38;2;232;151;159m▄[48;2;228;133;145m[38;2;228;134;144m▄[48;2;229;136;146m[38;2;229;137;147m▄[48;2;223;129;144m[38;2;235;153;163m▄[48;2;233;154;163m[38;2;231;140;151m▄[48;2;229;134;145m[38;2;231;139;149m▄[48;2;232;140;150m[38;2;233;140;149m▄[48;2;230;138;149m[38;2;231;139;149m▄[48;2;228;138;147m[38;2;231;138;149m▄[48;2;227;139;147m[38;2;230;140;148m▄[48;2;219;105;121m[38;2;225;118;131m▄[48;2;203;144;153m[38;2;211;116;131m▄[48;2;214;222;220m[38;2;209;207;209m▄[48;2;218;216;216m[38;2;217;218;218m▄[48;2;216;216;216m[38;2;217;216;216m▄[48;2;217;216;217m[38;2;216;217;216m▄[48;2;216;216;216m[38;2;216;216;216m▄[48;2;216;216;216m[38;2;215;215;215m▄[48;2;215;215;215m[38;2;215;215;215m▄[48;2;215;215;215m[38;2;215;215;215m▄[48;2;215;215;215m[38;2;215;215;215m▄[48;2;215;215;215m[38;2;215;215;215m▄[48;2;214;213;214m[38;2;214;214;214m▄[48;2;213;212;214m[38;2;213;213;213m▄[48;2;213;213;213m[38;2;212;212;212m▄[48;2;211;211;211m[38;2;210;210;210m▄[48;2;211;211;210m[38;2;210;210;210m▄[48;2;210;210;211m[38;2;210;210;210m▄[48;2;211;210;211m[38;2;211;211;211m▄[48;2;210;210;210m[38;2;208;209;209m▄[48;2;209;208;209m[38;2;208;208;208m▄[48;2;209;208;210m[38;2;209;209;209m▄[48;2;208;208;208m[38;2;208;208;208m▄[48;2;207;207;207m[38;2;207;207;207m▄[48;2;208;208;208m[38;2;207;207;207m▄[48;2;207;207;207m[38;2;207;207;207m▄[48;2;207;207;207m[38;2;206;206;206m▄[48;2;205;205;206m[38;2;205;205;205m▄[0m
[48;2;215;215;215m[38;2;214;214;215m▄[48;2;216;216;216m[38;2;215;215;216m▄[48;2;216;216;216m[38;2;216;216;216m▄[48;2;216;216;216m[38;2;216;216;216m▄[48;2;216;216;216m[38;2;216;216;216m▄[48;2;216;216;216m[38;2;216;216;216m▄[48;2;217;217;217m[38;2;216;216;216m▄[48;2;217;217;217m[38;2;217;217;217m▄[48;2;218;218;218m[38;2;217;217;217m▄[48;2;218;218;218m[38;2;217;217;217m▄[48;2;217;217;217m[38;2;217;217;217m▄[48;2;218;218;219m[38;2;218;218;218m▄[48;2;219;219;219m[38;2;218;218;218m▄[48;2;219;219;219m[38;2;219;219;219m▄[48;2;220;220;220m[38;2;219;219;219m▄[48;2;220;220;220m[38;2;220;219;220m▄[48;2;221;221;221m[38;2;220;220;220m▄[48;2;222;222;222m[38;2;221;221;221m▄[48;2;223;223;223m[38;2;222;222;222m▄[48;2;223;223;223m[38;2;223;223;223m▄[48;2;221;222;222m[38;2;221;220;220m▄[48;2;221;220;220m[38;2;218;227;225m▄[48;2;223;207;213m[38;2;228;135;165m▄[48;2;224;221;222m[38;2;227;162;183m▄[48;2;222;222;223m[38;2;222;237;233m▄[48;2;211;144;157m[38;2;208;150;163m▄[48;2;233;151;161m[38;2;229;144;155m▄[48;2;229;134;145m[38;2;229;136;146m▄[48;2;229;138;148m[38;2;230;139;148m▄[48;2;231;142;151m[38;2;230;139;148m▄[48;2;231;140;150m[38;2;232;140;149m▄[48;2;232;139;150m[38;2;233;141;149m▄[48;2;233;140;151m[38;2;232;142;150m▄[48;2;232;140;150m[38;2;231;142;149m▄[48;2;231;139;148m[38;2;232;148;153m▄[48;2;231;139;147m[38;2;232;143;151m▄[48;2;226;118;131m[38;2;230;127;138m▄[48;2;210;116;130m[38;2;213;141;151m▄[48;2;202;197;199m[38;2;210;215;216m▄[48;2;216;217;217m[38;2;223;221;221m▄[48;2;216;215;216m[38;2;231;233;232m▄[48;2;216;214;216m[38;2;227;232;230m▄[48;2;216;216;216m[38;2;217;216;217m▄[48;2;216;216;216m[38;2;215;215;216m▄[48;2;215;215;215m[38;2;214;214;215m▄[48;2;215;215;214m[38;2;215;215;215m▄[48;2;214;214;214m[38;2;214;214;214m▄[48;2;213;213;213m[38;2;213;213;213m▄[48;2;212;212;213m[38;2;212;212;212m▄[48;2;213;212;213m[38;2;213;212;213m▄[48;2;211;211;211m[38;2;211;211;211m▄[48;2;210;210;210m[38;2;211;211;211m▄[48;2;211;211;211m[38;2;211;211;211m▄[48;2;210;210;210m[38;2;210;210;210m▄[48;2;210;210;210m[38;2;210;210;210m▄[48;2;209;209;209m[38;2;209;209;209m▄[48;2;208;208;208m[38;2;209;209;209m▄[48;2;209;208;209m[38;2;208;208;208m▄[48;2;208;208;208m[38;2;208;208;208m▄[48;2;207;207;207m[38;2;207;207;208m▄[48;2;207;207;207m[38;2;207;207;207m▄[48;2;207;207;207m[38;2;207;207;207m▄[48;2;205;205;205m[38;2;204;204;204m▄[48;2;204;204;204m[38;2;204;204;204m▄[0m
[48;2;215;215;215m[38;2;215;215;215m▄[48;2;215;215;215m[38;2;215;215;215m▄[48;2;215;216;215m[38;2;215;215;215m▄[48;2;216;216;216m[38;2;215;215;215m▄[48;2;216;216;216m[38;2;216;216;216m▄[48;2;216;216;216m[38;2;216;216;216m▄[48;2;216;216;216m[38;2;217;217;217m▄[48;2;217;217;217m[38;2;216;216;216m▄[48;2;216;216;216m[38;2;216;216;216m▄[48;2;216;216;216m[38;2;216;216;216m▄[48;2;217;217;217m[38;2;216;216;216m▄[48;2;217;217;217m[38;2;216;216;216m▄[48;2;217;217;217m[38;2;218;218;218m▄[48;2;217;217;217m[38;2;219;219;219m▄[48;2;219;219;219m[38;2;218;218;218m▄[48;2;219;221;220m[38;2;219;212;216m▄[48;2;219;219;219m[38;2;219;219;219m▄[48;2;219;219;219m[38;2;218;217;217m▄[48;2;220;220;220m[38;2;218;219;219m▄[48;2;220;218;219m[38;2;218;225;225m▄[48;2;220;221;221m[38;2;218;226;224m▄[48;2;221;202;208m[38;2;219;192;199m▄[48;2;222;197;205m[38;2;222;200;204m▄[48;2;219;191;201m[38;2;219;225;222m▄[48;2;220;224;222m[38;2;219;224;223m▄[48;2;214;199;203m[38;2;219;229;229m▄[48;2;231;174;179m[38;2;219;149;165m▄[48;2;234;151;158m[38;2;234;141;155m▄[48;2;232;140;149m[38;2;232;142;152m▄[48;2;232;141;150m[38;2;232;142;151m▄[48;2;233;142;150m[38;2;233;145;152m▄[48;2;233;143;151m[38;2;237;153;157m▄[48;2;234;145;152m[38;2;246;207;205m▄[48;2;237;160;165m[38;2;249;235;231m▄[48;2;243;207;207m[38;2;245;215;212m▄[48;2;235;169;175m[38;2;245;196;196m▄[48;2;243;198;197m[38;2;228;188;188m▄[48;2;224;215;215m[38;2;227;212;215m▄[48;2;225;227;227m[38;2;238;188;200m▄[48;2;221;226;224m[38;2;235;201;207m▄[48;2;231;216;220m[38;2;241;176;195m▄[48;2;233;194;207m[38;2;232;187;203m▄[48;2;225;225;225m[38;2;218;221;221m▄[48;2;219;219;220m[38;2;221;219;219m▄[48;2;220;220;221m[38;2;225;225;225m▄[48;2;214;214;214m[38;2;219;219;220m▄[48;2;214;214;214m[38;2;213;212;213m▄[48;2;213;213;213m[38;2;213;213;213m▄[48;2;213;213;213m[38;2;213;213;213m▄[48;2;212;212;212m[38;2;211;211;211m▄[48;2;210;210;210m[38;2;210;210;210m▄[48;2;211;211;211m[38;2;211;211;211m▄[48;2;211;211;211m[38;2;211;211;211m▄[48;2;210;210;211m[38;2;210;210;211m▄[48;2;208;208;208m[38;2;209;208;209m▄[48;2;208;209;208m[38;2;208;208;208m▄[48;2;209;209;209m[38;2;208;208;208m▄[48;2;208;208;208m[38;2;208;208;208m▄[48;2;207;207;207m[38;2;207;207;207m▄[48;2;207;207;207m[38;2;207;207;207m▄[48;2;207;207;207m[38;2;206;206;206m▄[48;2;206;206;206m[38;2;205;205;205m▄[48;2;204;204;204m[38;2;204;204;204m▄[48;2;205;205;205m[38;2;204;204;204m▄[0m
[48;2;215;215;215m[38;2;214;214;214m▄[48;2;215;215;215m[38;2;215;215;215m▄[48;2;215;215;215m[38;2;215;215;215m▄[48;2;215;215;215m[38;2;215;215;215m▄[48;2;216;216;216m[38;2;215;215;215m▄[48;2;216;216;216m[38;2;215;215;215m▄[48;2;216;216;216m[38;2;215;215;215m▄[48;2;216;216;216m[38;2;216;216;216m▄[48;2;217;217;217m[38;2;217;217;217m▄[48;2;217;217;217m[38;2;217;217;217m▄[48;2;216;216;216m[38;2;217;217;217m▄[48;2;216;216;216m[38;2;216;216;216m▄[48;2;216;216;216m[38;2;217;217;217m▄[48;2;217;217;217m[38;2;217;217;217m▄[48;2;216;216;216m[38;2;217;217;217m▄[48;2;218;207;212m[38;2;217;218;218m▄[48;2;219;217;218m[38;2;217;223;222m▄[48;2;219;226;225m[38;2;215;192;196m▄[48;2;216;214;215m[38;2;222;135;149m▄[48;2;217;175;179m[38;2;236;174;180m▄[48;2;224;158;166m[38;2;225;144;154m▄[48;2;227;160;166m[38;2;219;129;140m▄[48;2;226;160;166m[38;2;219;120;133m▄[48;2;228;158;164m[38;2;228;142;154m▄[48;2;221;161;166m[38;2;241;167;175m▄[48;2;219;208;211m[38;2;220;139;147m▄[48;2;215;172;186m[38;2;218;215;214m▄[48;2;210;127;139m[38;2;221;138;162m▄[48;2;230;133;143m[38;2;208;118;136m▄[48;2;234;140;148m[38;2;208;128;140m▄[48;2;224;119;130m[38;2;208;135;143m▄[48;2;235;161;164m[38;2;229;167;169m▄[48;2;252;244;237m[38;2;254;246;239m▄[48;2;245;174;174m[38;2;245;183;179m▄[48;2;235;137;140m[38;2;216;149;149m▄[48;2;219;126;134m[38;2;199;179;177m▄[48;2;196;180;179m[38;2;194;200;195m▄[48;2;200;193;191m[38;2;216;200;201m▄[48;2;237;181;191m[38;2;233;171;180m▄[48;2;226;158;169m[38;2;209;158;165m▄[48;2;217;168;177m[38;2;194;181;182m▄[48;2;217;185;195m[38;2;200;209;206m▄[48;2;211;213;212m[38;2;215;207;209m▄[48;2;221;226;224m[38;2;236;193;201m▄[48;2;229;230;230m[38;2;220;210;213m▄[48;2;219;219;219m[38;2;230;232;232m▄[48;2;215;215;215m[38;2;223;223;223m▄[48;2;213;212;214m[38;2;209;209;210m▄[48;2;212;212;212m[38;2;211;211;211m▄[48;2;211;211;211m[38;2;210;210;210m▄[48;2;210;210;211m[38;2;210;210;210m▄[48;2;210;210;211m[38;2;210;210;211m▄[48;2;210;210;210m[38;2;209;210;210m▄[48;2;209;209;209m[38;2;209;209;209m▄[48;2;208;208;208m[38;2;208;208;208m▄[48;2;209;209;209m[38;2;209;208;208m▄[48;2;208;208;208m[38;2;208;208;208m▄[48;2;208;208;208m[38;2;207;207;207m▄[48;2;207;207;207m[38;2;207;207;207m▄[48;2;206;206;206m[38;2;206;206;206m▄[48;2;206;206;206m[38;2;206;206;206m▄[48;2;205;205;205m[38;2;205;205;205m▄[48;2;204;204;204m[38;2;203;203;203m▄[48;2;203;203;203m[38;2;203;203;203m▄[0m
[48;2;213;213;213m[38;2;214;214;214m▄[48;2;214;214;214m[38;2;214;214;214m▄[48;2;214;214;214m[38;2;214;214;214m▄[48;2;215;215;215m[38;2;214;214;214m▄[48;2;215;215;215m[38;2;215;215;215m▄[48;2;215;215;215m[38;2;215;215;215m▄[48;2;215;215;215m[38;2;215;215;215m▄[48;2;215;215;215m[38;2;215;215;215m▄[48;2;215;215;215m[38;2;215;215;215m▄[48;2;216;216;216m[38;2;216;216;216m▄[48;2;217;217;217m[38;2;216;215;216m▄[48;2;216;216;216m[38;2;215;215;215m▄[48;2;217;217;217m[38;2;216;216;216m▄[48;2;217;217;217m[38;2;216;216;216m▄[48;2;216;215;216m[38;2;216;214;214m▄[48;2;216;217;217m[38;2;219;226;224m▄[48;2;215;209;209m[38;2;210;175;180m▄[48;2;220;137;150m[38;2;225;151;162m▄[48;2;242;203;208m[38;2;233;181;189m▄[48;2;212;126;138m[38;2;193;87;104m▄[48;2;210;98;114m[38;2;228;151;163m▄[48;2;239;174;183m[38;2;229;159;170m▄[48;2;214;123;135m[38;2;194;101;117m▄[48;2;207;117;130m[38;2;215;137;150m▄[48;2;235;166;177m[38;2;242;182;190m▄[48;2;228;150;158m[38;2;207;108;125m▄[48;2;211;135;152m[38;2;202;116;128m▄[48;2;222;155;178m[38;2;213;150;157m▄[48;2;208;208;206m[38;2;209;129;140m▄[48;2;202;217;212m[38;2;209;155;161m▄[48;2;207;183;180m[38;2;210;153;157m▄[48;2;240;166;169m[38;2;213;115;124m▄[48;2;249;212;210m[38;2;215;127;133m▄[48;2;239;228;216m[38;2;212;155;156m▄[48;2;212;216;204m[38;2;220;164;167m▄[48;2;203;205;199m[38;2;224;207;206m▄[48;2;203;204;202m[38;2;216;214;212m▄[48;2;232;195;200m[38;2;238;185;192m▄[48;2;227;160;169m[38;2;215;146;156m▄[48;2;205;159;165m[38;2;220;158;167m▄[48;2;200;192;192m[38;2;237;173;182m▄[48;2;203;206;206m[38;2;203;194;195m▄[48;2;211;199;201m[38;2;217;203;205m▄[48;2;223;150;165m[38;2;216;197;198m▄[48;2;223;206;210m[38;2;210;213;212m▄[48;2;226;230;228m[38;2;216;216;216m▄[48;2;221;221;220m[38;2;213;213;213m▄[48;2;221;221;221m[38;2;215;215;215m▄[48;2;212;212;212m[38;2;211;211;211m▄[48;2;210;210;210m[38;2;210;210;210m▄[48;2;210;210;210m[38;2;210;210;210m▄[48;2;210;211;211m[38;2;210;209;210m▄[48;2;208;209;210m[38;2;209;208;210m▄[48;2;208;208;208m[38;2;208;208;208m▄[48;2;208;208;208m[38;2;208;208;208m▄[48;2;208;208;208m[38;2;207;208;208m▄[48;2;208;208;208m[38;2;207;207;208m▄[48;2;207;207;207m[38;2;206;206;206m▄[48;2;206;206;206m[38;2;206;206;206m▄[48;2;206;206;206m[38;2;205;205;206m▄[48;2;205;204;205m[38;2;204;203;204m▄[48;2;204;204;204m[38;2;204;204;204m▄[48;2;203;203;203m[38;2;204;204;204m▄[48;2;203;203;203m[38;2;203;203;203m▄[0m
[48;2;212;212;212m[38;2;211;211;211m▄[48;2;213;213;213m[38;2;212;212;212m▄[48;2;214;214;214m[38;2;213;212;213m▄[48;2;214;214;214m[38;2;213;213;213m▄[48;2;214;214;214m[38;2;214;214;214m▄[48;2;215;215;215m[38;2;214;214;214m▄[48;2;215;215;215m[38;2;214;214;214m▄[48;2;215;215;215m[38;2;215;215;215m▄[48;2;215;215;215m[38;2;215;215;215m▄[48;2;215;215;215m[38;2;215;215;215m▄[48;2;215;215;215m[38;2;215;215;215m▄[48;2;215;215;215m[38;2;215;214;214m▄[48;2;215;215;215m[38;2;215;219;218m▄[48;2;216;217;217m[38;2;217;197;202m▄[48;2;217;219;218m[38;2;219;181;193m▄[48;2;215;221;220m[38;2;216;211;213m▄[48;2;214;202;204m[38;2;215;219;218m▄[48;2;208;116;133m[38;2;209;191;195m▄[48;2;203;99;117m[38;2;192;136;148m▄[48;2;187;75;96m[38;2;195;93;114m▄[48;2;238;165;177m[38;2;231;140;155m▄[48;2;210;120;135m[38;2;211;123;140m▄[48;2;206;102;120m[38;2;234;150;164m▄[48;2;233;163;174m[38;2;180;81;102m▄[48;2;203;110;127m[38;2;185;84;105m▄[48;2;192;81;102m[38;2;223;137;150m▄[48;2;232;160;171m[38;2;206;117;134m▄[48;2;204;112;128m[38;2;177;71;92m▄[48;2;238;175;184m[38;2;237;169;179m▄[48;2;211;120;132m[38;2;179;73;91m▄[48;2;198;91;106m[38;2;210;122;134m▄[48;2;237;167;175m[38;2;226;153;163m▄[48;2;196;97;110m[38;2;181;69;90m▄[48;2;220;141;151m[38;2;236;155;166m▄[48;2;221;148;157m[38;2;194;121;135m▄[48;2;225;153;163m[38;2;192;159;163m▄[48;2;223;187;191m[38;2;199;124;136m▄[48;2;235;161;171m[38;2;241;161;170m▄[48;2;208;146;154m[38;2;193;168;171m▄[48;2;205;163;171m[38;2;218;156;168m▄[48;2;222;139;154m[38;2;221;158;168m▄[48;2;202;201;201m[38;2;212;181;186m▄[48;2;240;187;196m[38;2;235;136;154m▄[48;2;219;159;171m[38;2;209;178;183m▄[48;2;213;220;219m[38;2;214;209;210m▄[48;2;215;216;215m[38;2;218;212;213m▄[48;2;209;209;209m[38;2;226;227;226m▄[48;2;209;209;209m[38;2;213;213;213m▄[48;2;210;210;210m[38;2;209;209;209m▄[48;2;210;210;210m[38;2;210;210;211m▄[48;2;210;210;210m[38;2;210;211;210m▄[48;2;210;209;212m[38;2;208;209;211m▄[48;2;210;209;213m[38;2;210;208;214m▄[48;2;208;208;210m[38;2;208;208;211m▄[48;2;208;208;209m[38;2;208;208;208m▄[48;2;208;208;208m[38;2;208;208;208m▄[48;2;208;208;207m[38;2;208;208;205m▄[48;2;207;207;207m[38;2;207;207;206m▄[48;2;206;206;206m[38;2;206;206;206m▄[48;2;204;204;204m[38;2;203;203;204m▄[48;2;204;204;204m[38;2;204;204;204m▄[48;2;203;203;203m[38;2;203;203;203m▄[48;2;203;203;203m[38;2;202;202;202m▄[48;2;203;203;203m[38;2;203;203;203m▄[0m
[48;2;210;210;210m[38;2;210;210;210m▄[48;2;211;211;211m[38;2;210;210;210m▄[48;2;211;211;211m[38;2;210;210;210m▄[48;2;212;212;212m[38;2;210;210;211m▄[48;2;212;212;212m[38;2;211;211;211m▄[48;2;213;213;213m[38;2;212;212;212m▄[48;2;214;214;214m[38;2;213;213;213m▄[48;2;214;214;214m[38;2;214;214;214m▄[48;2;214;214;214m[38;2;214;214;214m▄[48;2;214;214;214m[38;2;214;215;215m▄[48;2;214;214;214m[38;2;214;214;214m▄[48;2;215;214;214m[38;2;214;214;214m▄[48;2;215;216;215m[38;2;214;214;214m▄[48;2;214;209;211m[38;2;216;217;217m▄[48;2;213;199;203m[38;2;215;218;217m▄[48;2;214;198;204m[38;2;213;216;215m▄[48;2;212;210;211m[38;2;213;211;212m▄[48;2;215;225;222m[38;2;220;225;224m▄[48;2;190;161;170m[38;2;188;136;150m▄[48;2;208;100;123m[38;2;227;125;142m▄[48;2;213;116;134m[38;2;197;96;117m▄[48;2;158;47;73m[38;2;171;111;125m▄[48;2;233;134;152m[38;2;190;84;106m▄[48;2;198;103;122m[38;2;235;133;151m▄[48;2;168;75;98m[38;2;161;58;81m▄[48;2;237;135;154m[38;2;203;96;118m▄[48;2;194;99;117m[38;2;221;120;138m▄[48;2;223;154;164m[38;2;198;115;133m▄[48;2;228;139;153m[38;2;223;128;145m▄[48;2;176;72;93m[38;2;196;103;123m▄[48;2;238;146;161m[38;2;227;153;166m▄[48;2;197;107;122m[38;2;214;114;134m▄[48;2;200;102;120m[38;2;188;91;109m▄[48;2;232;126;142m[38;2;211;106;125m▄[48;2;178;90;106m[38;2;218;119;136m▄[48;2;185;125;138m[38;2;194;83;106m▄[48;2;215;107;132m[38;2;194;133;146m▄[48;2;226;135;152m[38;2;211;199;199m▄[48;2;193;194;194m[38;2;203;204;203m▄[48;2;222;146;164m[38;2;209;198;199m▄[48;2;227;144;160m[38;2;197;169;175m▄[48;2;213;145;159m[38;2;198;178;182m▄[48;2;226;125;145m[38;2;219;113;138m▄[48;2;209;179;182m[38;2;221;139;157m▄[48;2;215;152;164m[38;2;205;184;188m▄[48;2;208;204;205m[38;2;204;209;207m▄[48;2;214;214;214m[38;2;208;207;207m▄[48;2;210;210;210m[38;2;209;209;209m▄[48;2;209;209;209m[38;2;209;209;209m▄[48;2;210;210;211m[38;2;209;208;210m▄[48;2;209;209;210m[38;2;208;208;209m▄[48;2;209;209;209m[38;2;208;208;208m▄[48;2;208;208;209m[38;2;208;208;208m▄[48;2;208;207;210m[38;2;208;208;208m▄[48;2;208;208;209m[38;2;208;207;208m▄[48;2;208;208;208m[38;2;208;208;208m▄[48;2;207;207;203m[38;2;207;207;204m▄[48;2;203;206;201m[38;2;204;205;203m▄[48;2;204;205;205m[38;2;203;204;204m▄[48;2;204;204;204m[38;2;203;204;204m▄[48;2;203;203;204m[38;2;203;202;203m▄[48;2;203;203;203m[38;2;202;202;202m▄[48;2;203;203;203m[38;2;203;203;203m▄[48;2;203;203;203m[38;2;203;203;203m▄[0m
[48;2;210;210;210m[38;2;210;210;210m▄[48;2;211;211;211m[38;2;210;210;210m▄[48;2;210;210;210m[38;2;210;210;210m▄[48;2;210;210;210m[38;2;210;210;210m▄[48;2;211;211;211m[38;2;210;210;210m▄[48;2;211;211;211m[38;2;211;211;211m▄[48;2;212;212;212m[38;2;211;211;211m▄[48;2;212;212;212m[38;2;211;211;211m▄[48;2;212;213;213m[38;2;212;212;212m▄[48;2;220;220;220m[38;2;212;212;212m▄[48;2;215;215;215m[38;2;212;212;213m▄[48;2;213;213;213m[38;2;212;212;212m▄[48;2;215;215;215m[38;2;212;212;212m▄[48;2;219;219;219m[38;2;212;212;212m▄[48;2;216;216;216m[38;2;214;214;214m▄[48;2;215;214;215m[38;2;213;213;213m▄[48;2;214;212;212m[38;2;217;217;217m▄[48;2;219;225;224m[38;2;212;212;212m▄[48;2;198;161;171m[38;2;214;215;215m▄[48;2;174;62;86m[38;2;200;165;174m▄[48;2;171;64;90m[38;2;196;162;171m▄[48;2;196;188;190m[38;2;202;206;205m▄[48;2;184;119;134m[38;2;211;199;202m▄[48;2;217;115;131m[38;2;163;66;90m▄[48;2;224;121;139m[38;2;206;88;113m▄[48;2;152;44;72m[38;2;236;137;155m▄[48;2;178;95;113m[38;2;193;113;130m▄[48;2;170;80;101m[38;2;159;61;85m▄[48;2;164;54;81m[38;2;179;81;102m▄[48;2;184;110;127m[38;2;178;117;128m▄[48;2;185;116;133m[38;2;176;120;130m▄[48;2;171;67;92m[38;2;186;99;117m▄[48;2;180;109;122m[38;2;215;152;161m▄[48;2;172;77;99m[38;2;194;119;131m▄[48;2;189;98;117m[38;2;207;152;160m▄[48;2;169;61;85m[38;2;203;154;165m▄[48;2;176;102;119m[38;2;200;112;133m▄[48;2;195;181;184m[38;2;208;145;159m▄[48;2;207;208;207m[38;2;214;221;217m▄[48;2;207;208;208m[38;2;214;212;212m▄[48;2;197;202;200m[38;2;212;211;211m▄[48;2;204;206;205m[38;2;215;215;215m▄[48;2;207;188;192m[38;2;216;220;219m▄[48;2;213;202;205m[38;2;203;205;204m▄[48;2;202;207;206m[38;2;200;199;199m▄[48;2;200;199;200m[38;2;206;205;207m▄[48;2;209;209;209m[38;2;208;208;209m▄[48;2;209;209;209m[38;2;209;209;209m▄[48;2;208;208;208m[38;2;208;208;208m▄[48;2;208;208;208m[38;2;208;207;208m▄[48;2;207;207;208m[38;2;207;207;207m▄[48;2;208;208;208m[38;2;207;207;207m▄[48;2;208;208;208m[38;2;207;207;207m▄[48;2;207;207;207m[38;2;207;207;208m▄[48;2;207;207;207m[38;2;206;206;207m▄[48;2;207;207;207m[38;2;205;205;205m▄[48;2;206;206;207m[38;2;205;205;205m▄[48;2;205;205;206m[38;2;204;204;204m▄[48;2;204;203;205m[38;2;204;203;204m▄[48;2;202;202;204m[38;2;203;202;203m▄[48;2;202;202;203m[38;2;202;202;202m▄[48;2;202;202;202m[38;2;202;202;202m▄[48;2;203;203;203m[38;2;202;202;202m▄[48;2;203;203;203m[38;2;203;203;203m▄[0m
[48;2;209;209;209m[38;2;210;210;210m▄[48;2;210;210;210m[38;2;211;211;211m▄[48;2;210;210;210m[38;2;211;211;211m▄[48;2;210;210;210m[38;2;212;212;212m▄[48;2;210;210;210m[38;2;211;211;212m▄[48;2;210;210;210m[38;2;212;212;212m▄[48;2;210;210;210m[38;2;212;212;213m▄[48;2;210;210;211m[38;2;213;213;213m▄[48;2;211;211;211m[38;2;214;214;214m▄[48;2;210;210;211m[38;2;213;213;214m▄[48;2;211;211;211m[38;2;213;213;214m▄[48;2;212;212;212m[38;2;214;214;214m▄[48;2;212;212;212m[38;2;214;214;214m▄[48;2;212;212;212m[38;2;214;214;214m▄[48;2;212;212;212m[38;2;215;215;215m▄[48;2;213;213;213m[38;2;215;214;215m▄[48;2;214;214;214m[38;2;214;213;215m▄[48;2;215;215;214m[38;2;216;216;217m▄[48;2;214;214;214m[38;2;216;216;216m▄[48;2;215;221;219m[38;2;218;216;217m▄[48;2;208;214;213m[38;2;217;215;216m▄[48;2;204;202;203m[38;2;218;218;218m▄[48;2;214;219;217m[38;2;215;214;215m▄[48;2;207;190;194m[38;2;217;221;220m▄[48;2;167;82;103m[38;2;214;207;208m▄[48;2;178;67;93m[38;2;180;133;146m▄[48;2;213;89;116m[38;2;167;87;107m▄[48;2;205;95;118m[38;2;169;77;100m▄[48;2;204;99;123m[38;2;186;106;126m▄[48;2;200;87;112m[38;2;183;115;131m▄[48;2;199;89;113m[38;2;178;113;128m▄[48;2;200;107;127m[38;2;198;116;134m▄[48;2;202;169;173m[38;2;206;123;141m▄[48;2;193;202;197m[38;2;215;157;169m▄[48;2;198;209;204m[38;2;215;162;173m▄[48;2;200;221;214m[38;2;219;148;162m▄[48;2;216;196;198m[38;2;227;130;150m▄[48;2;225;143;160m[38;2;192;141;151m▄[48;2;205;206;206m[38;2;193;197;197m▄[48;2;211;212;211m[38;2;205;203;204m▄[48;2;214;214;214m[38;2;207;206;207m▄[48;2;209;211;211m[38;2;208;208;208m▄[48;2;209;208;209m[38;2;209;208;210m▄[48;2;208;207;207m[38;2;209;209;209m▄[48;2;208;208;208m[38;2;209;209;209m▄[48;2;208;208;209m[38;2;209;209;209m▄[48;2;208;208;209m[38;2;209;209;209m▄[48;2;208;208;208m[38;2;209;209;209m▄[48;2;207;207;208m[38;2;208;208;208m▄[48;2;207;207;207m[38;2;208;208;208m▄[48;2;207;207;207m[38;2;207;207;208m▄[48;2;207;207;207m[38;2;207;207;207m▄[48;2;206;206;206m[38;2;207;207;207m▄[48;2;205;205;205m[38;2;206;206;206m▄[48;2;204;204;204m[38;2;206;205;206m▄[48;2;204;204;204m[38;2;205;205;206m▄[48;2;204;204;204m[38;2;204;204;204m▄[48;2;202;203;203m[38;2;203;203;203m▄[48;2;203;202;203m[38;2;202;202;202m▄[48;2;203;203;203m[38;2;202;202;203m▄[48;2;202;202;203m[38;2;202;202;203m▄[48;2;202;202;203m[38;2;203;202;202m▄[48;2;202;202;202m[38;2;202;202;202m▄[48;2;201;201;201m[38;2;203;203;203m▄[0m
[48;2;214;214;214m[38;2;216;216;216m▄[48;2;214;214;214m[38;2;216;216;216m▄[48;2;214;214;215m[38;2;216;216;216m▄[48;2;215;215;215m[38;2;216;216;216m▄[48;2;215;215;215m[38;2;216;216;216m▄[48;2;215;215;215m[38;2;216;216;216m▄[48;2;216;216;216m[38;2;216;216;216m▄[48;2;216;216;216m[38;2;216;216;216m▄[48;2;216;216;216m[38;2;217;217;217m▄[48;2;215;215;215m[38;2;216;216;216m▄[48;2;216;216;216m[38;2;217;217;217m▄[48;2;215;215;215m[38;2;217;217;217m▄[48;2;215;215;215m[38;2;217;217;217m▄[48;2;217;217;217m[38;2;220;220;220m▄[48;2;221;221;221m[38;2;221;221;221m▄[48;2;216;217;218m[38;2;216;217;217m▄[48;2;216;215;217m[38;2;217;217;217m▄[48;2;216;215;216m[38;2;217;218;217m▄[48;2;216;216;216m[38;2;216;216;216m▄[48;2;216;216;216m[38;2;218;218;218m▄[48;2;220;220;220m[38;2;222;222;222m▄[48;2;223;223;223m[38;2;215;215;215m▄[48;2;217;217;217m[38;2;218;218;218m▄[48;2;215;213;214m[38;2;213;213;213m▄[48;2;207;208;208m[38;2;210;209;210m▄[48;2;208;213;211m[38;2;213;211;211m▄[48;2;196;192;192m[38;2;206;203;203m▄[48;2;186;174;175m[38;2;199;195;195m▄[48;2;182;170;170m[38;2;197;192;192m▄[48;2;187;179;176m[38;2;199;191;191m▄[48;2;181;177;176m[38;2;196;188;188m▄[48;2;177;167;169m[38;2;194;187;186m▄[48;2;187;150;157m[38;2;195;194;192m▄[48;2;200;148;158m[38;2;194;195;193m▄[48;2;200;141;153m[38;2;191;190;189m▄[48;2;213;155;166m[38;2;200;205;202m▄[48;2;186;150;155m[38;2;199;201;198m▄[48;2;183;177;177m[38;2;198;192;193m▄[48;2;193;187;187m[38;2;201;198;199m▄[48;2;202;198;198m[38;2;205;204;203m▄[48;2;208;206;207m[38;2;207;207;207m▄[48;2;210;210;210m[38;2;210;210;210m▄[48;2;211;211;211m[38;2;212;212;212m▄[48;2;211;211;211m[38;2;212;212;213m▄[48;2;210;210;212m[38;2;212;212;213m▄[48;2;210;210;211m[38;2;212;212;213m▄[48;2;210;210;210m[38;2;213;213;213m▄[48;2;210;210;210m[38;2;212;212;212m▄[48;2;210;210;210m[38;2;211;211;211m▄[48;2;210;210;210m[38;2;210;210;210m▄[48;2;209;209;210m[38;2;210;210;210m▄[48;2;209;209;209m[38;2;210;210;210m▄[48;2;208;208;208m[38;2;209;209;209m▄[48;2;208;208;208m[38;2;209;209;209m▄[48;2;207;207;207m[38;2;209;209;209m▄[48;2;207;206;207m[38;2;208;208;209m▄[48;2;207;207;207m[38;2;209;209;209m▄[48;2;206;206;206m[38;2;207;207;208m▄[48;2;210;210;210m[38;2;215;215;215m▄[48;2;213;213;213m[38;2;220;220;220m▄[48;2;205;205;205m[38;2;208;208;209m▄[48;2;205;205;205m[38;2;207;207;207m▄[48;2;204;204;205m[38;2;207;207;207m▄[48;2;205;205;205m[38;2;207;207;207m▄[0m
[48;2;218;218;218m[38;2;222;222;222m▄[48;2;218;218;218m[38;2;223;223;223m▄[48;2;219;219;219m[38;2;223;223;223m▄[48;2;219;219;219m[38;2;224;224;224m▄[48;2;219;219;219m[38;2;223;223;223m▄[48;2;220;220;220m[38;2;223;223;223m▄[48;2;220;220;220m[38;2;223;223;223m▄[48;2;220;220;220m[38;2;224;224;224m▄[48;2;220;220;220m[38;2;224;224;224m▄[48;2;220;220;220m[38;2;223;223;223m▄[48;2;221;221;221m[38;2;224;224;224m▄[48;2;221;221;221m[38;2;223;223;223m▄[48;2;221;221;221m[38;2;223;223;223m▄[48;2;221;221;221m[38;2;222;222;222m▄[48;2;220;220;220m[38;2;222;222;222m▄[48;2;217;217;217m[38;2;221;221;221m▄[48;2;212;211;212m[38;2;218;218;218m▄[48;2;206;206;206m[38;2;211;211;211m▄[48;2;201;201;202m[38;2;204;204;204m▄[48;2;198;198;198m[38;2;203;203;203m▄[48;2;192;192;192m[38;2;196;196;196m▄[48;2;192;192;192m[38;2;196;196;196m▄[48;2;191;191;191m[38;2;194;194;194m▄[48;2;191;191;191m[38;2;190;190;190m▄[48;2;193;193;193m[38;2;187;187;187m▄[48;2;198;198;198m[38;2;183;183;183m▄[48;2;201;201;201m[38;2;192;192;192m▄[48;2;203;203;203m[38;2;200;200;200m▄[48;2;205;204;205m[38;2;184;184;184m▄[48;2;207;207;207m[38;2;187;187;186m▄[48;2;210;210;209m[38;2;197;197;195m▄[48;2;199;199;199m[38;2;193;193;193m▄[48;2;199;198;198m[38;2;191;191;191m▄[48;2;197;196;197m[38;2;190;190;190m▄[48;2;199;198;199m[38;2;192;192;192m▄[48;2;198;197;197m[38;2;194;194;195m▄[48;2;198;197;198m[38;2;195;195;197m▄[48;2;196;196;196m[38;2;198;199;199m▄[48;2;192;193;193m[38;2;202;202;203m▄[48;2;192;192;192m[38;2;205;205;205m▄[48;2;194;193;194m[38;2;204;203;204m▄[48;2;197;196;199m[38;2;200;200;200m▄[48;2;200;199;200m[38;2;198;198;198m▄[48;2;202;201;201m[38;2;199;199;199m▄[48;2;205;205;205m[38;2;204;204;204m▄[48;2;208;209;209m[38;2;209;209;209m▄[48;2;214;213;213m[38;2;213;213;213m▄[48;2;215;215;215m[38;2;216;216;216m▄[48;2;214;214;214m[38;2;216;216;216m▄[48;2;214;214;214m[38;2;216;216;216m▄[48;2;213;213;213m[38;2;215;215;215m▄[48;2;212;212;212m[38;2;215;215;215m▄[48;2;212;212;212m[38;2;215;215;215m▄[48;2;211;211;211m[38;2;214;214;214m▄[48;2;211;211;211m[38;2;213;213;213m▄[48;2;210;210;210m[38;2;212;212;212m▄[48;2;210;210;210m[38;2;211;211;211m▄[48;2;210;210;210m[38;2;211;211;211m▄[48;2;210;210;210m[38;2;210;210;210m▄[48;2;210;210;210m[38;2;210;210;210m▄[48;2;208;208;209m[38;2;210;210;210m▄[48;2;208;208;209m[38;2;210;210;210m▄[48;2;208;208;208m[38;2;210;210;210m▄[48;2;208;208;208m[38;2;210;210;210m▄[0m
[48;2;224;224;224m[38;2;226;226;226m▄[48;2;224;224;224m[38;2;226;226;226m▄[48;2;224;224;224m[38;2;226;226;226m▄[48;2;225;225;225m[38;2;227;227;227m▄[48;2;225;225;225m[38;2;227;227;227m▄[48;2;225;225;225m[38;2;227;227;227m▄[48;2;225;225;225m[38;2;227;227;227m▄[48;2;224;224;224m[38;2;227;227;227m▄[48;2;224;224;224m[38;2;227;227;227m▄[48;2;224;224;224m[38;2;228;228;228m▄[48;2;225;225;225m[38;2;227;227;227m▄[48;2;226;226;226m[38;2;227;227;227m▄[48;2;225;225;225m[38;2;227;227;227m▄[48;2;224;224;224m[38;2;227;227;227m▄[48;2;224;224;224m[38;2;227;227;227m▄[48;2;225;225;225m[38;2;227;227;227m▄[48;2;225;225;225m[38;2;227;227;227m▄[48;2;224;224;224m[38;2;227;227;227m▄[48;2;223;222;224m[38;2;228;227;228m▄[48;2;222;222;222m[38;2;227;227;228m▄[48;2;223;223;223m[38;2;227;227;227m▄[48;2;223;223;223m[38;2;227;227;227m▄[48;2;222;222;222m[38;2;226;226;226m▄[48;2;220;220;220m[38;2;230;230;230m▄[48;2;214;214;214m[38;2;231;231;231m▄[48;2;209;209;209m[38;2;226;226;226m▄[48;2;209;209;209m[38;2;226;226;226m▄[48;2;210;210;210m[38;2;225;225;225m▄[48;2;207;207;207m[38;2;226;226;226m▄[48;2;207;207;207m[38;2;226;226;226m▄[48;2;212;212;212m[38;2;224;224;224m▄[48;2;208;208;208m[38;2;224;224;224m▄[48;2;206;206;206m[38;2;224;224;224m▄[48;2;209;209;209m[38;2;223;223;223m▄[48;2;210;210;210m[38;2;222;222;222m▄[48;2;210;209;210m[38;2;221;221;221m▄[48;2;209;209;210m[38;2;221;221;221m▄[48;2;211;212;212m[38;2;222;222;222m▄[48;2;215;214;215m[38;2;222;222;222m▄[48;2;218;218;218m[38;2;222;222;222m▄[48;2;219;219;219m[38;2;221;221;221m▄[48;2;219;219;219m[38;2;221;221;221m▄[48;2;217;217;217m[38;2;220;220;220m▄[48;2;217;217;217m[38;2;219;219;219m▄[48;2;217;217;217m[38;2;218;218;218m▄[48;2;217;217;217m[38;2;217;217;217m▄[48;2;216;216;216m[38;2;217;217;217m▄[48;2;216;215;217m[38;2;217;216;217m▄[48;2;216;216;216m[38;2;216;216;217m▄[48;2;216;216;216m[38;2;216;216;216m▄[48;2;216;216;216m[38;2;216;216;216m▄[48;2;216;216;216m[38;2;216;216;216m▄[48;2;216;216;216m[38;2;216;216;216m▄[48;2;216;216;216m[38;2;215;215;215m▄[48;2;215;215;215m[38;2;215;215;215m▄[48;2;215;215;215m[38;2;216;216;216m▄[48;2;214;214;214m[38;2;215;215;215m▄[48;2;214;214;214m[38;2;215;215;215m▄[48;2;213;213;213m[38;2;215;215;215m▄[48;2;212;212;213m[38;2;214;214;214m▄[48;2;212;212;212m[38;2;213;213;213m▄[48;2;211;211;211m[38;2;213;213;213m▄[48;2;210;210;210m[38;2;212;212;212m▄[48;2;211;211;211m[38;2;212;212;212m▄[0m
