[48;2;222;222;222m[38;2;222;222;222m▄[48;2;222;222;222m[38;2;222;222;222m▄[48;2;223;223;223m[38;2;222;222;222m▄[48;2;223;223;223m[38;2;223;223;223m▄[48;2;223;223;223m[38;2;224;224;224m▄[48;2;224;224;224m[38;2;224;224;224m▄[48;2;224;224;224m[38;2;224;224;224m▄[48;2;224;224;224m[38;2;226;226;225m▄[48;2;224;224;224m[38;2;223;223;223m▄[48;2;224;224;224m[38;2;223;223;223m▄[48;2;225;225;225m[38;2;224;224;224m▄[48;2;228;228;227m[38;2;228;228;226m▄[48;2;229;229;228m[38;2;234;234;230m▄[48;2;227;227;227m[38;2;225;225;225m▄[48;2;227;227;227m[38;2;226;226;226m▄[48;2;227;227;227m[38;2;227;227;226m▄[48;2;228;228;227m[38;2;227;227;224m▄[48;2;227;227;226m[38;2;227;227;224m▄[48;2;228;228;226m[38;2;227;227;224m▄[48;2;227;227;226m[38;2;227;227;223m▄[48;2;227;227;224m[38;2;227;227;224m▄[48;2;227;227;226m[38;2;227;227;223m▄[48;2;227;227;227m[38;2;226;226;224m▄[48;2;227;227;227m[38;2;226;226;225m▄[48;2;227;227;227m[38;2;226;226;226m▄[48;2;227;227;227m[38;2;227;227;227m▄[48;2;227;227;227m[38;2;226;226;226m▄[48;2;226;226;226m[38;2;225;225;225m▄[48;2;226;226;226m[38;2;224;224;224m▄[48;2;224;224;224m[38;2;224;224;224m▄[48;2;224;224;224m[38;2;224;224;224m▄[48;2;224;224;224m[38;2;224;224;224m▄[48;2;225;225;225m[38;2;224;224;224m▄[48;2;223;223;223m[38;2;223;223;223m▄[48;2;223;223;223m[38;2;223;223;223m▄[48;2;223;223;223m[38;2;223;223;223m▄[48;2;223;223;223m[38;2;223;223;223m▄[48;2;222;222;222m[38;2;222;222;222m▄[48;2;222;222;222m[38;2;222;222;222m▄[48;2;221;221;221m[38;2;221;221;221m▄[48;2;221;221;221m[38;2;220;220;220m▄[48;2;219;219;219m[38;2;219;219;219m▄[48;2;218;218;218m[38;2;217;217;217m▄[48;2;217;217;217m[38;2;217;217;217m▄[48;2;216;216;216m[38;2;216;216;216m▄[48;2;216;216;216m[38;2;216;216;216m▄[48;2;216;216;216m[38;2;216;216;216m▄[48;2;215;215;215m[38;2;215;215;215m▄[48;2;215;215;215m[38;2;215;215;215m▄[48;2;215;215;215m[38;2;215;215;215m▄[48;2;215;215;215m[38;2;214;214;214m▄[48;2;215;215;215m[38;2;214;214;214m▄[48;2;214;214;214m[38;2;214;214;214m▄[48;2;213;213;213m[38;2;213;213;213m▄[48;2;212;212;212m[38;2;212;212;212m▄[48;2;211;211;211m[38;2;211;210;211m▄[48;2;210;210;210m[38;2;210;210;210m▄[48;2;210;210;210m[38;2;210;210;210m▄[48;2;210;210;210m[38;2;210;210;210m▄[48;2;209;209;209m[38;2;209;209;209m▄[48;2;208;208;208m[38;2;208;208;208m▄[48;2;208;208;208m[38;2;208;208;208m▄[48;2;208;208;208m[38;2;208;208;208m▄[48;2;208;208;208m[38;2;207;207;207m▄[0m
[48;2;221;221;221m[38;2;221;221;221m▄[48;2;222;222;222m[38;2;221;221;221m▄[48;2;222;222;222m[38;2;221;221;221m▄[48;2;223;223;223m[38;2;223;223;223m▄[48;2;223;223;223m[38;2;223;223;223m▄[48;2;223;223;223m[38;2;222;222;222m▄[48;2;224;224;224m[38;2;223;223;223m▄[48;2;227;227;226m[38;2;223;223;223m▄[48;2;223;223;223m[38;2;223;223;223m▄[48;2;223;223;223m[38;2;224;224;224m▄[48;2;225;225;225m[38;2;226;226;225m▄[48;2;226;225;225m[38;2;228;228;227m▄[48;2;224;224;224m[38;2;224;224;224m▄[48;2;224;225;224m[38;2;224;224;224m▄[48;2;225;225;225m[38;2;225;225;223m▄[48;2;225;225;224m[38;2;225;225;222m▄[48;2;226;226;223m[38;2;226;226;221m▄[48;2;226;226;223m[38;2;226;226;221m▄[48;2;226;226;222m[38;2;229;228;223m▄[48;2;227;227;222m[38;2;227;227;222m▄[48;2;227;227;222m[38;2;227;226;222m▄[48;2;227;227;222m[38;2;227;227;222m▄[48;2;226;226;221m[38;2;226;226;221m▄[48;2;226;226;223m[38;2;226;226;224m▄[48;2;225;225;223m[38;2;226;226;223m▄[48;2;227;227;226m[38;2;226;226;224m▄[48;2;227;227;227m[38;2;227;227;227m▄[48;2;226;226;226m[38;2;226;226;227m▄[48;2;225;225;225m[38;2;224;224;224m▄[48;2;224;224;224m[38;2;224;224;224m▄[48;2;224;224;224m[38;2;224;224;224m▄[48;2;224;224;224m[38;2;224;224;224m▄[48;2;224;224;224m[38;2;223;223;223m▄[48;2;223;223;223m[38;2;223;223;223m▄[48;2;223;223;223m[38;2;223;223;223m▄[48;2;223;223;223m[38;2;223;223;223m▄[48;2;222;222;222m[38;2;222;222;222m▄[48;2;222;222;222m[38;2;222;222;222m▄[48;2;222;222;222m[38;2;221;221;221m▄[48;2;221;221;221m[38;2;221;221;221m▄[48;2;220;220;220m[38;2;220;220;220m▄[48;2;218;218;218m[38;2;218;218;218m▄[48;2;217;217;217m[38;2;217;217;217m▄[48;2;217;217;217m[38;2;216;216;216m▄[48;2;216;216;216m[38;2;216;216;216m▄[48;2;216;216;216m[38;2;216;216;216m▄[48;2;216;216;216m[38;2;215;215;215m▄[48;2;215;215;215m[38;2;215;215;215m▄[48;2;216;216;216m[38;2;215;215;215m▄[48;2;215;215;215m[38;2;215;215;215m▄[48;2;215;215;214m[38;2;214;214;214m▄[48;2;214;214;214m[38;2;213;213;213m▄[48;2;213;213;213m[38;2;213;213;213m▄[48;2;212;212;212m[38;2;212;212;212m▄[48;2;211;211;211m[38;2;211;211;211m▄[48;2;210;210;210m[38;2;211;210;211m▄[48;2;210;210;210m[38;2;210;210;210m▄[48;2;210;210;210m[38;2;210;210;210m▄[48;2;210;210;210m[38;2;210;210;210m▄[48;2;209;209;209m[38;2;209;209;209m▄[48;2;208;208;208m[38;2;208;208;208m▄[48;2;208;208;208m[38;2;208;208;208m▄[48;2;208;208;208m[38;2;208;208;208m▄[48;2;208;208;208m[38;2;208;208;208m▄[0m
[48;2;221;221;221m[38;2;219;219;219m▄[48;2;221;221;221m[38;2;221;221;221m▄[48;2;222;222;222m[38;2;221;221;222m▄[48;2;222;222;222m[38;2;222;222;222m▄[48;2;222;222;222m[38;2;227;226;225m▄[48;2;223;223;223m[38;2;223;223;223m▄[48;2;222;222;222m[38;2;222;222;222m▄[48;2;223;223;223m[38;2;223;223;223m▄[48;2;223;223;223m[38;2;223;223;223m▄[48;2;224;224;224m[38;2;224;224;223m▄[48;2;228;227;225m[38;2;223;223;223m▄[48;2;223;223;222m[38;2;223;223;222m▄[48;2;223;223;223m[38;2;223;223;222m▄[48;2;224;224;221m[38;2;224;224;222m▄[48;2;225;224;221m[38;2;224;224;222m▄[48;2;225;225;222m[38;2;225;224;220m▄[48;2;225;225;221m[38;2;225;224;219m▄[48;2;227;226;221m[38;2;228;226;220m▄[48;2;228;226;222m[38;2;228;227;220m▄[48;2;229;227;222m[38;2;229;228;221m▄[48;2;229;227;223m[38;2;230;228;222m▄[48;2;228;227;222m[38;2;231;227;222m▄[48;2;228;226;221m[38;2;229;227;220m▄[48;2;227;226;221m[38;2;228;227;221m▄[48;2;226;226;222m[38;2;226;226;220m▄[48;2;226;226;223m[38;2;225;225;220m▄[48;2;225;225;223m[38;2;224;224;221m▄[48;2;224;224;224m[38;2;223;223;220m▄[48;2;224;224;224m[38;2;223;223;222m▄[48;2;224;224;224m[38;2;224;224;223m▄[48;2;224;224;224m[38;2;224;224;224m▄[48;2;224;224;224m[38;2;224;224;224m▄[48;2;223;223;223m[38;2;223;223;223m▄[48;2;223;223;223m[38;2;223;223;223m▄[48;2;223;223;223m[38;2;223;223;223m▄[48;2;223;223;223m[38;2;221;222;221m▄[48;2;222;222;222m[38;2;222;222;222m▄[48;2;221;221;221m[38;2;222;222;222m▄[48;2;221;221;221m[38;2;221;221;221m▄[48;2;220;220;220m[38;2;221;221;221m▄[48;2;219;219;219m[38;2;219;219;219m▄[48;2;217;217;217m[38;2;217;217;217m▄[48;2;217;217;217m[38;2;217;217;217m▄[48;2;216;216;216m[38;2;216;216;216m▄[48;2;216;216;216m[38;2;216;216;216m▄[48;2;216;216;216m[38;2;216;216;216m▄[48;2;215;215;215m[38;2;215;215;215m▄[48;2;215;215;215m[38;2;215;215;215m▄[48;2;215;215;215m[38;2;215;215;215m▄[48;2;214;214;214m[38;2;214;214;214m▄[48;2;215;215;215m[38;2;215;215;215m▄[48;2;214;214;214m[38;2;214;214;214m▄[48;2;213;213;212m[38;2;213;213;213m▄[48;2;212;212;212m[38;2;212;212;212m▄[48;2;212;212;212m[38;2;211;211;211m▄[48;2;210;210;210m[38;2;211;211;211m▄[48;2;210;210;210m[38;2;211;211;211m▄[48;2;210;210;210m[38;2;211;211;211m▄[48;2;210;210;210m[38;2;210;210;210m▄[48;2;208;208;208m[38;2;209;209;209m▄[48;2;208;208;208m[38;2;208;208;208m▄[48;2;208;208;208m[38;2;208;208;208m▄[48;2;208;208;208m[38;2;208;208;208m▄[48;2;208;208;208m[38;2;207;207;207m▄[0m
[48;2;220;220;220m[38;2;219;219;219m▄[48;2;221;221;221m[38;2;220;220;220m▄[48;2;222;222;222m[38;2;221;221;222m▄[48;2;222;222;222m[38;2;221;221;222m▄[48;2;225;224;223m[38;2;223;223;222m▄[48;2;221;221;222m[38;2;225;224;223m▄[48;2;222;222;222m[38;2;223;223;223m▄[48;2;223;223;223m[38;2;223;222;224m▄[48;2;222;222;223m[38;2;224;223;223m▄[48;2;223;223;223m[38;2;226;225;224m▄[48;2;223;223;222m[38;2;223;223;223m▄[48;2;223;223;224m[38;2;223;223;223m▄[48;2;225;225;224m[38;2;224;224;223m▄[48;2;224;225;222m[38;2;225;225;222m▄[48;2;225;224;222m[38;2;226;226;223m▄[48;2;227;225;222m[38;2;228;226;223m▄[48;2;228;225;221m[38;2;230;227;223m▄[48;2;231;227;221m[38;2;233;227;222m▄[48;2;233;227;222m[38;2;238;230;221m▄[48;2;234;228;222m[38;2;243;234;223m▄[48;2;235;228;222m[38;2;243;235;223m▄[48;2;233;228;223m[38;2;238;230;220m▄[48;2;231;228;221m[38;2;234;227;219m▄[48;2;230;226;223m[38;2;231;226;221m▄[48;2;227;226;222m[38;2;229;226;222m▄[48;2;226;224;221m[38;2;225;224;219m▄[48;2;224;224;221m[38;2;227;225;224m▄[48;2;231;228;231m[38;2;191;206;186m▄[48;2;232;229;233m[38;2;185;202;183m▄[48;2;227;226;227m[38;2;211;217;212m▄[48;2;222;223;221m[38;2;231;227;232m▄[48;2;223;223;223m[38;2;224;223;224m▄[48;2;223;223;223m[38;2;221;222;221m▄[48;2;222;222;222m[38;2;227;225;227m▄[48;2;224;224;224m[38;2;217;219;218m▄[48;2;231;227;232m[38;2;177;197;176m▄[48;2;223;222;223m[38;2;217;219;216m▄[48;2;221;221;221m[38;2;223;223;223m▄[48;2;221;221;221m[38;2;220;221;221m▄[48;2;221;221;221m[38;2;220;220;220m▄[48;2;219;219;219m[38;2;219;218;218m▄[48;2;217;217;217m[38;2;217;217;217m▄[48;2;217;217;217m[38;2;216;216;216m▄[48;2;216;216;216m[38;2;217;217;217m▄[48;2;216;216;216m[38;2;216;216;216m▄[48;2;216;216;216m[38;2;216;216;216m▄[48;2;215;215;215m[38;2;215;215;215m▄[48;2;215;215;215m[38;2;215;215;215m▄[48;2;215;215;215m[38;2;215;215;215m▄[48;2;214;214;214m[38;2;215;215;215m▄[48;2;215;214;215m[38;2;214;214;214m▄[48;2;214;214;214m[38;2;214;214;214m▄[48;2;213;213;213m[38;2;213;213;213m▄[48;2;213;213;213m[38;2;213;213;213m▄[48;2;211;211;211m[38;2;211;211;211m▄[48;2;210;210;210m[38;2;211;211;211m▄[48;2;210;210;210m[38;2;210;210;210m▄[48;2;210;210;210m[38;2;210;210;210m▄[48;2;209;209;209m[38;2;209;209;209m▄[48;2;209;208;209m[38;2;208;208;208m▄[48;2;208;208;208m[38;2;208;208;208m▄[48;2;208;208;208m[38;2;208;208;208m▄[48;2;208;208;208m[38;2;207;207;207m▄[48;2;208;208;208m[38;2;207;207;207m▄[0m
[48;2;218;218;218m[38;2;217;217;217m▄[48;2;220;220;220m[38;2;219;219;218m▄[48;2;221;221;221m[38;2;219;219;219m▄[48;2;220;220;221m[38;2;224;223;222m▄[48;2;225;224;223m[38;2;226;225;223m▄[48;2;229;227;223m[38;2;222;221;222m▄[48;2;223;223;223m[38;2;227;226;224m▄[48;2;221;221;222m[38;2;221;221;221m▄[48;2;229;229;226m[38;2;223;223;223m▄[48;2;233;232;227m[38;2;223;223;224m▄[48;2;222;222;223m[38;2;223;223;223m▄[48;2;224;224;224m[38;2;223;223;224m▄[48;2;224;224;223m[38;2;224;224;223m▄[48;2;225;225;223m[38;2;224;223;223m▄[48;2;226;225;224m[38;2;226;223;222m▄[48;2;228;226;223m[38;2;227;225;222m▄[48;2;230;227;222m[38;2;230;227;222m▄[48;2;233;228;221m[38;2;234;227;220m▄[48;2;243;235;225m[38;2;243;234;225m▄[48;2;254;251;242m[38;2;253;251;243m▄[48;2;254;251;246m[38;2;255;255;251m▄[48;2;251;246;236m[38;2;255;255;255m▄[48;2;244;237;226m[38;2;255;255;255m▄[48;2;239;230;220m[38;2;253;251;247m▄[48;2;232;226;220m[38;2;247;242;234m▄[48;2;228;225;220m[38;2;240;232;221m▄[48;2;222;221;219m[38;2;235;227;221m▄[48;2;135;179;116m[38;2;157;189;137m▄[48;2;146;189;111m[38;2;161;201;101m▄[48;2;135;178;109m[38;2;152;196;89m▄[48;2;155;185;150m[38;2;136;184;85m▄[48;2;224;224;225m[38;2;137;176;126m▄[48;2;226;225;226m[38;2;235;229;238m▄[48;2;220;221;223m[38;2;152;183;145m▄[48;2;144;182;130m[38;2;109;166;64m▄[48;2;89;156;52m[38;2;127;170;108m▄[48;2;163;190;157m[38;2;195;202;196m▄[48;2;230;226;232m[38;2;216;215;216m▄[48;2;219;220;218m[38;2;217;218;217m▄[48;2;219;219;219m[38;2;218;218;218m▄[48;2;218;218;218m[38;2;217;217;217m▄[48;2;217;217;217m[38;2;217;216;216m▄[48;2;216;216;216m[38;2;216;216;216m▄[48;2;216;216;216m[38;2;216;216;216m▄[48;2;216;216;216m[38;2;216;216;216m▄[48;2;216;216;216m[38;2;216;216;216m▄[48;2;216;216;216m[38;2;215;215;215m▄[48;2;215;215;215m[38;2;214;214;214m▄[48;2;215;215;215m[38;2;215;215;215m▄[48;2;215;215;215m[38;2;214;214;214m▄[48;2;215;215;215m[38;2;214;214;214m▄[48;2;213;213;213m[38;2;213;213;213m▄[48;2;213;213;213m[38;2;212;212;212m▄[48;2;213;213;213m[38;2;212;212;212m▄[48;2;211;211;211m[38;2;210;210;210m▄[48;2;210;210;210m[38;2;210;210;210m▄[48;2;210;210;210m[38;2;210;210;210m▄[48;2;210;210;210m[38;2;209;209;209m▄[48;2;209;209;209m[38;2;209;209;209m▄[48;2;209;209;209m[38;2;209;209;209m▄[48;2;209;209;209m[38;2;209;209;209m▄[48;2;208;208;208m[38;2;208;208;208m▄[48;2;208;208;208m[38;2;208;208;208m▄[48;2;208;208;208m[38;2;207;207;207m▄[0m
[48;2;217;217;217m[38;2;217;217;217m▄[48;2;218;218;218m[38;2;217;217;217m▄[48;2;218;218;218m[38;2;218;218;218m▄[48;2;222;222;221m[38;2;219;219;220m▄[48;2;224;224;222m[38;2;220;219;221m▄[48;2;221;221;221m[38;2;221;221;221m▄[48;2;220;220;221m[38;2;225;224;222m▄[48;2;223;222;222m[38;2;222;222;221m▄[48;2;225;225;223m[38;2;223;222;222m▄[48;2;222;222;221m[38;2;221;220;221m▄[48;2;223;223;221m[38;2;221;221;219m▄[48;2;223;223;221m[38;2;222;222;219m▄[48;2;223;223;222m[38;2;222;222;220m▄[48;2;223;223;220m[38;2;222;222;220m▄[48;2;224;223;219m[38;2;223;221;220m▄[48;2;225;223;219m[38;2;224;222;217m▄[48;2;228;226;219m[38;2;227;224;220m▄[48;2;233;227;220m[38;2;231;225;221m▄[48;2;237;230;221m[38;2;232;226;221m▄[48;2;241;233;222m[38;2;234;227;222m▄[48;2;244;237;224m[38;2;234;227;223m▄[48;2;247;240;227m[38;2;234;226;221m▄[48;2;249;245;235m[38;2;234;227;219m▄[48;2;253;251;245m[38;2;237;228;219m▄[48;2;255;255;253m[38;2;241;232;222m▄[48;2;253;254;250m[38;2;248;242;231m▄[48;2;255;250;247m[38;2;252;248;242m▄[48;2;181;205;168m[38;2;249;253;248m▄[48;2;139;186;89m[38;2;141;187;122m▄[48;2;140;185;82m[38;2;134;188;72m▄[48;2;131;180;78m[38;2;119;174;77m▄[48;2;124;176;72m[38;2;118;170;75m▄[48;2;159;186;160m[38;2;89;149;68m▄[48;2;112;165;82m[38;2;103;155;90m▄[48;2;145;177;131m[38;2;160;185;157m▄[48;2;213;208;219m[38;2;137;175;126m▄[48;2;209;206;210m[38;2;138;176;126m▄[48;2;219;216;220m[38;2;152;182;146m▄[48;2;225;222;225m[38;2;186;200;189m▄[48;2;216;217;216m[38;2;225;222;227m▄[48;2;216;216;216m[38;2;217;217;217m▄[48;2;216;216;216m[38;2;216;216;216m▄[48;2;216;216;216m[38;2;216;216;216m▄[48;2;216;216;216m[38;2;216;216;216m▄[48;2;216;216;216m[38;2;216;216;216m▄[48;2;216;216;216m[38;2;216;216;216m▄[48;2;215;215;215m[38;2;215;215;215m▄[48;2;214;214;214m[38;2;214;214;214m▄[48;2;214;214;214m[38;2;214;214;214m▄[48;2;213;213;213m[38;2;214;214;214m▄[48;2;213;213;213m[38;2;213;213;213m▄[48;2;213;213;213m[38;2;212;212;213m▄[48;2;212;212;212m[38;2;211;211;212m▄[48;2;211;211;211m[38;2;210;210;210m▄[48;2;210;210;210m[38;2;210;210;210m▄[48;2;210;210;210m[38;2;210;210;210m▄[48;2;210;210;210m[38;2;210;210;210m▄[48;2;209;209;209m[38;2;209;209;209m▄[48;2;209;209;209m[38;2;209;209;209m▄[48;2;209;209;209m[38;2;209;209;209m▄[48;2;209;209;209m[38;2;209;209;209m▄[48;2;208;208;208m[38;2;208;208;209m▄[48;2;208;207;208m[38;2;208;208;208m▄[48;2;207;207;207m[38;2;207;207;207m▄[0m
[48;2;217;217;217m[38;2;216;216;216m▄[48;2;217;217;217m[38;2;216;216;216m▄[48;2;217;217;217m[38;2;217;217;217m▄[48;2;218;218;218m[38;2;217;217;217m▄[48;2;218;218;219m[38;2;217;217;217m▄[48;2;222;222;220m[38;2;219;219;220m▄[48;2;239;237;227m[38;2;222;221;221m▄[48;2;224;223;221m[38;2;221;221;221m▄[48;2;223;223;222m[38;2;228;226;223m▄[48;2;223;223;221m[38;2;226;226;223m▄[48;2;220;221;219m[38;2;220;220;220m▄[48;2;223;223;221m[38;2;225;224;222m▄[48;2;223;221;221m[38;2;223;222;219m▄[48;2;223;221;220m[38;2;222;222;219m▄[48;2;223;221;219m[38;2;223;222;218m▄[48;2;225;223;218m[38;2;223;221;218m▄[48;2;228;226;220m[38;2;223;221;217m▄[48;2;229;225;219m[38;2;224;222;218m▄[48;2;235;231;222m[38;2;228;225;219m▄[48;2;230;225;219m[38;2;226;222;217m▄[48;2;230;225;219m[38;2;226;222;216m▄[48;2;229;224;220m[38;2;226;222;216m▄[48;2;228;222;219m[38;2;227;222;217m▄[48;2;226;221;218m[38;2;225;223;216m▄[48;2;226;220;217m[38;2;223;222;217m▄[48;2;229;222;215m[38;2;223;228;223m▄[48;2;235;235;223m[38;2;214;167;174m▄[48;2;242;229;220m[38;2;217;136;147m▄[48;2;232;213;206m[38;2;228;144;154m▄[48;2;146;171;118m[38;2;231;137;156m▄[48;2;106;169;81m[38;2;207;153;154m▄[48;2;82;159;67m[38;2;178;148;132m▄[48;2;64;139;52m[38;2;129;129;92m▄[48;2;87;146;72m[38;2;75;151;64m▄[48;2;102;162;79m[38;2;97;165;67m▄[48;2;114;171;82m[38;2;120;175;74m▄[48;2;120;175;86m[38;2;129;181;76m▄[48;2;138;185;96m[38;2;145;193;80m▄[48;2;133;178;100m[38;2;123;178;69m▄[48;2;148;180;139m[38;2;120;165;106m▄[48;2;217;216;218m[38;2;212;212;214m▄[48;2;216;216;216m[38;2;217;216;216m▄[48;2;216;216;216m[38;2;216;216;216m▄[48;2;217;217;217m[38;2;217;217;217m▄[48;2;216;216;216m[38;2;216;216;216m▄[48;2;216;216;216m[38;2;215;215;215m▄[48;2;215;215;215m[38;2;215;215;215m▄[48;2;214;214;214m[38;2;214;214;214m▄[48;2;214;214;214m[38;2;214;214;214m▄[48;2;214;214;214m[38;2;213;213;213m▄[48;2;213;213;213m[38;2;213;213;214m▄[48;2;213;213;213m[38;2;212;212;212m▄[48;2;211;211;211m[38;2;211;211;211m▄[48;2;210;210;210m[38;2;210;210;210m▄[48;2;210;210;210m[38;2;210;210;210m▄[48;2;210;210;210m[38;2;211;211;211m▄[48;2;210;210;210m[38;2;210;210;210m▄[48;2;209;209;209m[38;2;209;209;210m▄[48;2;209;209;209m[38;2;209;209;209m▄[48;2;209;209;209m[38;2;209;209;209m▄[48;2;208;208;209m[38;2;208;208;208m▄[48;2;208;208;208m[38;2;208;208;208m▄[48;2;208;208;208m[38;2;208;208;208m▄[48;2;207;207;207m[38;2;207;207;207m▄[0m
[48;2;216;216;216m[38;2;216;216;216m▄[48;2;216;216;216m[38;2;216;216;216m▄[48;2;216;216;216m[38;2;217;217;217m▄[48;2;217;217;217m[38;2;217;217;217m▄[48;2;217;217;217m[38;2;217;217;217m▄[48;2;217;217;217m[38;2;217;217;217m▄[48;2;217;217;218m[38;2;218;218;217m▄[48;2;218;219;219m[38;2;224;223;220m▄[48;2;224;223;221m[38;2;225;225;222m▄[48;2;222;221;220m[38;2;220;221;220m▄[48;2;221;221;220m[38;2;218;219;219m▄[48;2;220;221;220m[38;2;220;220;220m▄[48;2;221;221;220m[38;2;221;221;220m▄[48;2;222;222;219m[38;2;221;221;219m▄[48;2;222;221;217m[38;2;221;221;218m▄[48;2;224;222;218m[38;2;223;223;217m▄[48;2;228;225;220m[38;2;226;224;220m▄[48;2;223;221;217m[38;2;221;221;217m▄[48;2;223;221;217m[38;2;222;222;217m▄[48;2;225;222;218m[38;2;226;224;220m▄[48;2;224;222;215m[38;2;222;222;215m▄[48;2;224;221;215m[38;2;222;221;216m▄[48;2;224;221;216m[38;2;221;219;215m▄[48;2;224;220;214m[38;2;224;230;223m▄[48;2;225;230;224m[38;2;215;183;185m▄[48;2;212;154;165m[38;2;221;136;150m▄[48;2;224;142;153m[38;2;238;170;174m▄[48;2;237;167;171m[38;2;229;134;143m▄[48;2;230;142;149m[38;2;224;122;132m▄[48;2;223;117;128m[38;2;211;99;115m▄[48;2;216;102;125m[38;2;229;161;167m▄[48;2;235;147;165m[38;2;232;152;157m▄[48;2;246;158;174m[38;2;226;134;143m▄[48;2;186;142;127m[38;2;238;137;152m▄[48;2;118;148;84m[38;2;231;135;150m▄[48;2;113;167;75m[38;2;207;129;134m▄[48;2;119;174;77m[38;2;204;144;142m▄[48;2;112;163;85m[38;2;218;212;202m▄[48;2;137;168;133m[38;2;213;205;204m▄[48;2;197;197;199m[38;2;207;203;199m▄[48;2;207;206;205m[38;2;212;211;209m▄[48;2;214;214;214m[38;2;215;215;216m▄[48;2;216;216;216m[38;2;216;216;216m▄[48;2;215;215;215m[38;2;215;215;215m▄[48;2;215;215;215m[38;2;215;215;215m▄[48;2;215;215;215m[38;2;214;214;214m▄[48;2;214;214;214m[38;2;214;214;214m▄[48;2;214;214;214m[38;2;214;214;214m▄[48;2;213;213;213m[38;2;213;213;213m▄[48;2;213;213;213m[38;2;212;212;212m▄[48;2;212;212;212m[38;2;211;211;211m▄[48;2;211;211;211m[38;2;211;211;211m▄[48;2;211;211;211m[38;2;210;210;210m▄[48;2;210;210;210m[38;2;211;211;211m▄[48;2;210;210;211m[38;2;210;210;211m▄[48;2;211;211;211m[38;2;210;210;210m▄[48;2;210;210;210m[38;2;210;210;210m▄[48;2;209;209;209m[38;2;209;209;209m▄[48;2;209;209;209m[38;2;208;208;208m▄[48;2;208;208;208m[38;2;208;208;208m▄[48;2;208;208;208m[38;2;208;208;208m▄[48;2;207;207;207m[38;2;207;207;207m▄[48;2;207;207;207m[38;2;207;207;207m▄[48;2;206;206;206m[38;2;206;206;206m▄[0m
[48;2;216;216;216m[38;2;216;216;216m▄[48;2;216;216;216m[38;2;216;216;216m▄[48;2;216;216;216m[38;2;216;216;216m▄[48;2;217;217;217m[38;2;216;216;216m▄[48;2;217;217;217m[38;2;217;217;217m▄[48;2;216;216;216m[38;2;216;216;216m▄[48;2;219;219;218m[38;2;217;217;217m▄[48;2;225;224;221m[38;2;216;216;217m▄[48;2;218;218;218m[38;2;217;217;217m▄[48;2;218;218;218m[38;2;216;217;217m▄[48;2;220;220;219m[38;2;221;221;219m▄[48;2;220;220;220m[38;2;224;224;222m▄[48;2;220;220;220m[38;2;219;220;219m▄[48;2;220;220;220m[38;2;219;219;219m▄[48;2;221;221;220m[38;2;220;220;219m▄[48;2;221;220;218m[38;2;220;220;220m▄[48;2;223;222;219m[38;2;222;221;219m▄[48;2;222;222;218m[38;2;221;221;218m▄[48;2;221;221;218m[38;2;221;221;219m▄[48;2;222;220;218m[38;2;222;222;219m▄[48;2;221;221;218m[38;2;221;221;218m▄[48;2;222;222;219m[38;2;221;221;220m▄[48;2;223;222;218m[38;2;221;223;221m▄[48;2;222;225;220m[38;2;222;213;211m▄[48;2;212;139;151m[38;2;227;160;164m▄[48;2;236;169;173m[38;2;234;159;167m▄[48;2;230;138;146m[38;2;228;131;143m▄[48;2;232;144;151m[38;2;231;141;150m▄[48;2;219;112;126m[38;2;224;128;140m▄[48;2;221;139;151m[38;2;229;154;162m▄[48;2;236;158;165m[38;2;230;137;148m▄[48;2;228;131;142m[38;2;230;137;149m▄[48;2;230;139;150m[38;2;230;137;148m▄[48;2;228;137;147m[38;2;230;137;149m▄[48;2;228;136;146m[38;2;229;136;147m▄[48;2;234;139;151m[38;2;228;139;149m▄[48;2;231;119;136m[38;2;223;120;134m▄[48;2;229;171;174m[38;2;210;98;118m▄[48;2;239;240;225m[38;2;242;221;217m▄[48;2;237;227;214m[38;2;254;253;242m▄[48;2;221;217;214m[38;2;236;229;217m▄[48;2;215;215;215m[38;2;230;224;217m▄[48;2;216;216;215m[38;2;217;216;213m▄[48;2;215;215;215m[38;2;215;216;215m▄[48;2;215;215;215m[38;2;215;215;215m▄[48;2;215;215;214m[38;2;214;214;214m▄[48;2;214;214;214m[38;2;215;215;215m▄[48;2;214;214;214m[38;2;214;214;214m▄[48;2;212;212;213m[38;2;213;212;213m▄[48;2;211;211;211m[38;2;211;211;211m▄[48;2;211;211;211m[38;2;211;211;211m▄[48;2;210;210;210m[38;2;211;211;211m▄[48;2;210;210;210m[38;2;210;210;210m▄[48;2;210;210;210m[38;2;210;210;210m▄[48;2;211;211;211m[38;2;210;210;211m▄[48;2;210;210;210m[38;2;209;209;209m▄[48;2;209;209;209m[38;2;209;209;209m▄[48;2;209;209;209m[38;2;209;209;209m▄[48;2;208;208;208m[38;2;208;208;208m▄[48;2;208;208;208m[38;2;208;208;208m▄[48;2;207;207;207m[38;2;207;207;207m▄[48;2;207;206;207m[38;2;207;207;207m▄[48;2;207;207;207m[38;2;206;206;206m▄[48;2;206;206;206m[38;2;205;205;205m▄[0m
[48;2;215;215;215m[38;2;215;215;215m▄[48;2;216;216;216m[38;2;216;216;216m▄[48;2;216;216;216m[38;2;215;215;215m▄[48;2;216;216;216m[38;2;216;216;216m▄[48;2;217;217;217m[38;2;217;217;217m▄[48;2;216;216;216m[38;2;216;216;216m▄[48;2;216;216;216m[38;2;216;216;216m▄[48;2;217;217;217m[38;2;216;216;216m▄[48;2;217;217;217m[38;2;216;216;216m▄[48;2;217;217;217m[38;2;216;216;216m▄[48;2;216;216;216m[38;2;216;216;216m▄[48;2;218;218;218m[38;2;216;216;216m▄[48;2;219;219;219m[38;2;216;216;216m▄[48;2;217;217;217m[38;2;217;217;217m▄[48;2;218;218;218m[38;2;219;219;217m▄[48;2;222;221;220m[38;2;225;224;221m▄[48;2;219;219;219m[38;2;218;218;218m▄[48;2;219;219;219m[38;2;217;217;218m▄[48;2;220;220;218m[38;2;218;217;218m▄[48;2;221;220;219m[38;2;218;218;218m▄[48;2;220;220;219m[38;2;219;219;217m▄[48;2;221;219;218m[38;2;220;218;216m▄[48;2;221;226;224m[38;2;219;224;223m▄[48;2;217;197;200m[38;2;213;194;198m▄[48;2;225;150;160m[38;2;220;138;151m▄[48;2;237;164;168m[38;2;237;163;166m▄[48;2;232;152;155m[38;2;236;157;157m▄[48;2;229;135;146m[38;2;230;138;147m▄[48;2;232;151;159m[38;2;230;140;150m▄[48;2;231;149;157m[38;2;229;139;149m▄[48;2;228;134;145m[38;2;229;137;148m▄[48;2;230;138;148m[38;2;229;138;148m▄[48;2;229;138;149m[38;2;230;136;148m▄[48;2;230;137;149m[38;2;230;136;148m▄[48;2;230;136;148m[38;2;230;136;147m▄[48;2;230;139;149m[38;2;230;138;149m▄[48;2;225;125;137m[38;2;223;119;134m▄[48;2;217;100;119m[38;2;221;103;121m▄[48;2;213;157;161m[38;2;197;141;153m▄[48;2;245;245;231m[38;2;213;216;209m▄[48;2;253;250;239m[38;2;242;232;218m▄[48;2;244;240;225m[38;2;252;249;237m▄[48;2;227;220;212m[38;2;250;245;231m▄[48;2;216;215;215m[38;2;230;222;212m▄[48;2;214;215;215m[38;2;215;213;213m▄[48;2;215;215;215m[38;2;213;213;213m▄[48;2;215;215;215m[38;2;213;213;213m▄[48;2;213;213;213m[38;2;213;213;213m▄[48;2;212;212;212m[38;2;211;211;211m▄[48;2;211;211;211m[38;2;210;210;210m▄[48;2;210;210;210m[38;2;210;210;210m▄[48;2;210;210;210m[38;2;210;210;210m▄[48;2;210;210;210m[38;2;210;210;210m▄[48;2;210;210;210m[38;2;210;210;210m▄[48;2;209;209;209m[38;2;208;208;208m▄[48;2;208;208;208m[38;2;208;208;208m▄[48;2;208;208;208m[38;2;208;208;208m▄[48;2;208;208;207m[38;2;208;208;208m▄[48;2;208;208;208m[38;2;208;208;208m▄[48;2;207;207;207m[38;2;207;207;207m▄[48;2;207;207;207m[38;2;207;207;207m▄[48;2;207;207;207m[38;2;207;207;207m▄[48;2;206;206;206m[38;2;205;205;205m▄[48;2;205;205;205m[38;2;204;204;204m▄[0m
[48;2;216;216;216m[38;2;215;215;215m▄[48;2;216;216;216m[38;2;215;215;215m▄[48;2;215;215;215m[38;2;216;216;216m▄[48;2;215;215;215m[38;2;216;216;216m▄[48;2;216;216;216m[38;2;215;215;215m▄[48;2;216;216;216m[38;2;215;215;215m▄[48;2;216;216;216m[38;2;216;216;216m▄[48;2;216;216;216m[38;2;216;216;216m▄[48;2;216;216;216m[38;2;216;216;216m▄[48;2;216;216;216m[38;2;216;216;216m▄[48;2;216;216;216m[38;2;216;216;216m▄[48;2;217;217;216m[38;2;216;216;216m▄[48;2;216;216;216m[38;2;216;216;216m▄[48;2;217;217;216m[38;2;216;216;216m▄[48;2;220;220;216m[38;2;216;216;216m▄[48;2;216;216;216m[38;2;217;216;216m▄[48;2;217;217;218m[38;2;216;216;216m▄[48;2;217;217;217m[38;2;223;222;219m▄[48;2;216;216;216m[38;2;222;221;218m▄[48;2;217;217;217m[38;2;217;216;215m▄[48;2;217;217;217m[38;2;218;218;217m▄[48;2;219;217;216m[38;2;216;216;216m▄[48;2;220;220;218m[38;2;217;215;215m▄[48;2;215;211;212m[38;2;220;225;221m▄[48;2;214;137;150m[38;2;218;169;176m▄[48;2;238;171;172m[38;2;236;168;171m▄[48;2;231;141;147m[38;2;230;140;146m▄[48;2;229;137;148m[38;2;229;138;148m▄[48;2;230;137;147m[38;2;230;137;148m▄[48;2;232;147;153m[38;2;231;139;148m▄[48;2;230;141;150m[38;2;231;138;149m▄[48;2;229;135;146m[38;2;233;157;162m▄[48;2;229;136;147m[38;2;229;138;146m▄[48;2;230;137;148m[38;2;229;135;146m▄[48;2;230;137;148m[38;2;231;140;151m▄[48;2;229;135;148m[38;2;224;123;136m▄[48;2;222;114;129m[38;2;222;112;127m▄[48;2;218;103;121m[38;2;211;111;128m▄[48;2;195;155;165m[38;2;194;185;187m▄[48;2;204;212;210m[38;2;206;208;207m▄[48;2;218;214;211m[38;2;213;213;213m▄[48;2;226;220;211m[38;2;212;213;213m▄[48;2;247;242;227m[38;2;219;214;210m▄[48;2;253;248;234m[38;2;245;237;224m▄[48;2;233;225;212m[38;2;253;250;235m▄[48;2;222;219;214m[38;2;239;231;217m▄[48;2;214;214;213m[38;2;220;216;209m▄[48;2;212;212;211m[38;2;229;227;219m▄[48;2;211;211;211m[38;2;215;214;213m▄[48;2;210;210;210m[38;2;210;210;209m▄[48;2;209;209;209m[38;2;210;210;210m▄[48;2;210;210;210m[38;2;210;210;210m▄[48;2;209;209;209m[38;2;209;209;209m▄[48;2;209;209;209m[38;2;209;209;208m▄[48;2;208;208;208m[38;2;208;208;208m▄[48;2;208;209;208m[38;2;209;208;210m▄[48;2;208;208;208m[38;2;208;208;208m▄[48;2;208;208;208m[38;2;208;208;208m▄[48;2;208;208;208m[38;2;207;207;207m▄[48;2;207;207;207m[38;2;207;207;207m▄[48;2;206;206;206m[38;2;206;206;206m▄[48;2;206;206;206m[38;2;206;205;206m▄[48;2;205;205;205m[38;2;205;204;205m▄[48;2;204;204;204m[38;2;204;204;204m▄[0m
[48;2;215;215;215m[38;2;214;214;214m▄[48;2;215;215;215m[38;2;214;214;214m▄[48;2;215;215;215m[38;2;215;215;215m▄[48;2;215;215;215m[38;2;215;215;215m▄[48;2;215;215;215m[38;2;215;215;215m▄[48;2;215;215;215m[38;2;215;215;215m▄[48;2;216;215;216m[38;2;215;215;215m▄[48;2;216;216;216m[38;2;215;215;215m▄[48;2;216;216;216m[38;2;216;216;216m▄[48;2;216;216;216m[38;2;216;216;216m▄[48;2;217;217;217m[38;2;216;216;216m▄[48;2;216;216;216m[38;2;216;216;216m▄[48;2;216;216;216m[38;2;216;216;216m▄[48;2;216;216;216m[38;2;216;216;216m▄[48;2;216;216;216m[38;2;216;216;216m▄[48;2;216;216;216m[38;2;216;216;216m▄[48;2;215;215;216m[38;2;217;217;217m▄[48;2;220;220;218m[38;2;217;217;216m▄[48;2;233;231;223m[38;2;223;223;219m▄[48;2;227;225;219m[38;2;220;219;218m▄[48;2;224;223;220m[38;2;218;218;218m▄[48;2;217;217;217m[38;2;217;217;217m▄[48;2;216;216;216m[38;2;216;216;216m▄[48;2;216;217;216m[38;2;216;214;215m▄[48;2;217;215;214m[38;2;216;223;222m▄[48;2;228;173;173m[38;2;208;151;161m▄[48;2;234;152;154m[38;2;230;146;150m▄[48;2;230;134;142m[38;2;239;164;157m▄[48;2;229;137;146m[38;2;233;147;149m▄[48;2;230;137;147m[38;2;226;135;145m▄[48;2;231;138;148m[38;2;227;133;145m▄[48;2;231;148;155m[38;2;231;140;149m▄[48;2;230;139;149m[38;2;227;130;141m▄[48;2;231;140;150m[38;2;224;119;133m▄[48;2;227;128;140m[38;2;220;112;126m▄[48;2;218;106;122m[38;2;223;113;126m▄[48;2;224;115;131m[38;2;204;111;128m▄[48;2;203;158;165m[38;2;191;192;192m▄[48;2;195;202;200m[38;2;200;200;200m▄[48;2;208;207;207m[38;2;211;211;211m▄[48;2;215;215;215m[38;2;214;214;215m▄[48;2;214;213;214m[38;2;213;213;213m▄[48;2;214;213;214m[38;2;212;212;212m▄[48;2;224;219;214m[38;2;210;210;211m▄[48;2;235;228;216m[38;2;210;208;208m▄[48;2;251;246;232m[38;2;232;226;212m▄[48;2;239;231;217m[38;2;252;247;233m▄[48;2;218;214;208m[38;2;237;229;216m▄[48;2;210;210;210m[38;2;211;208;207m▄[48;2;209;209;209m[38;2;213;213;212m▄[48;2;209;209;209m[38;2;211;211;210m▄[48;2;210;210;210m[38;2;209;209;209m▄[48;2;209;209;209m[38;2;210;209;211m▄[48;2;209;209;209m[38;2;209;208;211m▄[48;2;208;207;210m[38;2;208;208;210m▄[48;2;208;208;209m[38;2;208;208;208m▄[48;2;208;208;208m[38;2;208;208;208m▄[48;2;208;208;208m[38;2;208;208;207m▄[48;2;207;207;208m[38;2;207;207;206m▄[48;2;207;207;207m[38;2;207;207;206m▄[48;2;206;206;206m[38;2;206;207;205m▄[48;2;205;204;206m[38;2;204;204;204m▄[48;2;204;204;204m[38;2;204;204;204m▄[48;2;203;203;203m[38;2;204;204;204m▄[0m
[48;2;214;214;214m[38;2;212;212;212m▄[48;2;214;214;214m[38;2;213;213;213m▄[48;2;214;214;214m[38;2;215;215;215m▄[48;2;215;215;215m[38;2;214;214;214m▄[48;2;214;214;214m[38;2;214;214;214m▄[48;2;215;215;215m[38;2;215;215;215m▄[48;2;215;215;215m[38;2;215;215;215m▄[48;2;215;215;215m[38;2;215;215;215m▄[48;2;215;215;215m[38;2;215;215;215m▄[48;2;215;215;215m[38;2;215;215;215m▄[48;2;215;215;215m[38;2;215;215;215m▄[48;2;215;215;215m[38;2;215;215;215m▄[48;2;216;216;216m[38;2;215;215;215m▄[48;2;215;215;215m[38;2;215;215;215m▄[48;2;215;215;215m[38;2;215;215;215m▄[48;2;217;217;217m[38;2;216;216;216m▄[48;2;217;217;217m[38;2;216;216;216m▄[48;2;217;217;217m[38;2;216;216;216m▄[48;2;215;215;216m[38;2;216;216;216m▄[48;2;217;216;217m[38;2;216;216;216m▄[48;2;216;216;216m[38;2;216;216;216m▄[48;2;216;216;216m[38;2;216;216;216m▄[48;2;216;216;216m[38;2;216;216;216m▄[48;2;216;216;216m[38;2;216;216;216m▄[48;2;217;217;217m[38;2;216;215;215m▄[48;2;215;214;214m[38;2;216;218;218m▄[48;2;207;134;148m[38;2;211;212;212m▄[48;2;220;118;128m[38;2;200;158;167m▄[48;2;233;137;141m[38;2;200;133;145m▄[48;2;229;134;137m[38;2;205;143;149m▄[48;2;213;98;114m[38;2;207;175;171m▄[48;2;219;109;127m[38;2;211;172;173m▄[48;2;220;105;122m[38;2;209;136;145m▄[48;2;220;104;122m[38;2;204;126;137m▄[48;2;218;104;122m[38;2;201;143;149m▄[48;2;205;104;124m[38;2;196;185;183m▄[48;2;195;179;182m[38;2;197;200;198m▄[48;2;203;205;199m[38;2;210;208;203m▄[48;2;209;207;206m[38;2;213;213;211m▄[48;2;213;213;214m[38;2;213;212;213m▄[48;2;213;213;213m[38;2;217;217;215m▄[48;2;211;211;211m[38;2;213;213;212m▄[48;2;211;211;211m[38;2;209;209;209m▄[48;2;210;210;210m[38;2;210;209;210m▄[48;2;208;209;209m[38;2;209;209;209m▄[48;2;211;208;208m[38;2;208;209;210m▄[48;2;233;224;213m[38;2;211;208;206m▄[48;2;252;246;231m[38;2;237;229;215m▄[48;2;235;226;215m[38;2;249;244;231m▄[48;2;225;221;215m[38;2;232;224;212m▄[48;2;211;211;210m[38;2;210;210;208m▄[48;2;209;208;209m[38;2;210;211;211m▄[48;2;209;208;211m[38;2;212;211;212m▄[48;2;209;208;211m[38;2;209;208;211m▄[48;2;208;208;209m[38;2;208;208;209m▄[48;2;208;207;209m[38;2;208;208;208m▄[48;2;208;208;208m[38;2;208;208;208m▄[48;2;208;208;204m[38;2;208;208;204m▄[48;2;207;207;202m[38;2;207;207;202m▄[48;2;207;207;202m[38;2;207;207;202m▄[48;2;207;207;203m[38;2;207;207;202m▄[48;2;205;204;204m[38;2;204;205;204m▄[48;2;203;203;203m[38;2;203;203;203m▄[48;2;203;203;203m[38;2;202;202;204m▄[0m
[48;2;212;212;212m[38;2;211;211;211m▄[48;2;213;213;213m[38;2;212;212;212m▄[48;2;213;213;213m[38;2;212;212;212m▄[48;2;214;214;214m[38;2;212;212;212m▄[48;2;214;214;214m[38;2;212;212;212m▄[48;2;214;214;214m[38;2;213;213;214m▄[48;2;214;214;214m[38;2;214;214;214m▄[48;2;214;214;214m[38;2;214;214;214m▄[48;2;215;215;215m[38;2;214;214;214m▄[48;2;214;214;214m[38;2;214;214;214m▄[48;2;215;215;215m[38;2;214;214;214m▄[48;2;215;215;215m[38;2;215;214;215m▄[48;2;215;215;215m[38;2;215;215;215m▄[48;2;215;215;215m[38;2;215;215;215m▄[48;2;216;216;216m[38;2;215;215;215m▄[48;2;216;216;216m[38;2;215;215;215m▄[48;2;216;216;216m[38;2;215;215;215m▄[48;2;216;216;216m[38;2;215;215;215m▄[48;2;216;216;216m[38;2;214;214;214m▄[48;2;216;216;216m[38;2;214;214;214m▄[48;2;215;215;215m[38;2;215;215;215m▄[48;2;216;216;216m[38;2;215;215;215m▄[48;2;216;216;216m[38;2;215;215;215m▄[48;2;216;216;216m[38;2;214;214;214m▄[48;2;215;215;215m[38;2;213;213;214m▄[48;2;218;217;216m[38;2;220;219;216m▄[48;2;222;222;217m[38;2;227;224;218m▄[48;2;212;218;217m[38;2;216;213;211m▄[48;2;211;218;214m[38;2;214;212;212m▄[48;2;207;213;209m[38;2;213;211;211m▄[48;2;199;204;203m[38;2;212;210;210m▄[48;2;207;211;206m[38;2;211;210;210m▄[48;2;216;216;209m[38;2;211;208;209m▄[48;2;216;213;206m[38;2;213;209;209m▄[48;2;217;215;204m[38;2;219;211;209m▄[48;2;221;214;202m[38;2;225;217;209m▄[48;2;206;204;201m[38;2;224;216;209m▄[48;2;208;207;206m[38;2;224;217;211m▄[48;2;211;210;210m[38;2;217;213;210m▄[48;2;211;211;212m[38;2;211;209;208m▄[48;2;214;214;212m[38;2;210;208;207m▄[48;2;217;216;213m[38;2;221;218;213m▄[48;2;210;210;210m[38;2;212;211;210m▄[48;2;210;210;211m[38;2;215;214;212m▄[48;2;210;209;210m[38;2;218;216;213m▄[48;2;208;208;208m[38;2;212;210;210m▄[48;2;208;209;209m[38;2;207;207;207m▄[48;2;221;213;205m[38;2;224;219;210m▄[48;2;248;242;230m[38;2;246;240;226m▄[48;2;236;229;215m[38;2;244;238;223m▄[48;2;216;212;207m[38;2;218;212;205m▄[48;2;211;210;209m[38;2;209;208;208m▄[48;2;209;209;209m[38;2;207;207;207m▄[48;2;208;208;208m[38;2;207;208;207m▄[48;2;208;208;208m[38;2;207;207;207m▄[48;2;207;207;207m[38;2;207;207;207m▄[48;2;207;207;207m[38;2;207;207;207m▄[48;2;207;207;204m[38;2;207;207;206m▄[48;2;207;207;202m[38;2;206;206;202m▄[48;2;207;207;202m[38;2;205;206;201m▄[48;2;206;207;202m[38;2;204;206;202m▄[48;2;202;205;204m[38;2;202;205;204m▄[48;2;201;203;205m[38;2;200;202;204m▄[48;2;201;202;205m[38;2;202;202;205m▄[0m
[48;2;210;210;210m[38;2;210;210;210m▄[48;2;210;210;210m[38;2;210;210;210m▄[48;2;211;211;211m[38;2;210;210;210m▄[48;2;210;210;210m[38;2;210;210;210m▄[48;2;212;212;212m[38;2;211;211;211m▄[48;2;212;212;212m[38;2;211;211;211m▄[48;2;213;213;213m[38;2;211;211;211m▄[48;2;214;213;213m[38;2;212;212;212m▄[48;2;214;214;214m[38;2;213;213;213m▄[48;2;214;214;214m[38;2;213;212;214m▄[48;2;214;214;214m[38;2;213;213;214m▄[48;2;214;214;215m[38;2;213;213;213m▄[48;2;214;214;214m[38;2;214;214;213m▄[48;2;214;214;215m[38;2;214;213;214m▄[48;2;215;215;215m[38;2;214;213;214m▄[48;2;215;215;215m[38;2;214;214;214m▄[48;2;215;215;215m[38;2;214;214;214m▄[48;2;215;215;215m[38;2;214;214;214m▄[48;2;214;214;214m[38;2;214;213;214m▄[48;2;214;214;214m[38;2;214;213;214m▄[48;2;214;214;214m[38;2;214;214;214m▄[48;2;214;214;214m[38;2;213;213;213m▄[48;2;214;214;214m[38;2;214;214;214m▄[48;2;214;214;214m[38;2;214;214;214m▄[48;2;214;214;214m[38;2;214;213;213m▄[48;2;213;213;214m[38;2;214;214;213m▄[48;2;212;212;213m[38;2;214;214;214m▄[48;2;231;229;217m[38;2;219;218;214m▄[48;2;222;221;215m[38;2;218;217;215m▄[48;2;211;211;213m[38;2;212;212;213m▄[48;2;213;213;213m[38;2;211;210;211m▄[48;2;216;216;214m[38;2;219;218;215m▄[48;2;216;215;212m[38;2;221;220;215m▄[48;2;210;210;211m[38;2;209;209;209m▄[48;2;209;209;210m[38;2;210;210;210m▄[48;2;210;210;210m[38;2;212;211;211m▄[48;2;217;213;210m[38;2;210;209;210m▄[48;2;228;221;211m[38;2;207;206;206m▄[48;2;231;222;212m[38;2;213;208;206m▄[48;2;228;217;208m[38;2;222;217;210m▄[48;2;235;227;214m[38;2;225;219;210m▄[48;2;228;220;210m[38;2;231;222;211m▄[48;2;218;212;207m[38;2;232;225;212m▄[48;2;214;209;205m[38;2;233;225;212m▄[48;2;217;210;206m[38;2;234;227;215m▄[48;2;228;220;212m[38;2;234;227;216m▄[48;2;221;213;205m[38;2;240;234;220m▄[48;2;234;226;212m[38;2;243;238;226m▄[48;2;247;244;233m[38;2;248;240;225m▄[48;2;244;238;219m[38;2;223;217;207m▄[48;2;213;209;206m[38;2;205;205;208m▄[48;2;206;206;207m[38;2;207;207;208m▄[48;2;207;207;207m[38;2;207;207;207m▄[48;2;207;207;207m[38;2;206;206;206m▄[48;2;207;207;207m[38;2;205;205;206m▄[48;2;206;206;206m[38;2;204;204;204m▄[48;2;206;206;206m[38;2;204;204;204m▄[48;2;205;205;204m[38;2;203;204;204m▄[48;2;205;205;203m[38;2;203;203;203m▄[48;2;203;205;202m[38;2;203;203;203m▄[48;2;202;204;203m[38;2;203;203;203m▄[48;2;202;203;204m[38;2;202;203;203m▄[48;2;201;202;204m[38;2;203;203;203m▄[48;2;201;201;204m[38;2;202;202;204m▄[0m
[48;2;210;210;210m[38;2;210;210;210m▄[48;2;211;211;211m[38;2;210;210;210m▄[48;2;210;210;210m[38;2;210;210;211m▄[48;2;210;210;210m[38;2;210;210;210m▄[48;2;210;210;210m[38;2;210;210;211m▄[48;2;210;210;210m[38;2;211;211;211m▄[48;2;210;210;210m[38;2;211;211;212m▄[48;2;210;210;210m[38;2;211;211;211m▄[48;2;211;211;211m[38;2;212;212;212m▄[48;2;211;211;211m[38;2;212;212;212m▄[48;2;212;212;212m[38;2;213;212;214m▄[48;2;212;212;212m[38;2;213;213;213m▄[48;2;211;211;211m[38;2;213;213;213m▄[48;2;212;212;212m[38;2;213;213;213m▄[48;2;212;212;212m[38;2;213;213;214m▄[48;2;212;212;212m[38;2;213;213;213m▄[48;2;212;212;212m[38;2;214;213;214m▄[48;2;212;212;212m[38;2;213;213;214m▄[48;2;212;212;213m[38;2;214;214;213m▄[48;2;212;212;212m[38;2;214;214;214m▄[48;2;213;213;212m[38;2;214;214;214m▄[48;2;212;212;212m[38;2;214;214;214m▄[48;2;212;212;212m[38;2;213;213;213m▄[48;2;213;213;213m[38;2;213;213;213m▄[48;2;213;213;213m[38;2;210;210;210m▄[48;2;212;212;212m[38;2;208;207;208m▄[48;2;213;213;214m[38;2;205;202;203m▄[48;2;211;211;213m[38;2;202;197;198m▄[48;2;210;211;212m[38;2;197;192;192m▄[48;2;210;211;211m[38;2;193;187;188m▄[48;2;209;210;210m[38;2;192;186;186m▄[48;2;211;212;211m[38;2;192;187;186m▄[48;2;213;213;212m[38;2;193;186;187m▄[48;2;210;210;210m[38;2;192;187;188m▄[48;2;208;209;210m[38;2;191;186;187m▄[48;2;214;213;210m[38;2;191;187;185m▄[48;2;213;212;210m[38;2;194;189;187m▄[48;2;225;224;216m[38;2;207;203;198m▄[48;2;218;217;212m[38;2;199;195;194m▄[48;2;209;207;206m[38;2;214;210;204m▄[48;2;210;208;207m[38;2;226;224;213m▄[48;2;211;208;206m[38;2;204;203;202m▄[48;2;217;213;208m[38;2;212;212;209m▄[48;2;223;217;209m[38;2;209;209;207m▄[48;2;224;216;208m[38;2;209;208;206m▄[48;2;226;218;209m[38;2;211;208;205m▄[48;2;231;224;212m[38;2;218;212;207m▄[48;2;230;223;212m[38;2;222;219;214m▄[48;2;218;211;206m[38;2;206;207;207m▄[48;2;210;210;210m[38;2;207;207;208m▄[48;2;206;206;207m[38;2;207;207;207m▄[48;2;206;206;207m[38;2;207;207;207m▄[48;2;205;205;205m[38;2;206;206;206m▄[48;2;204;204;204m[38;2;205;205;205m▄[48;2;204;203;205m[38;2;204;204;205m▄[48;2;203;203;204m[38;2;204;203;204m▄[48;2;203;203;204m[38;2;203;203;204m▄[48;2;203;202;203m[38;2;202;202;202m▄[48;2;207;207;207m[38;2;210;210;210m▄[48;2;211;211;211m[38;2;215;216;215m▄[48;2;203;203;203m[38;2;203;203;203m▄[48;2;202;202;202m[38;2;202;202;202m▄[48;2;202;202;202m[38;2;202;202;202m▄[48;2;202;202;203m[38;2;202;201;203m▄[0m
[48;2;212;212;212m[38;2;215;215;215m▄[48;2;212;212;212m[38;2;215;215;215m▄[48;2;213;212;214m[38;2;215;215;215m▄[48;2;213;213;213m[38;2;216;216;216m▄[48;2;214;214;213m[38;2;215;215;215m▄[48;2;214;214;214m[38;2;215;215;215m▄[48;2;214;214;214m[38;2;216;216;215m▄[48;2;215;215;214m[38;2;215;215;215m▄[48;2;214;214;215m[38;2;216;216;216m▄[48;2;215;214;216m[38;2;216;216;216m▄[48;2;215;215;216m[38;2;216;216;216m▄[48;2;216;216;216m[38;2;216;216;216m▄[48;2;215;215;215m[38;2;216;216;216m▄[48;2;215;215;215m[38;2;216;216;216m▄[48;2;215;215;215m[38;2;215;215;215m▄[48;2;215;215;215m[38;2;215;215;215m▄[48;2;215;215;215m[38;2;215;215;215m▄[48;2;215;215;215m[38;2;216;216;216m▄[48;2;215;215;215m[38;2;216;216;216m▄[48;2;215;215;215m[38;2;216;216;216m▄[48;2;215;215;215m[38;2;215;215;215m▄[48;2;213;213;214m[38;2;215;215;215m▄[48;2;210;208;209m[38;2;214;213;214m▄[48;2;206;202;204m[38;2;213;210;210m▄[48;2;202;193;195m[38;2;210;207;207m▄[48;2;197;184;185m[38;2;207;202;202m▄[48;2;195;177;179m[38;2;204;197;197m▄[48;2;194;173;176m[38;2;203;193;193m▄[48;2;193;172;174m[38;2;201;191;191m▄[48;2;192;172;172m[38;2;202;190;190m▄[48;2;192;171;171m[38;2;202;189;189m▄[48;2;193;171;171m[38;2;201;189;187m▄[48;2;192;171;171m[38;2;200;189;187m▄[48;2;191;171;172m[38;2;200;189;187m▄[48;2;190;171;172m[38;2;201;189;189m▄[48;2;192;171;171m[38;2;202;191;191m▄[48;2;192;172;172m[38;2;203;195;194m▄[48;2;198;184;181m[38;2;204;197;195m▄[48;2;195;184;182m[38;2;210;204;203m▄[48;2;200;192;189m[38;2;211;208;206m▄[48;2;209;204;200m[38;2;210;210;208m▄[48;2;213;210;207m[38;2;218;217;213m▄[48;2;208;207;206m[38;2;220;220;216m▄[48;2;210;209;210m[38;2;212;212;211m▄[48;2;210;210;210m[38;2;211;211;211m▄[48;2;212;212;210m[38;2;211;211;211m▄[48;2;212;211;211m[38;2;212;212;212m▄[48;2;208;208;209m[38;2;210;210;210m▄[48;2;209;210;209m[38;2;210;210;210m▄[48;2;208;208;208m[38;2;209;209;209m▄[48;2;207;207;207m[38;2;209;209;209m▄[48;2;207;207;207m[38;2;209;209;209m▄[48;2;207;207;207m[38;2;209;209;209m▄[48;2;207;207;208m[38;2;209;208;209m▄[48;2;207;207;207m[38;2;208;207;208m▄[48;2;207;207;207m[38;2;208;208;208m▄[48;2;207;207;207m[38;2;207;207;207m▄[48;2;205;205;205m[38;2;207;207;207m▄[48;2;204;204;204m[38;2;207;207;207m▄[48;2;205;205;205m[38;2;207;207;207m▄[48;2;203;203;203m[38;2;207;207;207m▄[48;2;203;203;203m[38;2;206;206;206m▄[48;2;203;203;203m[38;2;204;204;204m▄[48;2;203;203;203m[38;2;204;204;204m▄[0m
[48;2;216;216;216m[38;2;217;217;217m▄[48;2;216;216;216m[38;2;217;217;217m▄[48;2;216;216;216m[38;2;217;217;217m▄[48;2;216;216;216m[38;2;217;217;217m▄[48;2;217;217;217m[38;2;218;218;218m▄[48;2;217;217;217m[38;2;218;218;218m▄[48;2;217;217;217m[38;2;218;218;218m▄[48;2;217;217;217m[38;2;218;218;218m▄[48;2;217;217;217m[38;2;218;218;218m▄[48;2;217;217;217m[38;2;218;218;218m▄[48;2;217;217;217m[38;2;219;219;219m▄[48;2;217;217;217m[38;2;219;219;219m▄[48;2;217;217;217m[38;2;219;219;219m▄[48;2;217;217;217m[38;2;219;219;219m▄[48;2;217;217;217m[38;2;219;219;219m▄[48;2;216;216;216m[38;2;219;219;219m▄[48;2;217;217;217m[38;2;219;219;219m▄[48;2;217;217;217m[38;2;219;219;219m▄[48;2;216;216;216m[38;2;219;219;219m▄[48;2;217;217;217m[38;2;219;219;219m▄[48;2;217;217;217m[38;2;219;219;219m▄[48;2;217;217;217m[38;2;219;219;219m▄[48;2;217;217;217m[38;2;218;218;218m▄[48;2;217;217;217m[38;2;218;218;218m▄[48;2;217;217;217m[38;2;218;218;218m▄[48;2;217;218;218m[38;2;218;218;218m▄[48;2;217;218;217m[38;2;217;217;217m▄[48;2;216;217;217m[38;2;217;216;216m▄[48;2;216;217;217m[38;2;216;216;216m▄[48;2;216;217;217m[38;2;217;216;216m▄[48;2;216;217;217m[38;2;216;216;216m▄[48;2;216;217;216m[38;2;216;216;216m▄[48;2;216;217;217m[38;2;216;216;216m▄[48;2;216;217;216m[38;2;216;216;216m▄[48;2;216;216;216m[38;2;216;216;216m▄[48;2;215;216;217m[38;2;216;215;215m▄[48;2;215;217;216m[38;2;216;215;215m▄[48;2;216;217;217m[38;2;216;216;216m▄[48;2;216;216;217m[38;2;215;215;215m▄[48;2;215;216;216m[38;2;216;216;216m▄[48;2;216;216;215m[38;2;216;216;216m▄[48;2;215;215;215m[38;2;216;216;216m▄[48;2;219;219;217m[38;2;214;214;215m▄[48;2;214;214;214m[38;2;215;215;215m▄[48;2;214;214;213m[38;2;215;215;215m▄[48;2;213;213;213m[38;2;215;215;215m▄[48;2;212;212;212m[38;2;215;215;215m▄[48;2;211;211;211m[38;2;214;214;214m▄[48;2;211;211;211m[38;2;213;213;213m▄[48;2;210;210;210m[38;2;212;212;212m▄[48;2;210;210;210m[38;2;211;211;211m▄[48;2;210;210;210m[38;2;211;211;211m▄[48;2;210;210;210m[38;2;210;210;210m▄[48;2;210;210;210m[38;2;210;210;210m▄[48;2;209;209;209m[38;2;209;209;209m▄[48;2;209;209;209m[38;2;209;209;209m▄[48;2;208;208;208m[38;2;209;209;209m▄[48;2;208;208;208m[38;2;209;209;209m▄[48;2;207;207;208m[38;2;209;209;209m▄[48;2;208;208;208m[38;2;209;209;209m▄[48;2;208;208;208m[38;2;208;208;208m▄[48;2;208;208;208m[38;2;208;208;208m▄[48;2;207;207;207m[38;2;208;208;208m▄[48;2;206;206;206m[38;2;208;208;208m▄[0m
