[48;2;217;217;218m[38;2;217;217;217m▄[48;2;219;218;220m[38;2;218;218;218m▄[48;2;221;221;221m[38;2;220;220;220m▄[48;2;222;222;222m[38;2;221;221;221m▄[48;2;222;222;222m[38;2;222;222;222m▄[48;2;223;223;223m[38;2;223;223;223m▄[48;2;223;223;223m[38;2;223;223;223m▄[48;2;224;224;224m[38;2;224;224;224m▄[48;2;225;225;225m[38;2;225;225;225m▄[48;2;225;225;225m[38;2;225;225;225m▄[48;2;225;225;225m[38;2;224;224;224m▄[48;2;226;226;226m[38;2;224;224;224m▄[48;2;226;226;228m[38;2;225;225;225m▄[48;2;228;228;228m[38;2;226;226;226m▄[48;2;227;227;227m[38;2;227;227;227m▄[48;2;227;227;227m[38;2;228;228;227m▄[48;2;228;228;228m[38;2;227;227;227m▄[48;2;228;228;228m[38;2;227;227;227m▄[48;2;228;228;228m[38;2;227;227;227m▄[48;2;228;228;228m[38;2;228;228;228m▄[48;2;228;228;228m[38;2;227;227;227m▄[48;2;228;228;228m[38;2;227;227;227m▄[48;2;228;228;228m[38;2;227;227;227m▄[48;2;228;228;228m[38;2;227;227;227m▄[48;2;228;228;228m[38;2;227;227;227m▄[48;2;227;227;227m[38;2;227;227;227m▄[48;2;228;228;228m[38;2;227;227;227m▄[48;2;228;228;228m[38;2;227;227;227m▄[48;2;227;227;227m[38;2;225;225;225m▄[48;2;225;225;225m[38;2;224;224;224m▄[48;2;224;224;224m[38;2;225;225;225m▄[48;2;225;225;225m[38;2;225;225;225m▄[48;2;225;225;225m[38;2;225;225;225m▄[48;2;224;224;224m[38;2;224;224;224m▄[48;2;223;223;223m[38;2;223;223;223m▄[48;2;223;223;223m[38;2;223;223;223m▄[48;2;223;223;223m[38;2;222;222;222m▄[48;2;222;222;222m[38;2;222;222;222m▄[48;2;221;221;221m[38;2;222;222;222m▄[48;2;221;221;221m[38;2;221;221;221m▄[48;2;219;219;219m[38;2;219;219;219m▄[48;2;218;218;218m[38;2;218;218;218m▄[48;2;217;217;217m[38;2;217;217;217m▄[48;2;216;216;216m[38;2;216;216;216m▄[48;2;216;216;216m[38;2;217;217;217m▄[48;2;216;216;216m[38;2;216;216;217m▄[48;2;216;216;216m[38;2;216;216;216m▄[48;2;216;216;216m[38;2;216;216;215m▄[48;2;215;215;215m[38;2;215;215;215m▄[48;2;214;214;214m[38;2;214;214;215m▄[48;2;214;214;214m[38;2;213;213;213m▄[48;2;212;212;212m[38;2;212;212;212m▄[48;2;211;211;211m[38;2;211;211;211m▄[48;2;210;210;210m[38;2;210;210;210m▄[48;2;211;211;211m[38;2;210;210;210m▄[48;2;210;210;211m[38;2;209;209;210m▄[48;2;208;208;209m[38;2;208;208;209m▄[48;2;208;208;208m[38;2;208;208;208m▄[48;2;208;208;208m[38;2;208;208;208m▄[48;2;208;208;208m[38;2;207;207;207m▄[48;2;207;207;207m[38;2;207;207;207m▄[48;2;205;205;205m[38;2;205;205;205m▄[48;2;204;204;204m[38;2;204;204;204m▄[48;2;204;204;204m[38;2;203;203;203m▄[0m
[48;2;217;217;217m[38;2;217;217;217m▄[48;2;217;217;217m[38;2;218;218;218m▄[48;2;218;218;218m[38;2;218;218;218m▄[48;2;221;221;221m[38;2;219;219;219m▄[48;2;222;222;222m[38;2;221;221;221m▄[48;2;223;223;223m[38;2;222;222;222m▄[48;2;223;223;223m[38;2;222;222;222m▄[48;2;224;224;224m[38;2;223;223;223m▄[48;2;224;224;224m[38;2;224;224;224m▄[48;2;225;225;225m[38;2;224;224;224m▄[48;2;225;225;225m[38;2;224;224;224m▄[48;2;225;225;225m[38;2;224;224;224m▄[48;2;225;225;225m[38;2;225;225;225m▄[48;2;225;225;225m[38;2;224;224;224m▄[48;2;226;226;226m[38;2;224;224;224m▄[48;2;227;226;228m[38;2;224;224;225m▄[48;2;227;227;227m[38;2;226;226;226m▄[48;2;227;227;227m[38;2;227;227;227m▄[48;2;227;227;227m[38;2;227;227;227m▄[48;2;228;228;228m[38;2;227;227;227m▄[48;2;227;227;227m[38;2;226;226;226m▄[48;2;227;227;227m[38;2;227;227;227m▄[48;2;226;226;226m[38;2;227;227;227m▄[48;2;226;226;226m[38;2;227;227;227m▄[48;2;227;227;227m[38;2;227;227;227m▄[48;2;227;227;227m[38;2;226;226;226m▄[48;2;226;226;226m[38;2;225;225;225m▄[48;2;225;225;225m[38;2;224;224;224m▄[48;2;224;224;224m[38;2;223;224;223m▄[48;2;224;224;224m[38;2;222;223;222m▄[48;2;224;224;224m[38;2;223;224;223m▄[48;2;225;225;225m[38;2;224;224;224m▄[48;2;224;224;224m[38;2;224;224;224m▄[48;2;224;224;224m[38;2;224;224;224m▄[48;2;223;223;223m[38;2;221;222;221m▄[48;2;222;222;222m[38;2;222;222;222m▄[48;2;222;222;222m[38;2;223;223;223m▄[48;2;222;222;222m[38;2;222;222;222m▄[48;2;221;221;221m[38;2;221;221;221m▄[48;2;220;220;220m[38;2;220;220;220m▄[48;2;218;218;218m[38;2;218;218;218m▄[48;2;217;217;217m[38;2;218;218;218m▄[48;2;217;217;217m[38;2;217;217;217m▄[48;2;216;216;216m[38;2;216;216;216m▄[48;2;217;217;217m[38;2;217;217;217m▄[48;2;216;216;216m[38;2;216;216;216m▄[48;2;216;216;216m[38;2;215;215;215m▄[48;2;215;215;215m[38;2;215;215;215m▄[48;2;215;215;215m[38;2;214;214;214m▄[48;2;214;213;214m[38;2;214;214;214m▄[48;2;213;213;213m[38;2;213;213;213m▄[48;2;213;213;213m[38;2;213;212;213m▄[48;2;211;211;211m[38;2;211;211;213m▄[48;2;210;210;210m[38;2;210;210;210m▄[48;2;210;210;210m[38;2;210;210;210m▄[48;2;209;209;209m[38;2;210;210;210m▄[48;2;208;208;208m[38;2;208;208;208m▄[48;2;208;208;208m[38;2;209;209;209m▄[48;2;208;208;208m[38;2;208;208;208m▄[48;2;207;207;207m[38;2;207;207;207m▄[48;2;206;206;206m[38;2;206;206;206m▄[48;2;205;205;205m[38;2;206;206;206m▄[48;2;203;203;204m[38;2;204;204;204m▄[48;2;203;203;203m[38;2;204;203;204m▄[0m
[48;2;217;217;217m[38;2;217;217;217m▄[48;2;217;217;217m[38;2;217;217;217m▄[48;2;217;217;217m[38;2;217;217;217m▄[48;2;219;219;219m[38;2;219;219;219m▄[48;2;221;221;221m[38;2;221;221;221m▄[48;2;222;222;222m[38;2;221;221;221m▄[48;2;223;223;223m[38;2;222;222;222m▄[48;2;223;223;223m[38;2;223;223;223m▄[48;2;224;224;224m[38;2;224;224;224m▄[48;2;224;224;224m[38;2;224;224;224m▄[48;2;224;224;224m[38;2;224;224;224m▄[48;2;225;225;225m[38;2;225;225;225m▄[48;2;225;225;225m[38;2;225;225;225m▄[48;2;225;225;225m[38;2;224;224;224m▄[48;2;225;225;225m[38;2;225;225;225m▄[48;2;224;224;224m[38;2;225;225;225m▄[48;2;224;224;224m[38;2;224;224;224m▄[48;2;225;225;225m[38;2;224;224;224m▄[48;2;226;226;226m[38;2;225;225;225m▄[48;2;226;226;226m[38;2;225;225;225m▄[48;2;226;226;226m[38;2;225;225;225m▄[48;2;226;226;226m[38;2;224;224;224m▄[48;2;225;225;225m[38;2;225;225;225m▄[48;2;226;226;226m[38;2;224;224;224m▄[48;2;225;225;225m[38;2;225;225;225m▄[48;2;225;225;225m[38;2;225;225;225m▄[48;2;225;225;225m[38;2;223;224;223m▄[48;2;224;224;224m[38;2;228;227;229m▄[48;2;230;228;230m[38;2;205;214;203m▄[48;2;233;230;233m[38;2;185;202;184m▄[48;2;227;226;227m[38;2;211;216;215m▄[48;2;223;223;223m[38;2;231;229;232m▄[48;2;223;223;223m[38;2;223;224;223m▄[48;2;223;223;223m[38;2;226;225;229m▄[48;2;230;227;231m[38;2;190;205;188m▄[48;2;225;223;226m[38;2;211;217;209m▄[48;2;222;222;222m[38;2;225;224;225m▄[48;2;222;222;222m[38;2;221;221;220m▄[48;2;221;221;221m[38;2;221;221;221m▄[48;2;220;220;220m[38;2;219;219;219m▄[48;2;218;218;218m[38;2;217;217;217m▄[48;2;217;217;217m[38;2;218;218;218m▄[48;2;216;216;216m[38;2;217;217;217m▄[48;2;217;217;217m[38;2;217;217;217m▄[48;2;217;217;217m[38;2;216;216;216m▄[48;2;216;216;216m[38;2;216;216;216m▄[48;2;215;215;215m[38;2;215;215;215m▄[48;2;214;214;214m[38;2;215;215;215m▄[48;2;214;214;214m[38;2;215;215;215m▄[48;2;214;214;214m[38;2;214;214;214m▄[48;2;213;213;213m[38;2;212;213;213m▄[48;2;213;213;213m[38;2;212;212;212m▄[48;2;211;211;212m[38;2;211;211;211m▄[48;2;210;210;210m[38;2;211;211;211m▄[48;2;210;210;210m[38;2;210;210;210m▄[48;2;209;209;210m[38;2;209;209;210m▄[48;2;208;208;209m[38;2;208;208;208m▄[48;2;208;208;208m[38;2;208;208;208m▄[48;2;208;207;209m[38;2;208;208;208m▄[48;2;207;207;207m[38;2;207;207;207m▄[48;2;206;206;206m[38;2;207;207;207m▄[48;2;205;205;205m[38;2;206;205;206m▄[48;2;204;204;204m[38;2;204;204;204m▄[48;2;204;203;204m[38;2;204;203;203m▄[0m
[48;2;216;216;216m[38;2;216;216;216m▄[48;2;217;217;217m[38;2;216;216;216m▄[48;2;217;217;217m[38;2;217;217;217m▄[48;2;219;219;219m[38;2;218;218;218m▄[48;2;220;220;220m[38;2;219;219;219m▄[48;2;221;221;221m[38;2;221;221;221m▄[48;2;222;222;222m[38;2;221;221;221m▄[48;2;223;223;223m[38;2;222;222;222m▄[48;2;223;223;223m[38;2;222;222;222m▄[48;2;224;224;224m[38;2;223;223;223m▄[48;2;224;224;224m[38;2;223;223;223m▄[48;2;224;224;224m[38;2;223;223;224m▄[48;2;225;225;225m[38;2;223;223;223m▄[48;2;224;224;224m[38;2;224;224;224m▄[48;2;225;225;225m[38;2;224;224;224m▄[48;2;225;225;225m[38;2;224;224;224m▄[48;2;225;225;225m[38;2;225;225;225m▄[48;2;225;225;225m[38;2;225;225;225m▄[48;2;225;225;225m[38;2;225;225;225m▄[48;2;225;225;225m[38;2;225;225;225m▄[48;2;225;225;225m[38;2;225;225;225m▄[48;2;224;224;224m[38;2;224;224;224m▄[48;2;224;224;224m[38;2;224;224;224m▄[48;2;224;224;224m[38;2;224;224;224m▄[48;2;224;224;224m[38;2;224;224;224m▄[48;2;224;224;224m[38;2;224;224;224m▄[48;2;223;223;222m[38;2;223;223;222m▄[48;2;232;228;234m[38;2;232;229;232m▄[48;2;161;190;153m[38;2;185;201;182m▄[48;2;139;185;96m[38;2;137;184;85m▄[48;2;141;183;108m[38;2;141;186;78m▄[48;2;174;195;171m[38;2;126;176;84m▄[48;2;235;229;239m[38;2;174;194;171m▄[48;2;174;197;165m[38;2;118;167;93m▄[48;2;99;160;63m[38;2;168;189;161m▄[48;2;173;195;167m[38;2;213;210;218m▄[48;2;228;225;228m[38;2;225;221;225m▄[48;2;219;220;218m[38;2;223;222;222m▄[48;2;221;220;221m[38;2;219;219;219m▄[48;2;218;218;218m[38;2;218;218;218m▄[48;2;217;217;217m[38;2;218;218;218m▄[48;2;217;217;217m[38;2;217;217;217m▄[48;2;217;217;217m[38;2;217;217;217m▄[48;2;217;217;217m[38;2;217;217;217m▄[48;2;216;216;216m[38;2;215;215;215m▄[48;2;215;215;215m[38;2;215;215;215m▄[48;2;215;215;215m[38;2;215;215;215m▄[48;2;215;215;215m[38;2;215;214;214m▄[48;2;215;215;215m[38;2;214;214;214m▄[48;2;214;214;214m[38;2;214;214;214m▄[48;2;213;213;213m[38;2;213;213;213m▄[48;2;212;212;212m[38;2;213;213;213m▄[48;2;212;212;212m[38;2;211;211;211m▄[48;2;211;211;211m[38;2;211;211;211m▄[48;2;210;210;210m[38;2;210;210;210m▄[48;2;210;209;211m[38;2;209;209;210m▄[48;2;209;208;210m[38;2;209;209;210m▄[48;2;208;208;208m[38;2;209;208;209m▄[48;2;208;208;208m[38;2;207;207;207m▄[48;2;207;207;207m[38;2;207;207;207m▄[48;2;207;207;207m[38;2;206;206;206m▄[48;2;206;205;206m[38;2;205;205;205m▄[48;2;205;204;205m[38;2;205;205;205m▄[48;2;203;204;203m[38;2;204;204;204m▄[0m
[48;2;216;216;216m[38;2;216;216;216m▄[48;2;216;216;216m[38;2;216;216;216m▄[48;2;217;217;217m[38;2;216;216;216m▄[48;2;217;217;217m[38;2;217;217;217m▄[48;2;218;218;218m[38;2;217;217;217m▄[48;2;220;220;220m[38;2;219;219;219m▄[48;2;221;221;221m[38;2;220;220;220m▄[48;2;221;221;221m[38;2;221;221;221m▄[48;2;222;222;222m[38;2;221;221;221m▄[48;2;223;223;223m[38;2;222;222;222m▄[48;2;223;223;223m[38;2;222;222;222m▄[48;2;223;223;223m[38;2;223;223;223m▄[48;2;224;224;224m[38;2;223;223;223m▄[48;2;224;224;224m[38;2;224;224;224m▄[48;2;224;224;224m[38;2;224;224;224m▄[48;2;224;224;224m[38;2;224;224;224m▄[48;2;224;224;224m[38;2;224;224;224m▄[48;2;225;225;225m[38;2;224;224;224m▄[48;2;225;225;225m[38;2;224;224;224m▄[48;2;224;224;224m[38;2;224;224;224m▄[48;2;224;224;224m[38;2;224;224;224m▄[48;2;224;224;224m[38;2;224;224;224m▄[48;2;224;224;224m[38;2;223;223;223m▄[48;2;224;224;224m[38;2;223;223;223m▄[48;2;224;224;224m[38;2;223;223;223m▄[48;2;224;224;224m[38;2;223;223;223m▄[48;2;224;224;224m[38;2;224;224;224m▄[48;2;225;225;224m[38;2;222;226;225m▄[48;2;222;227;230m[38;2;222;196;200m▄[48;2;141;183;127m[38;2;220;171;178m▄[48;2;118;181;71m[38;2;158;154;121m▄[48;2;110;171;73m[38;2;112;149;91m▄[48;2;88;148;67m[38;2;85;141;69m▄[48;2;124;163;116m[38;2;87;158;73m▄[48;2;163;189;153m[38;2;111;171;74m▄[48;2;153;186;136m[38;2;141;190;85m▄[48;2;169;192;166m[38;2;141;190;86m▄[48;2;216;218;218m[38;2;132;173;113m▄[48;2;222;221;222m[38;2;213;214;215m▄[48;2;217;218;217m[38;2;218;218;218m▄[48;2;217;218;218m[38;2;217;217;217m▄[48;2;217;217;217m[38;2;217;217;217m▄[48;2;217;217;217m[38;2;217;217;217m▄[48;2;216;216;216m[38;2;216;216;216m▄[48;2;216;216;216m[38;2;215;215;215m▄[48;2;216;216;216m[38;2;215;215;215m▄[48;2;215;215;215m[38;2;215;214;215m▄[48;2;214;214;214m[38;2;214;214;214m▄[48;2;214;214;214m[38;2;213;213;213m▄[48;2;214;214;214m[38;2;213;213;213m▄[48;2;213;213;213m[38;2;212;212;212m▄[48;2;211;211;211m[38;2;211;211;211m▄[48;2;211;211;211m[38;2;211;211;211m▄[48;2;211;211;211m[38;2;211;211;211m▄[48;2;210;210;210m[38;2;209;209;209m▄[48;2;209;209;209m[38;2;209;209;209m▄[48;2;209;209;209m[38;2;209;209;209m▄[48;2;208;208;208m[38;2;208;208;208m▄[48;2;208;208;208m[38;2;207;207;207m▄[48;2;207;207;208m[38;2;207;207;207m▄[48;2;206;206;206m[38;2;206;205;207m▄[48;2;205;205;205m[38;2;205;205;205m▄[48;2;204;204;204m[38;2;204;204;204m▄[48;2;204;204;204m[38;2;203;203;203m▄[0m
[48;2;215;215;215m[38;2;215;214;216m▄[48;2;216;216;216m[38;2;216;216;216m▄[48;2;216;216;216m[38;2;216;216;216m▄[48;2;216;216;216m[38;2;216;216;216m▄[48;2;217;217;217m[38;2;217;217;217m▄[48;2;219;219;219m[38;2;218;218;218m▄[48;2;218;218;218m[38;2;217;217;217m▄[48;2;220;220;220m[38;2;219;219;219m▄[48;2;221;221;221m[38;2;220;220;220m▄[48;2;221;221;221m[38;2;221;221;221m▄[48;2;222;222;222m[38;2;221;221;221m▄[48;2;222;222;222m[38;2;221;221;221m▄[48;2;222;222;222m[38;2;222;222;222m▄[48;2;223;223;223m[38;2;222;222;222m▄[48;2;223;223;223m[38;2;222;222;222m▄[48;2;224;224;224m[38;2;223;223;223m▄[48;2;223;223;223m[38;2;223;223;223m▄[48;2;224;224;224m[38;2;223;223;223m▄[48;2;224;224;224m[38;2;223;223;223m▄[48;2;224;224;224m[38;2;223;223;223m▄[48;2;224;224;224m[38;2;223;223;223m▄[48;2;224;224;224m[38;2;223;223;223m▄[48;2;223;223;223m[38;2;223;223;223m▄[48;2;223;223;223m[38;2;224;224;224m▄[48;2;223;223;223m[38;2;223;223;223m▄[48;2;223;222;222m[38;2;224;225;225m▄[48;2;224;228;227m[38;2;221;220;220m▄[48;2;221;180;184m[38;2;216;130;140m▄[48;2;232;139;148m[38;2;230;131;142m▄[48;2;242;141;151m[38;2;226;128;139m▄[48;2;235;130;148m[38;2;222;130;138m▄[48;2;227;146;160m[38;2;240;165;172m▄[48;2;214;152;150m[38;2;242;152;165m▄[48;2;124;136;86m[38;2;231;132;147m▄[48;2;109;165;77m[38;2;220;149;151m▄[48;2;124;176;76m[38;2;192;140;139m▄[48;2;126;172;91m[38;2;190;194;197m▄[48;2;162;183;154m[38;2;208;204;210m▄[48;2;211;209;212m[38;2;211;210;210m▄[48;2;216;217;216m[38;2;216;216;216m▄[48;2;217;217;217m[38;2;217;216;216m▄[48;2;217;217;217m[38;2;217;217;217m▄[48;2;217;217;217m[38;2;216;216;216m▄[48;2;216;216;216m[38;2;216;216;216m▄[48;2;215;215;215m[38;2;216;215;216m▄[48;2;215;215;215m[38;2;215;215;215m▄[48;2;215;215;215m[38;2;215;215;215m▄[48;2;214;213;215m[38;2;213;213;214m▄[48;2;213;213;213m[38;2;213;213;213m▄[48;2;213;213;213m[38;2;213;213;213m▄[48;2;212;212;212m[38;2;211;211;211m▄[48;2;213;213;213m[38;2;211;211;211m▄[48;2;211;211;211m[38;2;211;211;211m▄[48;2;211;211;211m[38;2;211;211;211m▄[48;2;210;210;210m[38;2;209;209;209m▄[48;2;209;209;209m[38;2;209;208;210m▄[48;2;209;209;209m[38;2;209;208;209m▄[48;2;208;208;208m[38;2;208;208;208m▄[48;2;207;207;207m[38;2;207;207;207m▄[48;2;207;207;207m[38;2;207;207;207m▄[48;2;206;206;206m[38;2;205;205;205m▄[48;2;205;205;205m[38;2;204;204;204m▄[48;2;203;203;204m[38;2;204;204;204m▄[48;2;203;203;203m[38;2;203;203;203m▄[0m
[48;2;215;215;215m[38;2;215;215;215m▄[48;2;216;216;216m[38;2;216;216;216m▄[48;2;216;216;216m[38;2;216;216;216m▄[48;2;216;216;216m[38;2;216;216;216m▄[48;2;216;216;216m[38;2;216;216;216m▄[48;2;216;216;216m[38;2;216;216;216m▄[48;2;217;217;217m[38;2;217;217;217m▄[48;2;217;217;217m[38;2;217;217;217m▄[48;2;218;218;218m[38;2;218;218;218m▄[48;2;220;220;220m[38;2;218;218;218m▄[48;2;221;221;221m[38;2;219;219;219m▄[48;2;221;221;221m[38;2;220;220;220m▄[48;2;221;221;221m[38;2;221;221;221m▄[48;2;221;221;221m[38;2;221;221;221m▄[48;2;221;221;221m[38;2;221;221;221m▄[48;2;222;222;222m[38;2;222;222;222m▄[48;2;223;223;223m[38;2;222;222;222m▄[48;2;222;222;222m[38;2;222;222;222m▄[48;2;223;223;223m[38;2;222;222;222m▄[48;2;223;223;223m[38;2;222;222;222m▄[48;2;223;223;223m[38;2;222;222;222m▄[48;2;223;223;223m[38;2;222;222;222m▄[48;2;223;223;223m[38;2;222;222;222m▄[48;2;223;223;223m[38;2;223;222;222m▄[48;2;223;222;222m[38;2;224;226;226m▄[48;2;224;230;229m[38;2;217;209;211m▄[48;2;215;170;176m[38;2;219;129;141m▄[48;2;223;127;140m[38;2;238;128;142m▄[48;2;233;136;148m[38;2;222;103;121m▄[48;2;221;127;138m[38;2;214;134;148m▄[48;2;217;144;153m[38;2;252;255;255m▄[48;2;232;145;155m[38;2;223;165;174m▄[48;2;240;162;170m[38;2;225;131;143m▄[48;2;224;130;142m[38;2;224;135;144m▄[48;2;245;158;169m[38;2;225;145;152m▄[48;2;226;132;145m[38;2;218;110;123m▄[48;2;202;163;170m[38;2;213;118;131m▄[48;2;213;219;218m[38;2;210;210;210m▄[48;2;217;216;217m[38;2;217;216;214m▄[48;2;216;217;219m[38;2;214;210;203m▄[48;2;217;217;217m[38;2;214;207;196m▄[48;2;217;217;218m[38;2;213;205;190m▄[48;2;216;218;220m[38;2;213;206;196m▄[48;2;216;216;215m[38;2;216;216;217m▄[48;2;215;215;215m[38;2;215;215;215m▄[48;2;215;215;215m[38;2;215;215;215m▄[48;2;214;214;214m[38;2;214;214;214m▄[48;2;213;213;213m[38;2;214;213;214m▄[48;2;213;213;213m[38;2;213;213;213m▄[48;2;212;212;212m[38;2;212;212;212m▄[48;2;211;211;211m[38;2;211;211;211m▄[48;2;211;211;211m[38;2;211;211;211m▄[48;2;211;211;211m[38;2;211;211;211m▄[48;2;209;209;209m[38;2;210;210;210m▄[48;2;209;209;209m[38;2;209;209;209m▄[48;2;209;209;209m[38;2;208;209;208m▄[48;2;208;208;208m[38;2;208;208;208m▄[48;2;208;208;208m[38;2;207;207;207m▄[48;2;207;207;207m[38;2;207;207;207m▄[48;2;207;206;207m[38;2;206;206;206m▄[48;2;204;204;204m[38;2;204;204;204m▄[48;2;204;204;204m[38;2;203;203;203m▄[48;2;203;203;203m[38;2;203;203;203m▄[48;2;203;203;203m[38;2;203;203;203m▄[0m
[48;2;215;215;215m[38;2;214;214;214m▄[48;2;215;215;215m[38;2;215;215;215m▄[48;2;215;215;215m[38;2;215;215;215m▄[48;2;216;216;216m[38;2;215;215;215m▄[48;2;216;216;216m[38;2;215;215;215m▄[48;2;216;216;216m[38;2;216;216;216m▄[48;2;216;216;216m[38;2;217;217;217m▄[48;2;217;217;217m[38;2;217;217;217m▄[48;2;217;217;217m[38;2;216;216;216m▄[48;2;217;217;217m[38;2;217;217;217m▄[48;2;218;218;218m[38;2;217;217;217m▄[48;2;218;218;218m[38;2;217;217;217m▄[48;2;219;219;219m[38;2;217;217;217m▄[48;2;219;219;219m[38;2;218;218;218m▄[48;2;220;220;220m[38;2;219;219;219m▄[48;2;222;222;221m[38;2;220;220;220m▄[48;2;221;221;221m[38;2;220;220;220m▄[48;2;222;222;222m[38;2;221;221;221m▄[48;2;221;221;221m[38;2;220;220;220m▄[48;2;221;221;221m[38;2;220;220;220m▄[48;2;222;222;222m[38;2;221;221;221m▄[48;2;222;222;222m[38;2;220;220;220m▄[48;2;222;222;222m[38;2;221;219;220m▄[48;2;221;221;221m[38;2;221;220;220m▄[48;2;224;227;226m[38;2;221;218;219m▄[48;2;213;201;204m[38;2;220;223;223m▄[48;2;218;114;130m[38;2;199;123;137m▄[48;2;223;113;130m[38;2;211;98;117m▄[48;2;211;101;121m[38;2;223;109;126m▄[48;2;205;94;115m[38;2;218;107;124m▄[48;2;226;183;192m[38;2;218;109;125m▄[48;2;255;255;255m[38;2;216;153;165m▄[48;2;237;212;217m[38;2;238;224;228m▄[48;2;205;110;125m[38;2;217;115;132m▄[48;2;216;107;123m[38;2;234;123;138m▄[48;2;231;119;134m[38;2;222;109;124m▄[48;2;212;110;127m[38;2;196;130;141m▄[48;2;203;197;198m[38;2;204;209;208m▄[48;2;216;215;210m[38;2;216;215;216m▄[48;2;215;212;208m[38;2;216;216;217m▄[48;2;216;215;215m[38;2;215;215;214m▄[48;2;215;215;216m[38;2;217;220;224m▄[48;2;210;199;184m[38;2;213;210;206m▄[48;2;213;206;198m[38;2;207;196;179m▄[48;2;215;216;218m[38;2;215;218;220m▄[48;2;214;214;213m[38;2;214;214;213m▄[48;2;214;213;214m[38;2;213;213;213m▄[48;2;213;213;213m[38;2;212;212;212m▄[48;2;211;211;211m[38;2;211;211;211m▄[48;2;211;211;211m[38;2;211;211;211m▄[48;2;211;211;211m[38;2;211;211;211m▄[48;2;211;211;211m[38;2;210;210;210m▄[48;2;210;210;210m[38;2;210;210;210m▄[48;2;209;209;209m[38;2;209;209;209m▄[48;2;208;208;208m[38;2;208;208;208m▄[48;2;208;208;208m[38;2;208;208;208m▄[48;2;207;207;207m[38;2;207;207;207m▄[48;2;207;207;207m[38;2;207;207;207m▄[48;2;206;206;206m[38;2;206;206;206m▄[48;2;205;205;205m[38;2;205;205;205m▄[48;2;204;204;204m[38;2;204;204;204m▄[48;2;204;204;204m[38;2;203;203;203m▄[48;2;203;203;203m[38;2;203;203;203m▄[48;2;203;203;203m[38;2;203;203;203m▄[0m
[48;2;214;214;214m[38;2;214;214;214m▄[48;2;214;214;214m[38;2;214;214;214m▄[48;2;215;215;215m[38;2;215;215;215m▄[48;2;215;215;215m[38;2;216;216;216m▄[48;2;215;215;215m[38;2;216;216;216m▄[48;2;216;216;216m[38;2;216;216;216m▄[48;2;217;217;217m[38;2;216;216;216m▄[48;2;217;217;217m[38;2;216;216;216m▄[48;2;216;216;216m[38;2;217;217;217m▄[48;2;216;216;216m[38;2;217;217;217m▄[48;2;217;217;217m[38;2;217;217;217m▄[48;2;216;216;216m[38;2;217;217;217m▄[48;2;217;217;217m[38;2;217;217;217m▄[48;2;218;218;218m[38;2;217;217;217m▄[48;2;217;217;217m[38;2;217;217;217m▄[48;2;217;217;217m[38;2;217;217;217m▄[48;2;218;218;218m[38;2;218;218;218m▄[48;2;219;219;219m[38;2;218;218;218m▄[48;2;219;219;219m[38;2;218;217;217m▄[48;2;219;218;218m[38;2;219;222;222m▄[48;2;219;218;219m[38;2;217;222;221m▄[48;2;219;224;223m[38;2;217;197;198m▄[48;2;219;226;225m[38;2;222;187;191m▄[48;2;219;224;224m[38;2;223;184;188m▄[48;2;219;224;224m[38;2;222;184;186m▄[48;2;223;230;229m[38;2;218;195;196m▄[48;2;206;195;198m[38;2;218;227;226m▄[48;2;209;105;122m[38;2;201;126;140m▄[48;2;226;108;126m[38;2;223;94;113m▄[48;2;211;100;117m[38;2;212;93;112m▄[48;2;234;134;144m[38;2;226;118;132m▄[48;2;225;117;129m[38;2;206;101;120m▄[48;2;196;83;104m[38;2;207;86;109m▄[48;2;206;89;111m[38;2;221;96;117m▄[48;2;212;93;114m[38;2;213;76;101m▄[48;2;194;88;108m[38;2;190;122;137m▄[48;2;192;190;192m[38;2;201;207;206m▄[48;2;209;215;215m[38;2;222;169;172m▄[48;2;215;217;217m[38;2;226;167;170m▄[48;2;216;218;218m[38;2;215;205;206m▄[48;2;217;217;219m[38;2;203;196;180m▄[48;2;211;203;197m[38;2;202;195;177m▄[48;2;204;187;166m[38;2;211;212;210m▄[48;2;211;206;199m[38;2;210;207;203m▄[48;2;214;215;216m[38;2;210;207;201m▄[48;2;213;213;213m[38;2;212;213;214m▄[48;2;212;212;212m[38;2;212;212;211m▄[48;2;211;211;211m[38;2;212;212;212m▄[48;2;211;211;211m[38;2;211;211;211m▄[48;2;211;211;211m[38;2;211;211;211m▄[48;2;211;211;211m[38;2;209;209;209m▄[48;2;210;210;210m[38;2;209;209;209m▄[48;2;209;209;209m[38;2;208;208;208m▄[48;2;209;209;209m[38;2;208;208;208m▄[48;2;208;208;208m[38;2;208;208;208m▄[48;2;208;208;208m[38;2;208;208;208m▄[48;2;207;207;207m[38;2;207;207;207m▄[48;2;207;207;207m[38;2;207;207;207m▄[48;2;206;206;206m[38;2;205;204;206m▄[48;2;205;204;205m[38;2;203;203;204m▄[48;2;203;203;203m[38;2;203;203;203m▄[48;2;203;203;203m[38;2;203;203;203m▄[48;2;203;203;203m[38;2;202;202;202m▄[48;2;202;202;202m[38;2;203;203;202m▄[0m
[48;2;213;213;213m[38;2;213;213;213m▄[48;2;214;214;214m[38;2;213;213;213m▄[48;2;214;214;214m[38;2;214;214;214m▄[48;2;215;215;215m[38;2;214;214;214m▄[48;2;215;215;215m[38;2;215;215;215m▄[48;2;215;215;215m[38;2;215;215;215m▄[48;2;216;216;216m[38;2;215;215;215m▄[48;2;216;216;216m[38;2;215;215;215m▄[48;2;216;216;216m[38;2;216;216;216m▄[48;2;217;217;217m[38;2;215;215;216m▄[48;2;217;217;217m[38;2;216;216;216m▄[48;2;217;217;217m[38;2;217;217;217m▄[48;2;217;217;217m[38;2;217;217;217m▄[48;2;217;217;217m[38;2;217;217;217m▄[48;2;217;217;217m[38;2;217;217;217m▄[48;2;217;217;217m[38;2;217;217;217m▄[48;2;217;217;217m[38;2;217;217;217m▄[48;2;217;216;216m[38;2;217;218;218m▄[48;2;218;222;221m[38;2;215;212;213m▄[48;2;215;202;203m[38;2;220;155;160m▄[48;2;222;161;166m[38;2;236;185;191m▄[48;2;231;165;171m[38;2;214;110;122m▄[48;2;225;140;147m[38;2;232;157;166m▄[48;2;225;136;142m[38;2;224;144;153m▄[48;2;229;154;159m[38;2;209;118;128m▄[48;2;232;157;164m[38;2;243;188;195m▄[48;2;219;178;180m[38;2;222;153;159m▄[48;2;210;208;209m[38;2;211;206;206m▄[48;2;199;122;137m[38;2;210;209;210m▄[48;2;199;94;115m[38;2;199;205;205m▄[48;2;193;108;125m[38;2;204;172;173m▄[48;2;208;134;139m[38;2;235;155;162m▄[48;2;212;135;143m[38;2;222;151;157m▄[48;2;200;96;116m[38;2;194;193;192m▄[48;2;191;118;134m[38;2;197;199;197m▄[48;2;192;196;197m[38;2;204;201;201m▄[48;2;212;167;170m[38;2;226;153;160m▄[48;2;237;169;175m[38;2;232;176;182m▄[48;2;231;161;167m[38;2;212;115;124m▄[48;2;212;170;165m[38;2;208;188;187m▄[48;2;204;196;186m[38;2;213;168;172m▄[48;2;222;175;180m[38;2;235;151;157m▄[48;2;217;197;198m[38;2;219;146;153m▄[48;2;206;203;193m[38;2;210;213;213m▄[48;2;211;209;207m[38;2;212;211;212m▄[48;2;211;212;212m[38;2;211;211;211m▄[48;2;211;211;211m[38;2;210;210;210m▄[48;2;211;211;211m[38;2;211;211;211m▄[48;2;211;211;211m[38;2;211;211;211m▄[48;2;211;211;211m[38;2;210;210;210m▄[48;2;210;210;210m[38;2;209;209;209m▄[48;2;209;209;209m[38;2;208;208;208m▄[48;2;209;209;209m[38;2;208;208;208m▄[48;2;208;208;208m[38;2;208;208;208m▄[48;2;208;208;208m[38;2;208;208;208m▄[48;2;208;208;208m[38;2;207;207;207m▄[48;2;207;207;207m[38;2;206;206;206m▄[48;2;206;206;206m[38;2;206;206;207m▄[48;2;205;205;205m[38;2;205;205;205m▄[48;2;203;203;203m[38;2;203;203;203m▄[48;2;203;203;203m[38;2;203;203;203m▄[48;2;203;203;203m[38;2;202;202;202m▄[48;2;202;202;202m[38;2;202;202;202m▄[48;2;201;202;203m[38;2;201;202;202m▄[0m
[48;2;212;212;212m[38;2;210;210;210m▄[48;2;212;212;212m[38;2;211;211;211m▄[48;2;213;213;213m[38;2;212;212;212m▄[48;2;214;214;214m[38;2;213;213;213m▄[48;2;215;215;215m[38;2;214;214;214m▄[48;2;215;215;215m[38;2;214;214;214m▄[48;2;215;215;215m[38;2;214;214;214m▄[48;2;215;215;215m[38;2;215;215;215m▄[48;2;215;215;215m[38;2;215;215;215m▄[48;2;215;215;215m[38;2;215;215;215m▄[48;2;215;215;215m[38;2;215;215;215m▄[48;2;216;216;216m[38;2;216;216;216m▄[48;2;216;216;216m[38;2;216;216;216m▄[48;2;216;216;216m[38;2;216;216;216m▄[48;2;216;216;216m[38;2;216;216;216m▄[48;2;217;217;217m[38;2;216;216;217m▄[48;2;217;216;216m[38;2;217;216;216m▄[48;2;218;225;224m[38;2;216;217;217m▄[48;2;209;182;186m[38;2;216;213;214m▄[48;2;222;153;162m[38;2;204;131;141m▄[48;2;224;160;167m[38;2;190;84;100m▄[48;2;206;101;115m[38;2;211;125;136m▄[48;2;238;184;191m[38;2;233;170;176m▄[48;2;200;111;124m[38;2;209;122;134m▄[48;2;217;149;156m[38;2;220;149;160m▄[48;2;239;182;188m[38;2;190;90;106m▄[48;2;200;103;115m[38;2;217;136;146m▄[48;2;216;145;154m[38;2;208;131;143m▄[48;2;218;142;150m[38;2;223;158;167m▄[48;2;212;147;155m[38;2;215;134;148m▄[48;2;206;134;142m[38;2;200;103;118m▄[48;2;212;114;127m[38;2;229;169;177m▄[48;2;201;123;133m[38;2;191;91;106m▄[48;2;209;149;156m[38;2;229;163;171m▄[48;2;224;152;159m[38;2;207;126;139m▄[48;2;207;125;135m[38;2;202;111;126m▄[48;2;231;165;172m[38;2;233;176;182m▄[48;2;223;167;171m[38;2;207;139;150m▄[48;2;214;126;134m[38;2;233;175;182m▄[48;2;206;145;151m[38;2;205;111;125m▄[48;2;208;141;147m[38;2;210;128;140m▄[48;2;216;118;128m[38;2;226;155;164m▄[48;2;203;160;164m[38;2;188;130;139m▄[48;2;206;214;213m[38;2;207;207;207m▄[48;2;211;210;210m[38;2;212;211;211m▄[48;2;211;211;211m[38;2;210;210;210m▄[48;2;211;211;211m[38;2;211;211;211m▄[48;2;210;210;210m[38;2;211;211;211m▄[48;2;210;210;210m[38;2;211;211;211m▄[48;2;210;210;210m[38;2;208;210;212m▄[48;2;209;209;211m[38;2;208;211;217m▄[48;2;208;208;210m[38;2;208;208;215m▄[48;2;208;207;210m[38;2;208;208;212m▄[48;2;208;208;207m[38;2;208;208;209m▄[48;2;208;208;208m[38;2;208;208;208m▄[48;2;207;207;207m[38;2;207;207;206m▄[48;2;207;207;204m[38;2;206;207;200m▄[48;2;206;206;202m[38;2;207;206;201m▄[48;2;204;204;204m[38;2;204;205;202m▄[48;2;203;203;204m[38;2;203;203;203m▄[48;2;203;203;203m[38;2;203;203;202m▄[48;2;203;203;203m[38;2;203;202;203m▄[48;2;201;201;202m[38;2;201;201;201m▄[48;2;201;201;201m[38;2;201;201;201m▄[0m
[48;2;210;210;210m[38;2;210;210;210m▄[48;2;210;210;210m[38;2;210;210;210m▄[48;2;211;211;211m[38;2;210;210;210m▄[48;2;212;212;212m[38;2;211;211;211m▄[48;2;212;212;212m[38;2;212;212;212m▄[48;2;214;214;214m[38;2;213;213;213m▄[48;2;214;214;214m[38;2;213;213;213m▄[48;2;214;214;214m[38;2;213;213;213m▄[48;2;214;214;214m[38;2;214;214;214m▄[48;2;215;215;215m[38;2;215;215;215m▄[48;2;215;215;215m[38;2;214;214;214m▄[48;2;215;215;215m[38;2;215;215;215m▄[48;2;215;215;215m[38;2;215;215;215m▄[48;2;215;215;215m[38;2;215;215;215m▄[48;2;215;215;215m[38;2;215;215;215m▄[48;2;215;215;216m[38;2;215;215;215m▄[48;2;216;216;216m[38;2;215;215;215m▄[48;2;216;215;215m[38;2;215;215;216m▄[48;2;216;217;217m[38;2;215;213;213m▄[48;2;218;223;223m[38;2;211;215;207m▄[48;2;190;138;149m[38;2;184;120;135m▄[48;2;221;133;144m[38;2;228;127;142m▄[48;2;193;102;117m[38;2;167;83;100m▄[48;2;226;151;160m[38;2;193;105;121m▄[48;2;190;101;116m[38;2;224;138;150m▄[48;2;183;92;109m[38;2;163;62;84m▄[48;2;230;154;165m[38;2;228;134;147m▄[48;2;171;67;87m[38;2;199;109;126m▄[48;2;233;158;167m[38;2;228;141;153m▄[48;2;182;81;103m[38;2;196;101;119m▄[48;2;226;147;159m[38;2;220;127;142m▄[48;2;193;98;116m[38;2;201;106;124m▄[48;2;215;130;144m[38;2;199;109;126m▄[48;2;208;126;138m[38;2;218;128;142m▄[48;2;169;66;87m[38;2;187;100;119m▄[48;2;197;99;118m[38;2;205;121;136m▄[48;2;242;171;179m[38;2;218;127;141m▄[48;2;182;89;107m[38;2;161;52;75m▄[48;2;224;143;155m[38;2;224;135;147m▄[48;2;186;91;108m[38;2;193;103;119m▄[48;2;226;147;159m[38;2;222;137;149m▄[48;2;192;97;115m[38;2;196;103;120m▄[48;2;187;83;101m[38;2;179;97;115m▄[48;2;202;168;175m[38;2;197;189;191m▄[48;2;212;218;217m[38;2;208;210;210m▄[48;2;210;209;209m[38;2;210;210;210m▄[48;2;210;210;210m[38;2;210;210;210m▄[48;2;210;210;210m[38;2;209;209;209m▄[48;2;210;210;210m[38;2;209;209;209m▄[48;2;208;209;211m[38;2;208;208;209m▄[48;2;206;210;216m[38;2;207;207;211m▄[48;2;207;208;215m[38;2;208;207;212m▄[48;2;209;207;211m[38;2;208;207;211m▄[48;2;208;207;210m[38;2;207;206;209m▄[48;2;207;207;208m[38;2;207;207;206m▄[48;2;207;207;205m[38;2;207;207;204m▄[48;2;207;207;201m[38;2;207;207;201m▄[48;2;206;207;201m[38;2;204;207;201m▄[48;2;204;205;202m[38;2;203;206;204m▄[48;2;202;202;203m[38;2;202;203;204m▄[48;2;202;202;203m[38;2;202;202;202m▄[48;2;202;202;202m[38;2;201;201;201m▄[48;2;201;201;201m[38;2;201;201;201m▄[48;2;201;201;201m[38;2;201;201;201m▄[0m
[48;2;209;209;209m[38;2;209;209;209m▄[48;2;210;210;210m[38;2;210;210;211m▄[48;2;210;210;210m[38;2;210;210;210m▄[48;2;210;210;210m[38;2;210;210;210m▄[48;2;210;210;210m[38;2;210;210;210m▄[48;2;211;211;211m[38;2;210;210;210m▄[48;2;212;212;212m[38;2;211;211;211m▄[48;2;213;213;213m[38;2;212;212;212m▄[48;2;213;213;213m[38;2;211;211;211m▄[48;2;213;213;213m[38;2;212;212;213m▄[48;2;215;214;215m[38;2;214;214;214m▄[48;2;214;214;214m[38;2;213;213;214m▄[48;2;214;214;214m[38;2;214;214;214m▄[48;2;214;214;214m[38;2;214;214;214m▄[48;2;215;215;215m[38;2;214;214;214m▄[48;2;215;215;215m[38;2;214;214;214m▄[48;2;214;214;214m[38;2;214;214;214m▄[48;2;216;217;219m[38;2;215;216;217m▄[48;2;209;203;197m[38;2;210;207;204m▄[48;2;207;207;195m[38;2;198;189;170m▄[48;2;185;125;143m[38;2;207;198;198m▄[48;2;180;63;86m[38;2;186;140;147m▄[48;2;185;142;155m[38;2;190;172;162m▄[48;2;175;119;134m[38;2;200;192;180m▄[48;2;214;114;130m[38;2;167;82;103m▄[48;2;206;112;127m[38;2;214;112;128m▄[48;2;159;51;76m[38;2;219;128;142m▄[48;2;176;85;105m[38;2;177;92;110m▄[48;2;164;58;82m[38;2;171;78;97m▄[48;2;179;98;115m[38;2;189;124;137m▄[48;2;177;100;117m[38;2;185;134;146m▄[48;2;183;95;114m[38;2;178;100;117m▄[48;2;171;82;103m[38;2;185;109;124m▄[48;2;175;78;98m[38;2;177;92;110m▄[48;2;176;79;102m[38;2;180;96;116m▄[48;2;160;57;82m[38;2;185;106;124m▄[48;2;169;77;98m[38;2;183;102;120m▄[48;2;184;136;147m[38;2;192;188;190m▄[48;2;176;89;109m[38;2;197;188;180m▄[48;2;177;98;118m[38;2;193;184;170m▄[48;2;175;91;113m[38;2;193;184;176m▄[48;2;181;97;118m[38;2;193;188;184m▄[48;2;186;163;170m[38;2;195;195;187m▄[48;2;196;201;200m[38;2;204;203;204m▄[48;2;208;207;207m[38;2;209;209;209m▄[48;2;209;209;209m[38;2;208;208;208m▄[48;2;208;208;208m[38;2;209;209;209m▄[48;2;209;209;209m[38;2;208;208;208m▄[48;2;208;208;208m[38;2;208;208;208m▄[48;2;208;208;208m[38;2;207;207;207m▄[48;2;207;207;208m[38;2;207;207;207m▄[48;2;207;206;209m[38;2;207;207;207m▄[48;2;207;207;208m[38;2;205;205;205m▄[48;2;207;206;207m[38;2;204;204;205m▄[48;2;206;206;204m[38;2;205;205;204m▄[48;2;207;207;202m[38;2;206;206;201m▄[48;2;206;208;201m[38;2;206;206;200m▄[48;2;203;208;201m[38;2;203;205;203m▄[48;2;202;207;206m[38;2;201;204;204m▄[48;2;201;202;204m[38;2;202;202;203m▄[48;2;202;201;202m[38;2;201;201;201m▄[48;2;200;200;200m[38;2;201;201;201m▄[48;2;201;201;201m[38;2;201;201;201m▄[48;2;201;201;201m[38;2;201;201;201m▄[0m
[48;2;209;209;209m[38;2;210;210;210m▄[48;2;209;209;210m[38;2;210;210;210m▄[48;2;209;210;209m[38;2;210;210;210m▄[48;2;210;210;210m[38;2;210;210;210m▄[48;2;210;210;210m[38;2;211;211;211m▄[48;2;210;210;210m[38;2;211;211;211m▄[48;2;210;210;210m[38;2;211;211;211m▄[48;2;210;210;210m[38;2;212;212;212m▄[48;2;210;210;210m[38;2;212;212;212m▄[48;2;211;211;210m[38;2;212;212;212m▄[48;2;212;212;211m[38;2;213;213;213m▄[48;2;212;212;212m[38;2;213;213;213m▄[48;2;212;212;212m[38;2;213;213;213m▄[48;2;212;212;212m[38;2;213;213;213m▄[48;2;213;213;213m[38;2;213;213;213m▄[48;2;213;212;213m[38;2;214;213;214m▄[48;2;213;213;213m[38;2;214;214;214m▄[48;2;213;213;213m[38;2;214;214;214m▄[48;2;213;215;217m[38;2;213;213;213m▄[48;2;206;200;193m[38;2;214;215;217m▄[48;2;197;187;170m[38;2;212;213;216m▄[48;2;199;197;181m[38;2;211;211;214m▄[48;2;199;194;186m[38;2;211;212;214m▄[48;2;208;210;211m[38;2;211;210;211m▄[48;2;204;197;200m[38;2;213;216;215m▄[48;2;170;98;115m[38;2;210;211;210m▄[48;2;185;79;100m[38;2;189;158;166m▄[48;2;202;99;119m[38;2;178;121;136m▄[48;2;196;101;121m[38;2;177;114;129m▄[48;2;190;84;104m[38;2;178;129;141m▄[48;2;194;98;116m[38;2;174;107;122m▄[48;2;180;90;109m[38;2;173;80;99m▄[48;2;166;66;90m[38;2;183;84;106m▄[48;2;180;114;130m[38;2;186;90;110m▄[48;2;178;120;136m[38;2;188;89;107m▄[48;2;184;98;116m[38;2;189;91;111m▄[48;2;190;92;114m[38;2;168;86;107m▄[48;2;182;154;159m[38;2;196;192;194m▄[48;2;205;207;199m[38;2;209;210;211m▄[48;2;200;195;189m[38;2;209;210;212m▄[48;2;199;192;180m[38;2;207;209;211m▄[48;2;202;194;181m[38;2;207;207;211m▄[48;2;206;202;198m[38;2;207;208;209m▄[48;2;207;208;209m[38;2;208;208;208m▄[48;2;208;208;208m[38;2;208;208;208m▄[48;2;208;208;208m[38;2;208;208;208m▄[48;2;208;208;208m[38;2;208;208;208m▄[48;2;207;207;207m[38;2;207;207;207m▄[48;2;207;207;207m[38;2;207;207;207m▄[48;2;206;206;206m[38;2;206;206;207m▄[48;2;206;205;206m[38;2;206;206;206m▄[48;2;206;205;206m[38;2;206;205;206m▄[48;2;204;204;204m[38;2;205;205;205m▄[48;2;203;203;203m[38;2;204;204;204m▄[48;2;204;204;204m[38;2;204;204;204m▄[48;2;204;204;204m[38;2;204;204;205m▄[48;2;204;204;202m[38;2;203;203;203m▄[48;2;203;203;203m[38;2;202;202;202m▄[48;2;202;202;202m[38;2;202;202;202m▄[48;2;201;201;201m[38;2;201;201;201m▄[48;2;200;200;201m[38;2;201;201;202m▄[48;2;200;200;200m[38;2;201;201;201m▄[48;2;201;201;201m[38;2;201;201;201m▄[48;2;201;201;201m[38;2;201;201;201m▄[0m
[48;2;213;213;213m[38;2;216;216;216m▄[48;2;213;213;214m[38;2;216;216;216m▄[48;2;214;213;214m[38;2;216;216;216m▄[48;2;214;214;214m[38;2;216;216;216m▄[48;2;215;214;215m[38;2;216;216;216m▄[48;2;214;214;214m[38;2;216;216;216m▄[48;2;215;215;215m[38;2;216;216;216m▄[48;2;215;215;215m[38;2;216;216;216m▄[48;2;215;215;215m[38;2;216;216;216m▄[48;2;215;215;215m[38;2;217;217;217m▄[48;2;216;216;216m[38;2;217;217;217m▄[48;2;216;216;216m[38;2;218;218;218m▄[48;2;216;216;216m[38;2;218;218;218m▄[48;2;216;216;216m[38;2;217;217;217m▄[48;2;216;216;216m[38;2;218;218;218m▄[48;2;216;216;216m[38;2;218;218;218m▄[48;2;216;216;216m[38;2;217;218;217m▄[48;2;217;217;217m[38;2;217;217;217m▄[48;2;217;217;217m[38;2;215;215;216m▄[48;2;217;217;216m[38;2;214;214;214m▄[48;2;217;217;216m[38;2;213;213;213m▄[48;2;217;217;216m[38;2;212;212;213m▄[48;2;217;217;217m[38;2;208;208;209m▄[48;2;216;216;215m[38;2;148;119;124m▄[48;2;215;214;215m[38;2;163;142;145m▄[48;2;214;215;215m[38;2;153;126;131m▄[48;2;210;216;214m[38;2;156;131;137m▄[48;2;205;211;209m[38;2;152;128;131m▄[48;2;198;204;202m[38;2;158;135;138m▄[48;2;193;199;199m[38;2;147;121;127m▄[48;2;191;194;193m[38;2;132;98;105m▄[48;2;180;159;164m[38;2;194;198;198m▄[48;2;172;125;136m[38;2;195;202;199m▄[48;2;171;109;122m[38;2;149;128;131m▄[48;2;170;106;120m[38;2;143;118;122m▄[48;2;172;123;135m[38;2;152;137;138m▄[48;2;187;180;180m[38;2;150;126;128m▄[48;2;195;198;198m[38;2;165;146;149m▄[48;2;209;209;209m[38;2;150;121;127m▄[48;2;211;212;212m[38;2;203;199;201m▄[48;2;210;210;210m[38;2;211;211;212m▄[48;2;210;210;210m[38;2;210;209;209m▄[48;2;210;210;210m[38;2;210;210;210m▄[48;2;210;210;210m[38;2;210;210;211m▄[48;2;210;210;210m[38;2;211;211;211m▄[48;2;210;210;210m[38;2;211;211;211m▄[48;2;210;210;210m[38;2;211;211;211m▄[48;2;210;209;209m[38;2;211;211;211m▄[48;2;209;209;209m[38;2;211;211;211m▄[48;2;209;209;209m[38;2;210;210;210m▄[48;2;208;209;208m[38;2;210;210;210m▄[48;2;208;208;208m[38;2;210;209;210m▄[48;2;208;208;208m[38;2;210;209;210m▄[48;2;208;208;208m[38;2;209;209;209m▄[48;2;207;207;208m[38;2;209;209;209m▄[48;2;207;207;207m[38;2;209;209;209m▄[48;2;206;206;206m[38;2;209;209;208m▄[48;2;205;205;205m[38;2;208;208;208m▄[48;2;205;205;205m[38;2;207;207;207m▄[48;2;204;204;204m[38;2;207;207;207m▄[48;2;204;203;204m[38;2;207;207;207m▄[48;2;203;203;203m[38;2;206;206;206m▄[48;2;202;203;203m[38;2;206;206;206m▄[48;2;203;203;203m[38;2;206;206;206m▄[0m
[48;2;219;219;219m[38;2;224;224;224m▄[48;2;220;220;220m[38;2;224;224;224m▄[48;2;220;220;220m[38;2;224;224;224m▄[48;2;221;221;221m[38;2;224;224;224m▄[48;2;221;221;221m[38;2;224;224;224m▄[48;2;221;221;221m[38;2;224;224;224m▄[48;2;221;221;221m[38;2;225;225;225m▄[48;2;221;221;221m[38;2;225;225;225m▄[48;2;222;222;222m[38;2;225;225;225m▄[48;2;222;222;222m[38;2;226;226;226m▄[48;2;223;223;223m[38;2;226;226;226m▄[48;2;223;223;223m[38;2;225;225;225m▄[48;2;222;222;222m[38;2;226;226;226m▄[48;2;222;222;222m[38;2;225;225;225m▄[48;2;223;223;223m[38;2;225;225;225m▄[48;2;223;223;223m[38;2;226;225;226m▄[48;2;222;222;222m[38;2;225;225;226m▄[48;2;218;218;219m[38;2;226;226;226m▄[48;2;213;213;214m[38;2;224;224;224m▄[48;2;206;205;206m[38;2;225;226;226m▄[48;2;200;200;200m[38;2;214;210;211m▄[48;2;199;201;202m[38;2;178;161;164m▄[48;2;195;197;197m[38;2;173;153;155m▄[48;2;152;125;128m[38;2;180;161;164m▄[48;2;160;142;144m[38;2;180;165;167m▄[48;2;147;125;130m[38;2;183;169;172m▄[48;2;157;136;139m[38;2;166;148;151m▄[48;2;156;137;139m[38;2;168;151;154m▄[48;2;160;142;144m[38;2;171;155;158m▄[48;2;161;144;146m[38;2;182;169;172m▄[48;2;151;128;131m[38;2;187;178;180m▄[48;2;185;178;179m[38;2;160;140;142m▄[48;2;192;191;190m[38;2;178;168;169m▄[48;2;153;132;135m[38;2;173;158;161m▄[48;2;147;123;127m[38;2;170;154;157m▄[48;2;164;146;149m[38;2;165;147;150m▄[48;2;156;133;136m[38;2;167;150;153m▄[48;2;167;154;155m[38;2;197;190;193m▄[48;2;159;139;142m[38;2;181;166;170m▄[48;2;175;163;164m[38;2;177;162;164m▄[48;2;193;191;193m[38;2;174;157;161m▄[48;2;199;202;202m[38;2;163;143;146m▄[48;2;199;200;200m[38;2;187;177;180m▄[48;2;203;203;203m[38;2;216;218;217m▄[48;2;209;209;209m[38;2;215;215;215m▄[48;2;213;213;213m[38;2;216;216;217m▄[48;2;215;215;215m[38;2;216;216;216m▄[48;2;215;215;215m[38;2;216;215;216m▄[48;2;214;214;214m[38;2;216;216;216m▄[48;2;213;213;213m[38;2;215;215;215m▄[48;2;213;213;213m[38;2;216;216;216m▄[48;2;212;212;212m[38;2;215;215;215m▄[48;2;211;211;211m[38;2;215;215;215m▄[48;2;210;210;210m[38;2;214;214;214m▄[48;2;210;210;210m[38;2;213;213;213m▄[48;2;210;210;210m[38;2;212;212;212m▄[48;2;210;210;210m[38;2;212;212;212m▄[48;2;209;209;209m[38;2;210;210;210m▄[48;2;213;213;213m[38;2;217;217;217m▄[48;2;216;216;216m[38;2;221;221;221m▄[48;2;209;209;209m[38;2;211;211;210m▄[48;2;209;209;209m[38;2;209;209;210m▄[48;2;208;208;208m[38;2;210;210;210m▄[48;2;208;208;208m[38;2;210;210;210m▄[0m
[48;2;226;226;226m[38;2;229;229;229m▄[48;2;227;227;227m[38;2;228;228;228m▄[48;2;226;226;226m[38;2;229;229;229m▄[48;2;226;226;226m[38;2;229;229;229m▄[48;2;227;227;227m[38;2;229;229;229m▄[48;2;226;226;226m[38;2;229;229;229m▄[48;2;226;226;226m[38;2;229;229;229m▄[48;2;227;227;227m[38;2;229;229;229m▄[48;2;227;227;227m[38;2;229;229;229m▄[48;2;228;228;228m[38;2;230;230;230m▄[48;2;227;227;227m[38;2;230;230;230m▄[48;2;228;228;228m[38;2;230;230;230m▄[48;2;228;228;228m[38;2;230;230;230m▄[48;2;228;228;228m[38;2;230;230;230m▄[48;2;227;227;227m[38;2;229;229;229m▄[48;2;228;228;228m[38;2;229;229;229m▄[48;2;227;227;227m[38;2;229;229;229m▄[48;2;227;227;227m[38;2;229;229;229m▄[48;2;228;228;228m[38;2;230;230;230m▄[48;2;229;230;230m[38;2;229;228;228m▄[48;2;224;221;222m[38;2;229;230;230m▄[48;2;199;187;189m[38;2;233;235;234m▄[48;2;195;181;184m[38;2;233;236;235m▄[48;2;200;187;189m[38;2;232;234;234m▄[48;2;207;196;198m[38;2;231;232;232m▄[48;2;215;208;210m[38;2;229;229;230m▄[48;2;196;184;186m[38;2;232;235;234m▄[48;2;199;186;189m[38;2;232;234;233m▄[48;2;204;192;195m[38;2;229;231;231m▄[48;2;199;187;190m[38;2;229;231;230m▄[48;2;208;201;203m[38;2;228;229;228m▄[48;2;201;189;192m[38;2;229;231;231m▄[48;2;211;203;206m[38;2;226;228;228m▄[48;2;201;190;192m[38;2;228;230;229m▄[48;2;199;187;188m[38;2;228;230;230m▄[48;2;201;189;191m[38;2;228;229;229m▄[48;2;204;195;197m[38;2;227;229;228m▄[48;2;213;209;210m[38;2;224;225;225m▄[48;2;199;188;190m[38;2;226;228;228m▄[48;2;209;201;203m[38;2;225;226;226m▄[48;2;196;184;186m[38;2;226;228;227m▄[48;2;193;181;184m[38;2;226;228;228m▄[48;2;207;203;205m[38;2;222;223;223m▄[48;2;220;220;220m[38;2;219;219;219m▄[48;2;217;216;217m[38;2;219;219;219m▄[48;2;217;217;217m[38;2;217;217;217m▄[48;2;216;216;216m[38;2;217;217;217m▄[48;2;216;216;216m[38;2;217;217;217m▄[48;2;216;216;216m[38;2;216;216;216m▄[48;2;216;216;216m[38;2;216;216;216m▄[48;2;216;216;216m[38;2;216;216;216m▄[48;2;216;216;216m[38;2;216;216;216m▄[48;2;216;216;216m[38;2;216;216;216m▄[48;2;215;215;215m[38;2;216;216;216m▄[48;2;215;215;215m[38;2;216;216;216m▄[48;2;214;214;214m[38;2;215;215;215m▄[48;2;215;215;215m[38;2;215;215;215m▄[48;2;214;214;214m[38;2;215;215;215m▄[48;2;213;213;213m[38;2;215;215;215m▄[48;2;213;213;213m[38;2;215;215;215m▄[48;2;212;212;212m[38;2;215;215;215m▄[48;2;211;211;211m[38;2;214;214;214m▄[48;2;211;211;211m[38;2;214;214;214m▄[48;2;211;211;211m[38;2;214;214;214m▄[0m
[48;2;230;230;230m[38;2;231;231;231m▄[48;2;230;230;230m[38;2;231;231;231m▄[48;2;230;230;230m[38;2;231;231;231m▄[48;2;230;230;230m[38;2;231;231;231m▄[48;2;231;231;231m[38;2;231;231;231m▄[48;2;230;230;230m[38;2;231;231;231m▄[48;2;230;230;230m[38;2;231;231;231m▄[48;2;230;230;230m[38;2;231;231;231m▄[48;2;230;230;230m[38;2;231;231;231m▄[48;2;231;231;231m[38;2;231;231;231m▄[48;2;230;230;230m[38;2;232;232;232m▄[48;2;231;231;231m[38;2;231;231;231m▄[48;2;230;230;230m[38;2;231;231;231m▄[48;2;230;230;230m[38;2;231;231;231m▄[48;2;230;230;230m[38;2;231;231;231m▄[48;2;230;230;230m[38;2;231;231;231m▄[48;2;230;230;230m[38;2;231;231;231m▄[48;2;230;230;230m[38;2;231;231;231m▄[48;2;230;230;230m[38;2;230;230;230m▄[48;2;230;230;230m[38;2;230;230;230m▄[48;2;230;230;230m[38;2;230;230;230m▄[48;2;229;228;228m[38;2;230;230;230m▄[48;2;228;227;227m[38;2;229;229;229m▄[48;2;228;228;228m[38;2;229;229;229m▄[48;2;228;228;228m[38;2;229;229;229m▄[48;2;227;227;227m[38;2;228;228;228m▄[48;2;226;226;226m[38;2;228;228;228m▄[48;2;226;226;226m[38;2;227;227;227m▄[48;2;226;226;226m[38;2;227;227;227m▄[48;2;226;226;226m[38;2;227;227;227m▄[48;2;227;226;226m[38;2;227;227;227m▄[48;2;226;226;226m[38;2;228;228;228m▄[48;2;225;225;225m[38;2;228;228;228m▄[48;2;224;223;223m[38;2;226;226;226m▄[48;2;223;223;223m[38;2;224;224;224m▄[48;2;223;223;223m[38;2;224;224;224m▄[48;2;223;223;223m[38;2;224;224;224m▄[48;2;223;223;223m[38;2;224;224;224m▄[48;2;222;222;222m[38;2;224;224;224m▄[48;2;223;222;222m[38;2;223;223;223m▄[48;2;221;221;221m[38;2;223;223;223m▄[48;2;221;221;221m[38;2;222;222;222m▄[48;2;221;221;221m[38;2;222;222;222m▄[48;2;221;221;221m[38;2;222;222;222m▄[48;2;221;221;221m[38;2;221;221;221m▄[48;2;219;219;219m[38;2;220;220;220m▄[48;2;218;218;218m[38;2;218;218;218m▄[48;2;217;217;217m[38;2;218;218;218m▄[48;2;217;217;217m[38;2;217;217;217m▄[48;2;217;217;217m[38;2;217;217;217m▄[48;2;216;216;216m[38;2;217;217;217m▄[48;2;216;216;216m[38;2;216;216;216m▄[48;2;216;216;216m[38;2;216;216;216m▄[48;2;216;216;216m[38;2;216;216;216m▄[48;2;216;216;216m[38;2;216;216;216m▄[48;2;215;215;215m[38;2;216;216;216m▄[48;2;215;215;215m[38;2;216;216;216m▄[48;2;215;215;215m[38;2;215;215;215m▄[48;2;215;215;215m[38;2;216;216;216m▄[48;2;216;216;216m[38;2;216;216;216m▄[48;2;215;215;215m[38;2;216;216;216m▄[48;2;215;215;215m[38;2;215;215;215m▄[48;2;215;215;215m[38;2;215;215;214m▄[48;2;214;214;214m[38;2;215;215;215m▄[0m
