[48;2;219;219;219m[38;2;218;218;218m▄[48;2;221;221;221m[38;2;219;219;219m▄[48;2;221;221;221m[38;2;221;221;221m▄[48;2;222;222;222m[38;2;222;222;222m▄[48;2;223;223;223m[38;2;223;223;223m▄[48;2;223;223;223m[38;2;224;224;224m▄[48;2;224;224;224m[38;2;223;223;223m▄[48;2;225;225;225m[38;2;224;224;224m▄[48;2;225;225;225m[38;2;225;225;225m▄[48;2;225;225;225m[38;2;225;225;225m▄[48;2;226;226;226m[38;2;224;224;224m▄[48;2;226;226;226m[38;2;224;224;224m▄[48;2;227;227;227m[38;2;225;225;225m▄[48;2;227;227;227m[38;2;225;225;225m▄[48;2;227;227;227m[38;2;226;226;226m▄[48;2;228;228;228m[38;2;227;227;227m▄[48;2;228;228;228m[38;2;227;227;227m▄[48;2;227;227;227m[38;2;227;227;227m▄[48;2;227;227;227m[38;2;227;227;227m▄[48;2;227;227;227m[38;2;226;226;226m▄[48;2;227;227;227m[38;2;227;227;227m▄[48;2;227;227;227m[38;2;227;227;227m▄[48;2;227;227;227m[38;2;227;227;227m▄[48;2;228;228;228m[38;2;227;227;227m▄[48;2;227;227;227m[38;2;227;227;227m▄[48;2;227;227;227m[38;2;227;227;227m▄[48;2;228;228;228m[38;2;227;227;227m▄[48;2;227;227;227m[38;2;225;225;225m▄[48;2;225;225;225m[38;2;224;224;224m▄[48;2;225;225;225m[38;2;224;224;224m▄[48;2;225;225;225m[38;2;224;224;224m▄[48;2;225;225;225m[38;2;224;224;224m▄[48;2;225;225;225m[38;2;224;224;224m▄[48;2;225;225;225m[38;2;223;223;223m▄[48;2;224;224;224m[38;2;223;223;223m▄[48;2;223;223;223m[38;2;223;223;223m▄[48;2;223;223;223m[38;2;223;223;223m▄[48;2;222;222;222m[38;2;222;222;222m▄[48;2;221;221;221m[38;2;221;221;221m▄[48;2;221;221;221m[38;2;220;220;220m▄[48;2;221;221;221m[38;2;220;220;220m▄[48;2;219;219;219m[38;2;218;218;218m▄[48;2;217;217;217m[38;2;217;217;217m▄[48;2;216;216;216m[38;2;216;216;216m▄[48;2;216;216;216m[38;2;216;216;216m▄[48;2;216;216;216m[38;2;216;216;216m▄[48;2;216;216;216m[38;2;216;216;216m▄[48;2;216;216;216m[38;2;215;215;215m▄[48;2;216;216;216m[38;2;215;215;215m▄[48;2;215;215;215m[38;2;215;215;215m▄[48;2;214;214;214m[38;2;214;214;214m▄[48;2;213;213;213m[38;2;213;213;213m▄[48;2;213;213;213m[38;2;213;213;213m▄[48;2;211;211;211m[38;2;211;211;211m▄[48;2;210;210;210m[38;2;210;210;210m▄[48;2;210;210;210m[38;2;210;210;210m▄[48;2;211;211;211m[38;2;210;210;210m▄[48;2;210;210;210m[38;2;209;209;210m▄[48;2;209;209;209m[38;2;209;209;209m▄[48;2;209;209;209m[38;2;208;208;208m▄[48;2;208;208;208m[38;2;208;208;208m▄[48;2;207;207;207m[38;2;208;208;208m▄[48;2;207;207;207m[38;2;207;207;207m▄[48;2;207;207;207m[38;2;206;206;206m▄[0m
[48;2;218;218;218m[38;2;217;217;217m▄[48;2;218;218;218m[38;2;218;218;218m▄[48;2;221;221;221m[38;2;220;220;220m▄[48;2;222;222;222m[38;2;222;222;222m▄[48;2;223;223;223m[38;2;222;222;222m▄[48;2;223;223;223m[38;2;222;222;222m▄[48;2;223;223;223m[38;2;223;223;223m▄[48;2;224;224;224m[38;2;223;223;223m▄[48;2;224;224;224m[38;2;223;223;223m▄[48;2;225;225;225m[38;2;224;224;224m▄[48;2;225;225;225m[38;2;224;224;224m▄[48;2;224;224;224m[38;2;224;224;224m▄[48;2;224;224;224m[38;2;225;225;225m▄[48;2;224;224;224m[38;2;225;225;225m▄[48;2;226;226;226m[38;2;225;225;225m▄[48;2;227;227;227m[38;2;225;225;225m▄[48;2;226;226;226m[38;2;225;225;225m▄[48;2;227;227;227m[38;2;226;226;226m▄[48;2;227;227;227m[38;2;227;227;227m▄[48;2;227;227;227m[38;2;227;227;227m▄[48;2;227;227;227m[38;2;227;227;227m▄[48;2;227;227;227m[38;2;226;226;226m▄[48;2;227;227;227m[38;2;227;227;227m▄[48;2;227;227;227m[38;2;226;226;226m▄[48;2;227;227;227m[38;2;224;224;224m▄[48;2;226;226;226m[38;2;224;224;224m▄[48;2;224;224;224m[38;2;225;225;225m▄[48;2;226;226;226m[38;2;226;225;226m▄[48;2;223;224;223m[38;2;231;228;233m▄[48;2;223;224;222m[38;2;231;228;233m▄[48;2;222;223;222m[38;2;232;229;232m▄[48;2;224;224;224m[38;2;224;224;223m▄[48;2;223;223;223m[38;2;223;223;223m▄[48;2;223;223;223m[38;2;222;223;222m▄[48;2;222;223;222m[38;2;228;225;228m▄[48;2;222;222;221m[38;2;231;226;233m▄[48;2;222;223;222m[38;2;225;224;225m▄[48;2;222;222;222m[38;2;221;222;221m▄[48;2;221;221;221m[38;2;221;221;221m▄[48;2;221;221;221m[38;2;220;220;220m▄[48;2;220;220;220m[38;2;219;219;219m▄[48;2;217;217;217m[38;2;217;217;217m▄[48;2;217;217;217m[38;2;216;216;216m▄[48;2;216;216;216m[38;2;216;216;216m▄[48;2;216;216;216m[38;2;216;216;216m▄[48;2;216;216;216m[38;2;216;216;216m▄[48;2;216;216;216m[38;2;215;215;215m▄[48;2;215;215;215m[38;2;215;215;215m▄[48;2;215;215;215m[38;2;215;215;215m▄[48;2;214;214;214m[38;2;214;214;214m▄[48;2;213;213;213m[38;2;213;213;213m▄[48;2;213;213;213m[38;2;212;212;213m▄[48;2;213;213;213m[38;2;213;212;213m▄[48;2;211;211;211m[38;2;211;212;211m▄[48;2;210;210;210m[38;2;210;210;210m▄[48;2;210;210;210m[38;2;210;210;210m▄[48;2;210;210;210m[38;2;210;210;211m▄[48;2;210;210;210m[38;2;209;209;209m▄[48;2;210;210;210m[38;2;209;209;209m▄[48;2;209;209;209m[38;2;209;209;209m▄[48;2;208;208;208m[38;2;208;208;208m▄[48;2;208;208;208m[38;2;208;208;208m▄[48;2;207;207;207m[38;2;207;207;207m▄[48;2;207;207;207m[38;2;207;207;207m▄[0m
[48;2;217;217;217m[38;2;217;217;217m▄[48;2;218;218;218m[38;2;218;218;218m▄[48;2;220;220;220m[38;2;220;220;220m▄[48;2;221;221;221m[38;2;221;221;221m▄[48;2;223;223;223m[38;2;221;221;221m▄[48;2;223;223;223m[38;2;223;223;223m▄[48;2;223;223;223m[38;2;223;223;223m▄[48;2;223;223;223m[38;2;223;223;223m▄[48;2;224;224;224m[38;2;224;224;224m▄[48;2;224;224;224m[38;2;224;224;224m▄[48;2;225;225;225m[38;2;224;224;224m▄[48;2;225;225;225m[38;2;225;225;225m▄[48;2;225;225;225m[38;2;225;225;225m▄[48;2;225;225;225m[38;2;225;225;225m▄[48;2;224;224;224m[38;2;225;225;225m▄[48;2;225;225;225m[38;2;224;224;224m▄[48;2;225;225;225m[38;2;224;224;224m▄[48;2;225;225;225m[38;2;224;224;224m▄[48;2;225;225;225m[38;2;225;225;225m▄[48;2;226;226;226m[38;2;225;225;225m▄[48;2;226;226;226m[38;2;224;224;224m▄[48;2;224;224;224m[38;2;224;224;224m▄[48;2;224;224;224m[38;2;224;224;224m▄[48;2;224;224;224m[38;2;224;224;224m▄[48;2;225;225;225m[38;2;224;224;224m▄[48;2;225;225;225m[38;2;224;224;224m▄[48;2;225;225;225m[38;2;226;225;225m▄[48;2;223;224;224m[38;2;218;220;221m▄[48;2;160;188;153m[38;2;138;182;120m▄[48;2;159;190;152m[38;2;153;196;99m▄[48;2;187;203;188m[38;2;134;179;91m▄[48;2;226;225;229m[38;2;146;179;135m▄[48;2;223;224;223m[38;2;230;227;232m▄[48;2;231;227;231m[38;2;197;208;198m▄[48;2;189;203;186m[38;2;119;170;86m▄[48;2;146;182;134m[38;2;110;164;81m▄[48;2;214;217;214m[38;2;200;207;200m▄[48;2;224;223;224m[38;2;222;221;222m▄[48;2;220;221;220m[38;2;220;220;220m▄[48;2;220;220;220m[38;2;220;220;220m▄[48;2;218;218;218m[38;2;218;218;218m▄[48;2;217;217;217m[38;2;217;217;217m▄[48;2;216;216;216m[38;2;216;216;216m▄[48;2;216;216;216m[38;2;216;216;216m▄[48;2;216;216;216m[38;2;216;216;216m▄[48;2;216;216;216m[38;2;216;216;216m▄[48;2;215;215;215m[38;2;215;215;215m▄[48;2;215;215;215m[38;2;215;215;215m▄[48;2;214;214;214m[38;2;215;215;215m▄[48;2;214;214;214m[38;2;214;214;214m▄[48;2;214;213;214m[38;2;213;213;213m▄[48;2;213;213;213m[38;2;212;212;212m▄[48;2;212;212;212m[38;2;211;211;211m▄[48;2;211;211;211m[38;2;210;210;210m▄[48;2;210;210;210m[38;2;210;210;210m▄[48;2;210;210;210m[38;2;210;210;210m▄[48;2;210;210;210m[38;2;210;210;210m▄[48;2;210;210;210m[38;2;209;209;209m▄[48;2;208;208;208m[38;2;208;208;208m▄[48;2;209;209;209m[38;2;208;208;208m▄[48;2;208;208;208m[38;2;208;208;208m▄[48;2;208;208;208m[38;2;207;207;207m▄[48;2;207;207;207m[38;2;207;207;207m▄[48;2;207;207;207m[38;2;207;207;207m▄[0m
[48;2;217;217;217m[38;2;217;217;217m▄[48;2;217;217;217m[38;2;217;217;217m▄[48;2;219;219;219m[38;2;217;217;217m▄[48;2;220;220;220m[38;2;219;219;219m▄[48;2;221;221;221m[38;2;220;220;220m▄[48;2;222;222;222m[38;2;221;221;221m▄[48;2;222;222;222m[38;2;222;222;222m▄[48;2;223;223;223m[38;2;223;223;223m▄[48;2;223;223;223m[38;2;223;223;223m▄[48;2;224;224;224m[38;2;223;223;223m▄[48;2;224;224;224m[38;2;223;223;223m▄[48;2;224;224;224m[38;2;223;223;223m▄[48;2;224;224;224m[38;2;224;224;224m▄[48;2;225;225;225m[38;2;224;224;224m▄[48;2;224;224;224m[38;2;224;224;224m▄[48;2;224;224;224m[38;2;224;224;224m▄[48;2;224;224;224m[38;2;224;224;224m▄[48;2;224;224;224m[38;2;224;224;224m▄[48;2;224;224;224m[38;2;224;224;224m▄[48;2;224;224;224m[38;2;225;225;225m▄[48;2;224;224;225m[38;2;225;225;225m▄[48;2;224;224;224m[38;2;224;224;224m▄[48;2;224;224;224m[38;2;224;224;224m▄[48;2;224;224;224m[38;2;224;224;224m▄[48;2;224;224;224m[38;2;224;224;224m▄[48;2;224;224;224m[38;2;224;224;224m▄[48;2;223;224;223m[38;2;223;223;223m▄[48;2;230;227;232m[38;2;229;226;228m▄[48;2;152;183;143m[38;2;202;213;206m▄[48;2;142;187;82m[38;2;123;177;98m▄[48;2;141;187;84m[38;2;125;181;73m▄[48;2;124;176;71m[38;2;113;166;71m▄[48;2;165;187;159m[38;2;107;160;79m▄[48;2;134;174;118m[38;2;101;152;89m▄[48;2;125;168;106m[38;2;159;183;156m▄[48;2;203;203;208m[38;2;158;184;145m▄[48;2;218;214;219m[38;2;154;183;144m▄[48;2;224;221;224m[38;2;178;195;177m▄[48;2;220;220;220m[38;2;221;219;223m▄[48;2;219;220;219m[38;2;222;220;222m▄[48;2;218;218;218m[38;2;217;217;217m▄[48;2;217;217;217m[38;2;217;217;217m▄[48;2;216;216;216m[38;2;217;217;217m▄[48;2;217;217;217m[38;2;217;217;217m▄[48;2;217;217;217m[38;2;216;216;216m▄[48;2;216;216;216m[38;2;216;216;216m▄[48;2;215;215;215m[38;2;215;215;215m▄[48;2;215;215;215m[38;2;215;215;215m▄[48;2;214;214;214m[38;2;214;214;214m▄[48;2;214;214;214m[38;2;214;214;214m▄[48;2;214;214;214m[38;2;213;213;213m▄[48;2;212;212;212m[38;2;213;213;213m▄[48;2;212;212;212m[38;2;212;212;212m▄[48;2;210;210;210m[38;2;210;210;210m▄[48;2;210;210;210m[38;2;210;210;210m▄[48;2;210;210;210m[38;2;211;211;211m▄[48;2;210;210;210m[38;2;211;211;211m▄[48;2;209;209;209m[38;2;209;209;209m▄[48;2;209;209;209m[38;2;209;209;209m▄[48;2;208;208;208m[38;2;209;209;209m▄[48;2;208;208;208m[38;2;208;208;208m▄[48;2;208;208;208m[38;2;208;208;208m▄[48;2;207;207;207m[38;2;207;207;207m▄[48;2;206;206;206m[38;2;206;206;206m▄[0m
[48;2;216;216;216m[38;2;216;216;216m▄[48;2;216;216;216m[38;2;216;216;216m▄[48;2;217;217;217m[38;2;216;216;216m▄[48;2;218;218;218m[38;2;218;218;218m▄[48;2;220;220;220m[38;2;218;218;218m▄[48;2;221;221;221m[38;2;220;220;220m▄[48;2;221;221;221m[38;2;221;221;221m▄[48;2;222;222;222m[38;2;222;222;221m▄[48;2;223;223;223m[38;2;222;222;222m▄[48;2;223;223;223m[38;2;223;223;223m▄[48;2;223;223;223m[38;2;223;223;223m▄[48;2;223;223;223m[38;2;223;223;223m▄[48;2;224;224;224m[38;2;224;224;224m▄[48;2;224;224;224m[38;2;224;224;224m▄[48;2;224;224;224m[38;2;223;223;223m▄[48;2;224;224;224m[38;2;223;223;223m▄[48;2;224;224;224m[38;2;224;224;224m▄[48;2;225;225;225m[38;2;224;224;224m▄[48;2;224;224;225m[38;2;224;224;224m▄[48;2;224;224;224m[38;2;224;224;224m▄[48;2;224;224;224m[38;2;224;224;224m▄[48;2;224;224;224m[38;2;224;224;224m▄[48;2;224;224;224m[38;2;224;223;224m▄[48;2;224;224;224m[38;2;223;223;223m▄[48;2;224;224;224m[38;2;223;223;223m▄[48;2;224;224;224m[38;2;224;223;223m▄[48;2;224;224;224m[38;2;223;225;225m▄[48;2;223;228;227m[38;2;219;167;176m▄[48;2;226;209;215m[38;2;227;138;149m▄[48;2;188;172;167m[38;2;237;141;154m▄[48;2;123;157;98m[38;2;228;136;153m▄[48;2;97;164;82m[38;2;195;134;139m▄[48;2;68;138;56m[38;2;181;144;131m▄[48;2;79;145;72m[38;2;104;142;76m▄[48;2;113;168;84m[38;2;88;161;63m▄[48;2;126;178;79m[38;2;115;176;69m▄[48;2;142;187;90m[38;2;131;184;74m▄[48;2;143;188;100m[38;2;128;179;70m▄[48;2;136;175;120m[38;2;119;165;98m▄[48;2;207;211;208m[38;2;199;204;200m▄[48;2;220;219;220m[38;2;219;217;219m▄[48;2;216;216;216m[38;2;216;216;215m▄[48;2;216;216;216m[38;2;216;216;216m▄[48;2;216;216;216m[38;2;217;217;217m▄[48;2;216;216;216m[38;2;216;216;216m▄[48;2;216;216;216m[38;2;215;215;215m▄[48;2;215;215;215m[38;2;215;215;215m▄[48;2;215;215;215m[38;2;214;214;214m▄[48;2;214;214;214m[38;2;214;214;214m▄[48;2;213;213;213m[38;2;213;213;213m▄[48;2;213;213;213m[38;2;213;213;213m▄[48;2;212;212;212m[38;2;212;212;212m▄[48;2;211;211;211m[38;2;211;211;211m▄[48;2;210;210;210m[38;2;210;210;210m▄[48;2;211;211;211m[38;2;211;211;211m▄[48;2;210;210;210m[38;2;211;211;211m▄[48;2;210;210;210m[38;2;209;209;209m▄[48;2;209;209;209m[38;2;209;209;209m▄[48;2;209;209;209m[38;2;209;209;209m▄[48;2;208;208;208m[38;2;208;208;208m▄[48;2;208;208;208m[38;2;207;207;207m▄[48;2;207;207;207m[38;2;207;207;207m▄[48;2;207;207;207m[38;2;207;207;207m▄[48;2;206;206;206m[38;2;206;206;206m▄[0m
[48;2;216;216;216m[38;2;216;216;216m▄[48;2;216;216;216m[38;2;216;216;216m▄[48;2;216;216;216m[38;2;216;216;216m▄[48;2;217;217;217m[38;2;216;216;216m▄[48;2;217;217;217m[38;2;217;217;217m▄[48;2;219;219;219m[38;2;217;217;217m▄[48;2;220;220;221m[38;2;218;218;218m▄[48;2;221;221;221m[38;2;220;220;220m▄[48;2;221;221;221m[38;2;221;221;221m▄[48;2;222;222;222m[38;2;221;221;221m▄[48;2;222;222;222m[38;2;221;221;221m▄[48;2;223;223;223m[38;2;221;222;221m▄[48;2;223;223;223m[38;2;222;222;222m▄[48;2;223;223;223m[38;2;223;223;223m▄[48;2;224;224;224m[38;2;223;223;223m▄[48;2;224;224;224m[38;2;223;223;223m▄[48;2;224;224;224m[38;2;223;223;223m▄[48;2;224;224;224m[38;2;223;223;223m▄[48;2;224;224;224m[38;2;223;223;223m▄[48;2;223;223;223m[38;2;223;223;223m▄[48;2;223;223;223m[38;2;223;223;223m▄[48;2;224;223;224m[38;2;223;223;223m▄[48;2;224;223;224m[38;2;223;223;223m▄[48;2;223;223;223m[38;2;223;223;223m▄[48;2;223;222;222m[38;2;223;221;221m▄[48;2;224;230;229m[38;2;224;233;232m▄[48;2;218;188;192m[38;2;210;144;155m▄[48;2;228;129;141m[38;2;223;121;134m▄[48;2;237;139;151m[38;2;224;131;142m▄[48;2;238;140;150m[38;2;217;111;125m▄[48;2;225;124;136m[38;2;223;143;153m▄[48;2;233;149;160m[38;2;238;167;172m▄[48;2;251;171;181m[38;2;235;154;161m▄[48;2;219;126;136m[38;2;229;139;149m▄[48;2;169;146;119m[38;2;240;137;154m▄[48;2;148;156;103m[38;2;249;154;169m▄[48;2;137;154;104m[38;2;217;140;157m▄[48;2;150;175;148m[38;2;205;204;210m▄[48;2;197;196;199m[38;2;207;206;206m▄[48;2;208;206;209m[38;2;212;212;212m▄[48;2;214;214;214m[38;2;216;216;216m▄[48;2;216;216;216m[38;2;216;216;215m▄[48;2;216;216;216m[38;2;216;216;217m▄[48;2;216;216;216m[38;2;215;216;216m▄[48;2;215;215;215m[38;2;215;215;214m▄[48;2;216;216;216m[38;2;215;215;215m▄[48;2;215;215;215m[38;2;214;214;214m▄[48;2;214;214;214m[38;2;214;214;214m▄[48;2;215;215;215m[38;2;214;214;214m▄[48;2;213;213;213m[38;2;213;213;213m▄[48;2;213;213;213m[38;2;212;212;212m▄[48;2;212;212;212m[38;2;211;211;211m▄[48;2;210;210;210m[38;2;211;211;211m▄[48;2;211;211;211m[38;2;211;211;211m▄[48;2;211;211;211m[38;2;211;211;211m▄[48;2;211;211;211m[38;2;210;210;210m▄[48;2;210;210;210m[38;2;210;209;210m▄[48;2;209;209;209m[38;2;209;209;209m▄[48;2;209;209;209m[38;2;209;209;209m▄[48;2;209;209;209m[38;2;208;208;208m▄[48;2;208;208;208m[38;2;207;207;207m▄[48;2;207;207;207m[38;2;207;207;207m▄[48;2;207;207;207m[38;2;206;206;206m▄[48;2;206;206;206m[38;2;205;205;205m▄[0m
[48;2;216;216;216m[38;2;216;216;216m▄[48;2;216;216;216m[38;2;216;216;216m▄[48;2;216;216;216m[38;2;216;216;216m▄[48;2;216;216;216m[38;2;216;216;216m▄[48;2;217;217;217m[38;2;217;217;217m▄[48;2;217;217;217m[38;2;217;217;217m▄[48;2;217;217;217m[38;2;217;217;217m▄[48;2;218;218;218m[38;2;218;218;218m▄[48;2;219;219;219m[38;2;218;218;218m▄[48;2;220;220;220m[38;2;218;218;218m▄[48;2;221;221;221m[38;2;219;219;219m▄[48;2;221;221;221m[38;2;219;219;219m▄[48;2;221;221;221m[38;2;220;220;220m▄[48;2;222;222;222m[38;2;221;221;221m▄[48;2;221;221;221m[38;2;222;222;222m▄[48;2;222;222;222m[38;2;221;221;221m▄[48;2;223;223;223m[38;2;222;222;222m▄[48;2;222;222;222m[38;2;222;222;222m▄[48;2;222;222;222m[38;2;222;222;222m▄[48;2;222;222;222m[38;2;222;222;222m▄[48;2;223;223;223m[38;2;222;222;222m▄[48;2;222;222;222m[38;2;222;222;222m▄[48;2;223;223;223m[38;2;222;222;222m▄[48;2;223;221;221m[38;2;223;222;222m▄[48;2;224;230;229m[38;2;220;223;223m▄[48;2;213;181;187m[38;2;209;135;148m▄[48;2;220;122;135m[38;2;233;124;138m▄[48;2;232;131;145m[38;2;229;117;132m▄[48;2;235;131;145m[38;2;214;96;115m▄[48;2;225;135;145m[38;2;216;128;139m▄[48;2;236;163;170m[38;2;240;168;173m▄[48;2;236;153;160m[38;2;234;153;159m▄[48;2;238;159;166m[38;2;237;159;164m▄[48;2;228;144;152m[38;2;228;144;152m▄[48;2;222;129;139m[38;2;224;135;145m▄[48;2;240;166;172m[38;2;220;133;145m▄[48;2;210;104;119m[38;2;220;103;121m▄[48;2;202;150;159m[38;2;212;112;130m▄[48;2;215;222;220m[38;2;208;205;208m▄[48;2;216;215;216m[38;2;217;217;216m▄[48;2;216;217;218m[38;2;215;211;206m▄[48;2;217;218;219m[38;2;213;207;197m▄[48;2;216;215;213m[38;2;213;204;193m▄[48;2;215;215;215m[38;2;212;199;185m▄[48;2;216;217;220m[38;2;212;203;190m▄[48;2;214;214;214m[38;2;215;216;217m▄[48;2;215;215;215m[38;2;215;214;214m▄[48;2;214;214;214m[38;2;214;214;214m▄[48;2;214;214;214m[38;2;213;213;213m▄[48;2;212;212;212m[38;2;213;213;213m▄[48;2;212;212;212m[38;2;211;212;212m▄[48;2;211;211;211m[38;2;211;211;211m▄[48;2;211;211;211m[38;2;211;211;211m▄[48;2;211;211;211m[38;2;211;211;211m▄[48;2;211;211;211m[38;2;211;211;211m▄[48;2;210;210;210m[38;2;210;210;210m▄[48;2;209;209;209m[38;2;209;209;209m▄[48;2;209;209;209m[38;2;209;209;209m▄[48;2;208;208;209m[38;2;208;208;208m▄[48;2;207;207;207m[38;2;208;208;208m▄[48;2;207;207;207m[38;2;207;207;207m▄[48;2;207;207;207m[38;2;207;207;207m▄[48;2;205;205;206m[38;2;206;206;206m▄[48;2;205;205;205m[38;2;204;204;204m▄[0m
[48;2;215;215;215m[38;2;215;215;215m▄[48;2;216;216;216m[38;2;215;215;215m▄[48;2;216;216;216m[38;2;216;216;216m▄[48;2;216;216;216m[38;2;216;216;216m▄[48;2;216;216;216m[38;2;216;216;216m▄[48;2;216;216;216m[38;2;216;216;216m▄[48;2;216;216;216m[38;2;216;216;216m▄[48;2;217;217;217m[38;2;217;217;217m▄[48;2;217;217;217m[38;2;216;216;216m▄[48;2;217;217;217m[38;2;217;217;217m▄[48;2;218;218;218m[38;2;218;218;218m▄[48;2;219;219;219m[38;2;217;217;217m▄[48;2;218;218;219m[38;2;218;218;218m▄[48;2;219;219;219m[38;2;219;219;219m▄[48;2;220;220;220m[38;2;219;219;219m▄[48;2;220;220;220m[38;2;220;220;220m▄[48;2;221;221;221m[38;2;219;219;219m▄[48;2;221;221;221m[38;2;219;219;219m▄[48;2;221;221;221m[38;2;220;220;220m▄[48;2;221;221;221m[38;2;221;221;221m▄[48;2;221;221;221m[38;2;221;220;221m▄[48;2;222;222;222m[38;2;221;220;221m▄[48;2;221;221;221m[38;2;221;220;220m▄[48;2;222;222;222m[38;2;219;218;218m▄[48;2;218;219;220m[38;2;222;229;228m▄[48;2;206;123;139m[38;2;203;143;155m▄[48;2;230;116;132m[38;2;204;85;105m▄[48;2;211;103;122m[38;2;219;113;130m▄[48;2;210;96;116m[38;2;216;97;116m▄[48;2;201;90;109m[38;2;222;110;126m▄[48;2;219;129;141m[38;2;216;105;123m▄[48;2;239;162;168m[38;2;209;112;128m▄[48;2;240;162;168m[38;2;234;155;162m▄[48;2;224;135;145m[38;2;214;114;129m▄[48;2;203;95;114m[38;2;224;109;125m▄[48;2;217;106;124m[38;2;233;124;139m▄[48;2;231;118;134m[38;2;227;108;125m▄[48;2;211;104;122m[38;2;196;116;131m▄[48;2;201;192;196m[38;2;199;204;203m▄[48;2;215;214;211m[38;2;214;213;214m▄[48;2;215;210;204m[38;2;215;216;217m▄[48;2;215;213;212m[38;2;214;215;215m▄[48;2;215;215;216m[38;2;214;213;212m▄[48;2;215;215;217m[38;2;214;215;217m▄[48;2;209;196;178m[38;2;214;212;210m▄[48;2;211;203;192m[38;2;207;193;172m▄[48;2;214;216;218m[38;2;214;216;219m▄[48;2;213;213;213m[38;2;213;213;212m▄[48;2;213;212;213m[38;2;212;212;212m▄[48;2;212;211;212m[38;2;211;211;211m▄[48;2;211;211;211m[38;2;211;211;211m▄[48;2;211;211;211m[38;2;211;211;211m▄[48;2;211;211;211m[38;2;211;211;211m▄[48;2;211;211;211m[38;2;210;210;210m▄[48;2;210;210;210m[38;2;210;210;210m▄[48;2;209;209;209m[38;2;209;209;209m▄[48;2;208;208;208m[38;2;209;209;209m▄[48;2;208;208;208m[38;2;208;208;208m▄[48;2;208;208;208m[38;2;208;208;208m▄[48;2;208;208;208m[38;2;207;207;207m▄[48;2;207;207;207m[38;2;207;207;207m▄[48;2;207;207;207m[38;2;206;206;207m▄[48;2;205;205;205m[38;2;204;204;204m▄[48;2;204;204;204m[38;2;204;204;204m▄[0m
[48;2;215;215;215m[38;2;214;214;214m▄[48;2;215;215;215m[38;2;215;215;215m▄[48;2;216;216;216m[38;2;215;215;215m▄[48;2;216;216;216m[38;2;215;215;215m▄[48;2;216;216;216m[38;2;215;215;215m▄[48;2;216;216;216m[38;2;217;217;217m▄[48;2;216;216;216m[38;2;217;217;217m▄[48;2;217;217;217m[38;2;216;216;216m▄[48;2;217;217;217m[38;2;216;216;216m▄[48;2;216;216;216m[38;2;216;216;216m▄[48;2;216;216;216m[38;2;217;217;217m▄[48;2;216;216;216m[38;2;217;217;217m▄[48;2;217;217;217m[38;2;217;217;217m▄[48;2;218;218;218m[38;2;217;217;217m▄[48;2;218;218;218m[38;2;217;217;217m▄[48;2;219;219;219m[38;2;217;217;217m▄[48;2;219;219;219m[38;2;217;218;217m▄[48;2;218;218;218m[38;2;217;217;217m▄[48;2;219;219;219m[38;2;218;218;218m▄[48;2;219;217;217m[38;2;218;225;225m▄[48;2;219;218;218m[38;2;218;223;222m▄[48;2;219;219;219m[38;2;218;216;216m▄[48;2;219;220;220m[38;2;218;211;212m▄[48;2;219;219;219m[38;2;217;214;214m▄[48;2;220;219;220m[38;2;217;221;220m▄[48;2;214;212;212m[38;2;220;233;231m▄[48;2;193;108;126m[38;2;200;152;163m▄[48;2;226;110;127m[38;2;219;95;116m▄[48;2;213;93;114m[38;2;222;105;124m▄[48;2;217;104;123m[38;2;209;95;115m▄[48;2;232;128;139m[38;2;230;128;139m▄[48;2;219;111;126m[38;2;229;119;133m▄[48;2;205;95;113m[38;2;204;82;103m▄[48;2;199;82;103m[38;2;209;84;106m▄[48;2;216;102;120m[38;2;209;88;110m▄[48;2;214;95;114m[38;2;211;75;99m▄[48;2;195;90;112m[38;2;189;114;131m▄[48;2;189;178;182m[38;2;195;206;203m▄[48;2;202;205;206m[38;2;213;210;208m▄[48;2;213;217;217m[38;2;221;198;200m▄[48;2;215;216;216m[38;2;214;208;209m▄[48;2;214;213;213m[38;2;217;220;222m▄[48;2;216;217;219m[38;2;207;199;188m▄[48;2;217;218;221m[38;2;197;179;155m▄[48;2;204;191;173m[38;2;206;193;178m▄[48;2;205;195;181m[38;2;211;210;212m▄[48;2;213;214;218m[38;2;207;204;200m▄[48;2;212;212;211m[38;2;211;212;212m▄[48;2;211;211;211m[38;2;211;211;211m▄[48;2;211;211;211m[38;2;211;211;211m▄[48;2;211;211;211m[38;2;211;211;211m▄[48;2;211;211;211m[38;2;211;211;211m▄[48;2;211;211;211m[38;2;211;211;211m▄[48;2;210;210;210m[38;2;210;210;210m▄[48;2;210;210;210m[38;2;209;209;209m▄[48;2;209;209;209m[38;2;208;208;209m▄[48;2;208;208;208m[38;2;208;208;208m▄[48;2;208;208;208m[38;2;208;207;208m▄[48;2;208;208;208m[38;2;207;207;207m▄[48;2;207;207;207m[38;2;207;207;207m▄[48;2;207;207;207m[38;2;206;206;206m▄[48;2;206;206;206m[38;2;206;206;206m▄[48;2;204;204;204m[38;2;204;204;204m▄[48;2;204;204;204m[38;2;204;204;204m▄[0m
[48;2;215;215;215m[38;2;214;214;214m▄[48;2;215;215;215m[38;2;214;214;214m▄[48;2;215;215;215m[38;2;214;214;214m▄[48;2;216;216;216m[38;2;215;215;215m▄[48;2;216;216;216m[38;2;216;216;216m▄[48;2;216;216;216m[38;2;215;215;215m▄[48;2;216;216;216m[38;2;215;215;215m▄[48;2;217;217;217m[38;2;216;216;216m▄[48;2;217;217;217m[38;2;216;216;216m▄[48;2;217;217;217m[38;2;216;216;216m▄[48;2;216;216;216m[38;2;216;216;216m▄[48;2;216;216;216m[38;2;216;216;216m▄[48;2;216;216;216m[38;2;216;216;216m▄[48;2;216;216;216m[38;2;216;216;216m▄[48;2;217;217;217m[38;2;216;216;216m▄[48;2;217;217;217m[38;2;217;216;216m▄[48;2;217;216;216m[38;2;217;221;220m▄[48;2;217;220;220m[38;2;215;203;205m▄[48;2;217;219;219m[38;2;216;135;147m▄[48;2;216;179;183m[38;2;232;167;174m▄[48;2;223;160;166m[38;2;226;149;158m▄[48;2;226;157;163m[38;2;220;131;141m▄[48;2;228;160;165m[38;2;220;125;136m▄[48;2;230;163;167m[38;2;227;142;152m▄[48;2;223;161;166m[38;2;243;183;189m▄[48;2;218;204;205m[38;2;221;140;149m▄[48;2;211;207;209m[38;2;218;212;211m▄[48;2;196;98;118m[38;2;207;201;204m▄[48;2;220;92;112m[38;2;193;128;143m▄[48;2;207;81;104m[38;2;194;107;125m▄[48;2;218;106;122m[38;2;188;123;136m▄[48;2;196;99;117m[38;2;214;141;147m▄[48;2;202;97;117m[38;2;221;149;154m▄[48;2;217;91;112m[38;2;197;123;138m▄[48;2;216;84;106m[38;2;187;109;127m▄[48;2;198;78;102m[38;2;187;166;172m▄[48;2;187;168;173m[38;2;196;203;201m▄[48;2;205;206;205m[38;2;233;207;207m▄[48;2;246;216;214m[38;2;247;196;202m▄[48;2;238;165;169m[38;2;221;148;158m▄[48;2;219;159;165m[38;2;217;139;146m▄[48;2;203;201;189m[38;2;199;195;185m▄[48;2;200;191;173m[38;2;215;176;182m▄[48;2;210;211;210m[38;2;223;144;151m▄[48;2;213;219;223m[38;2;213;179;183m▄[48;2;205;201;194m[38;2;205;203;196m▄[48;2;205;200;191m[38;2;209;207;206m▄[48;2;212;213;214m[38;2;211;211;211m▄[48;2;211;210;210m[38;2;211;211;211m▄[48;2;211;211;211m[38;2;211;211;211m▄[48;2;211;211;211m[38;2;211;211;211m▄[48;2;210;210;210m[38;2;210;210;210m▄[48;2;210;210;210m[38;2;208;208;208m▄[48;2;209;209;209m[38;2;208;208;208m▄[48;2;208;208;208m[38;2;208;208;208m▄[48;2;208;208;209m[38;2;208;208;208m▄[48;2;207;207;207m[38;2;207;207;207m▄[48;2;207;207;207m[38;2;207;207;207m▄[48;2;207;207;207m[38;2;207;207;207m▄[48;2;207;207;207m[38;2;206;206;206m▄[48;2;206;206;206m[38;2;205;205;205m▄[48;2;205;205;205m[38;2;204;204;204m▄[48;2;204;204;204m[38;2;204;204;204m▄[48;2;203;203;203m[38;2;203;203;203m▄[0m
[48;2;214;214;214m[38;2;213;213;213m▄[48;2;214;214;214m[38;2;214;214;214m▄[48;2;214;214;214m[38;2;214;214;214m▄[48;2;215;215;215m[38;2;214;214;214m▄[48;2;215;215;215m[38;2;215;215;215m▄[48;2;215;215;215m[38;2;215;215;215m▄[48;2;215;215;215m[38;2;215;215;215m▄[48;2;215;215;215m[38;2;216;216;216m▄[48;2;215;215;215m[38;2;216;216;216m▄[48;2;216;216;216m[38;2;215;215;215m▄[48;2;216;216;216m[38;2;216;216;216m▄[48;2;216;216;216m[38;2;216;216;216m▄[48;2;216;216;216m[38;2;216;216;216m▄[48;2;217;217;217m[38;2;216;216;216m▄[48;2;217;217;217m[38;2;217;216;216m▄[48;2;217;217;217m[38;2;218;222;221m▄[48;2;216;218;218m[38;2;211;194;197m▄[48;2;213;137;148m[38;2;212;131;142m▄[48;2;240;197;204m[38;2;240;196;204m▄[48;2;216;142;151m[38;2;195;88;106m▄[48;2;206;91;106m[38;2;222;143;153m▄[48;2;240;181;187m[38;2;235;174;182m▄[48;2;220;135;145m[38;2;197;110;124m▄[48;2;205;119;129m[38;2;210;139;149m▄[48;2;237;186;193m[38;2;246;208;212m▄[48;2;233;164;172m[38;2;216;147;156m▄[48;2;206;171;175m[38;2;204;122;133m▄[48;2;213;216;216m[38;2;217;149;159m▄[48;2;209;212;212m[38;2;210;128;140m▄[48;2;202;220;218m[38;2;207;140;151m▄[48;2;205;173;175m[38;2;200;127;137m▄[48;2;228;141;150m[38;2;214;126;135m▄[48;2;248;193;197m[38;2;239;188;192m▄[48;2;210;200;200m[38;2;219;191;194m▄[48;2;194;206;203m[38;2;240;208;207m▄[48;2;201;203;202m[38;2;243;218;218m▄[48;2;210;205;205m[38;2;228;180;183m▄[48;2;247;196;199m[38;2;232;162;170m▄[48;2;229;168;174m[38;2;225;164;171m▄[48;2;212;116;129m[38;2;208;117;130m▄[48;2;204;133;143m[38;2;206;120;131m▄[48;2;201;210;209m[38;2;197;155;160m▄[48;2;214;128;137m[38;2;207;116;130m▄[48;2;236;159;168m[38;2;205;98;115m▄[48;2;211;128;137m[38;2;200;154;160m▄[48;2;209;214;215m[38;2;203;210;210m▄[48;2;211;210;211m[38;2;211;209;210m▄[48;2;210;210;210m[38;2;210;210;211m▄[48;2;211;211;211m[38;2;210;210;211m▄[48;2;211;210;211m[38;2;210;210;210m▄[48;2;210;210;210m[38;2;210;210;212m▄[48;2;210;210;210m[38;2;210;209;212m▄[48;2;209;209;209m[38;2;209;208;211m▄[48;2;208;208;208m[38;2;208;208;209m▄[48;2;209;209;209m[38;2;209;209;209m▄[48;2;208;208;208m[38;2;208;208;208m▄[48;2;208;208;207m[38;2;207;207;206m▄[48;2;207;207;208m[38;2;207;207;206m▄[48;2;207;207;208m[38;2;206;206;207m▄[48;2;206;206;206m[38;2;205;205;205m▄[48;2;204;204;204m[38;2;203;203;204m▄[48;2;204;204;204m[38;2;203;203;203m▄[48;2;204;204;204m[38;2;203;203;203m▄[48;2;203;203;203m[38;2;203;203;203m▄[0m
[48;2;212;212;212m[38;2;211;211;211m▄[48;2;213;213;213m[38;2;212;211;212m▄[48;2;214;214;214m[38;2;212;211;212m▄[48;2;214;214;214m[38;2;213;213;213m▄[48;2;214;214;214m[38;2;214;214;214m▄[48;2;214;214;214m[38;2;214;214;214m▄[48;2;215;215;215m[38;2;214;214;214m▄[48;2;214;214;215m[38;2;214;214;215m▄[48;2;215;215;215m[38;2;215;215;215m▄[48;2;215;215;215m[38;2;214;214;214m▄[48;2;215;215;215m[38;2;215;215;215m▄[48;2;215;215;215m[38;2;215;215;215m▄[48;2;216;216;216m[38;2;216;216;216m▄[48;2;216;216;216m[38;2;216;216;216m▄[48;2;215;215;215m[38;2;215;215;215m▄[48;2;216;216;216m[38;2;216;215;215m▄[48;2;217;216;216m[38;2;216;219;218m▄[48;2;199;118;133m[38;2;214;207;208m▄[48;2;197;92;112m[38;2;197;154;164m▄[48;2;185;73;94m[38;2;190;96;115m▄[48;2;234;166;176m[38;2;234;153;164m▄[48;2;220;143;155m[38;2;206;127;142m▄[48;2;204;115;128m[38;2;239;175;184m▄[48;2;236;188;193m[38;2;191;116;129m▄[48;2;247;225;227m[38;2;209;161;170m▄[48;2;235;204;207m[38;2;245;206;211m▄[48;2;236;189;194m[38;2;204;123;138m▄[48;2;205;126;139m[38;2;174;69;89m▄[48;2;241;190;197m[38;2;239;177;185m▄[48;2;205;112;127m[38;2;172;58;83m▄[48;2;189;86;104m[38;2;221;172;181m▄[48;2;253;248;246m[38;2;245;230;229m▄[48;2;233;176;182m[38;2;226;170;176m▄[48;2;244;218;218m[38;2;249;243;241m▄[48;2;243;219;220m[38;2;236;190;196m▄[48;2;246;228;229m[38;2;202;128;139m▄[48;2;206;127;138m[38;2;178;74;96m▄[48;2;231;167;176m[38;2;242;174;182m▄[48;2;210;138;150m[38;2;189;103;122m▄[48;2;218;147;158m[38;2;203;109;128m▄[48;2;238;173;182m[38;2;215;132;146m▄[48;2;180;64;83m[38;2;167;57;80m▄[48;2;232;166;174m[38;2;236;163;171m▄[48;2;216;132;146m[38;2;178;75;97m▄[48;2;186;155;161m[38;2;179;72;93m▄[48;2;205;211;210m[38;2;197;161;167m▄[48;2;210;209;210m[38;2;212;219;218m▄[48;2;210;210;211m[38;2;210;208;208m▄[48;2;210;210;211m[38;2;209;209;210m▄[48;2;210;210;210m[38;2;210;210;210m▄[48;2;210;209;211m[38;2;210;210;211m▄[48;2;208;210;214m[38;2;206;209;212m▄[48;2;209;209;215m[38;2;208;208;214m▄[48;2;209;208;210m[38;2;209;208;210m▄[48;2;208;208;208m[38;2;208;208;208m▄[48;2;208;208;208m[38;2;208;208;206m▄[48;2;207;208;202m[38;2;207;207;201m▄[48;2;207;207;203m[38;2;205;207;202m▄[48;2;205;205;206m[38;2;205;205;204m▄[48;2;204;204;204m[38;2;204;203;204m▄[48;2;204;204;203m[38;2;203;203;203m▄[48;2;203;203;203m[38;2;202;202;202m▄[48;2;203;203;203m[38;2;203;203;203m▄[48;2;203;203;203m[38;2;203;203;203m▄[0m
[48;2;211;211;211m[38;2;210;210;210m▄[48;2;210;210;210m[38;2;210;210;210m▄[48;2;211;211;211m[38;2;210;210;210m▄[48;2;212;212;212m[38;2;210;210;210m▄[48;2;212;212;212m[38;2;211;211;211m▄[48;2;213;213;213m[38;2;212;212;212m▄[48;2;214;214;214m[38;2;213;213;213m▄[48;2;214;214;214m[38;2;213;213;213m▄[48;2;214;214;214m[38;2;214;214;214m▄[48;2;214;214;214m[38;2;215;215;215m▄[48;2;214;214;214m[38;2;214;214;214m▄[48;2;215;215;215m[38;2;214;214;214m▄[48;2;215;215;215m[38;2;214;214;214m▄[48;2;215;215;215m[38;2;215;215;215m▄[48;2;215;215;215m[38;2;215;215;215m▄[48;2;215;215;215m[38;2;215;215;215m▄[48;2;215;214;215m[38;2;214;212;212m▄[48;2;217;223;221m[38;2;210;209;196m▄[48;2;193;176;182m[38;2;184;140;151m▄[48;2;200;99;119m[38;2;205;96;117m▄[48;2;221;131;145m[38;2;202;101;122m▄[48;2;152;46;73m[38;2;172;118;132m▄[48;2;224;133;150m[38;2;181;87;110m▄[48;2;209;126;140m[38;2;237;145;159m▄[48;2;164;83;103m[38;2;171;78;98m▄[48;2;239;168;180m[38;2;192;102;122m▄[48;2;198;108;125m[38;2;214;114;133m▄[48;2;215;129;144m[38;2;175;73;97m▄[48;2;231;136;150m[38;2;217;131;145m▄[48;2;189;109;126m[38;2;229;188;193m▄[48;2;255;245;242m[38;2;233;198;201m▄[48;2;233;194;198m[38;2;238;207;209m▄[48;2;234;206;207m[38;2;221;180;185m▄[48;2;254;238;235m[38;2;236;203;206m▄[48;2;211;161;168m[38;2;210;126;142m▄[48;2;176;84;103m[38;2;179;77;99m▄[48;2;221;130;146m[38;2;181;83;105m▄[48;2;238;146;160m[38;2;197;96;115m▄[48;2;157;45;72m[38;2;152;51;75m▄[48;2;227;130;147m[38;2;194;86;108m▄[48;2;199;101;120m[38;2;200;94;116m▄[48;2;207;121;137m[38;2;171;66;88m▄[48;2;232;136;152m[38;2;206;104;124m▄[48;2;177;79;102m[38;2;182;76;100m▄[48;2;184;83;105m[38;2;173;99;116m▄[48;2;190;153;161m[38;2;193;197;196m▄[48;2;209;216;214m[38;2;203;203;203m▄[48;2;209;208;208m[38;2;209;209;209m▄[48;2;209;209;209m[38;2;208;208;208m▄[48;2;209;209;209m[38;2;208;208;208m▄[48;2;209;209;210m[38;2;208;208;208m▄[48;2;208;207;210m[38;2;208;208;208m▄[48;2;208;207;210m[38;2;207;207;208m▄[48;2;208;208;208m[38;2;207;207;207m▄[48;2;208;208;209m[38;2;207;207;207m▄[48;2;208;208;207m[38;2;207;207;206m▄[48;2;206;208;202m[38;2;206;207;203m▄[48;2;204;208;202m[38;2;204;206;202m▄[48;2;204;206;203m[38;2;203;206;204m▄[48;2;204;204;205m[38;2;202;203;206m▄[48;2;203;202;204m[38;2;202;202;205m▄[48;2;202;203;202m[38;2;203;203;203m▄[48;2;203;203;203m[38;2;203;203;203m▄[48;2;203;203;203m[38;2;203;203;203m▄[0m
[48;2;210;210;210m[38;2;209;209;209m▄[48;2;210;210;210m[38;2;210;210;210m▄[48;2;210;210;210m[38;2;210;210;210m▄[48;2;210;210;210m[38;2;210;210;210m▄[48;2;211;211;211m[38;2;210;210;210m▄[48;2;210;210;210m[38;2;210;210;210m▄[48;2;210;210;210m[38;2;210;210;210m▄[48;2;211;211;211m[38;2;211;211;211m▄[48;2;213;213;213m[38;2;211;211;211m▄[48;2;214;214;214m[38;2;211;211;211m▄[48;2;213;213;214m[38;2;211;211;211m▄[48;2;214;214;214m[38;2;212;212;212m▄[48;2;214;214;214m[38;2;212;212;212m▄[48;2;214;214;214m[38;2;212;212;212m▄[48;2;214;214;214m[38;2;212;212;212m▄[48;2;215;216;217m[38;2;213;213;213m▄[48;2;209;205;200m[38;2;213;212;212m▄[48;2;203;196;181m[38;2;194;178;161m▄[48;2;207;190;199m[38;2;209;206;199m▄[48;2;168;66;91m[38;2;203;186;187m▄[48;2;169;65;93m[38;2;189;163;161m▄[48;2;193;186;191m[38;2;189;180;164m▄[48;2;173;115;126m[38;2;205;195;185m▄[48;2;195;90;110m[38;2;164;82;104m▄[48;2;235;141;155m[38;2;192;82;104m▄[48;2;155;54;79m[38;2;236;140;155m▄[48;2;161;71;95m[38;2;188;94;113m▄[48;2;162;74;95m[38;2;192;124;137m▄[48;2;203;133;147m[38;2;232;201;204m▄[48;2;219;189;193m[38;2;219;191;195m▄[48;2;214;183;188m[38;2;213;184;189m▄[48;2;219;174;180m[38;2;226;193;197m▄[48;2;223;190;193m[38;2;213;163;173m▄[48;2;191;113;131m[38;2;179;92;111m▄[48;2;158;58;82m[38;2;179;90;110m▄[48;2;166;72;94m[38;2;179;93;113m▄[48;2;163;61;86m[38;2;188;103;123m▄[48;2;160;65;89m[38;2;181;91;112m▄[48;2;194;173;177m[38;2;185;171;176m▄[48;2;177;111;129m[38;2;200;204;194m▄[48;2;175;101;121m[38;2;190;183;165m▄[48;2;183;130;146m[38;2;191;187;170m▄[48;2;171;94;116m[38;2;196;194;184m▄[48;2;179;118;135m[38;2;194;197;192m▄[48;2;189;186;187m[38;2;194;189;182m▄[48;2;194;196;195m[38;2;203;203;203m▄[48;2;206;206;206m[38;2;207;208;208m▄[48;2;208;208;208m[38;2;208;208;208m▄[48;2;208;208;208m[38;2;207;207;207m▄[48;2;208;208;208m[38;2;207;207;207m▄[48;2;207;207;207m[38;2;207;207;207m▄[48;2;207;207;207m[38;2;206;206;206m▄[48;2;207;207;207m[38;2;206;206;206m▄[48;2;207;207;207m[38;2;205;205;206m▄[48;2;206;206;206m[38;2;204;204;204m▄[48;2;206;206;206m[38;2;204;204;204m▄[48;2;205;205;205m[38;2;203;203;203m▄[48;2;204;204;204m[38;2;203;203;203m▄[48;2;203;203;205m[38;2;203;203;203m▄[48;2;203;203;204m[38;2;202;202;203m▄[48;2;202;202;204m[38;2;202;201;202m▄[48;2;203;203;203m[38;2;202;202;202m▄[48;2;202;202;202m[38;2;202;202;202m▄[48;2;203;203;203m[38;2;201;201;201m▄[0m
[48;2;209;209;209m[38;2;211;211;211m▄[48;2;209;209;209m[38;2;212;212;212m▄[48;2;210;210;210m[38;2;213;213;213m▄[48;2;210;210;210m[38;2;213;213;213m▄[48;2;210;210;211m[38;2;213;213;213m▄[48;2;211;211;211m[38;2;214;214;214m▄[48;2;211;211;211m[38;2;214;214;214m▄[48;2;211;211;211m[38;2;214;214;214m▄[48;2;211;211;211m[38;2;214;214;214m▄[48;2;211;211;211m[38;2;215;215;215m▄[48;2;212;212;212m[38;2;215;215;215m▄[48;2;211;211;211m[38;2;215;215;215m▄[48;2;212;212;212m[38;2;215;215;215m▄[48;2;212;212;213m[38;2;214;214;215m▄[48;2;213;213;213m[38;2;215;215;215m▄[48;2;212;212;213m[38;2;215;215;215m▄[48;2;213;214;216m[38;2;215;215;215m▄[48;2;209;206;202m[38;2;216;216;217m▄[48;2;196;182;165m[38;2;215;217;220m▄[48;2;196;187;169m[38;2;213;214;216m▄[48;2;197;192;178m[38;2;213;214;217m▄[48;2;204;199;196m[38;2;212;213;214m▄[48;2;211;215;216m[38;2;212;211;211m▄[48;2;209;203;204m[38;2;212;214;214m▄[48;2;170;99;117m[38;2;211;214;213m▄[48;2;162;53;79m[38;2;187;153;162m▄[48;2;212;120;136m[38;2;198;159;167m▄[48;2;241;208;208m[38;2;213;174;180m▄[48;2;233;201;203m[38;2;212;170;177m▄[48;2;233;195;198m[38;2;211;172;178m▄[48;2;239;209;210m[38;2;218;175;183m▄[48;2;227;189;193m[38;2;189;104;123m▄[48;2;159;60;84m[38;2;182;73;99m▄[48;2;159;75;95m[38;2;189;91;114m▄[48;2;173;124;135m[38;2;187;86;110m▄[48;2;166;103;118m[38;2;196;94;117m▄[48;2;181;83;105m[38;2;199;97;118m▄[48;2;193;89;112m[38;2;158;55;82m▄[48;2;174;136;147m[38;2;187;175;179m▄[48;2;204;206;197m[38;2;205;208;209m▄[48;2;201;194;191m[38;2;209;209;211m▄[48;2;199;192;184m[38;2;207;209;212m▄[48;2;199;187;171m[38;2;207;208;212m▄[48;2;201;190;176m[38;2;207;208;210m▄[48;2;204;201;198m[38;2;207;208;208m▄[48;2;206;207;208m[38;2;208;208;208m▄[48;2;208;208;208m[38;2;209;209;209m▄[48;2;207;207;207m[38;2;209;209;209m▄[48;2;206;206;206m[38;2;208;208;208m▄[48;2;207;207;207m[38;2;208;208;208m▄[48;2;207;207;207m[38;2;208;207;208m▄[48;2;206;206;206m[38;2;208;207;208m▄[48;2;205;205;205m[38;2;208;208;207m▄[48;2;204;204;204m[38;2;207;207;207m▄[48;2;204;204;204m[38;2;206;206;206m▄[48;2;203;203;203m[38;2;206;206;206m▄[48;2;202;202;202m[38;2;205;205;205m▄[48;2;202;202;203m[38;2;205;205;205m▄[48;2;203;203;203m[38;2;204;204;204m▄[48;2;202;202;202m[38;2;203;203;203m▄[48;2;201;201;202m[38;2;203;203;203m▄[48;2;202;201;202m[38;2;203;203;203m▄[48;2;202;202;201m[38;2;203;203;203m▄[48;2;201;201;201m[38;2;203;203;203m▄[0m
[48;2;215;215;215m[38;2;216;216;216m▄[48;2;215;215;215m[38;2;217;217;217m▄[48;2;215;215;215m[38;2;217;217;217m▄[48;2;216;216;216m[38;2;217;217;217m▄[48;2;216;216;216m[38;2;217;217;217m▄[48;2;216;216;216m[38;2;218;218;218m▄[48;2;216;216;216m[38;2;217;217;217m▄[48;2;216;216;216m[38;2;218;218;218m▄[48;2;216;216;216m[38;2;218;218;218m▄[48;2;216;216;216m[38;2;218;218;218m▄[48;2;216;216;216m[38;2;217;217;217m▄[48;2;217;217;217m[38;2;218;218;218m▄[48;2;216;216;216m[38;2;218;218;218m▄[48;2;216;216;216m[38;2;218;218;218m▄[48;2;216;216;216m[38;2;218;218;218m▄[48;2;217;217;217m[38;2;217;217;217m▄[48;2;216;216;217m[38;2;217;217;217m▄[48;2;216;216;216m[38;2;216;216;216m▄[48;2;217;216;216m[38;2;215;215;215m▄[48;2;217;216;216m[38;2;214;214;214m▄[48;2;217;217;216m[38;2;213;213;213m▄[48;2;217;217;216m[38;2;212;212;213m▄[48;2;217;217;217m[38;2;212;212;212m▄[48;2;216;215;215m[38;2;211;211;211m▄[48;2;211;210;210m[38;2;210;209;209m▄[48;2;205;210;209m[38;2;207;206;206m▄[48;2;194;196;196m[38;2;204;203;203m▄[48;2;187;182;184m[38;2;199;198;198m▄[48;2;183;178;179m[38;2;197;192;193m▄[48;2;180;178;179m[38;2;196;190;193m▄[48;2;188;178;180m[38;2;194;189;192m▄[48;2;175;127;140m[38;2;195;196;196m▄[48;2;161;89;108m[38;2;193;193;193m▄[48;2;163;75;98m[38;2;187;179;181m▄[48;2;166;71;95m[38;2;187;172;176m▄[48;2;161;67;91m[38;2;190;179;181m▄[48;2;158;78;100m[38;2;192;193;192m▄[48;2;181;154;160m[38;2;189;193;192m▄[48;2;188;191;191m[38;2;198;197;198m▄[48;2;202;201;201m[38;2;205;205;206m▄[48;2;209;209;209m[38;2;207;208;208m▄[48;2;210;210;210m[38;2;210;210;210m▄[48;2;210;210;209m[38;2;211;211;211m▄[48;2;210;210;209m[38;2;210;210;210m▄[48;2;210;209;210m[38;2;210;210;210m▄[48;2;210;210;210m[38;2;210;210;210m▄[48;2;210;210;210m[38;2;210;210;210m▄[48;2;210;210;210m[38;2;210;210;210m▄[48;2;210;210;210m[38;2;210;210;210m▄[48;2;210;210;210m[38;2;211;211;211m▄[48;2;209;209;210m[38;2;210;210;210m▄[48;2;209;209;210m[38;2;210;210;210m▄[48;2;209;209;209m[38;2;210;210;210m▄[48;2;208;208;209m[38;2;210;210;210m▄[48;2;208;208;208m[38;2;210;210;210m▄[48;2;208;208;208m[38;2;210;210;210m▄[48;2;207;208;207m[38;2;209;209;210m▄[48;2;207;207;207m[38;2;209;209;209m▄[48;2;211;211;211m[38;2;216;216;216m▄[48;2;213;213;213m[38;2;220;220;220m▄[48;2;206;206;206m[38;2;208;208;208m▄[48;2;206;206;206m[38;2;208;208;208m▄[48;2;206;206;206m[38;2;208;208;208m▄[48;2;205;205;205m[38;2;208;208;208m▄[0m
[48;2;219;219;219m[38;2;223;223;223m▄[48;2;220;220;220m[38;2;223;223;223m▄[48;2;221;221;221m[38;2;224;224;224m▄[48;2;221;221;221m[38;2;224;224;224m▄[48;2;221;221;221m[38;2;224;224;224m▄[48;2;221;221;221m[38;2;224;224;224m▄[48;2;221;221;221m[38;2;224;224;224m▄[48;2;221;221;221m[38;2;224;224;224m▄[48;2;222;222;222m[38;2;224;224;224m▄[48;2;222;222;222m[38;2;224;224;224m▄[48;2;222;222;222m[38;2;225;225;225m▄[48;2;222;222;222m[38;2;224;224;224m▄[48;2;222;222;222m[38;2;224;224;224m▄[48;2;222;222;222m[38;2;224;224;224m▄[48;2;222;222;222m[38;2;224;224;224m▄[48;2;219;219;219m[38;2;223;223;223m▄[48;2;214;214;214m[38;2;221;221;221m▄[48;2;208;208;208m[38;2;217;217;217m▄[48;2;201;201;201m[38;2;211;211;211m▄[48;2;195;195;195m[38;2;206;206;206m▄[48;2;192;192;191m[38;2;204;204;204m▄[48;2;190;190;190m[38;2;203;203;203m▄[48;2;189;189;189m[38;2;201;201;201m▄[48;2;189;188;190m[38;2;197;197;197m▄[48;2;189;189;189m[38;2;191;191;191m▄[48;2;192;192;192m[38;2;187;187;187m▄[48;2;196;196;196m[38;2;185;185;185m▄[48;2;198;199;199m[38;2;185;184;184m▄[48;2;199;199;200m[38;2;185;186;186m▄[48;2;199;199;199m[38;2;187;187;187m▄[48;2;198;198;198m[38;2;188;188;188m▄[48;2;196;194;194m[38;2;186;186;186m▄[48;2;193;192;194m[38;2;185;185;186m▄[48;2;193;194;196m[38;2;185;184;186m▄[48;2;192;195;195m[38;2;185;184;184m▄[48;2;190;192;193m[38;2;185;184;184m▄[48;2;190;190;190m[38;2;184;185;184m▄[48;2;190;189;189m[38;2;186;186;186m▄[48;2;187;187;187m[38;2;190;190;190m▄[48;2;186;186;186m[38;2;195;194;195m▄[48;2;187;187;187m[38;2;196;196;196m▄[48;2;190;190;190m[38;2;195;195;195m▄[48;2;192;192;192m[38;2;195;195;195m▄[48;2;192;192;192m[38;2;196;196;196m▄[48;2;195;195;196m[38;2;199;199;200m▄[48;2;202;201;202m[38;2;204;204;204m▄[48;2;207;207;208m[38;2;210;210;210m▄[48;2;211;210;211m[38;2;213;213;213m▄[48;2;213;213;213m[38;2;216;215;216m▄[48;2;213;213;213m[38;2;215;215;215m▄[48;2;213;213;213m[38;2;215;215;215m▄[48;2;213;213;213m[38;2;215;215;215m▄[48;2;212;212;212m[38;2;215;215;215m▄[48;2;212;212;212m[38;2;214;214;214m▄[48;2;211;211;211m[38;2;214;214;214m▄[48;2;210;210;210m[38;2;213;213;213m▄[48;2;210;210;210m[38;2;212;212;212m▄[48;2;210;210;210m[38;2;212;212;212m▄[48;2;210;210;210m[38;2;211;211;211m▄[48;2;211;211;211m[38;2;210;210;210m▄[48;2;209;209;209m[38;2;210;210;210m▄[48;2;210;210;210m[38;2;210;210;210m▄[48;2;209;209;209m[38;2;210;210;210m▄[48;2;209;209;209m[38;2;210;210;210m▄[0m
[48;2;225;225;225m[38;2;228;228;228m▄[48;2;225;225;225m[38;2;227;227;227m▄[48;2;225;225;225m[38;2;227;227;227m▄[48;2;226;226;226m[38;2;228;228;228m▄[48;2;226;226;226m[38;2;228;228;228m▄[48;2;225;225;225m[38;2;228;228;228m▄[48;2;225;225;225m[38;2;228;228;228m▄[48;2;225;225;225m[38;2;227;227;227m▄[48;2;226;226;226m[38;2;228;228;228m▄[48;2;226;226;226m[38;2;228;228;228m▄[48;2;227;227;227m[38;2;228;228;228m▄[48;2;226;226;226m[38;2;228;228;228m▄[48;2;226;226;226m[38;2;228;228;228m▄[48;2;226;226;226m[38;2;228;228;228m▄[48;2;225;225;225m[38;2;227;227;227m▄[48;2;225;225;225m[38;2;227;227;227m▄[48;2;225;225;225m[38;2;227;227;227m▄[48;2;225;225;225m[38;2;226;226;226m▄[48;2;225;225;225m[38;2;227;227;227m▄[48;2;225;225;225m[38;2;228;227;228m▄[48;2;226;226;226m[38;2;227;227;227m▄[48;2;225;225;225m[38;2;227;227;227m▄[48;2;225;225;225m[38;2;227;227;227m▄[48;2;223;223;223m[38;2;228;228;228m▄[48;2;219;219;219m[38;2;228;228;228m▄[48;2;217;217;217m[38;2;227;227;227m▄[48;2;214;214;214m[38;2;228;228;228m▄[48;2;213;213;213m[38;2;228;228;228m▄[48;2;212;212;212m[38;2;227;227;227m▄[48;2;211;211;211m[38;2;226;226;226m▄[48;2;210;210;210m[38;2;226;226;226m▄[48;2;207;207;207m[38;2;226;226;226m▄[48;2;204;204;204m[38;2;225;225;225m▄[48;2;202;203;202m[38;2;225;225;225m▄[48;2;201;201;201m[38;2;225;225;225m▄[48;2;202;202;202m[38;2;224;224;224m▄[48;2;203;203;203m[38;2;224;224;224m▄[48;2;206;206;206m[38;2;224;224;224m▄[48;2;212;212;212m[38;2;223;223;223m▄[48;2;216;216;217m[38;2;222;222;222m▄[48;2;219;219;219m[38;2;222;222;222m▄[48;2;219;219;219m[38;2;221;221;221m▄[48;2;219;219;219m[38;2;221;221;221m▄[48;2;218;218;218m[38;2;219;219;219m▄[48;2;218;218;217m[38;2;218;218;218m▄[48;2;217;217;217m[38;2;217;217;217m▄[48;2;217;217;217m[38;2;217;217;217m▄[48;2;216;216;216m[38;2;217;217;217m▄[48;2;216;216;216m[38;2;216;216;216m▄[48;2;216;216;216m[38;2;216;216;216m▄[48;2;215;215;215m[38;2;216;216;216m▄[48;2;216;216;216m[38;2;216;216;216m▄[48;2;215;215;215m[38;2;216;216;216m▄[48;2;215;215;215m[38;2;216;216;216m▄[48;2;215;215;215m[38;2;215;215;215m▄[48;2;215;215;215m[38;2;215;215;215m▄[48;2;215;215;215m[38;2;215;215;215m▄[48;2;215;215;215m[38;2;215;215;215m▄[48;2;215;214;215m[38;2;215;215;215m▄[48;2;213;213;213m[38;2;215;215;215m▄[48;2;212;212;213m[38;2;214;214;214m▄[48;2;212;212;212m[38;2;214;214;214m▄[48;2;211;211;211m[38;2;214;214;214m▄[48;2;210;210;210m[38;2;214;214;214m▄[0m
