[48;2;219;219;219m[38;2;218;218;218m▄[48;2;220;220;220m[38;2;220;220;220m▄[48;2;222;222;222m[38;2;222;222;222m▄[48;2;222;222;222m[38;2;222;222;222m▄[48;2;223;223;223m[38;2;222;222;222m▄[48;2;223;223;223m[38;2;223;223;223m▄[48;2;224;224;224m[38;2;223;223;223m▄[48;2;225;225;225m[38;2;223;223;223m▄[48;2;225;225;225m[38;2;225;225;225m▄[48;2;225;225;225m[38;2;225;225;225m▄[48;2;225;225;225m[38;2;225;225;225m▄[48;2;225;225;225m[38;2;224;224;224m▄[48;2;227;227;227m[38;2;225;225;225m▄[48;2;228;228;228m[38;2;226;226;226m▄[48;2;228;228;228m[38;2;227;227;227m▄[48;2;228;228;228m[38;2;228;228;228m▄[48;2;227;227;227m[38;2;226;226;226m▄[48;2;227;227;227m[38;2;226;226;226m▄[48;2;227;227;227m[38;2;226;226;226m▄[48;2;227;227;227m[38;2;226;226;226m▄[48;2;227;227;227m[38;2;227;227;227m▄[48;2;227;227;227m[38;2;227;227;227m▄[48;2;227;227;227m[38;2;226;226;226m▄[48;2;227;227;227m[38;2;226;226;226m▄[48;2;227;227;227m[38;2;228;228;228m▄[48;2;227;227;227m[38;2;227;227;227m▄[48;2;228;228;228m[38;2;226;226;226m▄[48;2;227;227;227m[38;2;226;226;226m▄[48;2;226;226;226m[38;2;225;225;225m▄[48;2;224;224;224m[38;2;224;224;224m▄[48;2;225;225;225m[38;2;224;224;224m▄[48;2;225;225;225m[38;2;224;224;224m▄[48;2;225;225;225m[38;2;224;224;224m▄[48;2;224;224;224m[38;2;223;223;223m▄[48;2;224;224;224m[38;2;223;223;223m▄[48;2;223;223;223m[38;2;223;223;223m▄[48;2;223;223;223m[38;2;223;223;223m▄[48;2;222;222;222m[38;2;222;222;222m▄[48;2;221;221;221m[38;2;221;221;221m▄[48;2;221;221;221m[38;2;220;220;220m▄[48;2;220;220;220m[38;2;220;220;220m▄[48;2;218;218;218m[38;2;219;219;219m▄[48;2;217;217;217m[38;2;217;217;217m▄[48;2;217;217;217m[38;2;216;216;216m▄[48;2;216;216;216m[38;2;216;216;216m▄[48;2;216;216;216m[38;2;216;216;216m▄[48;2;217;217;217m[38;2;216;216;216m▄[48;2;216;216;216m[38;2;216;216;216m▄[48;2;215;215;215m[38;2;215;215;215m▄[48;2;215;215;215m[38;2;215;215;215m▄[48;2;214;214;214m[38;2;214;214;214m▄[48;2;213;213;213m[38;2;213;213;213m▄[48;2;213;213;213m[38;2;213;213;213m▄[48;2;211;211;212m[38;2;211;211;211m▄[48;2;211;211;211m[38;2;211;211;211m▄[48;2;212;212;212m[38;2;211;211;211m▄[48;2;210;210;210m[38;2;211;211;211m▄[48;2;210;210;210m[38;2;210;210;210m▄[48;2;209;209;209m[38;2;209;209;209m▄[48;2;209;209;209m[38;2;208;208;208m▄[48;2;208;208;208m[38;2;208;208;208m▄[48;2;208;208;208m[38;2;207;207;207m▄[48;2;207;207;207m[38;2;207;207;207m▄[48;2;206;206;208m[38;2;206;206;206m▄[0m
[48;2;218;218;218m[38;2;218;218;218m▄[48;2;219;219;219m[38;2;217;217;217m▄[48;2;221;221;221m[38;2;220;220;220m▄[48;2;222;222;222m[38;2;222;222;222m▄[48;2;222;222;222m[38;2;222;222;222m▄[48;2;223;223;223m[38;2;223;223;223m▄[48;2;223;223;223m[38;2;223;223;223m▄[48;2;223;223;223m[38;2;223;223;223m▄[48;2;224;224;224m[38;2;223;223;223m▄[48;2;224;224;224m[38;2;224;224;224m▄[48;2;225;225;225m[38;2;224;224;224m▄[48;2;224;224;224m[38;2;224;224;224m▄[48;2;224;224;224m[38;2;224;224;224m▄[48;2;224;224;224m[38;2;224;224;224m▄[48;2;226;226;226m[38;2;224;224;224m▄[48;2;227;227;227m[38;2;224;224;224m▄[48;2;226;226;226m[38;2;225;225;225m▄[48;2;227;227;227m[38;2;226;226;226m▄[48;2;226;226;226m[38;2;226;226;226m▄[48;2;226;226;226m[38;2;227;227;227m▄[48;2;226;226;226m[38;2;226;226;226m▄[48;2;227;227;227m[38;2;226;226;226m▄[48;2;227;227;227m[38;2;227;227;227m▄[48;2;227;227;227m[38;2;225;225;225m▄[48;2;227;227;227m[38;2;224;224;224m▄[48;2;225;225;225m[38;2;224;224;224m▄[48;2;224;224;224m[38;2;225;225;225m▄[48;2;226;226;226m[38;2;226;225;226m▄[48;2;223;224;223m[38;2;231;228;232m▄[48;2;223;224;223m[38;2;231;227;232m▄[48;2;224;224;223m[38;2;232;229;232m▄[48;2;224;224;224m[38;2;224;224;223m▄[48;2;223;223;223m[38;2;223;223;223m▄[48;2;224;224;224m[38;2;222;223;222m▄[48;2;223;223;223m[38;2;228;226;229m▄[48;2;222;222;221m[38;2;231;227;233m▄[48;2;223;223;223m[38;2;225;224;225m▄[48;2;222;222;222m[38;2;222;222;222m▄[48;2;222;222;222m[38;2;222;222;222m▄[48;2;222;222;222m[38;2;221;221;221m▄[48;2;220;220;220m[38;2;220;220;220m▄[48;2;218;218;218m[38;2;218;218;218m▄[48;2;217;217;217m[38;2;217;217;217m▄[48;2;216;216;216m[38;2;216;216;216m▄[48;2;216;216;216m[38;2;216;216;216m▄[48;2;216;216;216m[38;2;216;216;217m▄[48;2;216;216;216m[38;2;216;215;216m▄[48;2;216;216;216m[38;2;215;215;215m▄[48;2;215;215;215m[38;2;215;215;215m▄[48;2;215;215;215m[38;2;214;214;214m▄[48;2;214;214;214m[38;2;214;214;214m▄[48;2;213;213;214m[38;2;213;213;213m▄[48;2;213;213;213m[38;2;213;213;213m▄[48;2;212;212;212m[38;2;213;213;212m▄[48;2;210;210;210m[38;2;210;210;210m▄[48;2;210;210;210m[38;2;210;210;210m▄[48;2;210;210;210m[38;2;210;210;211m▄[48;2;210;210;210m[38;2;209;209;210m▄[48;2;209;209;209m[38;2;209;209;209m▄[48;2;208;208;208m[38;2;209;209;209m▄[48;2;208;208;208m[38;2;208;208;208m▄[48;2;208;208;208m[38;2;208;208;208m▄[48;2;207;207;207m[38;2;207;207;207m▄[48;2;206;206;206m[38;2;206;206;206m▄[0m
[48;2;218;218;218m[38;2;217;217;217m▄[48;2;218;218;218m[38;2;219;219;219m▄[48;2;220;220;220m[38;2;220;220;220m▄[48;2;221;221;221m[38;2;221;221;221m▄[48;2;222;222;222m[38;2;221;221;221m▄[48;2;223;223;223m[38;2;222;222;222m▄[48;2;223;223;223m[38;2;223;223;223m▄[48;2;223;223;223m[38;2;223;223;223m▄[48;2;223;223;223m[38;2;223;223;223m▄[48;2;224;224;224m[38;2;224;224;224m▄[48;2;224;224;224m[38;2;224;224;224m▄[48;2;225;225;225m[38;2;225;225;225m▄[48;2;225;225;225m[38;2;225;225;225m▄[48;2;225;225;225m[38;2;224;224;224m▄[48;2;225;225;225m[38;2;225;225;225m▄[48;2;225;225;225m[38;2;225;225;225m▄[48;2;224;224;224m[38;2;224;224;224m▄[48;2;225;225;225m[38;2;225;225;225m▄[48;2;224;224;224m[38;2;225;225;225m▄[48;2;224;224;224m[38;2;224;224;224m▄[48;2;226;226;226m[38;2;224;224;224m▄[48;2;225;225;225m[38;2;225;225;225m▄[48;2;224;224;224m[38;2;224;224;224m▄[48;2;224;224;224m[38;2;225;225;225m▄[48;2;225;225;225m[38;2;225;225;225m▄[48;2;225;225;225m[38;2;224;224;224m▄[48;2;225;225;225m[38;2;226;226;226m▄[48;2;224;224;225m[38;2;220;222;222m▄[48;2;161;190;154m[38;2;139;183;119m▄[48;2;161;192;153m[38;2;153;197;99m▄[48;2;189;204;188m[38;2;135;181;93m▄[48;2;226;225;228m[38;2;148;181;137m▄[48;2;223;224;223m[38;2;230;226;231m▄[48;2;231;227;231m[38;2;198;208;199m▄[48;2;189;204;187m[38;2;120;172;88m▄[48;2;147;184;136m[38;2;110;166;80m▄[48;2;215;218;215m[38;2;199;207;200m▄[48;2;224;223;224m[38;2;222;222;222m▄[48;2;221;221;221m[38;2;220;221;220m▄[48;2;220;220;220m[38;2;220;220;220m▄[48;2;219;219;219m[38;2;218;218;218m▄[48;2;218;218;218m[38;2;217;217;217m▄[48;2;217;217;217m[38;2;216;216;216m▄[48;2;216;216;216m[38;2;216;216;216m▄[48;2;216;216;216m[38;2;216;216;216m▄[48;2;216;216;216m[38;2;216;216;216m▄[48;2;215;215;215m[38;2;215;215;215m▄[48;2;215;215;215m[38;2;215;215;215m▄[48;2;215;215;215m[38;2;215;215;215m▄[48;2;214;215;214m[38;2;214;214;214m▄[48;2;214;213;215m[38;2;214;214;214m▄[48;2;213;213;214m[38;2;213;213;213m▄[48;2;213;213;213m[38;2;213;213;213m▄[48;2;212;212;212m[38;2;211;211;211m▄[48;2;211;211;211m[38;2;211;211;211m▄[48;2;210;210;210m[38;2;210;210;210m▄[48;2;210;210;210m[38;2;210;210;210m▄[48;2;210;210;210m[38;2;210;210;210m▄[48;2;209;209;209m[38;2;208;209;208m▄[48;2;209;209;209m[38;2;209;209;209m▄[48;2;208;208;208m[38;2;209;209;209m▄[48;2;207;207;207m[38;2;208;208;208m▄[48;2;207;207;207m[38;2;207;207;207m▄[48;2;206;206;206m[38;2;206;206;206m▄[0m
[48;2;217;217;217m[38;2;217;217;217m▄[48;2;217;218;217m[38;2;217;218;217m▄[48;2;218;218;218m[38;2;217;217;217m▄[48;2;221;221;221m[38;2;219;219;219m▄[48;2;221;221;221m[38;2;221;221;221m▄[48;2;221;221;221m[38;2;221;221;221m▄[48;2;223;223;223m[38;2;223;223;223m▄[48;2;223;223;223m[38;2;223;223;223m▄[48;2;223;223;223m[38;2;223;223;223m▄[48;2;224;224;224m[38;2;223;223;223m▄[48;2;224;224;224m[38;2;223;223;223m▄[48;2;224;224;224m[38;2;224;224;224m▄[48;2;224;224;224m[38;2;224;224;224m▄[48;2;225;225;225m[38;2;224;224;224m▄[48;2;225;225;225m[38;2;224;224;224m▄[48;2;224;224;224m[38;2;224;224;224m▄[48;2;224;224;224m[38;2;224;224;224m▄[48;2;224;224;224m[38;2;224;224;224m▄[48;2;224;224;224m[38;2;225;225;225m▄[48;2;224;224;224m[38;2;224;224;224m▄[48;2;224;224;224m[38;2;224;224;224m▄[48;2;224;224;224m[38;2;224;224;224m▄[48;2;225;225;225m[38;2;224;224;224m▄[48;2;225;225;225m[38;2;225;225;225m▄[48;2;224;224;224m[38;2;224;224;224m▄[48;2;225;225;225m[38;2;224;224;224m▄[48;2;223;224;223m[38;2;224;224;223m▄[48;2;231;228;232m[38;2;230;227;229m▄[48;2;153;185;144m[38;2;202;214;207m▄[48;2;142;188;82m[38;2;123;178;98m▄[48;2;142;186;85m[38;2;125;180;73m▄[48;2;124;176;72m[38;2;114;167;73m▄[48;2;165;189;161m[38;2;107;162;80m▄[48;2;137;175;121m[38;2;102;153;89m▄[48;2;128;169;106m[38;2;160;183;157m▄[48;2;203;204;207m[38;2;158;184;146m▄[48;2;218;214;220m[38;2;155;183;145m▄[48;2;224;221;224m[38;2;178;196;179m▄[48;2;220;220;220m[38;2;222;221;225m▄[48;2;219;219;219m[38;2;222;221;222m▄[48;2;218;218;218m[38;2;216;217;216m▄[48;2;217;217;217m[38;2;217;217;217m▄[48;2;217;217;217m[38;2;217;217;217m▄[48;2;216;216;216m[38;2;217;217;217m▄[48;2;217;217;217m[38;2;217;217;217m▄[48;2;216;216;216m[38;2;216;216;216m▄[48;2;215;215;215m[38;2;215;215;215m▄[48;2;215;215;215m[38;2;215;215;215m▄[48;2;215;215;215m[38;2;214;214;214m▄[48;2;214;214;214m[38;2;214;214;213m▄[48;2;214;213;214m[38;2;213;213;214m▄[48;2;212;212;213m[38;2;212;212;213m▄[48;2;213;213;213m[38;2;212;212;212m▄[48;2;211;211;211m[38;2;211;211;211m▄[48;2;210;210;210m[38;2;211;211;211m▄[48;2;210;210;210m[38;2;211;211;211m▄[48;2;210;210;210m[38;2;211;211;211m▄[48;2;210;210;210m[38;2;209;209;209m▄[48;2;209;209;209m[38;2;208;208;208m▄[48;2;209;209;209m[38;2;209;209;209m▄[48;2;208;208;208m[38;2;208;208;208m▄[48;2;208;208;208m[38;2;208;208;208m▄[48;2;207;207;207m[38;2;206;206;206m▄[48;2;205;205;205m[38;2;205;205;205m▄[0m
[48;2;216;216;216m[38;2;216;216;216m▄[48;2;216;216;216m[38;2;217;217;217m▄[48;2;217;217;217m[38;2;217;217;217m▄[48;2;218;218;218m[38;2;218;218;218m▄[48;2;220;220;220m[38;2;218;218;218m▄[48;2;221;221;221m[38;2;220;220;220m▄[48;2;222;222;222m[38;2;221;221;221m▄[48;2;223;222;223m[38;2;222;222;222m▄[48;2;223;223;223m[38;2;223;223;223m▄[48;2;223;223;223m[38;2;222;222;222m▄[48;2;223;223;223m[38;2;223;223;223m▄[48;2;223;223;223m[38;2;223;223;223m▄[48;2;224;224;224m[38;2;223;223;223m▄[48;2;224;224;224m[38;2;223;223;223m▄[48;2;224;224;224m[38;2;224;224;224m▄[48;2;224;224;224m[38;2;224;224;224m▄[48;2;224;224;224m[38;2;224;224;223m▄[48;2;225;225;225m[38;2;224;224;224m▄[48;2;225;225;225m[38;2;224;224;224m▄[48;2;225;224;225m[38;2;224;224;224m▄[48;2;224;224;224m[38;2;225;225;225m▄[48;2;225;225;225m[38;2;224;224;224m▄[48;2;225;225;225m[38;2;224;224;224m▄[48;2;224;224;224m[38;2;223;223;223m▄[48;2;224;224;224m[38;2;223;223;223m▄[48;2;224;224;224m[38;2;224;223;223m▄[48;2;224;224;224m[38;2;224;225;225m▄[48;2;223;229;227m[38;2;219;170;177m▄[48;2;227;210;215m[38;2;227;139;148m▄[48;2;188;173;168m[38;2;237;141;154m▄[48;2;125;160;99m[38;2;229;136;153m▄[48;2;99;166;83m[38;2;195;136;141m▄[48;2;70;141;57m[38;2;183;146;134m▄[48;2;82;148;74m[38;2;106;146;79m▄[48;2;111;168;86m[38;2;90;164;66m▄[48;2;126;179;82m[38;2;116;176;73m▄[48;2;142;188;92m[38;2;131;186;76m▄[48;2;143;187;101m[38;2;129;181;70m▄[48;2;137;176;121m[38;2;120;166;98m▄[48;2;208;213;210m[38;2;200;205;202m▄[48;2;220;219;220m[38;2;219;218;219m▄[48;2;216;216;216m[38;2;215;216;215m▄[48;2;216;216;216m[38;2;216;216;216m▄[48;2;217;217;217m[38;2;216;216;216m▄[48;2;216;216;216m[38;2;216;216;216m▄[48;2;216;216;216m[38;2;216;216;216m▄[48;2;215;215;215m[38;2;215;215;215m▄[48;2;215;215;215m[38;2;214;214;214m▄[48;2;214;214;214m[38;2;214;214;214m▄[48;2;214;214;214m[38;2;213;213;213m▄[48;2;213;214;213m[38;2;213;213;213m▄[48;2;212;212;212m[38;2;212;212;212m▄[48;2;211;211;211m[38;2;212;212;212m▄[48;2;211;211;211m[38;2;211;211;211m▄[48;2;211;211;211m[38;2;211;211;211m▄[48;2;211;211;211m[38;2;211;211;211m▄[48;2;210;210;210m[38;2;210;210;210m▄[48;2;209;209;209m[38;2;209;209;209m▄[48;2;209;209;209m[38;2;209;209;209m▄[48;2;208;208;208m[38;2;208;208;208m▄[48;2;207;207;207m[38;2;208;207;208m▄[48;2;207;207;207m[38;2;207;207;207m▄[48;2;206;206;206m[38;2;207;207;207m▄[48;2;205;205;206m[38;2;206;205;207m▄[0m
[48;2;216;216;216m[38;2;216;216;216m▄[48;2;216;216;216m[38;2;216;216;216m▄[48;2;216;216;216m[38;2;216;216;216m▄[48;2;217;217;217m[38;2;217;217;217m▄[48;2;218;218;218m[38;2;218;218;218m▄[48;2;219;219;219m[38;2;218;218;218m▄[48;2;220;220;221m[38;2;219;219;219m▄[48;2;221;221;221m[38;2;220;220;221m▄[48;2;221;221;221m[38;2;220;220;221m▄[48;2;222;222;222m[38;2;221;221;222m▄[48;2;223;223;223m[38;2;222;222;222m▄[48;2;223;223;223m[38;2;222;222;222m▄[48;2;223;223;223m[38;2;222;222;222m▄[48;2;223;223;223m[38;2;223;223;223m▄[48;2;224;224;224m[38;2;222;222;223m▄[48;2;224;224;224m[38;2;223;223;223m▄[48;2;224;224;224m[38;2;223;223;223m▄[48;2;224;224;224m[38;2;223;223;223m▄[48;2;224;224;224m[38;2;223;223;223m▄[48;2;223;223;223m[38;2;223;223;223m▄[48;2;224;224;224m[38;2;223;223;223m▄[48;2;224;224;224m[38;2;224;224;224m▄[48;2;224;224;224m[38;2;223;223;223m▄[48;2;224;224;224m[38;2;223;223;223m▄[48;2;223;222;222m[38;2;223;221;222m▄[48;2;225;229;229m[38;2;224;234;232m▄[48;2;219;190;195m[38;2;209;147;157m▄[48;2;229;130;142m[38;2;222;123;135m▄[48;2;237;140;151m[38;2;225;134;145m▄[48;2;237;141;152m[38;2;218;115;129m▄[48;2;228;128;140m[38;2;218;127;138m▄[48;2;235;145;157m[38;2;242;168;174m▄[48;2;253;165;178m[38;2;236;153;162m▄[48;2;219;127;138m[38;2;231;138;148m▄[48;2;171;147;121m[38;2;240;138;154m▄[48;2;150;157;105m[38;2;250;154;170m▄[48;2;137;156;102m[38;2;217;141;156m▄[48;2;149;177;147m[38;2;204;203;209m▄[48;2;196;195;198m[38;2;207;207;207m▄[48;2;209;207;209m[38;2;212;212;212m▄[48;2;214;215;214m[38;2;216;216;216m▄[48;2;217;217;217m[38;2;216;216;216m▄[48;2;217;217;216m[38;2;217;217;218m▄[48;2;216;216;216m[38;2;216;216;216m▄[48;2;216;216;216m[38;2;215;215;214m▄[48;2;216;216;216m[38;2;215;215;215m▄[48;2;215;215;215m[38;2;214;214;214m▄[48;2;214;214;214m[38;2;214;214;214m▄[48;2;215;215;215m[38;2;214;214;214m▄[48;2;214;214;214m[38;2;213;213;213m▄[48;2;213;213;213m[38;2;212;212;213m▄[48;2;212;212;212m[38;2;212;211;212m▄[48;2;211;211;211m[38;2;211;211;211m▄[48;2;211;211;211m[38;2;211;211;211m▄[48;2;211;211;211m[38;2;211;211;211m▄[48;2;211;212;211m[38;2;210;210;211m▄[48;2;209;209;210m[38;2;209;209;209m▄[48;2;208;208;209m[38;2;208;208;208m▄[48;2;208;208;208m[38;2;209;209;209m▄[48;2;208;208;209m[38;2;208;208;208m▄[48;2;208;208;208m[38;2;207;207;208m▄[48;2;208;208;208m[38;2;207;207;207m▄[48;2;208;208;208m[38;2;207;207;207m▄[48;2;207;207;207m[38;2;206;206;206m▄[0m
[48;2;216;216;216m[38;2;216;216;216m▄[48;2;216;216;216m[38;2;216;216;216m▄[48;2;216;216;216m[38;2;216;216;216m▄[48;2;216;216;216m[38;2;216;216;216m▄[48;2;217;217;217m[38;2;217;217;217m▄[48;2;217;217;217m[38;2;218;218;218m▄[48;2;217;217;217m[38;2;217;217;217m▄[48;2;218;218;218m[38;2;218;218;218m▄[48;2;219;219;219m[38;2;218;218;218m▄[48;2;220;220;220m[38;2;219;219;219m▄[48;2;221;221;221m[38;2;220;220;220m▄[48;2;221;221;221m[38;2;220;220;220m▄[48;2;221;221;221m[38;2;221;221;221m▄[48;2;221;221;221m[38;2;222;222;222m▄[48;2;221;221;221m[38;2;222;222;222m▄[48;2;222;222;222m[38;2;222;221;222m▄[48;2;223;223;223m[38;2;222;222;222m▄[48;2;223;223;223m[38;2;222;222;222m▄[48;2;223;223;223m[38;2;222;222;222m▄[48;2;223;223;223m[38;2;223;223;223m▄[48;2;223;223;223m[38;2;222;222;222m▄[48;2;223;223;223m[38;2;222;222;222m▄[48;2;222;222;222m[38;2;222;222;222m▄[48;2;222;221;221m[38;2;223;222;222m▄[48;2;225;230;229m[38;2;221;224;224m▄[48;2;213;183;188m[38;2;209;135;149m▄[48;2;219;125;138m[38;2;233;126;141m▄[48;2;233;133;148m[38;2;230;120;136m▄[48;2;233;130;144m[38;2;212;90;111m▄[48;2;220;136;149m[38;2;214;150;162m▄[48;2;221;163;170m[38;2;255;255;255m▄[48;2;225;131;143m[38;2;226;180;187m▄[48;2;242;160;169m[38;2;220;129;142m▄[48;2;231;145;153m[38;2;229;135;147m▄[48;2;225;130;141m[38;2;226;137;148m▄[48;2;240;167;173m[38;2;220;132;144m▄[48;2;209;103;118m[38;2;221;103;121m▄[48;2;202;150;158m[38;2;212;112;130m▄[48;2;216;223;222m[38;2;209;206;207m▄[48;2;217;215;216m[38;2;217;217;216m▄[48;2;216;217;218m[38;2;215;211;207m▄[48;2;216;217;218m[38;2;214;207;196m▄[48;2;216;215;213m[38;2;213;204;192m▄[48;2;216;216;215m[38;2;212;200;184m▄[48;2;216;217;220m[38;2;213;204;190m▄[48;2;215;214;214m[38;2;215;217;218m▄[48;2;215;215;215m[38;2;215;215;215m▄[48;2;214;214;214m[38;2;214;214;214m▄[48;2;213;214;213m[38;2;213;213;213m▄[48;2;213;213;213m[38;2;213;213;213m▄[48;2;212;212;212m[38;2;212;212;212m▄[48;2;211;211;211m[38;2;210;210;210m▄[48;2;211;211;211m[38;2;211;211;211m▄[48;2;211;211;211m[38;2;211;211;211m▄[48;2;211;211;211m[38;2;211;211;211m▄[48;2;209;210;210m[38;2;208;210;209m▄[48;2;209;209;209m[38;2;209;209;209m▄[48;2;209;209;209m[38;2;209;209;209m▄[48;2;209;209;209m[38;2;208;208;208m▄[48;2;208;207;208m[38;2;208;208;208m▄[48;2;207;207;207m[38;2;207;207;207m▄[48;2;207;207;207m[38;2;207;207;207m▄[48;2;206;206;206m[38;2;206;206;206m▄[48;2;205;205;205m[38;2;205;205;205m▄[0m
[48;2;215;215;215m[38;2;215;215;215m▄[48;2;216;216;216m[38;2;215;215;215m▄[48;2;217;217;217m[38;2;216;216;216m▄[48;2;216;216;216m[38;2;216;216;216m▄[48;2;216;216;216m[38;2;216;216;216m▄[48;2;216;216;216m[38;2;217;217;217m▄[48;2;217;217;217m[38;2;216;216;216m▄[48;2;217;217;217m[38;2;216;216;216m▄[48;2;217;217;217m[38;2;217;217;217m▄[48;2;218;218;218m[38;2;218;218;218m▄[48;2;218;218;218m[38;2;218;218;218m▄[48;2;218;218;218m[38;2;218;218;218m▄[48;2;219;219;219m[38;2;218;218;218m▄[48;2;219;219;220m[38;2;219;219;219m▄[48;2;220;220;220m[38;2;220;220;220m▄[48;2;221;221;221m[38;2;220;220;220m▄[48;2;221;221;221m[38;2;220;220;220m▄[48;2;221;221;221m[38;2;220;220;220m▄[48;2;222;222;221m[38;2;220;220;220m▄[48;2;221;221;221m[38;2;220;220;220m▄[48;2;221;221;221m[38;2;220;220;220m▄[48;2;222;222;222m[38;2;221;221;221m▄[48;2;221;221;221m[38;2;221;220;220m▄[48;2;222;222;222m[38;2;220;218;219m▄[48;2;219;220;221m[38;2;223;230;229m▄[48;2;206;123;138m[38;2;203;145;156m▄[48;2;231;117;132m[38;2;205;85;106m▄[48;2;211;104;123m[38;2;220;114;131m▄[48;2;208;96;117m[38;2;217;97;117m▄[48;2;201;94;113m[38;2;220;110;126m▄[48;2;229;193;199m[38;2;213;104;121m▄[48;2;255;255;255m[38;2;215;156;168m▄[48;2;241;224;227m[38;2;251;252;253m▄[48;2;209;130;144m[38;2;222;168;178m▄[48;2;205;95;115m[38;2;222;103;119m▄[48;2;219;108;125m[38;2;234;128;141m▄[48;2;232;118;134m[38;2;227;108;124m▄[48;2;211;104;122m[38;2;196;117;130m▄[48;2;201;192;195m[38;2;200;204;204m▄[48;2;215;214;211m[38;2;215;213;215m▄[48;2;215;210;205m[38;2;216;217;218m▄[48;2;214;213;212m[38;2;215;215;215m▄[48;2;215;215;217m[38;2;214;213;212m▄[48;2;215;215;217m[38;2;215;215;218m▄[48;2;209;196;177m[38;2;213;212;210m▄[48;2;211;204;194m[38;2;207;193;174m▄[48;2;215;216;218m[38;2;215;216;219m▄[48;2;213;213;212m[38;2;213;212;212m▄[48;2;213;213;213m[38;2;212;212;212m▄[48;2;212;212;213m[38;2;212;212;212m▄[48;2;211;211;211m[38;2;211;211;211m▄[48;2;211;211;211m[38;2;211;211;211m▄[48;2;211;211;211m[38;2;211;211;211m▄[48;2;210;210;210m[38;2;211;210;212m▄[48;2;210;210;210m[38;2;209;209;210m▄[48;2;210;209;210m[38;2;207;208;209m▄[48;2;209;209;209m[38;2;208;209;209m▄[48;2;209;208;210m[38;2;209;208;209m▄[48;2;208;208;209m[38;2;208;208;208m▄[48;2;207;208;207m[38;2;207;207;207m▄[48;2;207;207;207m[38;2;207;207;207m▄[48;2;207;207;207m[38;2;207;207;207m▄[48;2;205;205;205m[38;2;204;204;204m▄[48;2;205;205;205m[38;2;204;204;204m▄[0m
[48;2;215;215;215m[38;2;215;215;215m▄[48;2;215;215;215m[38;2;215;215;215m▄[48;2;215;215;215m[38;2;216;216;216m▄[48;2;216;216;216m[38;2;216;216;216m▄[48;2;216;216;217m[38;2;216;215;217m▄[48;2;217;217;217m[38;2;216;216;217m▄[48;2;216;216;216m[38;2;217;216;217m▄[48;2;217;217;217m[38;2;217;217;217m▄[48;2;216;216;216m[38;2;216;216;216m▄[48;2;216;216;216m[38;2;216;216;216m▄[48;2;217;217;217m[38;2;216;216;216m▄[48;2;217;217;217m[38;2;217;217;217m▄[48;2;218;218;218m[38;2;217;217;217m▄[48;2;217;217;217m[38;2;217;217;217m▄[48;2;218;218;218m[38;2;217;217;217m▄[48;2;219;219;219m[38;2;217;217;217m▄[48;2;219;219;219m[38;2;218;218;218m▄[48;2;219;219;219m[38;2;219;218;219m▄[48;2;221;221;221m[38;2;220;220;220m▄[48;2;220;219;219m[38;2;220;226;226m▄[48;2;220;219;219m[38;2;218;224;223m▄[48;2;220;221;221m[38;2;219;217;217m▄[48;2;220;221;221m[38;2;218;211;212m▄[48;2;220;220;220m[38;2;218;214;214m▄[48;2;220;220;220m[38;2;217;221;221m▄[48;2;215;213;214m[38;2;221;234;231m▄[48;2;194;109;126m[38;2;201;153;164m▄[48;2;228;110;127m[38;2;219;95;114m▄[48;2;214;92;113m[38;2;222;106;123m▄[48;2;215;105;123m[38;2;207;95;115m▄[48;2;233;127;141m[38;2;232;127;140m▄[48;2;220;105;122m[38;2;230;121;136m▄[48;2;206;112;130m[38;2;201;79;101m▄[48;2;196;87;109m[38;2;209;85;108m▄[48;2;215;102;119m[38;2;209;91;112m▄[48;2;214;96;115m[38;2;209;75;100m▄[48;2;196;92;113m[38;2;188;114;130m▄[48;2;190;179;182m[38;2;197;211;208m▄[48;2;204;209;209m[38;2;210;200;200m▄[48;2;215;220;220m[38;2;217;187;188m▄[48;2;216;217;217m[38;2;215;212;211m▄[48;2;215;214;214m[38;2;218;220;222m▄[48;2;216;218;220m[38;2;207;199;187m▄[48;2;216;218;220m[38;2;199;180;156m▄[48;2;204;191;172m[38;2;207;195;182m▄[48;2;206;196;182m[38;2;212;212;211m▄[48;2;214;216;219m[38;2;208;205;200m▄[48;2;212;212;211m[38;2;213;213;214m▄[48;2;211;211;212m[38;2;211;211;211m▄[48;2;212;212;212m[38;2;211;211;211m▄[48;2;211;211;211m[38;2;211;211;211m▄[48;2;211;211;211m[38;2;211;211;211m▄[48;2;211;211;211m[38;2;211;211;211m▄[48;2;211;211;211m[38;2;210;210;210m▄[48;2;209;209;209m[38;2;208;207;208m▄[48;2;208;208;210m[38;2;208;208;209m▄[48;2;209;209;209m[38;2;208;208;209m▄[48;2;208;208;208m[38;2;208;208;208m▄[48;2;207;207;208m[38;2;207;207;207m▄[48;2;207;207;207m[38;2;206;206;206m▄[48;2;206;206;206m[38;2;206;206;206m▄[48;2;205;205;205m[38;2;206;206;206m▄[48;2;205;205;205m[38;2;204;204;204m▄[48;2;204;204;204m[38;2;203;203;203m▄[0m
[48;2;215;215;215m[38;2;214;214;214m▄[48;2;215;215;215m[38;2;215;215;215m▄[48;2;216;216;216m[38;2;215;215;215m▄[48;2;215;215;215m[38;2;215;215;215m▄[48;2;216;216;216m[38;2;216;216;217m▄[48;2;217;217;217m[38;2;216;216;216m▄[48;2;217;216;217m[38;2;216;216;216m▄[48;2;217;217;216m[38;2;216;216;217m▄[48;2;217;217;217m[38;2;216;216;216m▄[48;2;217;217;217m[38;2;217;217;217m▄[48;2;216;216;216m[38;2;217;217;217m▄[48;2;216;216;216m[38;2;216;216;216m▄[48;2;217;217;217m[38;2;217;217;217m▄[48;2;217;217;217m[38;2;217;217;217m▄[48;2;217;217;217m[38;2;216;216;216m▄[48;2;217;217;217m[38;2;217;216;216m▄[48;2;217;217;217m[38;2;218;222;221m▄[48;2;220;223;222m[38;2;218;205;207m▄[48;2;226;231;230m[38;2;233;194;198m▄[48;2;222;190;193m[38;2;241;203;204m▄[48;2;223;164;168m[38;2;226;148;156m▄[48;2;226;160;165m[38;2;221;134;144m▄[48;2;227;160;166m[38;2;220;127;137m▄[48;2;229;161;166m[38;2;225;139;149m▄[48;2;222;156;163m[38;2;241;176;184m▄[48;2;219;202;204m[38;2;221;135;145m▄[48;2;212;210;212m[38;2;217;210;210m▄[48;2;195;98;117m[38;2;207;203;206m▄[48;2;220;92;112m[38;2;192;130;144m▄[48;2;207;82;104m[38;2;193;107;127m▄[48;2;217;105;122m[38;2;188;123;136m▄[48;2;196;99;117m[38;2;216;145;151m▄[48;2;201;99;117m[38;2;222;149;155m▄[48;2;218;91;113m[38;2;194;118;133m▄[48;2;217;82;107m[38;2;187;112;130m▄[48;2;197;78;102m[38;2;188;168;174m▄[48;2;189;174;177m[38;2;198;208;207m▄[48;2;203;194;194m[38;2;212;144;153m▄[48;2;225;146;153m[38;2;239;170;179m▄[48;2;237;160;164m[38;2;224;158;167m▄[48;2;222;165;171m[38;2;218;143;150m▄[48;2;204;201;189m[38;2;202;199;189m▄[48;2;202;193;175m[38;2;217;175;180m▄[48;2;212;213;213m[38;2;224;145;152m▄[48;2;215;222;226m[38;2;214;183;185m▄[48;2;207;202;195m[38;2;206;204;197m▄[48;2;206;201;192m[38;2;209;207;206m▄[48;2;212;214;215m[38;2;211;211;211m▄[48;2;211;211;210m[38;2;211;211;211m▄[48;2;211;211;211m[38;2;211;211;211m▄[48;2;211;211;211m[38;2;211;211;211m▄[48;2;211;211;211m[38;2;210;210;210m▄[48;2;210;210;210m[38;2;209;208;210m▄[48;2;209;209;209m[38;2;209;208;209m▄[48;2;209;209;209m[38;2;208;208;209m▄[48;2;208;208;209m[38;2;208;208;208m▄[48;2;208;208;208m[38;2;208;208;208m▄[48;2;208;207;208m[38;2;207;207;208m▄[48;2;207;207;207m[38;2;207;207;207m▄[48;2;206;206;207m[38;2;206;206;206m▄[48;2;206;206;206m[38;2;205;205;207m▄[48;2;205;205;205m[38;2;204;204;204m▄[48;2;204;204;204m[38;2;204;204;203m▄[48;2;203;203;204m[38;2;203;203;203m▄[0m
[48;2;214;214;214m[38;2;213;213;213m▄[48;2;215;215;215m[38;2;214;214;214m▄[48;2;215;215;215m[38;2;214;214;214m▄[48;2;215;215;215m[38;2;214;214;214m▄[48;2;216;216;216m[38;2;214;214;214m▄[48;2;216;216;216m[38;2;215;215;215m▄[48;2;216;216;216m[38;2;215;215;215m▄[48;2;216;215;217m[38;2;216;216;216m▄[48;2;215;215;216m[38;2;216;216;216m▄[48;2;216;216;216m[38;2;216;216;216m▄[48;2;216;216;216m[38;2;216;216;216m▄[48;2;217;217;217m[38;2;216;216;216m▄[48;2;217;217;217m[38;2;216;216;216m▄[48;2;217;217;217m[38;2;217;217;217m▄[48;2;217;217;217m[38;2;217;216;217m▄[48;2;217;217;217m[38;2;218;221;221m▄[48;2;217;219;219m[38;2;212;198;200m▄[48;2;214;145;154m[38;2;211;130;141m▄[48;2;242;204;207m[38;2;238;202;205m▄[48;2;216;146;150m[38;2;195;96;111m▄[48;2;209;93;106m[38;2;221;143;154m▄[48;2;241;182;189m[38;2;235;174;183m▄[48;2;217;131;141m[38;2;192;100;114m▄[48;2;201;114;124m[38;2;205;130;142m▄[48;2;234;172;181m[38;2;245;192;198m▄[48;2;233;160;169m[38;2;208;116;130m▄[48;2;205;168;173m[38;2;202;111;123m▄[48;2;213;215;214m[38;2;218;144;154m▄[48;2;210;211;210m[38;2;212;125;138m▄[48;2;202;219;218m[38;2;208;139;151m▄[48;2;206;172;174m[38;2;204;131;142m▄[48;2;232;150;159m[38;2;208;107;120m▄[48;2;229;142;151m[38;2;202;111;124m▄[48;2;202;176;177m[38;2;197;140;149m▄[48;2;196;208;206m[38;2;213;130;144m▄[48;2;200;199;199m[38;2;215;138;149m▄[48;2;205;190;192m[38;2;199;113;125m▄[48;2;224;143;153m[38;2;231;160;170m▄[48;2;232;176;183m[38;2;226;168;176m▄[48;2;212;114;128m[38;2;209;119;133m▄[48;2;206;139;148m[38;2;208;124;135m▄[48;2;205;212;211m[38;2;197;154;159m▄[48;2;215;127;137m[38;2;206;117;130m▄[48;2;236;161;170m[38;2;206;100;115m▄[48;2;212;130;141m[38;2;201;158;164m▄[48;2;210;215;216m[38;2;203;210;210m▄[48;2;211;210;211m[38;2;210;209;210m▄[48;2;211;211;211m[38;2;211;211;211m▄[48;2;211;211;209m[38;2;210;210;210m▄[48;2;211;211;210m[38;2;210;211;210m▄[48;2;210;211;211m[38;2;209;210;212m▄[48;2;210;210;210m[38;2;210;209;213m▄[48;2;209;208;210m[38;2;209;208;212m▄[48;2;209;209;209m[38;2;209;208;209m▄[48;2;209;209;209m[38;2;209;209;208m▄[48;2;208;208;208m[38;2;208;208;208m▄[48;2;208;208;208m[38;2;208;208;206m▄[48;2;207;207;207m[38;2;207;207;205m▄[48;2;207;207;207m[38;2;207;207;205m▄[48;2;206;206;206m[38;2;205;205;205m▄[48;2;205;205;205m[38;2;204;203;205m▄[48;2;205;205;205m[38;2;204;204;204m▄[48;2;203;203;204m[38;2;203;203;203m▄[48;2;203;203;203m[38;2;203;203;203m▄[0m
[48;2;212;212;212m[38;2;211;212;211m▄[48;2;213;212;213m[38;2;213;212;213m▄[48;2;214;214;214m[38;2;213;213;213m▄[48;2;213;213;213m[38;2;213;213;213m▄[48;2;214;214;214m[38;2;214;214;214m▄[48;2;215;215;215m[38;2;214;214;214m▄[48;2;215;215;215m[38;2;214;214;214m▄[48;2;215;215;215m[38;2;214;214;215m▄[48;2;215;215;216m[38;2;215;215;215m▄[48;2;216;216;216m[38;2;215;215;215m▄[48;2;215;215;215m[38;2;215;215;215m▄[48;2;215;215;215m[38;2;215;215;215m▄[48;2;215;215;215m[38;2;216;216;216m▄[48;2;216;216;216m[38;2;216;216;216m▄[48;2;216;215;216m[38;2;216;216;216m▄[48;2;216;216;216m[38;2;216;215;215m▄[48;2;217;217;217m[38;2;215;218;217m▄[48;2;200;123;136m[38;2;215;209;210m▄[48;2;194;92;110m[38;2;197;159;167m▄[48;2;181;75;94m[38;2;186;97;113m▄[48;2;233;166;176m[38;2;235;152;164m▄[48;2;219;140;152m[38;2;204;119;136m▄[48;2;200;104;119m[38;2;239;165;175m▄[48;2;230;163;172m[38;2;182;85;103m▄[48;2;203;113;128m[38;2;180;82;102m▄[48;2;190;80;101m[38;2;222;139;154m▄[48;2;235;172;182m[38;2;202;115;132m▄[48;2;198;109;126m[38;2;170;57;81m▄[48;2;242;187;196m[38;2;241;175;183m▄[48;2;209;119;133m[38;2;168;59;82m▄[48;2;196;88;107m[38;2;215;129;144m▄[48;2;242;189;197m[38;2;216;140;153m▄[48;2;184;80;99m[38;2;173;60;83m▄[48;2;219;143;155m[38;2;239;170;182m▄[48;2;217;139;151m[38;2;180;81;101m▄[48;2;218;145;157m[38;2;176;70;91m▄[48;2;201;104;119m[38;2;187;86;106m▄[48;2;235;176;184m[38;2;243;174;183m▄[48;2;210;139;151m[38;2;191;104;122m▄[48;2;220;151;161m[38;2;205;115;130m▄[48;2;239;176;184m[38;2;215;134;146m▄[48;2;179;63;83m[38;2;167;58;82m▄[48;2;232;167;176m[38;2;238;164;174m▄[48;2;216;132;145m[38;2;178;74;95m▄[48;2;187;156;161m[38;2;180;74;95m▄[48;2;206;211;212m[38;2;198;162;170m▄[48;2;211;210;211m[38;2;213;219;218m▄[48;2;211;211;211m[38;2;210;208;209m▄[48;2;210;210;210m[38;2;209;208;210m▄[48;2;210;210;211m[38;2;210;210;210m▄[48;2;208;210;214m[38;2;208;209;211m▄[48;2;208;211;216m[38;2;206;209;212m▄[48;2;209;209;215m[38;2;208;208;214m▄[48;2;209;208;210m[38;2;209;208;210m▄[48;2;208;208;209m[38;2;208;208;208m▄[48;2;208;208;208m[38;2;209;209;206m▄[48;2;208;208;203m[38;2;208;208;203m▄[48;2;208;208;202m[38;2;206;207;202m▄[48;2;207;207;202m[38;2;206;207;203m▄[48;2;204;204;204m[38;2;204;204;204m▄[48;2;203;202;204m[38;2;202;202;203m▄[48;2;203;203;203m[38;2;202;202;202m▄[48;2;202;202;203m[38;2;202;202;202m▄[48;2;203;203;203m[38;2;203;203;203m▄[0m
[48;2;211;211;211m[38;2;211;211;211m▄[48;2;212;212;212m[38;2;211;211;211m▄[48;2;213;212;213m[38;2;211;211;211m▄[48;2;212;212;212m[38;2;210;210;210m▄[48;2;213;213;213m[38;2;211;211;211m▄[48;2;213;213;213m[38;2;212;212;212m▄[48;2;213;213;213m[38;2;212;212;213m▄[48;2;214;214;214m[38;2;213;213;214m▄[48;2;214;214;214m[38;2;213;213;213m▄[48;2;215;215;215m[38;2;215;215;215m▄[48;2;214;214;214m[38;2;214;214;214m▄[48;2;214;214;214m[38;2;214;214;214m▄[48;2;215;215;215m[38;2;215;215;215m▄[48;2;215;215;215m[38;2;215;215;215m▄[48;2;215;215;215m[38;2;215;215;215m▄[48;2;215;215;215m[38;2;215;215;215m▄[48;2;215;214;215m[38;2;214;212;213m▄[48;2;217;223;220m[38;2;210;209;195m▄[48;2;194;177;182m[38;2;184;141;152m▄[48;2;200;97;118m[38;2;203;93;114m▄[48;2;224;132;147m[38;2;204;99;120m▄[48;2;150;42;70m[38;2;171;115;129m▄[48;2;223;127;144m[38;2;178;81;105m▄[48;2;211;122;137m[38;2;241;142;156m▄[48;2;159;64;88m[38;2;168;66;87m▄[48;2;236;143;158m[38;2;184;80;103m▄[48;2;198;101;118m[38;2;214;111;130m▄[48;2;212;123;140m[38;2;177;73;99m▄[48;2;235;142;156m[38;2;214;115;133m▄[48;2;181;84;106m[38;2;183;81;105m▄[48;2;246;158;170m[38;2;191;87;111m▄[48;2;197;93;114m[38;2;208;106;127m▄[48;2;202;115;133m[38;2;168;70;94m▄[48;2;238;143;156m[38;2;199;101;120m▄[48;2;173;81;101m[38;2;210;112;131m▄[48;2;181;94;113m[38;2;181;82;103m▄[48;2;222;132;148m[38;2;181;80;103m▄[48;2;238;146;161m[38;2;197;96;116m▄[48;2;155;44;73m[38;2;153;54;79m▄[48;2;230;134;151m[38;2;193;89;110m▄[48;2;199;104;122m[38;2;201;95;116m▄[48;2;210;125;142m[38;2;171;66;89m▄[48;2;234;137;155m[38;2;206;104;123m▄[48;2;177;81;103m[38;2;183;76;100m▄[48;2;184;86;108m[38;2;174;104;121m▄[48;2;191;156;164m[38;2;195;199;198m▄[48;2;209;215;215m[38;2;204;203;205m▄[48;2;209;207;210m[38;2;210;209;210m▄[48;2;209;209;210m[38;2;209;209;209m▄[48;2;209;209;209m[38;2;208;208;208m▄[48;2;209;209;209m[38;2;208;208;208m▄[48;2;208;207;209m[38;2;208;208;208m▄[48;2;208;207;210m[38;2;208;207;208m▄[48;2;208;208;208m[38;2;207;207;208m▄[48;2;208;208;208m[38;2;207;207;205m▄[48;2;208;208;205m[38;2;208;208;203m▄[48;2;207;208;203m[38;2;207;208;202m▄[48;2;205;208;203m[38;2;204;208;202m▄[48;2;203;208;203m[38;2;202;207;203m▄[48;2;203;205;206m[38;2;202;204;205m▄[48;2;202;201;203m[38;2;202;201;205m▄[48;2;202;202;202m[38;2;202;201;203m▄[48;2;202;202;202m[38;2;202;202;203m▄[48;2;202;202;202m[38;2;202;202;202m▄[0m
[48;2;210;210;210m[38;2;209;209;209m▄[48;2;211;211;211m[38;2;211;211;211m▄[48;2;211;211;211m[38;2;210;210;210m▄[48;2;210;210;210m[38;2;210;210;210m▄[48;2;210;210;210m[38;2;211;211;211m▄[48;2;211;211;211m[38;2;211;211;211m▄[48;2;211;211;211m[38;2;211;211;211m▄[48;2;212;212;212m[38;2;211;211;211m▄[48;2;212;212;212m[38;2;211;211;211m▄[48;2;213;213;213m[38;2;211;211;211m▄[48;2;214;214;214m[38;2;213;213;213m▄[48;2;214;214;214m[38;2;212;212;213m▄[48;2;214;214;214m[38;2;213;213;213m▄[48;2;214;214;214m[38;2;212;212;212m▄[48;2;213;213;213m[38;2;212;212;212m▄[48;2;215;216;217m[38;2;213;213;213m▄[48;2;210;206;201m[38;2;214;214;214m▄[48;2;202;194;177m[38;2;195;179;161m▄[48;2;209;194;204m[38;2;208;204;194m▄[48;2;169;72;96m[38;2;205;189;189m▄[48;2;169;65;93m[38;2;189;165;162m▄[48;2;193;184;189m[38;2;189;180;163m▄[48;2;174;119;127m[38;2;205;196;187m▄[48;2;191;84;105m[38;2;165;86;107m▄[48;2;237;137;153m[38;2;190;78;101m▄[48;2;157;49;75m[38;2;238;141;156m▄[48;2;160;67;91m[38;2;198;106;125m▄[48;2;166;77;98m[38;2;165;69;93m▄[48;2;152;41;69m[38;2;183;88;110m▄[48;2;182;118;134m[38;2;185;114;130m▄[48;2;182;124;139m[38;2;179;119;134m▄[48;2;171;86;107m[38;2;179;100;120m▄[48;2;182;113;128m[38;2;179;92;113m▄[48;2;163;68;92m[38;2;184;99;119m▄[48;2;163;65;89m[38;2;182;95;115m▄[48;2;167;71;94m[38;2;180;97;116m▄[48;2;165;64;88m[38;2;189;105;125m▄[48;2;164;68;92m[38;2;185;95;115m▄[48;2;196;177;180m[38;2;187;172;176m▄[48;2;178;115;133m[38;2;201;204;194m▄[48;2;176;106;126m[38;2;192;185;168m▄[48;2;184;134;148m[38;2;191;187;169m▄[48;2;172;97;118m[38;2;196;195;184m▄[48;2;179;122;138m[38;2;194;197;191m▄[48;2;191;189;188m[38;2;199;196;188m▄[48;2;195;197;196m[38;2;204;204;204m▄[48;2;207;206;207m[38;2;208;208;208m▄[48;2;208;208;208m[38;2;208;208;208m▄[48;2;208;208;208m[38;2;207;207;207m▄[48;2;208;208;208m[38;2;207;207;207m▄[48;2;208;208;208m[38;2;207;207;207m▄[48;2;207;207;207m[38;2;206;206;207m▄[48;2;207;207;207m[38;2;206;206;206m▄[48;2;207;207;207m[38;2;205;205;205m▄[48;2;207;207;205m[38;2;205;205;204m▄[48;2;207;207;203m[38;2;205;205;203m▄[48;2;206;206;203m[38;2;204;204;204m▄[48;2;204;205;203m[38;2;203;203;203m▄[48;2;203;204;204m[38;2;203;203;204m▄[48;2;203;202;205m[38;2;203;202;203m▄[48;2;202;202;204m[38;2;202;201;203m▄[48;2;202;202;202m[38;2;202;201;203m▄[48;2;203;202;203m[38;2;201;201;202m▄[48;2;202;202;202m[38;2;201;201;201m▄[0m
[48;2;210;210;210m[38;2;212;212;212m▄[48;2;210;210;210m[38;2;212;212;212m▄[48;2;210;210;210m[38;2;212;212;212m▄[48;2;210;210;210m[38;2;213;213;213m▄[48;2;211;210;211m[38;2;213;213;213m▄[48;2;210;210;210m[38;2;213;213;213m▄[48;2;211;211;211m[38;2;214;214;214m▄[48;2;211;211;211m[38;2;214;214;215m▄[48;2;211;211;211m[38;2;214;214;214m▄[48;2;212;212;212m[38;2;215;215;215m▄[48;2;212;212;212m[38;2;214;214;215m▄[48;2;212;212;212m[38;2;215;215;215m▄[48;2;213;212;213m[38;2;215;215;215m▄[48;2;212;212;213m[38;2;215;215;215m▄[48;2;213;213;213m[38;2;215;215;215m▄[48;2;213;213;213m[38;2;215;215;215m▄[48;2;214;215;216m[38;2;215;214;214m▄[48;2;210;208;205m[38;2;216;216;217m▄[48;2;196;183;166m[38;2;216;217;221m▄[48;2;196;186;168m[38;2;213;214;216m▄[48;2;197;192;178m[38;2;213;214;216m▄[48;2;203;200;197m[38;2;212;213;214m▄[48;2;211;213;216m[38;2;212;211;211m▄[48;2;210;207;207m[38;2;213;214;214m▄[48;2;173;105;122m[38;2;213;215;215m▄[48;2;163;56;83m[38;2;194;164;172m▄[48;2;198;86;111m[38;2;172;110;127m▄[48;2;207;103;125m[38;2;168;89;111m▄[48;2;199;97;117m[38;2;170;92;112m▄[48;2;190;83;107m[38;2;171;106;124m▄[48;2;201;104;124m[38;2;167;84;104m▄[48;2;184;96;114m[38;2;171;72;95m▄[48;2;156;50;77m[38;2;186;82;107m▄[48;2;163;82;102m[38;2;189;92;116m▄[48;2;173;125;137m[38;2;186;87;112m▄[48;2;168;106;121m[38;2;196;95;118m▄[48;2;183;88;110m[38;2;198;95;118m▄[48;2;193;89;113m[38;2;156;59;87m▄[48;2;177;140;150m[38;2;190;180;185m▄[48;2;205;207;199m[38;2;207;210;211m▄[48;2;202;196;192m[38;2;210;210;211m▄[48;2;201;194;187m[38;2;209;210;213m▄[48;2;200;190;175m[38;2;208;210;213m▄[48;2;202;192;180m[38;2;208;209;211m▄[48;2;206;204;201m[38;2;208;208;209m▄[48;2;206;206;207m[38;2;208;208;208m▄[48;2;208;207;207m[38;2;209;209;209m▄[48;2;207;207;207m[38;2;208;208;208m▄[48;2;207;207;207m[38;2;208;208;208m▄[48;2;207;207;207m[38;2;208;208;208m▄[48;2;206;206;206m[38;2;208;208;208m▄[48;2;206;206;206m[38;2;208;208;207m▄[48;2;205;205;205m[38;2;208;208;208m▄[48;2;204;204;204m[38;2;207;207;207m▄[48;2;204;204;204m[38;2;207;207;207m▄[48;2;204;204;203m[38;2;206;206;206m▄[48;2;203;203;203m[38;2;205;205;205m▄[48;2;203;203;203m[38;2;205;205;205m▄[48;2;204;204;204m[38;2;204;204;204m▄[48;2;203;203;203m[38;2;203;203;203m▄[48;2;202;202;202m[38;2;203;203;203m▄[48;2;202;202;202m[38;2;202;202;202m▄[48;2;201;201;201m[38;2;202;202;202m▄[48;2;202;202;202m[38;2;203;203;203m▄[0m
[48;2;215;215;215m[38;2;216;216;216m▄[48;2;216;216;216m[38;2;217;217;217m▄[48;2;216;216;216m[38;2;217;217;217m▄[48;2;216;216;216m[38;2;218;218;218m▄[48;2;216;216;216m[38;2;217;217;217m▄[48;2;216;216;217m[38;2;218;217;217m▄[48;2;216;216;216m[38;2;218;218;218m▄[48;2;216;216;216m[38;2;218;218;218m▄[48;2;216;216;216m[38;2;218;218;218m▄[48;2;217;217;217m[38;2;218;218;218m▄[48;2;217;217;217m[38;2;217;217;217m▄[48;2;216;216;216m[38;2;218;218;218m▄[48;2;216;216;216m[38;2;218;218;218m▄[48;2;216;216;216m[38;2;218;218;218m▄[48;2;217;217;217m[38;2;218;218;218m▄[48;2;217;217;217m[38;2;218;218;218m▄[48;2;217;216;217m[38;2;217;217;217m▄[48;2;217;217;217m[38;2;216;216;216m▄[48;2;217;216;216m[38;2;215;215;215m▄[48;2;217;216;216m[38;2;214;214;214m▄[48;2;217;217;216m[38;2;213;213;213m▄[48;2;217;217;217m[38;2;212;212;212m▄[48;2;217;218;218m[38;2;212;212;212m▄[48;2;216;216;216m[38;2;210;211;211m▄[48;2;212;211;211m[38;2;210;210;210m▄[48;2;206;211;210m[38;2;208;206;207m▄[48;2;199;203;202m[38;2;205;203;204m▄[48;2;191;190;191m[38;2;200;198;199m▄[48;2;186;185;186m[38;2;197;193;195m▄[48;2;185;188;188m[38;2;196;190;194m▄[48;2;186;177;179m[38;2;195;192;194m▄[48;2;174;132;144m[38;2;195;197;197m▄[48;2;164;94;113m[38;2;194;194;194m▄[48;2;164;79;101m[38;2;189;182;184m▄[48;2;164;72;97m[38;2;188;175;179m▄[48;2;160;69;92m[38;2;190;181;183m▄[48;2;159;84;104m[38;2;192;194;193m▄[48;2;182;160;166m[38;2;190;193;193m▄[48;2;191;194;194m[38;2;199;198;199m▄[48;2;205;203;204m[38;2;205;206;206m▄[48;2;210;210;210m[38;2;208;208;208m▄[48;2;211;211;211m[38;2;211;211;211m▄[48;2;212;211;211m[38;2;212;212;212m▄[48;2;211;211;210m[38;2;211;211;211m▄[48;2;210;210;210m[38;2;211;211;211m▄[48;2;210;210;210m[38;2;211;211;211m▄[48;2;210;210;210m[38;2;210;210;210m▄[48;2;210;210;210m[38;2;210;210;210m▄[48;2;210;210;210m[38;2;210;210;210m▄[48;2;209;209;209m[38;2;210;210;211m▄[48;2;210;210;210m[38;2;211;211;211m▄[48;2;209;209;209m[38;2;211;211;211m▄[48;2;209;209;209m[38;2;210;210;210m▄[48;2;208;208;209m[38;2;209;209;209m▄[48;2;208;208;208m[38;2;210;210;210m▄[48;2;208;208;208m[38;2;210;210;210m▄[48;2;208;208;208m[38;2;210;210;210m▄[48;2;207;207;207m[38;2;209;209;209m▄[48;2;211;211;211m[38;2;216;216;216m▄[48;2;214;214;214m[38;2;221;221;221m▄[48;2;206;206;207m[38;2;209;209;208m▄[48;2;206;206;206m[38;2;208;208;206m▄[48;2;205;205;205m[38;2;208;208;208m▄[48;2;205;205;205m[38;2;207;207;207m▄[0m
[48;2;220;220;220m[38;2;224;224;224m▄[48;2;220;220;220m[38;2;223;223;223m▄[48;2;221;221;221m[38;2;224;224;224m▄[48;2;221;221;221m[38;2;224;224;224m▄[48;2;221;221;221m[38;2;224;224;224m▄[48;2;222;222;222m[38;2;224;224;224m▄[48;2;222;222;222m[38;2;224;224;224m▄[48;2;222;222;222m[38;2;224;224;224m▄[48;2;222;222;222m[38;2;224;224;224m▄[48;2;222;222;222m[38;2;224;224;224m▄[48;2;222;222;222m[38;2;225;225;225m▄[48;2;222;222;222m[38;2;224;224;224m▄[48;2;222;222;222m[38;2;224;224;224m▄[48;2;223;223;223m[38;2;224;224;224m▄[48;2;221;221;221m[38;2;224;224;224m▄[48;2;218;218;218m[38;2;223;223;223m▄[48;2;214;214;215m[38;2;221;221;221m▄[48;2;208;208;208m[38;2;217;217;217m▄[48;2;200;200;201m[38;2;212;212;212m▄[48;2;194;194;195m[38;2;207;207;207m▄[48;2;191;191;191m[38;2;204;204;204m▄[48;2;190;189;190m[38;2;205;205;205m▄[48;2;188;188;188m[38;2;202;202;202m▄[48;2;187;188;188m[38;2;197;197;197m▄[48;2;188;188;188m[38;2;192;192;192m▄[48;2;191;191;191m[38;2;188;188;188m▄[48;2;195;195;196m[38;2;186;185;186m▄[48;2;197;197;198m[38;2;184;184;184m▄[48;2;198;198;199m[38;2;185;185;185m▄[48;2;198;198;199m[38;2;187;187;188m▄[48;2;197;197;197m[38;2;188;187;188m▄[48;2;195;194;194m[38;2;186;186;186m▄[48;2;193;192;193m[38;2;185;185;185m▄[48;2;192;194;193m[38;2;185;185;185m▄[48;2;190;193;192m[38;2;185;184;184m▄[48;2;188;190;191m[38;2;183;183;183m▄[48;2;189;188;189m[38;2;183;183;183m▄[48;2;190;189;190m[38;2;187;187;187m▄[48;2;188;188;188m[38;2;192;192;192m▄[48;2;185;185;185m[38;2;195;195;195m▄[48;2;187;187;188m[38;2;196;196;196m▄[48;2;190;190;191m[38;2;196;196;196m▄[48;2;192;192;192m[38;2;196;196;196m▄[48;2;192;192;192m[38;2;197;197;197m▄[48;2;196;196;196m[38;2;201;201;201m▄[48;2;203;202;203m[38;2;206;206;206m▄[48;2;208;208;209m[38;2;211;211;211m▄[48;2;212;211;212m[38;2;214;214;214m▄[48;2;214;214;214m[38;2;216;216;216m▄[48;2;213;213;214m[38;2;215;215;215m▄[48;2;213;213;214m[38;2;215;215;215m▄[48;2;213;213;213m[38;2;215;215;215m▄[48;2;213;213;213m[38;2;215;215;215m▄[48;2;212;212;212m[38;2;214;214;214m▄[48;2;211;211;211m[38;2;214;214;214m▄[48;2;210;210;210m[38;2;213;213;213m▄[48;2;210;210;210m[38;2;213;213;213m▄[48;2;210;210;210m[38;2;212;212;212m▄[48;2;210;210;210m[38;2;212;212;212m▄[48;2;211;211;211m[38;2;211;211;211m▄[48;2;210;210;210m[38;2;212;212;212m▄[48;2;210;210;209m[38;2;210;210;211m▄[48;2;209;209;209m[38;2;210;210;210m▄[48;2;209;209;209m[38;2;210;210;210m▄[0m
[48;2;225;225;225m[38;2;227;227;227m▄[48;2;225;225;225m[38;2;227;227;227m▄[48;2;225;225;225m[38;2;227;227;227m▄[48;2;226;226;226m[38;2;228;228;228m▄[48;2;226;226;226m[38;2;228;228;228m▄[48;2;225;225;225m[38;2;228;228;228m▄[48;2;226;226;226m[38;2;228;228;228m▄[48;2;226;226;226m[38;2;228;228;228m▄[48;2;227;227;227m[38;2;229;229;229m▄[48;2;226;226;226m[38;2;228;228;228m▄[48;2;226;226;226m[38;2;227;227;227m▄[48;2;227;227;227m[38;2;228;228;228m▄[48;2;227;227;227m[38;2;228;228;228m▄[48;2;226;226;226m[38;2;228;228;228m▄[48;2;226;226;226m[38;2;228;228;228m▄[48;2;226;226;226m[38;2;227;227;227m▄[48;2;225;225;225m[38;2;227;227;227m▄[48;2;226;226;226m[38;2;227;227;227m▄[48;2;225;225;226m[38;2;227;227;227m▄[48;2;225;225;226m[38;2;227;227;227m▄[48;2;226;226;226m[38;2;227;227;227m▄[48;2;226;226;226m[38;2;226;226;226m▄[48;2;225;225;225m[38;2;227;227;227m▄[48;2;223;223;223m[38;2;227;227;227m▄[48;2;220;220;220m[38;2;227;227;227m▄[48;2;217;217;217m[38;2;227;227;227m▄[48;2;215;215;215m[38;2;227;227;228m▄[48;2;213;213;213m[38;2;227;227;227m▄[48;2;213;213;213m[38;2;227;227;227m▄[48;2;212;212;212m[38;2;227;227;227m▄[48;2;211;211;211m[38;2;226;226;226m▄[48;2;208;208;208m[38;2;226;226;226m▄[48;2;204;204;204m[38;2;225;225;225m▄[48;2;203;203;203m[38;2;225;225;225m▄[48;2;202;202;202m[38;2;224;224;224m▄[48;2;202;202;202m[38;2;224;224;224m▄[48;2;204;204;204m[38;2;224;224;224m▄[48;2;207;208;208m[38;2;223;223;223m▄[48;2;213;213;213m[38;2;223;223;223m▄[48;2;217;217;217m[38;2;222;222;222m▄[48;2;219;219;219m[38;2;221;221;221m▄[48;2;219;219;219m[38;2;221;221;221m▄[48;2;219;219;219m[38;2;220;220;220m▄[48;2;218;218;218m[38;2;219;219;219m▄[48;2;218;218;218m[38;2;218;218;218m▄[48;2;218;218;218m[38;2;217;217;217m▄[48;2;217;217;217m[38;2;217;217;217m▄[48;2;216;216;216m[38;2;217;217;217m▄[48;2;217;217;217m[38;2;216;216;216m▄[48;2;216;216;216m[38;2;216;216;216m▄[48;2;216;216;216m[38;2;216;216;216m▄[48;2;216;216;216m[38;2;217;217;217m▄[48;2;215;215;215m[38;2;217;217;217m▄[48;2;215;215;215m[38;2;216;216;216m▄[48;2;216;216;216m[38;2;216;216;216m▄[48;2;215;215;215m[38;2;216;216;216m▄[48;2;215;215;215m[38;2;216;216;216m▄[48;2;215;215;215m[38;2;216;216;216m▄[48;2;215;214;215m[38;2;216;216;216m▄[48;2;214;214;214m[38;2;216;216;216m▄[48;2;213;213;213m[38;2;215;215;215m▄[48;2;212;212;212m[38;2;214;214;214m▄[48;2;211;211;211m[38;2;214;214;214m▄[48;2;211;211;211m[38;2;213;213;213m▄[0m
