[48;2;219;219;217m[38;2;218;218;218m▄[48;2;221;221;221m[38;2;219;219;219m▄[48;2;222;222;222m[38;2;221;221;221m▄[48;2;222;222;222m[38;2;222;222;222m▄[48;2;223;223;223m[38;2;223;223;223m▄[48;2;223;223;223m[38;2;223;223;223m▄[48;2;223;223;223m[38;2;223;223;223m▄[48;2;224;224;224m[38;2;224;224;224m▄[48;2;225;225;225m[38;2;225;225;225m▄[48;2;225;225;225m[38;2;225;225;225m▄[48;2;225;225;225m[38;2;224;224;224m▄[48;2;225;225;225m[38;2;224;224;224m▄[48;2;226;226;226m[38;2;226;226;226m▄[48;2;228;228;228m[38;2;227;227;227m▄[48;2;227;227;227m[38;2;227;227;227m▄[48;2;227;227;227m[38;2;226;226;226m▄[48;2;227;227;227m[38;2;227;227;227m▄[48;2;227;227;227m[38;2;227;227;227m▄[48;2;227;227;227m[38;2;227;227;227m▄[48;2;228;228;228m[38;2;227;227;227m▄[48;2;228;228;228m[38;2;226;226;226m▄[48;2;228;228;228m[38;2;227;227;227m▄[48;2;227;227;227m[38;2;227;227;227m▄[48;2;227;227;227m[38;2;227;227;227m▄[48;2;228;228;228m[38;2;226;226;226m▄[48;2;227;227;227m[38;2;226;226;226m▄[48;2;227;227;227m[38;2;227;227;227m▄[48;2;227;227;227m[38;2;227;227;227m▄[48;2;227;227;227m[38;2;225;225;225m▄[48;2;225;225;225m[38;2;224;224;224m▄[48;2;224;224;224m[38;2;224;224;224m▄[48;2;224;224;224m[38;2;224;224;224m▄[48;2;226;226;226m[38;2;224;224;224m▄[48;2;224;224;224m[38;2;224;224;224m▄[48;2;223;223;223m[38;2;223;223;223m▄[48;2;223;223;223m[38;2;223;223;223m▄[48;2;222;222;222m[38;2;222;222;222m▄[48;2;222;222;222m[38;2;222;222;222m▄[48;2;221;221;221m[38;2;221;221;221m▄[48;2;221;221;221m[38;2;221;221;221m▄[48;2;219;219;219m[38;2;219;219;219m▄[48;2;218;218;218m[38;2;218;218;218m▄[48;2;217;217;217m[38;2;217;217;217m▄[48;2;216;216;216m[38;2;216;216;216m▄[48;2;216;216;216m[38;2;216;216;216m▄[48;2;217;217;217m[38;2;217;217;217m▄[48;2;216;216;216m[38;2;216;216;216m▄[48;2;216;216;216m[38;2;216;216;216m▄[48;2;215;215;215m[38;2;215;215;215m▄[48;2;215;215;215m[38;2;215;215;215m▄[48;2;214;214;214m[38;2;213;213;213m▄[48;2;213;213;213m[38;2;213;213;213m▄[48;2;212;212;212m[38;2;211;211;211m▄[48;2;211;211;211m[38;2;211;211;211m▄[48;2;211;211;211m[38;2;211;211;211m▄[48;2;211;211;211m[38;2;210;210;210m▄[48;2;210;210;210m[38;2;208;208;208m▄[48;2;209;209;209m[38;2;209;209;209m▄[48;2;208;208;208m[38;2;209;209;209m▄[48;2;208;208;208m[38;2;208;208;208m▄[48;2;207;207;207m[38;2;207;207;207m▄[48;2;207;207;207m[38;2;206;206;206m▄[48;2;206;206;206m[38;2;205;205;205m▄[48;2;204;204;204m[38;2;203;203;203m▄[0m
[48;2;217;217;217m[38;2;217;217;217m▄[48;2;218;218;218m[38;2;217;217;217m▄[48;2;220;220;220m[38;2;218;218;218m▄[48;2;221;221;221m[38;2;220;220;220m▄[48;2;222;222;222m[38;2;222;222;222m▄[48;2;222;222;222m[38;2;222;222;222m▄[48;2;223;223;223m[38;2;222;222;222m▄[48;2;224;224;224m[38;2;223;223;223m▄[48;2;224;224;224m[38;2;223;223;223m▄[48;2;225;225;225m[38;2;224;224;224m▄[48;2;224;224;224m[38;2;224;224;224m▄[48;2;224;224;224m[38;2;224;224;224m▄[48;2;224;224;224m[38;2;224;224;224m▄[48;2;225;225;225m[38;2;224;224;224m▄[48;2;226;226;226m[38;2;224;224;224m▄[48;2;227;227;227m[38;2;226;226;226m▄[48;2;227;227;227m[38;2;227;227;227m▄[48;2;227;227;227m[38;2;227;227;227m▄[48;2;226;226;226m[38;2;227;227;227m▄[48;2;227;227;227m[38;2;226;226;226m▄[48;2;227;227;227m[38;2;226;226;226m▄[48;2;227;227;227m[38;2;227;227;227m▄[48;2;226;226;226m[38;2;226;226;226m▄[48;2;225;225;225m[38;2;226;226;226m▄[48;2;226;226;226m[38;2;226;226;226m▄[48;2;227;227;227m[38;2;227;227;227m▄[48;2;227;227;227m[38;2;225;225;225m▄[48;2;227;227;227m[38;2;226;226;226m▄[48;2;225;225;225m[38;2;223;224;223m▄[48;2;224;224;224m[38;2;222;223;222m▄[48;2;225;225;225m[38;2;222;223;222m▄[48;2;225;225;225m[38;2;224;224;224m▄[48;2;225;225;225m[38;2;224;224;224m▄[48;2;224;224;224m[38;2;224;224;224m▄[48;2;223;223;223m[38;2;221;222;221m▄[48;2;223;223;223m[38;2;222;223;222m▄[48;2;222;222;222m[38;2;222;222;223m▄[48;2;222;222;222m[38;2;222;222;222m▄[48;2;222;222;222m[38;2;221;221;221m▄[48;2;220;220;220m[38;2;220;220;220m▄[48;2;219;219;219m[38;2;218;218;218m▄[48;2;218;218;218m[38;2;219;219;219m▄[48;2;217;217;217m[38;2;216;216;216m▄[48;2;216;216;216m[38;2;216;216;216m▄[48;2;216;216;216m[38;2;216;216;216m▄[48;2;216;216;216m[38;2;216;216;216m▄[48;2;216;216;216m[38;2;215;215;215m▄[48;2;215;215;215m[38;2;216;216;216m▄[48;2;215;215;215m[38;2;215;215;215m▄[48;2;215;215;215m[38;2;214;214;214m▄[48;2;214;214;214m[38;2;213;213;213m▄[48;2;213;213;213m[38;2;213;213;213m▄[48;2;211;211;211m[38;2;212;212;212m▄[48;2;210;210;210m[38;2;210;210;210m▄[48;2;210;210;210m[38;2;210;210;210m▄[48;2;210;210;210m[38;2;210;210;210m▄[48;2;208;208;209m[38;2;209;209;209m▄[48;2;208;208;208m[38;2;209;209;208m▄[48;2;209;209;209m[38;2;209;209;209m▄[48;2;208;208;208m[38;2;208;208;208m▄[48;2;207;207;207m[38;2;207;207;207m▄[48;2;206;206;206m[38;2;206;206;206m▄[48;2;205;205;205m[38;2;205;205;205m▄[48;2;204;204;204m[38;2;204;204;204m▄[0m
[48;2;217;217;217m[38;2;217;217;217m▄[48;2;217;217;217m[38;2;217;217;217m▄[48;2;217;217;217m[38;2;218;218;218m▄[48;2;220;220;220m[38;2;220;220;220m▄[48;2;221;221;221m[38;2;221;221;221m▄[48;2;222;222;222m[38;2;222;222;222m▄[48;2;222;222;222m[38;2;223;223;223m▄[48;2;223;223;223m[38;2;223;223;223m▄[48;2;224;224;224m[38;2;224;224;224m▄[48;2;224;224;224m[38;2;224;224;224m▄[48;2;225;225;225m[38;2;224;224;224m▄[48;2;225;225;225m[38;2;225;225;225m▄[48;2;225;225;225m[38;2;225;225;225m▄[48;2;225;225;225m[38;2;225;225;225m▄[48;2;225;225;225m[38;2;225;225;225m▄[48;2;225;225;225m[38;2;225;225;225m▄[48;2;225;225;225m[38;2;224;224;224m▄[48;2;225;225;225m[38;2;224;224;224m▄[48;2;226;226;226m[38;2;224;224;224m▄[48;2;225;225;225m[38;2;224;224;224m▄[48;2;227;227;227m[38;2;225;225;225m▄[48;2;225;225;225m[38;2;225;225;225m▄[48;2;225;225;225m[38;2;224;224;224m▄[48;2;225;225;225m[38;2;224;224;224m▄[48;2;225;225;225m[38;2;224;224;224m▄[48;2;225;225;225m[38;2;224;224;224m▄[48;2;224;224;224m[38;2;223;224;223m▄[48;2;223;224;223m[38;2;229;226;229m▄[48;2;230;227;231m[38;2;186;203;181m▄[48;2;233;229;234m[38;2;164;192;157m▄[48;2;231;229;231m[38;2;194;207;194m▄[48;2;224;224;223m[38;2;227;226;229m▄[48;2;222;223;223m[38;2;226;225;225m▄[48;2;224;224;224m[38;2;224;224;227m▄[48;2;232;228;233m[38;2;162;190;154m▄[48;2;227;225;228m[38;2;192;206;187m▄[48;2;222;222;222m[38;2;228;226;229m▄[48;2;222;222;222m[38;2;221;221;221m▄[48;2;221;221;221m[38;2;221;221;221m▄[48;2;220;220;220m[38;2;219;219;219m▄[48;2;218;218;218m[38;2;218;218;218m▄[48;2;217;217;217m[38;2;217;217;217m▄[48;2;216;216;216m[38;2;217;217;217m▄[48;2;216;216;216m[38;2;217;217;217m▄[48;2;217;217;217m[38;2;216;216;216m▄[48;2;216;216;216m[38;2;216;216;216m▄[48;2;215;215;215m[38;2;216;216;216m▄[48;2;215;215;215m[38;2;215;215;215m▄[48;2;215;215;215m[38;2;215;215;215m▄[48;2;214;214;214m[38;2;214;214;214m▄[48;2;213;213;213m[38;2;213;213;213m▄[48;2;212;212;213m[38;2;212;212;212m▄[48;2;212;212;212m[38;2;210;210;210m▄[48;2;210;210;210m[38;2;210;210;210m▄[48;2;210;210;210m[38;2;210;210;210m▄[48;2;210;210;210m[38;2;211;211;211m▄[48;2;209;209;209m[38;2;209;210;209m▄[48;2;209;209;209m[38;2;208;208;208m▄[48;2;208;208;208m[38;2;208;208;208m▄[48;2;208;208;208m[38;2;207;207;207m▄[48;2;207;207;207m[38;2;207;207;207m▄[48;2;207;207;207m[38;2;206;206;206m▄[48;2;205;205;205m[38;2;205;205;205m▄[48;2;204;204;204m[38;2;204;203;204m▄[0m
[48;2;217;217;217m[38;2;216;216;216m▄[48;2;217;217;217m[38;2;217;217;217m▄[48;2;217;217;217m[38;2;217;217;217m▄[48;2;220;220;220m[38;2;218;218;218m▄[48;2;221;221;221m[38;2;219;219;219m▄[48;2;221;221;221m[38;2;221;221;221m▄[48;2;222;222;222m[38;2;222;222;222m▄[48;2;223;223;223m[38;2;223;223;223m▄[48;2;224;224;224m[38;2;223;223;223m▄[48;2;224;224;224m[38;2;224;224;224m▄[48;2;224;224;224m[38;2;224;224;224m▄[48;2;224;224;224m[38;2;224;224;224m▄[48;2;225;225;225m[38;2;224;224;224m▄[48;2;224;224;224m[38;2;224;224;224m▄[48;2;224;224;224m[38;2;225;225;225m▄[48;2;225;225;225m[38;2;224;224;224m▄[48;2;225;225;225m[38;2;224;224;224m▄[48;2;225;225;225m[38;2;224;224;224m▄[48;2;224;224;224m[38;2;224;224;224m▄[48;2;224;224;224m[38;2;224;224;224m▄[48;2;224;224;224m[38;2;224;224;224m▄[48;2;224;224;224m[38;2;224;224;224m▄[48;2;224;224;224m[38;2;224;224;224m▄[48;2;224;224;224m[38;2;224;224;224m▄[48;2;224;224;224m[38;2;224;224;224m▄[48;2;224;224;224m[38;2;224;224;224m▄[48;2;223;223;222m[38;2;223;223;223m▄[48;2;231;227;233m[38;2;232;229;232m▄[48;2;158;189;149m[38;2;185;201;183m▄[48;2;145;190;95m[38;2;132;178;82m▄[48;2;133;181;92m[38;2;136;181;78m▄[48;2;154;186;143m[38;2;127;176;79m▄[48;2;233;227;238m[38;2;156;185;149m▄[48;2;159;189;148m[38;2;116;163;95m▄[48;2;101;160;64m[38;2;176;190;173m▄[48;2;169;191;162m[38;2;208;206;212m▄[48;2;226;223;227m[38;2;219;217;220m▄[48;2;218;220;218m[38;2;226;224;227m▄[48;2;221;221;221m[38;2;220;220;220m▄[48;2;219;219;219m[38;2;219;219;219m▄[48;2;217;217;217m[38;2;217;217;217m▄[48;2;217;217;217m[38;2;217;217;217m▄[48;2;217;217;217m[38;2;217;217;217m▄[48;2;217;217;217m[38;2;217;217;217m▄[48;2;217;217;217m[38;2;216;216;216m▄[48;2;215;215;215m[38;2;216;216;216m▄[48;2;215;215;215m[38;2;215;215;215m▄[48;2;214;214;214m[38;2;215;215;215m▄[48;2;215;215;215m[38;2;215;215;214m▄[48;2;214;214;214m[38;2;214;214;214m▄[48;2;213;213;213m[38;2;213;213;213m▄[48;2;212;212;212m[38;2;213;213;213m▄[48;2;211;211;211m[38;2;211;211;211m▄[48;2;211;211;211m[38;2;211;211;211m▄[48;2;210;210;210m[38;2;210;210;210m▄[48;2;210;210;210m[38;2;210;210;210m▄[48;2;209;209;209m[38;2;208;208;208m▄[48;2;208;208;209m[38;2;208;208;208m▄[48;2;208;208;208m[38;2;208;208;208m▄[48;2;208;207;208m[38;2;208;208;208m▄[48;2;207;206;208m[38;2;207;207;207m▄[48;2;206;206;206m[38;2;206;206;206m▄[48;2;205;204;205m[38;2;205;205;205m▄[48;2;204;204;205m[38;2;204;204;204m▄[0m
[48;2;216;216;216m[38;2;216;216;216m▄[48;2;216;216;216m[38;2;216;216;216m▄[48;2;217;217;217m[38;2;216;216;216m▄[48;2;218;218;218m[38;2;217;217;217m▄[48;2;219;219;219m[38;2;218;218;218m▄[48;2;220;220;220m[38;2;219;220;219m▄[48;2;221;221;221m[38;2;221;221;221m▄[48;2;223;223;223m[38;2;222;222;222m▄[48;2;223;223;223m[38;2;222;222;222m▄[48;2;223;223;223m[38;2;223;223;223m▄[48;2;223;223;223m[38;2;223;223;223m▄[48;2;223;223;223m[38;2;223;223;223m▄[48;2;224;224;224m[38;2;223;223;223m▄[48;2;224;224;224m[38;2;223;223;223m▄[48;2;224;224;224m[38;2;224;224;224m▄[48;2;225;225;225m[38;2;224;224;224m▄[48;2;224;224;224m[38;2;224;224;224m▄[48;2;224;224;224m[38;2;224;224;224m▄[48;2;224;224;224m[38;2;224;224;224m▄[48;2;224;224;225m[38;2;224;224;224m▄[48;2;224;224;224m[38;2;224;224;224m▄[48;2;225;225;225m[38;2;224;224;224m▄[48;2;225;225;225m[38;2;224;224;224m▄[48;2;224;224;224m[38;2;224;224;224m▄[48;2;224;224;224m[38;2;223;223;223m▄[48;2;224;224;224m[38;2;223;223;223m▄[48;2;224;224;224m[38;2;224;225;225m▄[48;2;225;226;225m[38;2;222;222;222m▄[48;2;225;229;233m[38;2;222;180;186m▄[48;2;147;183;135m[38;2;225;164;174m▄[48;2;114;177;73m[38;2;172;149;131m▄[48;2;100;165;69m[38;2;126;146;103m▄[48;2;78;146;59m[38;2;96;140;77m▄[48;2;117;162;107m[38;2;82;157;67m▄[48;2;149;182;133m[38;2;106;170;70m▄[48;2;143;183;118m[38;2;135;187;80m▄[48;2;153;185;141m[38;2;146;195;82m▄[48;2;198;207;198m[38;2;114;166;86m▄[48;2;222;221;223m[38;2;197;205;199m▄[48;2;217;217;217m[38;2;221;220;221m▄[48;2;217;217;217m[38;2;216;216;216m▄[48;2;216;216;216m[38;2;216;216;216m▄[48;2;216;216;216m[38;2;216;216;216m▄[48;2;217;217;217m[38;2;217;217;217m▄[48;2;216;216;216m[38;2;216;216;216m▄[48;2;216;216;216m[38;2;215;215;215m▄[48;2;215;215;215m[38;2;215;215;215m▄[48;2;215;215;215m[38;2;214;214;214m▄[48;2;214;214;214m[38;2;214;214;214m▄[48;2;213;213;213m[38;2;213;213;213m▄[48;2;213;213;213m[38;2;212;212;212m▄[48;2;211;211;211m[38;2;211;211;211m▄[48;2;211;211;211m[38;2;211;211;211m▄[48;2;211;211;211m[38;2;211;211;211m▄[48;2;211;211;211m[38;2;211;211;211m▄[48;2;210;210;210m[38;2;209;209;209m▄[48;2;208;208;208m[38;2;208;208;209m▄[48;2;209;209;209m[38;2;208;208;209m▄[48;2;208;208;208m[38;2;208;208;208m▄[48;2;208;208;208m[38;2;207;207;207m▄[48;2;207;207;207m[38;2;207;207;207m▄[48;2;207;207;208m[38;2;206;206;206m▄[48;2;205;205;205m[38;2;205;204;205m▄[48;2;204;204;204m[38;2;204;204;204m▄[0m
[48;2;216;216;216m[38;2;216;216;216m▄[48;2;216;216;216m[38;2;216;216;216m▄[48;2;216;216;216m[38;2;216;216;216m▄[48;2;217;217;217m[38;2;216;216;216m▄[48;2;217;217;217m[38;2;217;217;217m▄[48;2;219;219;218m[38;2;218;218;218m▄[48;2;219;219;219m[38;2;218;218;218m▄[48;2;220;220;221m[38;2;219;219;219m▄[48;2;221;221;222m[38;2;221;221;221m▄[48;2;222;222;222m[38;2;222;222;222m▄[48;2;223;223;223m[38;2;222;222;222m▄[48;2;223;223;223m[38;2;222;222;222m▄[48;2;223;223;223m[38;2;223;222;223m▄[48;2;223;223;223m[38;2;223;223;223m▄[48;2;224;224;224m[38;2;223;223;223m▄[48;2;224;224;224m[38;2;223;223;223m▄[48;2;224;224;224m[38;2;223;223;223m▄[48;2;224;224;224m[38;2;223;223;223m▄[48;2;224;224;224m[38;2;223;223;223m▄[48;2;223;223;223m[38;2;223;223;223m▄[48;2;223;223;223m[38;2;224;224;224m▄[48;2;224;224;224m[38;2;223;223;223m▄[48;2;224;224;224m[38;2;223;223;223m▄[48;2;224;224;224m[38;2;223;223;223m▄[48;2;223;223;223m[38;2;223;222;222m▄[48;2;223;222;222m[38;2;225;228;227m▄[48;2;223;226;225m[38;2;219;210;212m▄[48;2;220;166;171m[38;2;217;122;136m▄[48;2;234;137;145m[38;2;229;132;142m▄[48;2;240;139;150m[38;2;224;124;135m▄[48;2;236;129;145m[38;2;222;131;139m▄[48;2;234;146;163m[38;2;239;166;171m▄[48;2;230;153;160m[38;2;240;151;163m▄[48;2;140;131;95m[38;2;234;131;148m▄[48;2;115;162;83m[38;2;231;150;157m▄[48;2;123;170;77m[38;2;203;139;142m▄[48;2;124;169;93m[38;2;194;191;196m▄[48;2;161;182;154m[38;2;209;207;213m▄[48;2;208;207;209m[38;2;211;210;210m▄[48;2;216;216;216m[38;2;216;216;216m▄[48;2;216;216;216m[38;2;216;216;216m▄[48;2;216;216;216m[38;2;216;216;217m▄[48;2;217;217;217m[38;2;217;217;216m▄[48;2;216;216;216m[38;2;216;216;216m▄[48;2;216;216;216m[38;2;216;216;216m▄[48;2;215;215;215m[38;2;215;215;215m▄[48;2;215;215;215m[38;2;215;215;215m▄[48;2;214;214;214m[38;2;214;214;214m▄[48;2;213;213;213m[38;2;213;213;213m▄[48;2;213;213;213m[38;2;213;213;213m▄[48;2;212;212;212m[38;2;212;212;212m▄[48;2;210;210;210m[38;2;210;210;210m▄[48;2;210;210;210m[38;2;210;210;210m▄[48;2;211;211;211m[38;2;210;210;210m▄[48;2;211;211;211m[38;2;211;211;211m▄[48;2;209;209;209m[38;2;209;208;210m▄[48;2;209;209;209m[38;2;209;209;209m▄[48;2;209;209;209m[38;2;208;208;208m▄[48;2;208;208;208m[38;2;208;208;208m▄[48;2;207;207;207m[38;2;207;207;207m▄[48;2;207;207;207m[38;2;207;207;207m▄[48;2;206;206;206m[38;2;205;205;205m▄[48;2;204;204;204m[38;2;204;204;204m▄[48;2;204;204;204m[38;2;203;203;203m▄[0m
[48;2;216;216;216m[38;2;215;215;215m▄[48;2;216;216;216m[38;2;216;216;216m▄[48;2;216;216;216m[38;2;216;216;216m▄[48;2;216;216;216m[38;2;216;216;216m▄[48;2;216;216;216m[38;2;216;216;216m▄[48;2;217;217;217m[38;2;216;216;216m▄[48;2;218;218;218m[38;2;217;217;217m▄[48;2;218;218;218m[38;2;218;218;218m▄[48;2;219;219;219m[38;2;218;218;218m▄[48;2;220;220;220m[38;2;219;219;219m▄[48;2;221;221;221m[38;2;220;220;220m▄[48;2;222;222;222m[38;2;221;221;221m▄[48;2;222;222;222m[38;2;221;221;221m▄[48;2;221;221;221m[38;2;221;221;221m▄[48;2;223;223;223m[38;2;222;222;222m▄[48;2;223;223;223m[38;2;222;222;222m▄[48;2;223;223;223m[38;2;222;222;222m▄[48;2;223;223;223m[38;2;222;222;222m▄[48;2;223;223;223m[38;2;223;223;223m▄[48;2;223;223;223m[38;2;223;223;223m▄[48;2;223;223;223m[38;2;223;223;223m▄[48;2;223;223;223m[38;2;222;222;222m▄[48;2;223;223;223m[38;2;222;222;222m▄[48;2;223;222;222m[38;2;223;222;222m▄[48;2;223;222;222m[38;2;224;228;227m▄[48;2;223;227;226m[38;2;214;196;200m▄[48;2;214;155;165m[38;2;222;123;138m▄[48;2;225;126;141m[38;2;235;126;140m▄[48;2;232;137;148m[38;2;219;98;118m▄[48;2;220;129;141m[38;2;213;137;152m▄[48;2;217;147;157m[38;2;253;255;255m▄[48;2;231;141;151m[38;2;224;168;176m▄[48;2;241;163;170m[38;2;224;131;142m▄[48;2;222;131;142m[38;2;224;134;144m▄[48;2;241;154;163m[38;2;224;145;154m▄[48;2;230;138;150m[38;2;218;117;131m▄[48;2;202;148;157m[38;2;218;114;129m▄[48;2;212;219;217m[38;2;219;207;209m▄[48;2;218;217;217m[38;2;229;233;232m▄[48;2;217;218;219m[38;2;219;215;212m▄[48;2;217;217;217m[38;2;215;209;199m▄[48;2;216;216;215m[38;2;214;206;192m▄[48;2;217;219;220m[38;2;213;202;188m▄[48;2;216;216;217m[38;2;215;214;212m▄[48;2;216;216;215m[38;2;215;216;216m▄[48;2;215;215;215m[38;2;215;215;214m▄[48;2;215;215;215m[38;2;214;214;214m▄[48;2;214;214;214m[38;2;213;213;213m▄[48;2;213;213;213m[38;2;213;213;213m▄[48;2;213;213;213m[38;2;211;211;211m▄[48;2;212;212;212m[38;2;211;211;211m▄[48;2;211;211;211m[38;2;211;211;211m▄[48;2;211;211;211m[38;2;211;211;211m▄[48;2;210;210;210m[38;2;210;210;210m▄[48;2;210;210;210m[38;2;209;209;209m▄[48;2;209;209;209m[38;2;209;209;209m▄[48;2;209;209;209m[38;2;208;208;208m▄[48;2;208;208;208m[38;2;208;208;208m▄[48;2;208;208;208m[38;2;207;207;207m▄[48;2;207;207;207m[38;2;207;207;207m▄[48;2;206;206;207m[38;2;206;206;206m▄[48;2;205;205;205m[38;2;205;205;204m▄[48;2;204;204;204m[38;2;203;203;203m▄[48;2;203;203;203m[38;2;203;203;203m▄[0m
[48;2;215;215;215m[38;2;215;215;215m▄[48;2;215;215;215m[38;2;216;216;216m▄[48;2;217;217;217m[38;2;216;216;216m▄[48;2;216;216;216m[38;2;215;215;215m▄[48;2;216;216;216m[38;2;216;216;216m▄[48;2;216;216;216m[38;2;216;216;216m▄[48;2;217;217;217m[38;2;217;217;217m▄[48;2;217;217;217m[38;2;217;217;217m▄[48;2;218;218;218m[38;2;217;217;217m▄[48;2;218;218;218m[38;2;217;217;217m▄[48;2;219;219;219m[38;2;217;217;217m▄[48;2;219;219;219m[38;2;218;218;218m▄[48;2;219;219;219m[38;2;218;218;218m▄[48;2;219;219;220m[38;2;219;219;219m▄[48;2;221;221;221m[38;2;220;220;220m▄[48;2;222;222;222m[38;2;221;221;221m▄[48;2;222;222;222m[38;2;221;221;221m▄[48;2;221;221;221m[38;2;221;221;221m▄[48;2;222;222;222m[38;2;221;221;221m▄[48;2;222;222;222m[38;2;221;221;221m▄[48;2;222;222;222m[38;2;221;221;221m▄[48;2;222;222;222m[38;2;221;220;220m▄[48;2;222;222;222m[38;2;221;220;220m▄[48;2;222;221;221m[38;2;221;219;219m▄[48;2;224;229;228m[38;2;222;221;221m▄[48;2;210;187;192m[38;2;218;217;218m▄[48;2;219;110;127m[38;2;198;110;127m▄[48;2;220;112;129m[38;2;213;101;120m▄[48;2;210;99;119m[38;2;221;105;124m▄[48;2;202;92;112m[38;2;217;105;122m▄[48;2;225;182;190m[38;2;217;106;122m▄[48;2;255;255;255m[38;2;216;150;164m▄[48;2;239;215;219m[38;2;241;228;232m▄[48;2;204;112;128m[38;2;214;119;136m▄[48;2;214;103;121m[38;2;230;120;134m▄[48;2;229;120;134m[38;2;226;113;129m▄[48;2;220;112;127m[38;2;203;122;138m▄[48;2;224;207;211m[38;2;206;208;208m▄[48;2;247;251;249m[38;2;226;225;225m▄[48;2;221;218;215m[38;2;220;220;221m▄[48;2;216;216;215m[38;2;215;215;215m▄[48;2;216;217;218m[38;2;216;216;217m▄[48;2;212;206;197m[38;2;217;220;224m▄[48;2;210;198;181m[38;2;207;193;173m▄[48;2;215;217;218m[38;2;214;214;213m▄[48;2;214;214;214m[38;2;215;215;215m▄[48;2;214;214;214m[38;2;213;213;214m▄[48;2;213;213;213m[38;2;213;212;213m▄[48;2;212;212;212m[38;2;211;211;211m▄[48;2;211;211;211m[38;2;210;210;211m▄[48;2;211;211;211m[38;2;211;211;211m▄[48;2;211;211;211m[38;2;211;211;211m▄[48;2;211;211;211m[38;2;210;210;210m▄[48;2;211;211;211m[38;2;211;210;211m▄[48;2;209;209;209m[38;2;209;209;209m▄[48;2;208;208;208m[38;2;208;208;208m▄[48;2;208;208;208m[38;2;208;208;208m▄[48;2;208;208;208m[38;2;208;208;207m▄[48;2;207;207;207m[38;2;207;207;207m▄[48;2;207;207;207m[38;2;207;207;207m▄[48;2;205;205;205m[38;2;205;205;205m▄[48;2;204;204;204m[38;2;204;204;204m▄[48;2;204;204;204m[38;2;203;203;203m▄[48;2;203;203;203m[38;2;203;203;203m▄[0m
[48;2;214;214;214m[38;2;214;214;214m▄[48;2;215;215;215m[38;2;214;214;214m▄[48;2;215;215;215m[38;2;215;215;215m▄[48;2;215;215;215m[38;2;215;215;215m▄[48;2;217;217;217m[38;2;216;216;216m▄[48;2;217;217;217m[38;2;216;216;216m▄[48;2;217;217;217m[38;2;216;216;216m▄[48;2;217;217;217m[38;2;217;217;217m▄[48;2;217;217;217m[38;2;217;217;217m▄[48;2;216;216;216m[38;2;217;217;217m▄[48;2;216;216;216m[38;2;217;217;217m▄[48;2;217;217;217m[38;2;217;217;217m▄[48;2;217;217;217m[38;2;216;216;216m▄[48;2;217;217;217m[38;2;216;216;216m▄[48;2;217;217;217m[38;2;217;217;217m▄[48;2;218;218;218m[38;2;217;217;217m▄[48;2;219;219;219m[38;2;217;217;217m▄[48;2;220;220;220m[38;2;217;217;217m▄[48;2;219;219;219m[38;2;217;216;216m▄[48;2;220;219;219m[38;2;219;223;223m▄[48;2;220;220;220m[38;2;218;219;218m▄[48;2;220;224;224m[38;2;218;198;199m▄[48;2;219;225;225m[38;2;222;192;194m▄[48;2;219;225;224m[38;2;222;188;191m▄[48;2;218;223;223m[38;2;219;186;189m▄[48;2;223;231;229m[38;2;218;207;208m▄[48;2;204;182;187m[38;2;217;223;223m▄[48;2;212;102;120m[38;2;202;113;130m▄[48;2;222;105;123m[38;2;225;99;116m▄[48;2;210;98;118m[38;2;209;94;112m▄[48;2;233;131;143m[38;2;228;120;135m▄[48;2;225;116;130m[38;2;209;102;120m▄[48;2;195;84;105m[38;2;204;82;105m▄[48;2;203;86;109m[38;2;218;95;114m▄[48;2;211;96;116m[38;2;213;81;103m▄[48;2;197;81;104m[38;2;191;104;123m▄[48;2;190;176;180m[38;2;198;207;206m▄[48;2;206;215;214m[38;2;216;178;180m▄[48;2;216;219;219m[38;2;225;165;168m▄[48;2;217;219;219m[38;2;218;201;204m▄[48;2;217;218;220m[38;2;208;205;195m▄[48;2;213;210;209m[38;2;200;191;169m▄[48;2;204;191;172m[38;2;206;206;195m▄[48;2;207;196;181m[38;2;214;214;214m▄[48;2;214;215;217m[38;2;207;202;194m▄[48;2;213;213;213m[38;2;212;213;213m▄[48;2;213;213;213m[38;2;212;212;212m▄[48;2;212;212;212m[38;2;212;212;212m▄[48;2;211;211;211m[38;2;211;211;211m▄[48;2;211;211;211m[38;2;211;211;211m▄[48;2;211;211;211m[38;2;211;211;211m▄[48;2;211;211;211m[38;2;211;211;211m▄[48;2;210;210;210m[38;2;209;209;209m▄[48;2;209;209;209m[38;2;209;209;209m▄[48;2;209;209;209m[38;2;209;209;209m▄[48;2;208;208;208m[38;2;208;208;208m▄[48;2;208;208;208m[38;2;207;207;207m▄[48;2;207;207;207m[38;2;207;207;207m▄[48;2;207;207;207m[38;2;207;207;207m▄[48;2;206;206;206m[38;2;205;205;205m▄[48;2;204;204;204m[38;2;204;204;204m▄[48;2;204;204;204m[38;2;203;203;203m▄[48;2;203;203;203m[38;2;203;203;203m▄[48;2;203;203;203m[38;2;203;203;203m▄[0m
[48;2;214;214;214m[38;2;214;214;214m▄[48;2;215;215;215m[38;2;214;214;214m▄[48;2;215;215;215m[38;2;215;215;215m▄[48;2;215;215;215m[38;2;215;215;215m▄[48;2;216;216;216m[38;2;215;215;215m▄[48;2;216;216;216m[38;2;215;215;215m▄[48;2;216;216;216m[38;2;215;215;215m▄[48;2;217;217;217m[38;2;215;215;215m▄[48;2;217;217;216m[38;2;216;216;215m▄[48;2;217;217;217m[38;2;217;217;217m▄[48;2;217;217;217m[38;2;217;217;217m▄[48;2;216;216;216m[38;2;217;217;217m▄[48;2;216;216;216m[38;2;217;217;217m▄[48;2;217;217;217m[38;2;217;217;217m▄[48;2;217;217;217m[38;2;217;217;217m▄[48;2;217;217;217m[38;2;217;217;217m▄[48;2;216;216;216m[38;2;217;216;216m▄[48;2;217;216;216m[38;2;217;221;221m▄[48;2;217;221;220m[38;2;214;197;200m▄[48;2;228;216;217m[38;2;230;169;176m▄[48;2;230;178;182m[38;2;234;188;192m▄[48;2;228;156;161m[38;2;211;109;121m▄[48;2;223;140;146m[38;2;232;159;167m▄[48;2;226;143;149m[38;2;218;126;136m▄[48;2;233;158;164m[38;2;211;128;137m▄[48;2;227;148;155m[38;2;243;185;191m▄[48;2;219;192;194m[38;2;218;151;159m▄[48;2;208;195;198m[38;2;214;223;221m▄[48;2;199;107;123m[38;2;208;210;211m▄[48;2;201;84;107m[38;2;197;197;200m▄[48;2;194;103;122m[38;2;202;168;171m▄[48;2;203;128;138m[38;2;238;161;167m▄[48;2;210;129;139m[38;2;222;148;156m▄[48;2;201;88;109m[38;2;194;185;187m▄[48;2;193;100;119m[38;2;195;199;199m▄[48;2;190;183;186m[38;2;204;214;212m▄[48;2;204;179;181m[38;2;217;149;156m▄[48;2;232;157;164m[38;2;233;175;181m▄[48;2;234;166;173m[38;2;213;126;137m▄[48;2;217;159;160m[38;2;209;167;169m▄[48;2;202;199;184m[38;2;209;192;193m▄[48;2;217;181;186m[38;2;231;145;155m▄[48;2;217;190;196m[38;2;225;139;148m▄[48;2;208;207;199m[38;2;209;194;194m▄[48;2;207;203;195m[38;2;212;215;215m▄[48;2;212;213;214m[38;2;210;210;210m▄[48;2;212;211;211m[38;2;211;211;211m▄[48;2;211;211;211m[38;2;211;211;211m▄[48;2;211;211;210m[38;2;211;211;211m▄[48;2;211;211;211m[38;2;211;211;211m▄[48;2;210;211;210m[38;2;209;210;210m▄[48;2;209;210;210m[38;2;209;209;209m▄[48;2;209;209;210m[38;2;209;209;209m▄[48;2;209;209;209m[38;2;209;209;209m▄[48;2;208;208;208m[38;2;208;208;208m▄[48;2;208;208;208m[38;2;207;207;208m▄[48;2;207;207;207m[38;2;207;207;207m▄[48;2;207;207;207m[38;2;207;207;207m▄[48;2;207;207;207m[38;2;206;206;206m▄[48;2;205;205;205m[38;2;204;204;204m▄[48;2;204;204;204m[38;2;203;203;203m▄[48;2;203;203;203m[38;2;203;203;203m▄[48;2;203;203;203m[38;2;203;203;203m▄[48;2;203;203;203m[38;2;203;203;203m▄[0m
[48;2;213;213;213m[38;2;212;212;212m▄[48;2;214;214;214m[38;2;213;213;213m▄[48;2;214;214;214m[38;2;213;213;213m▄[48;2;215;215;215m[38;2;214;214;214m▄[48;2;215;215;215m[38;2;215;215;215m▄[48;2;215;215;215m[38;2;215;215;215m▄[48;2;216;216;216m[38;2;215;215;215m▄[48;2;216;216;216m[38;2;215;215;215m▄[48;2;216;216;216m[38;2;215;215;215m▄[48;2;216;216;216m[38;2;216;216;216m▄[48;2;217;217;217m[38;2;216;216;216m▄[48;2;217;217;217m[38;2;216;216;216m▄[48;2;216;216;216m[38;2;216;216;216m▄[48;2;217;217;217m[38;2;216;216;216m▄[48;2;217;217;217m[38;2;216;216;216m▄[48;2;217;217;217m[38;2;217;216;218m▄[48;2;217;215;215m[38;2;217;215;216m▄[48;2;219;228;227m[38;2;218;223;223m▄[48;2;205;150;158m[38;2;211;181;184m▄[48;2;236;188;194m[38;2;199;104;119m▄[48;2;211;132;142m[38;2;186;79;98m▄[48;2;210;115;126m[38;2;221;143;155m▄[48;2;237;178;185m[38;2;224;151;161m▄[48;2;196;110;122m[38;2;203;110;125m▄[48;2;215;147;156m[38;2;225;159;168m▄[48;2;239;181;188m[38;2;190;90;108m▄[48;2;199;106;119m[38;2;214;131;143m▄[48;2;213;150;159m[38;2;212;134;148m▄[48;2;213;142;152m[38;2;225;158;168m▄[48;2;208;157;164m[38;2;216;130;143m▄[48;2;206;142;149m[38;2;198;99;115m▄[48;2;207;106;119m[38;2;231;170;177m▄[48;2;203;127;137m[38;2;187;86;103m▄[48;2;203;155;163m[38;2;225;153;164m▄[48;2;216;148;157m[38;2;213;134;147m▄[48;2;204;136;145m[38;2;206;117;129m▄[48;2;224;149;158m[38;2;226;158;167m▄[48;2;229;176;180m[38;2;216;154;163m▄[48;2;208;115;127m[38;2;220;154;164m▄[48;2;205;140;149m[38;2;221;142;154m▄[48;2;203;155;161m[38;2;191;92;108m▄[48;2;209;113;125m[38;2;235;169;177m▄[48;2;206;130;140m[38;2;188;121;133m▄[48;2;205;204;205m[38;2;201;203;203m▄[48;2;210;210;210m[38;2;210;210;210m▄[48;2;211;211;211m[38;2;211;210;210m▄[48;2;211;211;211m[38;2;211;211;211m▄[48;2;212;212;212m[38;2;211;211;211m▄[48;2;211;211;210m[38;2;211;211;211m▄[48;2;211;211;210m[38;2;210;211;211m▄[48;2;210;210;211m[38;2;210;211;215m▄[48;2;210;209;211m[38;2;210;209;214m▄[48;2;209;209;209m[38;2;209;208;212m▄[48;2;208;208;208m[38;2;208;208;209m▄[48;2;208;208;208m[38;2;208;208;208m▄[48;2;208;208;206m[38;2;208;208;204m▄[48;2;207;207;207m[38;2;207;207;202m▄[48;2;207;207;206m[38;2;206;206;203m▄[48;2;205;204;205m[38;2;204;204;203m▄[48;2;204;204;204m[38;2;204;203;204m▄[48;2;204;204;204m[38;2;203;203;203m▄[48;2;203;203;203m[38;2;203;202;203m▄[48;2;202;202;202m[38;2;203;203;203m▄[48;2;202;202;202m[38;2;202;202;203m▄[0m
[48;2;211;211;211m[38;2;210;210;210m▄[48;2;212;212;212m[38;2;210;210;210m▄[48;2;212;212;213m[38;2;211;211;211m▄[48;2;212;212;212m[38;2;211;211;211m▄[48;2;213;213;213m[38;2;213;213;213m▄[48;2;214;214;214m[38;2;214;214;214m▄[48;2;214;214;214m[38;2;214;214;214m▄[48;2;215;215;215m[38;2;215;215;215m▄[48;2;215;215;215m[38;2;215;215;215m▄[48;2;215;215;215m[38;2;215;214;215m▄[48;2;215;215;215m[38;2;214;215;215m▄[48;2;216;216;216m[38;2;215;215;215m▄[48;2;216;216;216m[38;2;215;215;215m▄[48;2;215;215;215m[38;2;215;215;215m▄[48;2;215;215;215m[38;2;215;215;215m▄[48;2;216;216;217m[38;2;216;216;216m▄[48;2;216;216;216m[38;2;216;216;216m▄[48;2;216;215;215m[38;2;216;216;216m▄[48;2;217;218;219m[38;2;217;216;215m▄[48;2;208;193;196m[38;2;205;206;203m▄[48;2;182;106;122m[38;2;190;107;126m▄[48;2;224;135;150m[38;2;225;128;144m▄[48;2;201;115;132m[38;2;154;58;81m▄[48;2;232;157;168m[38;2;218;126;141m▄[48;2;178;86;105m[38;2;201;113;129m▄[48;2;190;98;116m[38;2;174;76;99m▄[48;2;227;151;163m[38;2;234;143;156m▄[48;2;167;58;81m[38;2;195;106;123m▄[48;2;231;158;168m[38;2;238;151;162m▄[48;2;180;79;100m[38;2;189;93;114m▄[48;2;218;134;146m[38;2;232;145;156m▄[48;2;196;108;123m[38;2;196;100;118m▄[48;2;202;110;126m[38;2;209;120;138m▄[48;2;217;141;154m[38;2;218;126;141m▄[48;2;169;69;90m[38;2;181;96;115m▄[48;2;182;83;103m[38;2;205;121;137m▄[48;2;239;166;175m[38;2;238;151;163m▄[48;2;195;109;126m[38;2;160;49;76m▄[48;2;212;126;141m[38;2;225;130;145m▄[48;2;194;103;119m[38;2;196;105;122m▄[48;2;203;109;125m[38;2;223;139;151m▄[48;2;213;129;143m[38;2;205;113;130m▄[48;2;174;65;87m[38;2;177;78;100m▄[48;2;193;131;144m[38;2;190;143;154m▄[48;2;211;217;218m[38;2;207;214;213m▄[48;2;210;208;208m[38;2;210;209;209m▄[48;2;210;210;210m[38;2;210;210;210m▄[48;2;211;211;211m[38;2;211;211;211m▄[48;2;211;211;211m[38;2;211;211;211m▄[48;2;209;210;211m[38;2;210;210;210m▄[48;2;207;212;215m[38;2;207;209;211m▄[48;2;208;209;215m[38;2;207;208;212m▄[48;2;209;208;213m[38;2;209;208;211m▄[48;2;208;208;209m[38;2;208;208;209m▄[48;2;208;208;208m[38;2;208;208;208m▄[48;2;208;208;207m[38;2;208;208;206m▄[48;2;207;208;202m[38;2;205;207;201m▄[48;2;206;207;201m[38;2;204;207;201m▄[48;2;203;204;200m[38;2;203;205;203m▄[48;2;203;203;203m[38;2;203;203;203m▄[48;2;203;203;203m[38;2;203;203;203m▄[48;2;203;203;203m[38;2;202;202;202m▄[48;2;202;202;202m[38;2;201;201;201m▄[48;2;202;202;202m[38;2;201;201;201m▄[0m
[48;2;210;210;210m[38;2;210;210;210m▄[48;2;210;210;210m[38;2;210;210;210m▄[48;2;210;210;210m[38;2;210;210;210m▄[48;2;210;210;210m[38;2;210;210;210m▄[48;2;211;211;211m[38;2;210;210;210m▄[48;2;212;212;212m[38;2;210;210;210m▄[48;2;213;213;213m[38;2;212;212;212m▄[48;2;213;213;213m[38;2;212;212;212m▄[48;2;214;214;214m[38;2;212;212;212m▄[48;2;214;214;214m[38;2;213;213;213m▄[48;2;215;215;215m[38;2;214;214;214m▄[48;2;215;215;215m[38;2;214;214;214m▄[48;2;215;215;215m[38;2;214;214;214m▄[48;2;215;215;215m[38;2;215;215;215m▄[48;2;214;215;214m[38;2;214;214;214m▄[48;2;215;215;215m[38;2;215;215;215m▄[48;2;215;215;214m[38;2;215;214;214m▄[48;2;216;217;219m[38;2;217;218;221m▄[48;2;208;203;194m[38;2;202;192;179m▄[48;2;203;192;189m[38;2;209;206;196m▄[48;2;180;85;107m[38;2;196;160;173m▄[48;2;192;82;103m[38;2;173;105;121m▄[48;2;178;140;152m[38;2;195;186;179m▄[48;2;176;90;113m[38;2;185;150;149m▄[48;2;234;136;151m[38;2;177;71;95m▄[48;2;174;74;97m[38;2;232;130;147m▄[48;2;176;71;94m[38;2;185;95;114m▄[48;2;183;87;108m[38;2;162;84;102m▄[48;2;179;76;100m[38;2;156;57;82m▄[48;2;183;91;111m[38;2;181;122;136m▄[48;2;179;86;108m[38;2;181;138;149m▄[48;2;190;97;118m[38;2;176;100;118m▄[48;2;168;75;97m[38;2;187;117;132m▄[48;2;186;90;111m[38;2;169;81;101m▄[48;2;186;92;112m[38;2;170;78;100m▄[48;2;161;59;84m[38;2;184;102;121m▄[48;2;175;73;96m[38;2;173;82;104m▄[48;2;175;101;119m[38;2;195;183;187m▄[48;2;180;83;105m[38;2;193;173;175m▄[48;2;181;82;107m[38;2;188;164;163m▄[48;2;172;74;98m[38;2;192;175;174m▄[48;2;186;81;104m[38;2;186;160;168m▄[48;2;178;109;126m[38;2;193;192;188m▄[48;2;191;192;192m[38;2;197;197;195m▄[48;2;203;203;203m[38;2;207;207;208m▄[48;2;210;210;210m[38;2;209;209;208m▄[48;2;210;210;210m[38;2;209;209;209m▄[48;2;209;209;209m[38;2;209;209;209m▄[48;2;210;210;210m[38;2;208;208;208m▄[48;2;208;209;208m[38;2;208;208;208m▄[48;2;208;207;209m[38;2;208;208;208m▄[48;2;208;207;209m[38;2;207;207;207m▄[48;2;208;207;208m[38;2;207;207;207m▄[48;2;207;207;207m[38;2;207;207;207m▄[48;2;208;208;206m[38;2;206;206;204m▄[48;2;207;208;203m[38;2;207;207;201m▄[48;2;205;207;202m[38;2;206;206;202m▄[48;2;203;206;201m[38;2;203;205;203m▄[48;2;202;205;204m[38;2;202;204;203m▄[48;2;202;203;203m[38;2;203;203;203m▄[48;2;202;202;202m[38;2;202;202;202m▄[48;2;201;201;201m[38;2;201;201;201m▄[48;2;201;201;201m[38;2;201;201;201m▄[48;2;201;201;201m[38;2;201;201;201m▄[0m
[48;2;209;209;209m[38;2;209;209;209m▄[48;2;210;210;210m[38;2;210;210;210m▄[48;2;210;210;210m[38;2;210;210;210m▄[48;2;210;210;210m[38;2;210;210;210m▄[48;2;210;210;210m[38;2;210;210;210m▄[48;2;210;210;210m[38;2;211;211;211m▄[48;2;211;211;211m[38;2;212;212;212m▄[48;2;211;211;211m[38;2;212;212;212m▄[48;2;211;211;211m[38;2;212;212;212m▄[48;2;212;212;212m[38;2;212;212;212m▄[48;2;212;212;212m[38;2;212;212;212m▄[48;2;213;213;213m[38;2;213;213;213m▄[48;2;213;213;213m[38;2;213;213;213m▄[48;2;213;213;213m[38;2;213;213;213m▄[48;2;213;213;213m[38;2;213;213;213m▄[48;2;214;214;214m[38;2;214;214;214m▄[48;2;214;214;214m[38;2;213;213;213m▄[48;2;215;215;215m[38;2;213;213;213m▄[48;2;212;210;210m[38;2;214;214;216m▄[48;2;197;183;168m[38;2;213;214;215m▄[48;2;201;192;176m[38;2;207;204;202m▄[48;2;197;191;174m[38;2;209;207;206m▄[48;2;195;186;175m[38;2;211;211;214m▄[48;2;210;214;210m[38;2;209;208;210m▄[48;2;185;143;155m[38;2;213;219;217m▄[48;2;173;74;97m[38;2;194;171;178m▄[48;2;208;103;122m[38;2;169;102;121m▄[48;2;201;102;121m[38;2;172;88;110m▄[48;2;196;107;125m[38;2;173;83;105m▄[48;2;193;94;115m[38;2;172;89;110m▄[48;2;194;109;127m[38;2;175;86;108m▄[48;2;177;92;113m[38;2;179;82;104m▄[48;2;159;63;86m[38;2;182;82;106m▄[48;2;177;108;124m[38;2;183;99;119m▄[48;2;178;122;135m[38;2;187;101;120m▄[48;2;171;86;105m[38;2;199;108;125m▄[48;2;197;103;123m[38;2;169;65;89m▄[48;2;178;136;146m[38;2;185;157;164m▄[48;2;205;210;196m[38;2;209;214;214m▄[48;2;198;191;177m[38;2;210;209;213m▄[48;2;197;189;171m[38;2;208;208;211m▄[48;2;199;195;178m[38;2;207;204;205m▄[48;2;202;194;185m[38;2;208;207;208m▄[48;2;206;205;204m[38;2;207;207;208m▄[48;2;209;209;209m[38;2;208;207;207m▄[48;2;209;209;208m[38;2;208;208;208m▄[48;2;208;208;208m[38;2;208;208;208m▄[48;2;208;208;208m[38;2;207;207;207m▄[48;2;208;208;208m[38;2;207;207;207m▄[48;2;207;207;207m[38;2;207;206;207m▄[48;2;207;206;207m[38;2;206;206;207m▄[48;2;207;207;207m[38;2;206;206;206m▄[48;2;206;206;206m[38;2;206;206;205m▄[48;2;205;205;205m[38;2;205;205;205m▄[48;2;204;204;201m[38;2;203;203;202m▄[48;2;204;204;201m[38;2;204;204;203m▄[48;2;203;203;202m[38;2;203;203;203m▄[48;2;203;203;204m[38;2;203;203;203m▄[48;2;203;203;203m[38;2;203;203;203m▄[48;2;203;203;203m[38;2;202;202;202m▄[48;2;202;202;202m[38;2;201;201;201m▄[48;2;201;201;201m[38;2;201;201;201m▄[48;2;201;201;202m[38;2;201;201;201m▄[48;2;201;201;201m[38;2;201;201;201m▄[0m
[48;2;212;212;212m[38;2;216;216;216m▄[48;2;213;213;213m[38;2;216;216;216m▄[48;2;213;213;213m[38;2;216;216;216m▄[48;2;213;213;214m[38;2;216;216;216m▄[48;2;214;214;214m[38;2;216;216;216m▄[48;2;214;214;214m[38;2;217;217;217m▄[48;2;215;215;215m[38;2;216;216;216m▄[48;2;215;215;215m[38;2;216;216;216m▄[48;2;215;215;215m[38;2;217;216;216m▄[48;2;215;215;216m[38;2;216;216;216m▄[48;2;216;216;216m[38;2;217;217;217m▄[48;2;216;216;216m[38;2;217;217;217m▄[48;2;215;215;215m[38;2;217;217;217m▄[48;2;215;215;216m[38;2;217;217;217m▄[48;2;216;216;216m[38;2;217;217;217m▄[48;2;216;216;216m[38;2;217;217;217m▄[48;2;216;216;216m[38;2;217;217;217m▄[48;2;216;216;216m[38;2;218;218;218m▄[48;2;216;216;215m[38;2;217;217;217m▄[48;2;216;216;215m[38;2;217;217;218m▄[48;2;216;216;217m[38;2;217;216;216m▄[48;2;215;215;215m[38;2;218;218;218m▄[48;2;216;216;216m[38;2;212;208;209m▄[48;2;222;225;224m[38;2;176;156;161m▄[48;2;219;219;219m[38;2;191;181;183m▄[48;2;219;226;224m[38;2;177;160;164m▄[48;2;213;219;217m[38;2;186;174;177m▄[48;2;204;201;203m[38;2;173;160;162m▄[48;2;197;192;193m[38;2;175;165;166m▄[48;2;200;202;200m[38;2;164;148;150m▄[48;2;194;181;184m[38;2;157;140;144m▄[48;2;170;118;131m[38;2;193;200;198m▄[48;2;167;90;109m[38;2;190;189;189m▄[48;2;174;86;107m[38;2;165;140;146m▄[48;2;175;82;105m[38;2;158;127;133m▄[48;2;166;85;104m[38;2;171;155;156m▄[48;2;179;141;150m[38;2;166;155;156m▄[48;2;196;201;199m[38;2;181;172;174m▄[48;2;211;213;213m[38;2;174;158;162m▄[48;2;212;212;211m[38;2;204;202;203m▄[48;2;209;209;208m[38;2;215;216;216m▄[48;2;210;210;210m[38;2;212;211;211m▄[48;2;209;209;209m[38;2;212;211;212m▄[48;2;209;209;209m[38;2;211;211;211m▄[48;2;209;209;210m[38;2;210;210;211m▄[48;2;209;210;210m[38;2;210;210;210m▄[48;2;209;210;210m[38;2;210;210;210m▄[48;2;210;209;209m[38;2;210;210;210m▄[48;2;209;209;209m[38;2;210;210;210m▄[48;2;208;208;209m[38;2;210;210;210m▄[48;2;208;208;208m[38;2;210;210;210m▄[48;2;208;208;208m[38;2;209;209;210m▄[48;2;207;207;208m[38;2;209;209;209m▄[48;2;207;207;207m[38;2;209;209;209m▄[48;2;207;207;207m[38;2;209;209;209m▄[48;2;207;207;207m[38;2;208;208;209m▄[48;2;206;206;207m[38;2;208;208;208m▄[48;2;206;206;206m[38;2;208;208;208m▄[48;2;205;205;205m[38;2;207;207;207m▄[48;2;204;204;204m[38;2;206;206;206m▄[48;2;204;204;204m[38;2;206;206;207m▄[48;2;203;203;203m[38;2;206;206;206m▄[48;2;202;202;202m[38;2;206;206;206m▄[48;2;202;202;202m[38;2;205;205;205m▄[0m
[48;2;218;218;218m[38;2;222;222;222m▄[48;2;218;218;218m[38;2;223;223;223m▄[48;2;219;219;219m[38;2;223;223;223m▄[48;2;219;219;219m[38;2;223;223;223m▄[48;2;219;219;219m[38;2;223;223;223m▄[48;2;220;220;220m[38;2;224;224;224m▄[48;2;220;220;220m[38;2;224;224;224m▄[48;2;220;220;220m[38;2;224;224;224m▄[48;2;220;220;220m[38;2;224;224;224m▄[48;2;221;221;221m[38;2;224;224;224m▄[48;2;221;221;221m[38;2;224;224;224m▄[48;2;221;221;221m[38;2;224;224;224m▄[48;2;221;221;221m[38;2;224;224;224m▄[48;2;221;221;221m[38;2;224;224;224m▄[48;2;221;221;221m[38;2;224;224;224m▄[48;2;221;221;221m[38;2;224;224;224m▄[48;2;219;219;219m[38;2;224;224;224m▄[48;2;216;216;216m[38;2;223;223;223m▄[48;2;211;211;211m[38;2;219;219;219m▄[48;2;204;204;205m[38;2;217;217;217m▄[48;2;200;200;200m[38;2;202;199;200m▄[48;2;202;205;206m[38;2;193;186;188m▄[48;2;186;180;181m[38;2;188;180;180m▄[48;2;124;88;94m[38;2;175;161;163m▄[48;2;159;140;144m[38;2;176;163;165m▄[48;2;127;92;99m[38;2;172;158;161m▄[48;2;152;128;133m[38;2;174;163;164m▄[48;2;143;115;119m[38;2;170;158;160m▄[48;2;160;138;141m[38;2;169;157;160m▄[48;2;144;119;124m[38;2;177;168;169m▄[48;2;126;91;98m[38;2;179;169;170m▄[48;2;191;184;185m[38;2;169;157;157m▄[48;2;199;200;200m[38;2;180;175;177m▄[48;2;146;124;128m[38;2;169;156;158m▄[48;2;130;99;105m[38;2;168;153;155m▄[48;2;155;136;139m[38;2;172;159;161m▄[48;2;141;108;115m[38;2;162;145;148m▄[48;2;164;146;147m[38;2;184;178;179m▄[48;2;135;104;110m[38;2;183;173;176m▄[48;2;170;155;160m[38;2;174;160;163m▄[48;2;195;193;194m[38;2;179;169;171m▄[48;2;202;204;204m[38;2;183;175;177m▄[48;2;201;202;202m[38;2;186;178;181m▄[48;2;203;202;203m[38;2;206;206;206m▄[48;2;207;207;208m[38;2;212;212;212m▄[48;2;210;210;211m[38;2;215;215;215m▄[48;2;213;213;213m[38;2;215;216;216m▄[48;2;214;214;214m[38;2;215;215;215m▄[48;2;213;213;213m[38;2;215;215;215m▄[48;2;213;213;213m[38;2;215;215;216m▄[48;2;213;212;214m[38;2;215;215;216m▄[48;2;212;212;212m[38;2;215;215;215m▄[48;2;212;212;212m[38;2;215;215;215m▄[48;2;211;211;211m[38;2;214;214;214m▄[48;2;210;210;210m[38;2;213;213;213m▄[48;2;210;210;210m[38;2;212;212;212m▄[48;2;210;210;210m[38;2;212;212;212m▄[48;2;209;209;209m[38;2;210;210;210m▄[48;2;213;212;213m[38;2;218;218;217m▄[48;2;216;216;216m[38;2;222;222;222m▄[48;2;209;209;209m[38;2;211;211;210m▄[48;2;208;208;208m[38;2;209;209;209m▄[48;2;208;208;208m[38;2;210;210;210m▄[48;2;208;208;208m[38;2;210;210;210m▄[0m
[48;2;225;225;225m[38;2;227;227;227m▄[48;2;225;225;225m[38;2;228;228;228m▄[48;2;226;226;226m[38;2;228;228;228m▄[48;2;226;226;226m[38;2;228;228;228m▄[48;2;226;226;226m[38;2;228;228;228m▄[48;2;226;226;226m[38;2;228;228;228m▄[48;2;226;226;226m[38;2;229;229;229m▄[48;2;226;226;226m[38;2;229;229;229m▄[48;2;226;226;226m[38;2;229;229;229m▄[48;2;226;226;226m[38;2;228;228;228m▄[48;2;226;226;226m[38;2;228;228;228m▄[48;2;227;227;227m[38;2;228;228;228m▄[48;2;227;227;227m[38;2;228;228;228m▄[48;2;227;227;227m[38;2;229;229;229m▄[48;2;227;227;227m[38;2;228;228;228m▄[48;2;226;226;226m[38;2;228;228;228m▄[48;2;227;227;227m[38;2;228;228;228m▄[48;2;228;228;228m[38;2;228;228;228m▄[48;2;226;226;226m[38;2;228;228;228m▄[48;2;231;233;232m[38;2;228;228;228m▄[48;2;207;199;202m[38;2;226;226;226m▄[48;2;173;150;156m[38;2;226;226;226m▄[48;2;169;144;147m[38;2;228;228;227m▄[48;2;182;165;168m[38;2;225;224;224m▄[48;2;193;178;180m[38;2;225;225;225m▄[48;2;196;184;185m[38;2;228;228;228m▄[48;2;169;144;148m[38;2;226;226;226m▄[48;2;179;159;162m[38;2;224;224;223m▄[48;2;182;163;166m[38;2;223;223;222m▄[48;2;185;169;172m[38;2;222;221;221m▄[48;2;194;181;183m[38;2;226;226;226m▄[48;2;172;149;152m[38;2;227;227;228m▄[48;2;192;181;184m[38;2;225;225;225m▄[48;2;180;162;165m[38;2;223;223;222m▄[48;2;176;158;160m[38;2;223;222;223m▄[48;2;175;155;157m[38;2;223;223;223m▄[48;2;177;158;161m[38;2;225;225;225m▄[48;2;205;198;200m[38;2;223;223;223m▄[48;2;184;169;172m[38;2;220;218;218m▄[48;2;193;180;183m[38;2;223;224;223m▄[48;2;184;166;168m[38;2;220;219;219m▄[48;2;168;144;149m[38;2;222;222;223m▄[48;2;183;168;170m[38;2;221;222;222m▄[48;2;218;217;218m[38;2;219;219;219m▄[48;2;218;218;218m[38;2;217;217;217m▄[48;2;217;217;217m[38;2;217;217;217m▄[48;2;216;216;216m[38;2;217;217;217m▄[48;2;216;216;216m[38;2;217;217;217m▄[48;2;216;216;216m[38;2;216;216;216m▄[48;2;215;215;215m[38;2;216;216;216m▄[48;2;215;215;215m[38;2;216;216;216m▄[48;2;215;215;215m[38;2;216;216;216m▄[48;2;215;215;215m[38;2;216;216;216m▄[48;2;215;215;215m[38;2;216;216;216m▄[48;2;214;214;214m[38;2;215;215;215m▄[48;2;214;214;214m[38;2;215;215;215m▄[48;2;214;214;214m[38;2;214;214;214m▄[48;2;213;213;213m[38;2;214;214;214m▄[48;2;213;213;213m[38;2;215;214;215m▄[48;2;212;212;212m[38;2;215;214;215m▄[48;2;211;211;211m[38;2;214;214;214m▄[48;2;211;211;211m[38;2;214;214;213m▄[48;2;211;211;211m[38;2;213;213;213m▄[48;2;210;210;210m[38;2;212;212;212m▄[0m
[48;2;229;229;229m[38;2;231;231;231m▄[48;2;230;230;230m[38;2;231;231;231m▄[48;2;230;230;230m[38;2;231;231;231m▄[48;2;230;230;230m[38;2;231;231;231m▄[48;2;230;230;230m[38;2;231;231;231m▄[48;2;229;229;229m[38;2;230;230;230m▄[48;2;230;230;230m[38;2;231;231;231m▄[48;2;230;230;230m[38;2;231;231;231m▄[48;2;230;230;230m[38;2;230;230;230m▄[48;2;230;230;230m[38;2;231;231;231m▄[48;2;230;230;230m[38;2;231;231;231m▄[48;2;230;230;230m[38;2;231;231;231m▄[48;2;230;230;230m[38;2;231;231;231m▄[48;2;231;231;231m[38;2;230;230;230m▄[48;2;230;230;230m[38;2;231;231;231m▄[48;2;230;230;230m[38;2;231;231;231m▄[48;2;230;230;230m[38;2;231;231;231m▄[48;2;230;230;230m[38;2;230;230;230m▄[48;2;230;230;230m[38;2;230;230;230m▄[48;2;230;230;230m[38;2;230;230;230m▄[48;2;229;229;229m[38;2;229;229;229m▄[48;2;230;230;230m[38;2;229;229;229m▄[48;2;228;228;228m[38;2;229;229;229m▄[48;2;228;228;228m[38;2;229;229;229m▄[48;2;228;228;228m[38;2;228;228;228m▄[48;2;227;227;227m[38;2;227;227;227m▄[48;2;227;227;227m[38;2;227;227;227m▄[48;2;228;228;228m[38;2;227;227;227m▄[48;2;227;228;228m[38;2;227;227;227m▄[48;2;228;228;228m[38;2;226;226;226m▄[48;2;226;226;226m[38;2;226;226;226m▄[48;2;225;225;225m[38;2;227;227;227m▄[48;2;225;225;225m[38;2;225;225;225m▄[48;2;225;225;225m[38;2;225;225;225m▄[48;2;224;224;224m[38;2;224;224;224m▄[48;2;223;223;223m[38;2;225;225;225m▄[48;2;223;222;223m[38;2;224;224;224m▄[48;2;223;223;223m[38;2;223;223;223m▄[48;2;223;224;224m[38;2;223;223;223m▄[48;2;222;222;222m[38;2;223;223;223m▄[48;2;223;223;223m[38;2;222;222;222m▄[48;2;222;222;222m[38;2;222;222;222m▄[48;2;221;221;221m[38;2;221;221;221m▄[48;2;220;220;220m[38;2;221;221;221m▄[48;2;220;220;220m[38;2;220;220;220m▄[48;2;218;218;218m[38;2;219;219;219m▄[48;2;217;217;217m[38;2;218;218;218m▄[48;2;217;217;217m[38;2;217;217;217m▄[48;2;216;216;216m[38;2;217;217;217m▄[48;2;216;216;216m[38;2;216;216;216m▄[48;2;216;216;216m[38;2;216;216;216m▄[48;2;216;216;216m[38;2;216;216;216m▄[48;2;216;216;216m[38;2;216;216;216m▄[48;2;217;217;217m[38;2;216;216;216m▄[48;2;216;216;216m[38;2;216;216;216m▄[48;2;215;215;215m[38;2;216;216;216m▄[48;2;215;215;215m[38;2;216;216;216m▄[48;2;216;216;216m[38;2;216;216;216m▄[48;2;216;216;216m[38;2;216;216;216m▄[48;2;215;215;215m[38;2;216;216;216m▄[48;2;215;215;215m[38;2;216;216;216m▄[48;2;215;215;215m[38;2;216;216;216m▄[48;2;215;215;215m[38;2;215;215;215m▄[48;2;215;215;215m[38;2;215;215;215m▄[0m
