[48;2;222;222;222m[38;2;221;221;221m▄[48;2;222;222;222m[38;2;222;222;222m▄[48;2;223;223;223m[38;2;223;223;223m▄[48;2;223;223;223m[38;2;223;223;223m▄[48;2;223;223;223m[38;2;223;223;223m▄[48;2;224;224;224m[38;2;224;224;224m▄[48;2;224;224;223m[38;2;224;224;223m▄[48;2;225;225;225m[38;2;224;224;224m▄[48;2;225;225;225m[38;2;224;224;223m▄[48;2;224;224;225m[38;2;224;224;223m▄[48;2;227;227;226m[38;2;225;225;225m▄[48;2;228;228;228m[38;2;226;226;226m▄[48;2;228;228;228m[38;2;227;226;227m▄[48;2;227;227;227m[38;2;227;227;227m▄[48;2;227;227;227m[38;2;227;227;227m▄[48;2;227;227;227m[38;2;227;227;227m▄[48;2;228;228;228m[38;2;227;227;227m▄[48;2;227;227;227m[38;2;227;227;227m▄[48;2;226;226;226m[38;2;226;226;226m▄[48;2;227;227;227m[38;2;227;227;227m▄[48;2;227;227;227m[38;2;226;226;226m▄[48;2;227;227;227m[38;2;227;227;227m▄[48;2;227;227;227m[38;2;227;227;227m▄[48;2;227;227;227m[38;2;226;226;226m▄[48;2;227;227;227m[38;2;227;227;227m▄[48;2;227;227;227m[38;2;227;227;227m▄[48;2;227;227;227m[38;2;226;226;226m▄[48;2;226;226;226m[38;2;225;225;225m▄[48;2;225;225;225m[38;2;225;225;225m▄[48;2;224;224;224m[38;2;224;224;224m▄[48;2;224;224;224m[38;2;224;224;224m▄[48;2;224;224;224m[38;2;224;224;224m▄[48;2;225;225;225m[38;2;225;225;225m▄[48;2;224;224;224m[38;2;224;224;224m▄[48;2;223;223;223m[38;2;223;223;223m▄[48;2;223;223;223m[38;2;223;223;223m▄[48;2;223;223;223m[38;2;223;223;223m▄[48;2;223;223;223m[38;2;222;222;222m▄[48;2;222;222;222m[38;2;221;221;221m▄[48;2;221;221;221m[38;2;221;221;221m▄[48;2;220;220;220m[38;2;220;220;220m▄[48;2;218;218;218m[38;2;218;218;218m▄[48;2;217;217;217m[38;2;217;217;217m▄[48;2;217;217;217m[38;2;218;218;218m▄[48;2;217;217;217m[38;2;216;216;216m▄[48;2;216;216;216m[38;2;216;216;216m▄[48;2;216;216;216m[38;2;216;216;216m▄[48;2;215;215;215m[38;2;215;215;215m▄[48;2;216;216;216m[38;2;216;216;216m▄[48;2;215;215;215m[38;2;215;215;215m▄[48;2;215;215;215m[38;2;214;214;214m▄[48;2;215;215;215m[38;2;213;213;213m▄[48;2;214;214;214m[38;2;214;214;214m▄[48;2;213;213;213m[38;2;214;214;214m▄[48;2;212;212;212m[38;2;211;211;211m▄[48;2;212;212;212m[38;2;211;211;211m▄[48;2;211;211;211m[38;2;211;211;210m▄[48;2;210;210;210m[38;2;211;211;211m▄[48;2;209;209;210m[38;2;211;211;211m▄[48;2;208;208;209m[38;2;209;209;209m▄[48;2;208;209;208m[38;2;208;208;208m▄[48;2;209;209;209m[38;2;209;209;209m▄[48;2;207;207;207m[38;2;208;208;208m▄[48;2;207;207;207m[38;2;207;207;207m▄[0m
[48;2;221;221;221m[38;2;221;221;221m▄[48;2;222;222;222m[38;2;222;222;222m▄[48;2;222;222;222m[38;2;222;222;222m▄[48;2;223;223;223m[38;2;223;223;223m▄[48;2;223;223;223m[38;2;223;223;223m▄[48;2;223;223;224m[38;2;223;223;222m▄[48;2;224;224;222m[38;2;224;224;220m▄[48;2;224;224;222m[38;2;224;224;221m▄[48;2;224;224;221m[38;2;224;224;221m▄[48;2;224;224;221m[38;2;225;225;222m▄[48;2;224;224;223m[38;2;225;225;221m▄[48;2;224;225;222m[38;2;224;224;221m▄[48;2;225;225;224m[38;2;224;225;222m▄[48;2;225;225;224m[38;2;225;225;224m▄[48;2;226;225;224m[38;2;225;225;224m▄[48;2;226;226;226m[38;2;226;226;225m▄[48;2;226;226;227m[38;2;225;225;223m▄[48;2;226;226;225m[38;2;226;226;225m▄[48;2;227;227;227m[38;2;228;228;228m▄[48;2;227;227;227m[38;2;227;227;227m▄[48;2;227;227;227m[38;2;227;227;227m▄[48;2;227;227;227m[38;2;227;227;227m▄[48;2;227;227;227m[38;2;226;226;226m▄[48;2;227;227;227m[38;2;227;227;227m▄[48;2;227;227;227m[38;2;227;227;227m▄[48;2;226;226;226m[38;2;225;225;225m▄[48;2;227;227;227m[38;2;225;225;225m▄[48;2;224;224;224m[38;2;225;225;225m▄[48;2;224;224;224m[38;2;224;224;224m▄[48;2;224;224;224m[38;2;224;224;224m▄[48;2;224;224;224m[38;2;224;224;224m▄[48;2;225;225;225m[38;2;224;224;224m▄[48;2;224;224;224m[38;2;223;223;223m▄[48;2;223;223;223m[38;2;223;223;223m▄[48;2;223;223;223m[38;2;223;223;223m▄[48;2;223;223;223m[38;2;223;223;223m▄[48;2;222;222;222m[38;2;222;222;222m▄[48;2;222;222;222m[38;2;222;222;222m▄[48;2;222;222;222m[38;2;221;221;221m▄[48;2;220;220;220m[38;2;221;221;221m▄[48;2;220;220;220m[38;2;220;220;220m▄[48;2;218;218;218m[38;2;218;218;218m▄[48;2;217;217;217m[38;2;217;217;217m▄[48;2;217;217;217m[38;2;216;216;216m▄[48;2;216;216;216m[38;2;216;216;216m▄[48;2;216;216;216m[38;2;217;216;217m▄[48;2;216;216;216m[38;2;216;216;216m▄[48;2;215;215;215m[38;2;215;215;215m▄[48;2;215;215;215m[38;2;215;215;215m▄[48;2;215;215;215m[38;2;215;215;215m▄[48;2;215;215;215m[38;2;215;215;215m▄[48;2;213;213;213m[38;2;213;213;213m▄[48;2;214;214;214m[38;2;213;213;213m▄[48;2;212;212;212m[38;2;212;212;213m▄[48;2;211;211;211m[38;2;211;211;212m▄[48;2;211;211;211m[38;2;211;211;211m▄[48;2;210;210;211m[38;2;210;210;210m▄[48;2;210;210;210m[38;2;210;210;210m▄[48;2;210;210;211m[38;2;210;210;210m▄[48;2;209;209;209m[38;2;208;208;209m▄[48;2;208;208;208m[38;2;208;208;208m▄[48;2;208;208;208m[38;2;208;208;209m▄[48;2;208;208;208m[38;2;208;207;209m▄[48;2;207;207;207m[38;2;208;208;208m▄[0m
[48;2;221;221;221m[38;2;221;221;221m▄[48;2;221;221;221m[38;2;221;221;221m▄[48;2;222;222;222m[38;2;222;222;222m▄[48;2;223;223;222m[38;2;223;223;221m▄[48;2;223;223;221m[38;2;224;223;220m▄[48;2;222;222;219m[38;2;223;223;220m▄[48;2;223;223;219m[38;2;223;222;219m▄[48;2;223;223;220m[38;2;224;222;219m▄[48;2;223;223;220m[38;2;223;223;219m▄[48;2;224;224;222m[38;2;224;224;220m▄[48;2;224;224;221m[38;2;225;223;219m▄[48;2;225;225;221m[38;2;224;225;220m▄[48;2;225;225;222m[38;2;226;225;221m▄[48;2;226;225;223m[38;2;225;224;220m▄[48;2;225;224;223m[38;2;225;224;221m▄[48;2;225;225;222m[38;2;224;224;221m▄[48;2;225;225;223m[38;2;224;224;223m▄[48;2;225;225;225m[38;2;225;225;224m▄[48;2;227;227;227m[38;2;226;226;225m▄[48;2;227;227;227m[38;2;227;227;227m▄[48;2;227;227;227m[38;2;226;225;225m▄[48;2;226;226;226m[38;2;224;224;224m▄[48;2;226;226;226m[38;2;226;226;226m▄[48;2;225;225;225m[38;2;224;224;224m▄[48;2;224;224;224m[38;2;224;224;224m▄[48;2;224;224;224m[38;2;224;224;224m▄[48;2;224;224;224m[38;2;224;224;224m▄[48;2;224;224;224m[38;2;224;224;224m▄[48;2;224;224;224m[38;2;224;224;224m▄[48;2;224;224;224m[38;2;224;224;224m▄[48;2;225;225;225m[38;2;225;225;225m▄[48;2;224;224;224m[38;2;224;224;224m▄[48;2;223;223;223m[38;2;223;223;223m▄[48;2;224;224;224m[38;2;223;223;223m▄[48;2;223;223;223m[38;2;223;223;223m▄[48;2;222;222;222m[38;2;222;222;222m▄[48;2;222;222;222m[38;2;222;222;222m▄[48;2;222;222;222m[38;2;222;222;222m▄[48;2;221;221;221m[38;2;221;221;221m▄[48;2;220;220;220m[38;2;220;220;220m▄[48;2;219;219;219m[38;2;219;219;219m▄[48;2;217;217;217m[38;2;217;217;217m▄[48;2;217;217;217m[38;2;217;217;217m▄[48;2;216;216;216m[38;2;216;216;216m▄[48;2;216;216;216m[38;2;216;216;216m▄[48;2;216;216;216m[38;2;216;216;216m▄[48;2;215;215;215m[38;2;215;215;215m▄[48;2;215;215;215m[38;2;216;216;216m▄[48;2;215;215;215m[38;2;215;215;215m▄[48;2;214;214;214m[38;2;214;215;214m▄[48;2;215;215;215m[38;2;214;215;215m▄[48;2;214;214;214m[38;2;213;213;213m▄[48;2;213;213;213m[38;2;213;213;213m▄[48;2;213;212;213m[38;2;212;212;212m▄[48;2;211;211;211m[38;2;211;211;211m▄[48;2;210;210;211m[38;2;210;210;210m▄[48;2;210;210;210m[38;2;211;211;211m▄[48;2;210;210;210m[38;2;211;211;211m▄[48;2;210;210;210m[38;2;210;210;210m▄[48;2;208;208;208m[38;2;208;208;208m▄[48;2;208;208;208m[38;2;209;209;209m▄[48;2;208;208;208m[38;2;208;208;208m▄[48;2;208;208;208m[38;2;208;208;208m▄[48;2;208;208;208m[38;2;208;208;208m▄[0m
[48;2;221;221;221m[38;2;220;220;220m▄[48;2;221;221;221m[38;2;221;221;221m▄[48;2;222;222;222m[38;2;222;222;222m▄[48;2;222;222;221m[38;2;222;222;219m▄[48;2;222;222;219m[38;2;222;222;218m▄[48;2;222;222;219m[38;2;222;221;217m▄[48;2;223;221;218m[38;2;223;222;218m▄[48;2;224;222;218m[38;2;224;222;218m▄[48;2;223;222;218m[38;2;227;224;219m▄[48;2;224;223;218m[38;2;225;223;219m▄[48;2;225;223;219m[38;2;227;224;221m▄[48;2;225;224;220m[38;2;231;227;221m▄[48;2;226;224;221m[38;2;237;233;223m▄[48;2;226;224;220m[38;2;241;235;222m▄[48;2;226;225;221m[38;2;241;233;222m▄[48;2;226;224;222m[38;2;239;232;223m▄[48;2;227;226;221m[38;2;240;232;223m▄[48;2;226;226;223m[38;2;236;229;222m▄[48;2;227;227;226m[38;2;236;231;225m▄[48;2;224;225;225m[38;2;228;224;221m▄[48;2;224;224;224m[38;2;226;224;222m▄[48;2;224;224;224m[38;2;224;223;223m▄[48;2;224;224;224m[38;2;223;224;224m▄[48;2;225;224;224m[38;2;223;224;224m▄[48;2;224;224;224m[38;2;224;224;224m▄[48;2;224;224;224m[38;2;224;224;224m▄[48;2;224;224;224m[38;2;226;225;226m▄[48;2;226;225;226m[38;2;218;221;218m▄[48;2;227;226;227m[38;2;212;216;213m▄[48;2;223;223;222m[38;2;227;225;228m▄[48;2;222;222;222m[38;2;231;228;231m▄[48;2;223;223;223m[38;2;222;222;222m▄[48;2;223;223;223m[38;2;222;223;223m▄[48;2;223;223;223m[38;2;224;224;224m▄[48;2;223;223;222m[38;2;225;224;226m▄[48;2;225;224;225m[38;2;211;215;213m▄[48;2;221;222;221m[38;2;225;224;225m▄[48;2;222;222;222m[38;2;221;222;221m▄[48;2;221;221;221m[38;2;221;221;221m▄[48;2;221;221;221m[38;2;220;220;220m▄[48;2;219;219;219m[38;2;218;218;218m▄[48;2;217;217;217m[38;2;217;217;217m▄[48;2;216;216;216m[38;2;216;216;216m▄[48;2;216;216;216m[38;2;216;216;216m▄[48;2;216;216;216m[38;2;217;217;217m▄[48;2;216;216;216m[38;2;217;217;217m▄[48;2;215;215;215m[38;2;216;216;216m▄[48;2;215;215;215m[38;2;215;215;215m▄[48;2;215;215;215m[38;2;215;215;215m▄[48;2;214;214;214m[38;2;215;215;215m▄[48;2;214;214;214m[38;2;215;215;214m▄[48;2;213;213;213m[38;2;214;214;214m▄[48;2;213;213;213m[38;2;213;213;213m▄[48;2;213;213;213m[38;2;213;213;213m▄[48;2;210;210;210m[38;2;210;210;210m▄[48;2;210;210;210m[38;2;211;211;211m▄[48;2;210;210;211m[38;2;211;211;211m▄[48;2;210;210;210m[38;2;211;211;211m▄[48;2;209;209;209m[38;2;209;209;210m▄[48;2;208;208;208m[38;2;209;208;209m▄[48;2;209;209;209m[38;2;209;209;209m▄[48;2;208;208;208m[38;2;208;208;208m▄[48;2;208;208;208m[38;2;208;208;208m▄[48;2;208;208;208m[38;2;207;207;207m▄[0m
[48;2;220;220;220m[38;2;220;220;220m▄[48;2;221;221;221m[38;2;221;221;221m▄[48;2;222;222;220m[38;2;220;220;219m▄[48;2;222;222;219m[38;2;223;221;217m▄[48;2;223;222;218m[38;2;225;223;219m▄[48;2;223;220;217m[38;2;226;222;218m▄[48;2;223;221;217m[38;2;224;221;217m▄[48;2;225;223;219m[38;2;226;223;219m▄[48;2;229;225;221m[38;2;229;225;219m▄[48;2;229;224;221m[38;2;233;226;219m▄[48;2;235;228;221m[38;2;250;245;230m▄[48;2;248;245;235m[38;2;255;255;254m▄[48;2;255;254;247m[38;2;254;255;253m▄[48;2;254;253;248m[38;2;252;249;238m▄[48;2;255;253;249m[38;2;249;245;233m▄[48;2;254;252;247m[38;2;246;241;229m▄[48;2;252;249;244m[38;2;244;238;228m▄[48;2;250;246;241m[38;2;245;240;230m▄[48;2;247;241;235m[38;2;249;244;235m▄[48;2;246;241;234m[38;2;250;245;237m▄[48;2;240;235;228m[38;2;251;247;238m▄[48;2;232;226;221m[38;2;250;245;236m▄[48;2;228;224;222m[38;2;246;240;232m▄[48;2;228;226;225m[38;2;242;234;226m▄[48;2;224;223;223m[38;2;232;228;222m▄[48;2;222;222;224m[38;2;226;224;220m▄[48;2;230;228;231m[38;2;237;233;233m▄[48;2;148;183;138m[38;2;157;190;147m▄[48;2;137;179;116m[38;2;158;198;105m▄[48;2;146;182;135m[38;2;149;193;90m▄[48;2;179;198;180m[38;2;127;175;91m▄[48;2;230;227;231m[38;2;160;187;155m▄[48;2;223;223;222m[38;2;238;231;240m▄[48;2;228;226;229m[38;2;165;190;162m▄[48;2;157;186;150m[38;2;113;168;71m▄[48;2;104;162;80m[38;2;111;162;88m▄[48;2;189;203;188m[38;2;189;199;189m▄[48;2;227;224;227m[38;2;218;217;218m▄[48;2;219;220;219m[38;2;218;218;218m▄[48;2;219;219;218m[38;2;218;218;218m▄[48;2;218;218;218m[38;2;217;217;217m▄[48;2;217;217;217m[38;2;217;216;217m▄[48;2;216;216;216m[38;2;216;216;216m▄[48;2;216;216;216m[38;2;217;217;217m▄[48;2;217;217;217m[38;2;217;217;217m▄[48;2;217;217;217m[38;2;216;216;216m▄[48;2;216;216;216m[38;2;215;215;215m▄[48;2;215;215;215m[38;2;215;215;215m▄[48;2;214;214;214m[38;2;214;214;214m▄[48;2;215;215;215m[38;2;214;214;214m▄[48;2;214;214;214m[38;2;214;213;214m▄[48;2;213;213;213m[38;2;213;213;213m▄[48;2;213;213;213m[38;2;212;212;212m▄[48;2;212;212;213m[38;2;211;211;211m▄[48;2;211;211;211m[38;2;210;210;210m▄[48;2;210;210;210m[38;2;210;210;210m▄[48;2;211;210;211m[38;2;210;209;211m▄[48;2;209;209;210m[38;2;209;209;209m▄[48;2;209;209;209m[38;2;209;209;209m▄[48;2;209;209;209m[38;2;209;209;209m▄[48;2;209;209;209m[38;2;209;209;209m▄[48;2;208;208;208m[38;2;208;208;208m▄[48;2;208;208;208m[38;2;208;208;208m▄[48;2;208;208;208m[38;2;207;207;207m▄[0m
[48;2;219;219;219m[38;2;218;219;219m▄[48;2;220;220;220m[38;2;220;220;220m▄[48;2;224;223;219m[38;2;230;228;220m▄[48;2;223;221;216m[38;2;223;221;216m▄[48;2;224;223;216m[38;2;221;220;215m▄[48;2;225;223;216m[38;2;222;220;216m▄[48;2;224;220;215m[38;2;223;220;216m▄[48;2;227;222;217m[38;2;228;223;217m▄[48;2;229;224;218m[38;2;230;224;218m▄[48;2;241;233;220m[38;2;242;234;220m▄[48;2;254;252;242m[38;2;254;251;241m▄[48;2;255;255;255m[38;2;255;255;255m▄[48;2;250;247;233m[38;2;252;248;237m▄[48;2;237;228;217m[38;2;240;230;220m▄[48;2;232;226;220m[38;2;232;226;221m▄[48;2;230;225;220m[38;2;228;224;220m▄[48;2;228;223;219m[38;2;226;223;219m▄[48;2;227;222;218m[38;2;225;222;219m▄[48;2;230;227;221m[38;2;223;222;218m▄[48;2;229;225;219m[38;2;223;221;218m▄[48;2;230;225;220m[38;2;222;222;221m▄[48;2;237;231;224m[38;2;222;222;221m▄[48;2;245;241;230m[38;2;225;223;221m▄[48;2;247;242;230m[38;2;233;230;225m▄[48;2;250;245;232m[38;2;230;226;221m▄[48;2;243;238;224m[38;2;239;235;224m▄[48;2;244;235;230m[38;2;245;238;226m▄[48;2;172;193;166m[38;2;238;235;224m▄[48;2;137;185;91m[38;2;133;178;114m▄[48;2;140;187;82m[38;2;132;184;74m▄[48;2;135;182;80m[38;2;117;171;76m▄[48;2;119;169;77m[38;2;123;173;79m▄[48;2;180;197;183m[38;2;94;150;77m▄[48;2;113;166;85m[38;2;105;156;90m▄[48;2;135;173;115m[38;2;171;189;170m▄[48;2;211;207;215m[38;2;149;178;143m▄[48;2;216;211;217m[38;2;149;178;141m▄[48;2;221;217;221m[38;2;173;192;171m▄[48;2;220;219;220m[38;2;210;213;213m▄[48;2;216;217;216m[38;2;225;222;226m▄[48;2;217;217;217m[38;2;216;216;216m▄[48;2;217;217;217m[38;2;216;216;216m▄[48;2;216;216;216m[38;2;216;216;216m▄[48;2;216;216;216m[38;2;216;216;216m▄[48;2;216;216;216m[38;2;216;216;216m▄[48;2;215;215;215m[38;2;216;216;216m▄[48;2;215;215;215m[38;2;215;215;215m▄[48;2;215;215;215m[38;2;215;215;214m▄[48;2;214;214;214m[38;2;214;214;214m▄[48;2;213;213;213m[38;2;214;214;214m▄[48;2;213;213;213m[38;2;212;212;212m▄[48;2;213;213;213m[38;2;211;211;211m▄[48;2;212;212;212m[38;2;211;211;211m▄[48;2;211;211;211m[38;2;211;211;211m▄[48;2;210;210;210m[38;2;210;210;210m▄[48;2;210;210;210m[38;2;210;210;210m▄[48;2;210;210;210m[38;2;210;210;211m▄[48;2;209;209;209m[38;2;209;209;210m▄[48;2;208;208;208m[38;2;209;209;209m▄[48;2;209;209;209m[38;2;209;209;209m▄[48;2;209;209;209m[38;2;209;209;209m▄[48;2;208;208;208m[38;2;208;208;208m▄[48;2;208;208;208m[38;2;208;208;208m▄[48;2;207;207;207m[38;2;207;207;207m▄[0m
[48;2;217;217;217m[38;2;216;216;216m▄[48;2;219;219;219m[38;2;217;217;218m▄[48;2;219;219;218m[38;2;220;220;220m▄[48;2;221;219;216m[38;2;221;220;216m▄[48;2;221;219;215m[38;2;222;220;215m▄[48;2;222;220;216m[38;2;226;224;217m▄[48;2;222;220;216m[38;2;225;221;217m▄[48;2;229;225;218m[38;2;226;222;217m▄[48;2;230;225;218m[38;2;228;223;216m▄[48;2;239;230;220m[38;2;234;225;218m▄[48;2;252;248;232m[38;2;242;233;221m▄[48;2;255;255;254m[38;2;248;241;227m▄[48;2;254;250;241m[38;2;245;237;223m▄[48;2;241;231;219m[38;2;235;228;220m▄[48;2;231;226;219m[38;2;230;225;220m▄[48;2;228;223;220m[38;2;227;222;220m▄[48;2;226;222;219m[38;2;226;221;218m▄[48;2;224;222;218m[38;2;224;222;217m▄[48;2;223;222;218m[38;2;222;222;220m▄[48;2;223;223;220m[38;2;223;223;221m▄[48;2;223;223;223m[38;2;223;223;223m▄[48;2;223;223;223m[38;2;223;223;223m▄[48;2;223;223;224m[38;2;223;222;223m▄[48;2;223;223;223m[38;2;223;222;223m▄[48;2;221;222;223m[38;2;222;221;221m▄[48;2;220;219;219m[38;2;225;231;230m▄[48;2;224;228;224m[38;2;216;192;198m▄[48;2;236;235;229m[38;2;211;139;155m▄[48;2;221;211;201m[38;2;226;142;159m▄[48;2;135;168;106m[38;2;224;134;151m▄[48;2;100;166;73m[38;2;187;146;139m▄[48;2;76;154;65m[38;2;158;147;119m▄[48;2;64;142;51m[38;2;108;126;78m▄[48;2;92;148;79m[38;2;69;149;62m▄[48;2;105;161;84m[38;2;102;165;71m▄[48;2;114;172;81m[38;2;118;173;73m▄[48;2;123;176;87m[38;2;127;180;74m▄[48;2;134;181;97m[38;2;153;198;84m▄[48;2;133;176;114m[38;2;115;173;66m▄[48;2;183;199;181m[38;2;134;171;126m▄[48;2;220;219;221m[38;2;222;219;223m▄[48;2;215;216;215m[38;2;215;216;214m▄[48;2;216;216;216m[38;2;216;216;216m▄[48;2;217;217;217m[38;2;216;216;216m▄[48;2;216;216;216m[38;2;216;216;216m▄[48;2;215;215;215m[38;2;215;215;215m▄[48;2;215;215;215m[38;2;214;214;214m▄[48;2;214;214;214m[38;2;214;214;214m▄[48;2;214;214;214m[38;2;214;214;214m▄[48;2;213;213;214m[38;2;213;213;213m▄[48;2;212;212;212m[38;2;212;212;212m▄[48;2;212;212;212m[38;2;212;212;212m▄[48;2;211;211;211m[38;2;211;211;211m▄[48;2;210;210;210m[38;2;210;210;210m▄[48;2;210;210;210m[38;2;210;210;210m▄[48;2;210;210;210m[38;2;211;211;211m▄[48;2;211;211;211m[38;2;210;210;210m▄[48;2;209;209;209m[38;2;209;209;209m▄[48;2;209;209;209m[38;2;209;209;209m▄[48;2;209;208;210m[38;2;208;208;209m▄[48;2;208;208;209m[38;2;208;208;208m▄[48;2;208;208;208m[38;2;208;208;208m▄[48;2;208;208;208m[38;2;207;207;207m▄[48;2;207;207;207m[38;2;207;207;207m▄[0m
[48;2;217;217;217m[38;2;216;216;216m▄[48;2;217;217;217m[38;2;216;216;216m▄[48;2;219;219;219m[38;2;217;217;218m▄[48;2;220;220;216m[38;2;219;219;217m▄[48;2;223;220;215m[38;2;220;219;214m▄[48;2;230;226;218m[38;2;220;218;214m▄[48;2;223;220;216m[38;2;221;219;215m▄[48;2;225;221;218m[38;2;221;219;216m▄[48;2;229;223;217m[38;2;225;221;217m▄[48;2;235;227;220m[38;2;228;223;218m▄[48;2;233;225;219m[38;2;227;223;217m▄[48;2;234;227;218m[38;2;228;224;218m▄[48;2;235;228;219m[38;2;228;224;218m▄[48;2;230;225;219m[38;2;226;222;217m▄[48;2;228;223;218m[38;2;225;222;217m▄[48;2;226;222;218m[38;2;224;221;217m▄[48;2;224;221;217m[38;2;223;221;217m▄[48;2;223;221;217m[38;2;222;221;217m▄[48;2;222;222;221m[38;2;222;222;219m▄[48;2;222;222;222m[38;2;222;222;222m▄[48;2;222;222;222m[38;2;222;222;222m▄[48;2;222;222;222m[38;2;221;221;221m▄[48;2;222;222;222m[38;2;222;221;222m▄[48;2;221;220;220m[38;2;223;226;225m▄[48;2;223;230;229m[38;2;219;207;211m▄[48;2;214;182;189m[38;2;213;127;145m▄[48;2;215;127;144m[38;2;236;169;176m▄[48;2;236;161;170m[38;2;229;138;148m▄[48;2;230;144;154m[38;2;224;122;134m▄[48;2;224;117;132m[38;2;209;94;115m▄[48;2;218;99;126m[38;2;224;150;161m▄[48;2;234;138;161m[38;2;231;154;162m▄[48;2;241;155;171m[38;2;227;134;145m▄[48;2;168;142;118m[38;2;240;135;153m▄[48;2;110;150;79m[38;2;222;133;146m▄[48;2;115;172;76m[38;2;197;127;129m▄[48;2;118;177;77m[38;2;192;148;144m▄[48;2;111;162;82m[38;2;198;203;198m▄[48;2;143;171;138m[38;2;211;205;210m▄[48;2;208;206;209m[38;2;210;210;209m▄[48;2;208;208;209m[38;2;214;214;214m▄[48;2;216;215;216m[38;2;218;217;218m▄[48;2;216;216;216m[38;2;216;216;216m▄[48;2;215;215;215m[38;2;215;215;215m▄[48;2;215;215;215m[38;2;215;215;215m▄[48;2;215;215;215m[38;2;214;214;214m▄[48;2;214;214;214m[38;2;214;214;214m▄[48;2;214;214;214m[38;2;213;213;214m▄[48;2;213;213;213m[38;2;213;213;213m▄[48;2;212;212;212m[38;2;212;212;212m▄[48;2;211;211;211m[38;2;212;212;212m▄[48;2;211;211;211m[38;2;211;211;211m▄[48;2;210;210;210m[38;2;210;210;210m▄[48;2;210;210;210m[38;2;210;210;210m▄[48;2;211;211;211m[38;2;210;210;211m▄[48;2;211;211;211m[38;2;211;211;211m▄[48;2;210;210;210m[38;2;210;210;209m▄[48;2;209;209;209m[38;2;209;209;209m▄[48;2;208;208;208m[38;2;208;208;208m▄[48;2;208;208;208m[38;2;208;208;208m▄[48;2;208;208;208m[38;2;207;207;207m▄[48;2;206;206;206m[38;2;207;207;207m▄[48;2;206;206;206m[38;2;206;206;206m▄[48;2;206;206;206m[38;2;206;206;206m▄[0m
[48;2;216;216;216m[38;2;216;216;216m▄[48;2;216;216;216m[38;2;216;216;216m▄[48;2;216;216;217m[38;2;216;216;216m▄[48;2;218;218;216m[38;2;217;217;217m▄[48;2;219;219;215m[38;2;218;218;217m▄[48;2;219;219;215m[38;2;219;219;215m▄[48;2;220;219;214m[38;2;220;219;214m▄[48;2;221;219;215m[38;2;221;219;214m▄[48;2;224;221;217m[38;2;222;219;215m▄[48;2;222;218;215m[38;2;222;219;215m▄[48;2;224;219;216m[38;2;222;219;216m▄[48;2;225;220;216m[38;2;222;219;215m▄[48;2;224;220;216m[38;2;222;220;215m▄[48;2;224;219;216m[38;2;223;220;216m▄[48;2;224;219;217m[38;2;223;220;216m▄[48;2;222;220;216m[38;2;222;221;216m▄[48;2;222;220;217m[38;2;222;221;217m▄[48;2;222;221;218m[38;2;221;220;219m▄[48;2;221;221;219m[38;2;221;221;220m▄[48;2;221;221;221m[38;2;221;221;221m▄[48;2;221;221;221m[38;2;220;221;221m▄[48;2;221;221;221m[38;2;221;221;221m▄[48;2;221;219;219m[38;2;222;221;222m▄[48;2;224;232;230m[38;2;221;222;222m▄[48;2;212;159;170m[38;2;212;141;155m▄[48;2;230;157;166m[38;2;234;163;170m▄[48;2;232;145;154m[38;2;229;133;144m▄[48;2;229;137;148m[38;2;231;140;150m▄[48;2;221;115;130m[38;2;224;126;139m▄[48;2;217;129;145m[38;2;228;149;159m▄[48;2;236;160;168m[38;2;230;138;150m▄[48;2;228;129;142m[38;2;230;135;149m▄[48;2;229;137;148m[38;2;229;136;147m▄[48;2;227;136;146m[38;2;229;137;148m▄[48;2;231;136;148m[38;2;228;136;147m▄[48;2;236;137;151m[38;2;228;137;147m▄[48;2;233;120;140m[38;2;222;113;130m▄[48;2;221;177;178m[38;2;212;107;124m▄[48;2;216;219;212m[38;2;227;214;206m▄[48;2;210;209;210m[38;2;228;224;218m▄[48;2;217;217;217m[38;2;217;215;215m▄[48;2;216;216;216m[38;2;215;215;215m▄[48;2;215;215;215m[38;2;215;215;215m▄[48;2;215;215;215m[38;2;216;216;216m▄[48;2;214;214;214m[38;2;222;222;221m▄[48;2;214;214;214m[38;2;215;214;214m▄[48;2;214;214;214m[38;2;213;213;214m▄[48;2;213;213;215m[38;2;212;212;213m▄[48;2;212;212;212m[38;2;212;212;212m▄[48;2;212;212;212m[38;2;211;211;212m▄[48;2;211;211;211m[38;2;211;211;211m▄[48;2;211;210;210m[38;2;211;210;211m▄[48;2;210;210;210m[38;2;210;210;210m▄[48;2;211;211;211m[38;2;210;210;210m▄[48;2;211;211;211m[38;2;211;211;211m▄[48;2;210;210;210m[38;2;209;209;209m▄[48;2;209;209;209m[38;2;209;209;209m▄[48;2;209;209;209m[38;2;209;209;209m▄[48;2;208;208;208m[38;2;208;208;208m▄[48;2;207;207;207m[38;2;208;208;208m▄[48;2;207;206;207m[38;2;207;207;207m▄[48;2;207;207;207m[38;2;206;206;206m▄[48;2;206;206;206m[38;2;206;206;206m▄[48;2;205;205;205m[38;2;204;204;204m▄[0m
[48;2;215;215;215m[38;2;215;215;215m▄[48;2;216;216;216m[38;2;216;216;216m▄[48;2;216;216;216m[38;2;216;216;216m▄[48;2;216;216;216m[38;2;216;216;216m▄[48;2;217;216;216m[38;2;217;217;217m▄[48;2;218;218;215m[38;2;217;217;217m▄[48;2;220;219;215m[38;2;216;216;215m▄[48;2;221;219;215m[38;2;218;218;215m▄[48;2;221;219;215m[38;2;219;219;215m▄[48;2;221;219;215m[38;2;220;219;215m▄[48;2;221;219;214m[38;2;220;220;215m▄[48;2;222;220;215m[38;2;220;220;216m▄[48;2;222;219;215m[38;2;220;220;216m▄[48;2;222;220;216m[38;2;220;219;215m▄[48;2;221;221;216m[38;2;220;219;216m▄[48;2;221;221;217m[38;2;220;220;216m▄[48;2;221;221;218m[38;2;219;219;218m▄[48;2;220;220;219m[38;2;218;218;219m▄[48;2;220;220;220m[38;2;218;218;218m▄[48;2;220;220;220m[38;2;218;218;218m▄[48;2;219;219;219m[38;2;217;217;217m▄[48;2;221;220;220m[38;2;218;218;218m▄[48;2;221;222;222m[38;2;218;218;218m▄[48;2;217;213;214m[38;2;216;213;214m▄[48;2;214;139;155m[38;2;213;139;154m▄[48;2;233;156;166m[38;2;233;157;166m▄[48;2;230;132;146m[38;2;228;133;146m▄[48;2;230;136;147m[38;2;230;137;149m▄[48;2;232;148;157m[38;2;229;137;147m▄[48;2;232;152;159m[38;2;232;144;152m▄[48;2;229;136;146m[38;2;232;143;151m▄[48;2;229;136;148m[38;2;229;136;148m▄[48;2;229;137;147m[38;2;230;137;148m▄[48;2;230;136;148m[38;2;231;137;149m▄[48;2;230;136;147m[38;2;230;136;149m▄[48;2;229;137;148m[38;2;229;137;148m▄[48;2;226;122;136m[38;2;224;117;132m▄[48;2;216;100;121m[38;2;217;102;123m▄[48;2;202;170;177m[38;2;197;162;172m▄[48;2;224;225;219m[38;2;208;215;214m▄[48;2;232;223;215m[38;2;218;214;213m▄[48;2;220;216;214m[38;2;232;224;218m▄[48;2;215;215;215m[38;2;224;218;215m▄[48;2;216;215;215m[38;2;215;215;214m▄[48;2;221;221;220m[38;2;214;214;214m▄[48;2;216;216;216m[38;2;214;214;215m▄[48;2;215;215;214m[38;2;216;215;215m▄[48;2;224;222;218m[38;2;222;221;217m▄[48;2;220;219;218m[38;2;213;213;212m▄[48;2;210;210;211m[38;2;210;210;210m▄[48;2;211;211;211m[38;2;210;210;210m▄[48;2;210;210;210m[38;2;210;210;210m▄[48;2;210;210;210m[38;2;210;210;210m▄[48;2;210;210;210m[38;2;209;209;209m▄[48;2;209;209;209m[38;2;208;208;208m▄[48;2;208;208;208m[38;2;209;209;209m▄[48;2;208;208;208m[38;2;208;208;208m▄[48;2;208;208;208m[38;2;208;208;208m▄[48;2;207;207;208m[38;2;208;208;208m▄[48;2;207;206;207m[38;2;207;207;207m▄[48;2;206;206;206m[38;2;207;206;207m▄[48;2;206;206;206m[38;2;207;206;207m▄[48;2;205;205;205m[38;2;204;204;204m▄[48;2;205;205;205m[38;2;204;204;204m▄[0m
[48;2;215;215;215m[38;2;215;215;215m▄[48;2;215;215;215m[38;2;215;215;215m▄[48;2;215;215;215m[38;2;216;216;216m▄[48;2;216;216;216m[38;2;216;216;216m▄[48;2;217;217;217m[38;2;216;216;216m▄[48;2;217;217;217m[38;2;216;216;216m▄[48;2;217;217;217m[38;2;216;216;216m▄[48;2;216;216;216m[38;2;217;217;217m▄[48;2;216;216;216m[38;2;217;217;217m▄[48;2;217;217;216m[38;2;217;217;217m▄[48;2;218;218;215m[38;2;217;216;217m▄[48;2;217;217;216m[38;2;216;216;217m▄[48;2;218;218;217m[38;2;216;216;216m▄[48;2;218;218;215m[38;2;217;217;216m▄[48;2;218;218;216m[38;2;217;217;217m▄[48;2;218;218;216m[38;2;216;216;216m▄[48;2;220;220;217m[38;2;223;223;219m▄[48;2;217;217;217m[38;2;219;219;218m▄[48;2;217;217;217m[38;2;216;216;216m▄[48;2;217;217;218m[38;2;216;216;216m▄[48;2;217;217;217m[38;2;216;216;216m▄[48;2;217;217;217m[38;2;216;216;216m▄[48;2;217;215;215m[38;2;216;215;215m▄[48;2;217;222;222m[38;2;217;222;221m▄[48;2;210;146;160m[38;2;214;188;195m▄[48;2;231;149;161m[38;2;231;164;173m▄[48;2;229;136;147m[38;2;231;142;152m▄[48;2;229;135;146m[38;2;228;134;145m▄[48;2;232;147;152m[38;2;230;138;149m▄[48;2;231;149;155m[38;2;229;138;149m▄[48;2;228;134;145m[38;2;228;136;147m▄[48;2;230;137;149m[38;2;229;136;147m▄[48;2;230;137;148m[38;2;229;136;148m▄[48;2;230;137;148m[38;2;229;136;147m▄[48;2;230;137;149m[38;2;231;140;150m▄[48;2;228;132;145m[38;2;229;143;152m▄[48;2;222;112;128m[38;2;224;115;129m▄[48;2;212;103;123m[38;2;204;123;138m▄[48;2;195;175;180m[38;2;195;197;197m▄[48;2;208;212;211m[38;2;208;207;208m▄[48;2;219;218;217m[38;2;218;218;217m▄[48;2;219;218;217m[38;2;215;215;214m▄[48;2;223;219;215m[38;2;211;211;213m▄[48;2;224;219;215m[38;2;217;214;212m▄[48;2;213;212;212m[38;2;223;216;212m▄[48;2;211;211;212m[38;2;215;213;212m▄[48;2;212;211;213m[38;2;211;211;211m▄[48;2;210;210;210m[38;2;211;211;211m▄[48;2;210;211;211m[38;2;211;211;211m▄[48;2;210;210;210m[38;2;210;210;210m▄[48;2;209;209;209m[38;2;215;215;214m▄[48;2;210;210;210m[38;2;210;210;210m▄[48;2;210;210;210m[38;2;209;209;210m▄[48;2;209;209;209m[38;2;209;209;209m▄[48;2;208;208;208m[38;2;208;208;208m▄[48;2;208;208;208m[38;2;208;208;209m▄[48;2;208;208;208m[38;2;208;208;208m▄[48;2;208;208;208m[38;2;208;208;208m▄[48;2;208;208;208m[38;2;207;207;207m▄[48;2;207;207;207m[38;2;207;206;207m▄[48;2;207;207;207m[38;2;206;206;207m▄[48;2;206;206;207m[38;2;205;205;206m▄[48;2;204;204;204m[38;2;203;203;204m▄[48;2;203;203;203m[38;2;204;203;204m▄[0m
[48;2;215;215;215m[38;2;214;214;214m▄[48;2;215;215;215m[38;2;214;214;214m▄[48;2;216;216;216m[38;2;215;215;215m▄[48;2;216;216;216m[38;2;215;215;215m▄[48;2;216;215;216m[38;2;215;215;215m▄[48;2;216;216;216m[38;2;215;215;215m▄[48;2;216;216;216m[38;2;215;215;215m▄[48;2;216;216;216m[38;2;215;215;215m▄[48;2;216;216;216m[38;2;217;217;217m▄[48;2;216;216;216m[38;2;217;217;216m▄[48;2;217;217;217m[38;2;216;215;216m▄[48;2;216;216;216m[38;2;216;216;217m▄[48;2;216;216;216m[38;2;217;217;217m▄[48;2;216;216;216m[38;2;217;216;216m▄[48;2;216;216;216m[38;2;217;217;217m▄[48;2;217;217;217m[38;2;217;217;217m▄[48;2;216;216;217m[38;2;217;217;217m▄[48;2;217;217;217m[38;2;217;217;217m▄[48;2;217;217;217m[38;2;217;217;217m▄[48;2;216;216;216m[38;2;217;216;216m▄[48;2;216;216;216m[38;2;216;216;216m▄[48;2;216;216;216m[38;2;216;216;216m▄[48;2;216;216;216m[38;2;216;216;216m▄[48;2;216;215;215m[38;2;216;215;215m▄[48;2;216;223;222m[38;2;218;223;222m▄[48;2;219;171;180m[38;2;208;176;184m▄[48;2;233;148;159m[38;2;214;123;137m▄[48;2;228;134;146m[38;2;232;144;153m▄[48;2;228;135;146m[38;2;231;141;150m▄[48;2;229;135;146m[38;2;227;135;146m▄[48;2;230;138;149m[38;2;222;123;138m▄[48;2;228;135;146m[38;2;231;138;149m▄[48;2;229;137;149m[38;2;226;125;138m▄[48;2;230;138;149m[38;2;221;112;128m▄[48;2;224;120;136m[38;2;221;111;128m▄[48;2;221;111;127m[38;2;220;102;122m▄[48;2;223;116;134m[38;2;198;130;147m▄[48;2;199;177;181m[38;2;195;202;200m▄[48;2;197;202;201m[38;2;204;202;202m▄[48;2;211;209;210m[38;2;216;216;216m▄[48;2;214;214;214m[38;2;215;215;214m▄[48;2;213;213;213m[38;2;212;212;211m▄[48;2;213;212;213m[38;2;211;211;211m▄[48;2;210;210;211m[38;2;210;210;211m▄[48;2;215;212;212m[38;2;208;208;210m▄[48;2;224;218;214m[38;2;212;210;210m▄[48;2;213;212;211m[38;2;221;215;212m▄[48;2;210;210;210m[38;2;211;210;210m▄[48;2;210;210;210m[38;2;211;211;211m▄[48;2;211;211;211m[38;2;216;216;215m▄[48;2;218;217;214m[38;2;211;211;209m▄[48;2;210;210;210m[38;2;210;209;210m▄[48;2;209;208;211m[38;2;209;208;211m▄[48;2;208;208;210m[38;2;209;208;211m▄[48;2;208;207;209m[38;2;210;210;212m▄[48;2;208;208;209m[38;2;208;208;208m▄[48;2;208;208;208m[38;2;208;208;208m▄[48;2;207;207;208m[38;2;207;207;207m▄[48;2;207;207;208m[38;2;207;207;206m▄[48;2;207;207;207m[38;2;207;207;206m▄[48;2;206;206;207m[38;2;206;206;206m▄[48;2;204;204;205m[38;2;204;204;205m▄[48;2;203;203;203m[38;2;204;204;204m▄[48;2;203;203;203m[38;2;204;204;204m▄[0m
[48;2;214;214;214m[38;2;212;212;212m▄[48;2;214;214;214m[38;2;213;213;213m▄[48;2;214;214;214m[38;2;214;214;214m▄[48;2;215;215;215m[38;2;215;215;215m▄[48;2;215;215;214m[38;2;215;215;215m▄[48;2;215;215;216m[38;2;215;215;215m▄[48;2;215;215;215m[38;2;215;215;215m▄[48;2;215;215;215m[38;2;215;215;215m▄[48;2;216;216;216m[38;2;215;215;215m▄[48;2;215;215;215m[38;2;215;215;215m▄[48;2;215;215;215m[38;2;215;216;215m▄[48;2;215;215;215m[38;2;216;216;215m▄[48;2;216;216;216m[38;2;215;215;216m▄[48;2;216;216;216m[38;2;215;215;216m▄[48;2;216;216;216m[38;2;215;215;215m▄[48;2;217;217;217m[38;2;217;217;217m▄[48;2;217;217;217m[38;2;217;217;217m▄[48;2;217;217;217m[38;2;216;216;216m▄[48;2;216;216;217m[38;2;216;216;216m▄[48;2;219;218;216m[38;2;218;218;216m▄[48;2;232;229;221m[38;2;222;222;218m▄[48;2;218;217;217m[38;2;216;215;216m▄[48;2;219;218;218m[38;2;217;217;217m▄[48;2;219;219;218m[38;2;217;217;217m▄[48;2;216;214;215m[38;2;215;215;216m▄[48;2;217;224;223m[38;2;215;214;215m▄[48;2;203;158;169m[38;2;215;221;221m▄[48;2;209;105;126m[38;2;203;187;192m▄[48;2;223;112;131m[38;2;195;149;161m▄[48;2;219;108;127m[38;2;195;153;163m▄[48;2;202;89;113m[38;2;196;183;186m▄[48;2;209;105;125m[38;2;195;181;184m▄[48;2;216;96;119m[38;2;196;148;161m▄[48;2;218;99;121m[38;2;196;140;153m▄[48;2;213;100;121m[38;2;193;163;169m▄[48;2;196;121;139m[38;2;192;197;196m▄[48;2;193;194;194m[38;2;196;198;197m▄[48;2;199;198;200m[38;2;208;207;207m▄[48;2;209;209;209m[38;2;214;213;212m▄[48;2;214;214;214m[38;2;211;211;211m▄[48;2;218;217;213m[38;2;213;213;212m▄[48;2;226;224;216m[38;2;215;214;212m▄[48;2;210;209;210m[38;2;210;210;210m▄[48;2;214;214;212m[38;2;212;212;211m▄[48;2;215;214;213m[38;2;212;211;211m▄[48;2;210;210;211m[38;2;208;207;208m▄[48;2;213;210;209m[38;2;213;213;212m▄[48;2;218;212;209m[38;2;223;217;212m▄[48;2;209;209;209m[38;2;214;211;208m▄[48;2;208;208;209m[38;2;210;210;209m▄[48;2;211;211;211m[38;2;210;210;211m▄[48;2;216;216;216m[38;2;210;210;210m▄[48;2;208;207;210m[38;2;208;208;208m▄[48;2;209;208;211m[38;2;213;213;211m▄[48;2;213;213;214m[38;2;208;207;208m▄[48;2;208;207;209m[38;2;208;207;209m▄[48;2;207;207;207m[38;2;207;207;207m▄[48;2;207;207;204m[38;2;207;207;204m▄[48;2;207;207;202m[38;2;207;207;202m▄[48;2;207;207;202m[38;2;206;207;202m▄[48;2;206;206;204m[38;2;204;206;202m▄[48;2;204;203;204m[38;2;203;204;204m▄[48;2;203;203;203m[38;2;203;202;203m▄[48;2;203;203;203m[38;2;203;203;203m▄[0m
[48;2;212;212;212m[38;2;211;211;211m▄[48;2;212;212;212m[38;2;211;211;211m▄[48;2;213;213;213m[38;2;212;212;212m▄[48;2;214;214;214m[38;2;212;212;212m▄[48;2;214;214;214m[38;2;212;212;212m▄[48;2;214;214;214m[38;2;213;213;213m▄[48;2;214;214;214m[38;2;214;214;214m▄[48;2;214;214;214m[38;2;215;215;215m▄[48;2;215;215;215m[38;2;214;214;214m▄[48;2;215;215;215m[38;2;214;214;214m▄[48;2;215;215;215m[38;2;214;214;214m▄[48;2;214;214;215m[38;2;215;215;215m▄[48;2;215;215;215m[38;2;214;214;214m▄[48;2;215;215;215m[38;2;214;214;214m▄[48;2;215;215;216m[38;2;215;215;215m▄[48;2;216;216;216m[38;2;215;215;215m▄[48;2;216;216;216m[38;2;215;215;215m▄[48;2;216;216;216m[38;2;215;215;215m▄[48;2;216;216;216m[38;2;215;215;215m▄[48;2;216;216;216m[38;2;215;215;215m▄[48;2;216;216;215m[38;2;215;215;215m▄[48;2;215;215;214m[38;2;215;215;215m▄[48;2;215;215;216m[38;2;215;215;215m▄[48;2;215;215;215m[38;2;215;215;215m▄[48;2;215;215;215m[38;2;215;214;215m▄[48;2;215;215;215m[38;2;215;215;215m▄[48;2;214;213;213m[38;2;214;214;215m▄[48;2;213;217;216m[38;2;214;214;214m▄[48;2;207;215;214m[38;2;214;212;212m▄[48;2;203;210;210m[38;2;212;211;212m▄[48;2;203;206;206m[38;2;212;211;211m▄[48;2;209;212;211m[38;2;213;212;213m▄[48;2;206;214;212m[38;2;212;210;211m▄[48;2;201;210;208m[38;2;212;209;210m▄[48;2;200;205;204m[38;2;211;209;210m▄[48;2;202;201;201m[38;2;211;210;210m▄[48;2;205;206;207m[38;2;211;210;210m▄[48;2;214;214;211m[38;2;209;209;209m▄[48;2;222;220;213m[38;2;219;218;213m▄[48;2;211;210;210m[38;2;213;213;211m▄[48;2;210;210;211m[38;2;210;209;210m▄[48;2;209;209;210m[38;2;210;210;210m▄[48;2;210;210;210m[38;2;209;209;210m▄[48;2;209;209;210m[38;2;208;208;209m▄[48;2;211;211;210m[38;2;211;211;210m▄[48;2;214;213;211m[38;2;217;216;213m▄[48;2;214;214;213m[38;2;206;206;207m▄[48;2;220;216;213m[38;2;210;208;207m▄[48;2;214;210;207m[38;2;223;218;213m▄[48;2;209;209;208m[38;2;207;207;206m▄[48;2;208;209;209m[38;2;207;207;207m▄[48;2;216;215;213m[38;2;210;209;209m▄[48;2;208;208;207m[38;2;212;212;211m▄[48;2;208;208;207m[38;2;209;209;208m▄[48;2;208;208;207m[38;2;206;206;207m▄[48;2;207;207;207m[38;2;207;207;206m▄[48;2;207;207;208m[38;2;207;207;207m▄[48;2;207;207;205m[38;2;207;207;207m▄[48;2;207;207;202m[38;2;206;206;203m▄[48;2;206;207;203m[38;2;204;206;203m▄[48;2;204;207;205m[38;2;202;205;205m▄[48;2;201;203;204m[38;2;201;203;204m▄[48;2;202;201;204m[38;2;201;202;204m▄[48;2;203;202;204m[38;2;202;201;204m▄[0m
[48;2;210;210;210m[38;2;210;210;210m▄[48;2;210;210;210m[38;2;210;210;210m▄[48;2;211;211;211m[38;2;210;210;210m▄[48;2;211;211;211m[38;2;210;210;210m▄[48;2;211;211;211m[38;2;211;211;211m▄[48;2;212;212;212m[38;2;211;211;211m▄[48;2;213;213;213m[38;2;211;211;211m▄[48;2;214;213;215m[38;2;211;212;211m▄[48;2;214;214;214m[38;2;212;212;213m▄[48;2;214;214;214m[38;2;212;212;213m▄[48;2;214;214;214m[38;2;212;212;212m▄[48;2;214;214;215m[38;2;212;212;212m▄[48;2;214;214;214m[38;2;213;213;213m▄[48;2;214;214;215m[38;2;213;213;213m▄[48;2;214;214;215m[38;2;214;213;214m▄[48;2;215;215;215m[38;2;213;213;213m▄[48;2;214;214;214m[38;2;213;213;213m▄[48;2;214;214;214m[38;2;214;214;214m▄[48;2;214;214;214m[38;2;213;213;214m▄[48;2;214;214;214m[38;2;213;213;213m▄[48;2;214;214;214m[38;2;213;213;213m▄[48;2;214;214;214m[38;2;214;214;214m▄[48;2;214;214;214m[38;2;213;213;213m▄[48;2;215;215;215m[38;2;213;213;213m▄[48;2;214;214;214m[38;2;214;213;213m▄[48;2;214;214;214m[38;2;213;213;213m▄[48;2;214;214;214m[38;2;213;213;213m▄[48;2;214;214;214m[38;2;212;213;213m▄[48;2;212;212;213m[38;2;219;218;214m▄[48;2;211;211;211m[38;2;217;216;214m▄[48;2;211;211;211m[38;2;211;211;212m▄[48;2;214;214;214m[38;2;212;212;212m▄[48;2;215;215;214m[38;2;212;212;212m▄[48;2;211;210;210m[38;2;212;212;212m▄[48;2;211;210;211m[38;2;211;211;211m▄[48;2;210;210;211m[38;2;210;210;210m▄[48;2;210;210;210m[38;2;211;210;211m▄[48;2;210;209;210m[38;2;210;209;211m▄[48;2;209;209;209m[38;2;210;210;210m▄[48;2;210;210;210m[38;2;209;209;209m▄[48;2;210;210;210m[38;2;211;211;212m▄[48;2;208;208;209m[38;2;209;209;210m▄[48;2;215;214;212m[38;2;211;210;208m▄[48;2;216;215;212m[38;2;211;210;208m▄[48;2;208;207;209m[38;2;208;208;208m▄[48;2;208;208;208m[38;2;208;208;208m▄[48;2;208;208;207m[38;2;209;208;207m▄[48;2;213;211;208m[38;2;210;208;207m▄[48;2;216;213;210m[38;2;205;205;205m▄[48;2;206;206;206m[38;2;206;207;207m▄[48;2;210;211;210m[38;2;206;206;206m▄[48;2;206;206;206m[38;2;212;212;211m▄[48;2;208;208;207m[38;2;206;206;206m▄[48;2;208;208;207m[38;2;205;205;206m▄[48;2;206;206;206m[38;2;205;205;205m▄[48;2;206;206;206m[38;2;204;204;204m▄[48;2;205;205;205m[38;2;204;204;204m▄[48;2;205;205;205m[38;2;204;204;203m▄[48;2;205;204;204m[38;2;203;203;203m▄[48;2;203;204;203m[38;2;202;202;202m▄[48;2;202;203;203m[38;2;203;203;203m▄[48;2;201;202;204m[38;2;202;203;202m▄[48;2;201;202;204m[38;2;202;202;202m▄[48;2;201;201;203m[38;2;202;202;202m▄[0m
[48;2;210;210;210m[38;2;211;211;211m▄[48;2;211;211;211m[38;2;211;211;211m▄[48;2;211;211;211m[38;2;212;211;212m▄[48;2;211;211;211m[38;2;211;211;211m▄[48;2;211;211;211m[38;2;212;212;213m▄[48;2;210;210;210m[38;2;212;212;213m▄[48;2;210;210;210m[38;2;213;213;213m▄[48;2;211;210;212m[38;2;214;213;214m▄[48;2;211;211;212m[38;2;214;213;215m▄[48;2;211;211;212m[38;2;214;214;215m▄[48;2;212;212;212m[38;2;214;214;215m▄[48;2;211;211;212m[38;2;215;214;215m▄[48;2;212;211;213m[38;2;214;214;215m▄[48;2;212;212;212m[38;2;214;214;214m▄[48;2;212;212;212m[38;2;214;214;214m▄[48;2;212;212;212m[38;2;215;215;215m▄[48;2;212;212;212m[38;2;214;214;214m▄[48;2;213;213;213m[38;2;215;215;215m▄[48;2;212;212;213m[38;2;214;214;214m▄[48;2;213;213;213m[38;2;214;214;214m▄[48;2;213;213;213m[38;2;215;215;215m▄[48;2;213;213;213m[38;2;214;214;215m▄[48;2;213;213;214m[38;2;213;213;213m▄[48;2;214;214;214m[38;2;211;210;211m▄[48;2;214;214;214m[38;2;208;204;205m▄[48;2;213;214;214m[38;2;204;198;200m▄[48;2;211;212;212m[38;2;200;193;193m▄[48;2;208;209;209m[38;2;195;186;188m▄[48;2;210;209;207m[38;2;195;184;184m▄[48;2;217;214;207m[38;2;219;210;194m▄[48;2;205;204;205m[38;2;193;183;182m▄[48;2;205;205;206m[38;2;189;178;180m▄[48;2;204;205;204m[38;2;190;178;179m▄[48;2;204;204;205m[38;2;189;177;178m▄[48;2;204;204;204m[38;2;189;178;177m▄[48;2;207;208;206m[38;2;192;182;180m▄[48;2;205;205;206m[38;2;189;181;181m▄[48;2;206;207;207m[38;2;191;184;184m▄[48;2;208;208;208m[38;2;194;188;188m▄[48;2;208;208;208m[38;2;201;197;194m▄[48;2;210;210;211m[38;2;205;203;201m▄[48;2;209;209;210m[38;2;205;204;204m▄[48;2;207;207;207m[38;2;207;206;207m▄[48;2;210;210;210m[38;2;208;208;209m▄[48;2;210;210;209m[38;2;210;210;209m▄[48;2;207;207;208m[38;2;208;208;209m▄[48;2;207;207;208m[38;2;212;211;211m▄[48;2;207;207;207m[38;2;211;210;210m▄[48;2;207;207;207m[38;2;208;208;208m▄[48;2;206;205;205m[38;2;210;209;207m▄[48;2;214;213;209m[38;2;215;214;209m▄[48;2;209;208;208m[38;2;207;207;207m▄[48;2;204;204;205m[38;2;206;206;206m▄[48;2;204;203;204m[38;2;206;205;206m▄[48;2;203;203;204m[38;2;205;205;206m▄[48;2;203;203;203m[38;2;204;203;205m▄[48;2;203;203;203m[38;2;204;203;205m▄[48;2;203;202;203m[38;2;202;202;202m▄[48;2;207;207;207m[38;2;211;211;211m▄[48;2;211;211;211m[38;2;216;216;216m▄[48;2;203;203;203m[38;2;203;203;203m▄[48;2;202;202;202m[38;2;202;202;202m▄[48;2;202;202;202m[38;2;202;202;202m▄[48;2;202;202;203m[38;2;201;201;202m▄[0m
[48;2;214;214;214m[38;2;216;216;216m▄[48;2;214;214;214m[38;2;216;216;216m▄[48;2;214;214;215m[38;2;216;216;216m▄[48;2;214;214;215m[38;2;216;216;216m▄[48;2;215;214;216m[38;2;215;215;215m▄[48;2;215;215;215m[38;2;216;216;216m▄[48;2;215;215;215m[38;2;216;216;216m▄[48;2;215;215;215m[38;2;215;215;215m▄[48;2;215;215;216m[38;2;216;216;216m▄[48;2;215;215;216m[38;2;216;216;216m▄[48;2;215;215;216m[38;2;216;216;216m▄[48;2;216;216;216m[38;2;216;216;217m▄[48;2;215;215;215m[38;2;217;216;217m▄[48;2;216;216;216m[38;2;216;217;217m▄[48;2;216;215;218m[38;2;217;217;217m▄[48;2;216;216;216m[38;2;216;216;216m▄[48;2;215;215;215m[38;2;216;216;216m▄[48;2;215;215;215m[38;2;216;216;216m▄[48;2;214;214;215m[38;2;216;216;216m▄[48;2;215;215;215m[38;2;216;216;216m▄[48;2;215;215;215m[38;2;216;216;216m▄[48;2;214;214;215m[38;2;216;216;216m▄[48;2;212;211;212m[38;2;216;216;217m▄[48;2;209;204;208m[38;2;216;215;217m▄[48;2;205;197;199m[38;2;216;215;215m▄[48;2;200;189;189m[38;2;215;214;214m▄[48;2;197;182;184m[38;2;214;212;213m▄[48;2;195;178;179m[38;2;212;210;211m▄[48;2;194;176;176m[38;2;211;208;208m▄[48;2;195;178;176m[38;2;211;206;207m▄[48;2;196;177;177m[38;2;210;206;206m▄[48;2;194;174;175m[38;2;210;206;207m▄[48;2;195;175;176m[38;2;210;206;206m▄[48;2;193;174;175m[38;2;209;206;206m▄[48;2;195;177;175m[38;2;210;207;207m▄[48;2;206;191;184m[38;2;214;211;210m▄[48;2;197;182;182m[38;2;212;210;210m▄[48;2;198;185;185m[38;2;213;212;211m▄[48;2;198;189;189m[38;2;214;214;214m▄[48;2;213;207;201m[38;2;214;214;215m▄[48;2;220;217;211m[38;2;215;215;214m▄[48;2;208;206;208m[38;2;213;213;214m▄[48;2;213;211;211m[38;2;216;215;214m▄[48;2;217;216;213m[38;2;231;229;220m▄[48;2;210;210;210m[38;2;213;212;212m▄[48;2;210;209;210m[38;2;211;211;211m▄[48;2;210;210;211m[38;2;211;211;211m▄[48;2;212;212;211m[38;2;213;213;213m▄[48;2;210;209;209m[38;2;211;210;211m▄[48;2;210;209;208m[38;2;209;209;209m▄[48;2;207;207;207m[38;2;209;209;210m▄[48;2;208;208;208m[38;2;209;209;209m▄[48;2;208;208;208m[38;2;209;209;209m▄[48;2;208;207;209m[38;2;209;208;210m▄[48;2;207;207;208m[38;2;208;208;209m▄[48;2;207;206;207m[38;2;208;208;208m▄[48;2;207;206;207m[38;2;208;208;208m▄[48;2;206;206;206m[38;2;208;208;208m▄[48;2;205;205;205m[38;2;208;208;208m▄[48;2;205;205;206m[38;2;207;207;207m▄[48;2;204;204;204m[38;2;207;207;207m▄[48;2;204;204;204m[38;2;207;207;207m▄[48;2;203;203;203m[38;2;206;206;206m▄[48;2;204;204;204m[38;2;206;206;206m▄[0m
[48;2;217;217;217m[38;2;219;219;219m▄[48;2;217;217;217m[38;2;219;219;219m▄[48;2;217;217;217m[38;2;220;220;220m▄[48;2;217;217;217m[38;2;220;220;220m▄[48;2;217;217;217m[38;2;220;220;220m▄[48;2;217;217;217m[38;2;220;220;220m▄[48;2;217;217;217m[38;2;221;221;221m▄[48;2;218;218;218m[38;2;221;221;221m▄[48;2;218;218;218m[38;2;221;221;221m▄[48;2;217;217;217m[38;2;221;221;221m▄[48;2;218;218;218m[38;2;221;221;221m▄[48;2;218;218;218m[38;2;222;222;222m▄[48;2;218;218;218m[38;2;222;222;222m▄[48;2;218;218;218m[38;2;222;222;222m▄[48;2;218;218;218m[38;2;221;221;221m▄[48;2;218;218;218m[38;2;222;222;222m▄[48;2;218;218;218m[38;2;221;221;221m▄[48;2;218;218;218m[38;2;221;221;221m▄[48;2;218;218;218m[38;2;221;221;221m▄[48;2;218;218;218m[38;2;222;222;222m▄[48;2;218;218;218m[38;2;221;221;221m▄[48;2;219;219;219m[38;2;221;221;221m▄[48;2;218;218;218m[38;2;221;221;221m▄[48;2;218;218;218m[38;2;221;221;221m▄[48;2;217;218;217m[38;2;220;220;220m▄[48;2;217;217;218m[38;2;220;220;220m▄[48;2;218;218;218m[38;2;219;219;219m▄[48;2;218;218;218m[38;2;218;218;218m▄[48;2;217;218;218m[38;2;218;218;218m▄[48;2;218;218;219m[38;2;217;217;217m▄[48;2;217;218;218m[38;2;217;217;217m▄[48;2;217;218;218m[38;2;217;216;216m▄[48;2;217;218;218m[38;2;217;216;216m▄[48;2;217;218;218m[38;2;216;216;216m▄[48;2;217;217;218m[38;2;216;216;216m▄[48;2;216;217;217m[38;2;216;216;216m▄[48;2;216;216;216m[38;2;216;216;216m▄[48;2;215;216;216m[38;2;216;216;216m▄[48;2;216;215;217m[38;2;216;215;216m▄[48;2;215;215;216m[38;2;216;216;216m▄[48;2;216;216;216m[38;2;216;216;216m▄[48;2;215;215;215m[38;2;215;215;216m▄[48;2;216;216;215m[38;2;218;218;217m▄[48;2;214;214;214m[38;2;218;218;215m▄[48;2;214;214;214m[38;2;217;217;216m▄[48;2;214;215;214m[38;2;215;215;215m▄[48;2;214;214;214m[38;2;216;216;216m▄[48;2;213;213;213m[38;2;216;216;216m▄[48;2;212;211;212m[38;2;214;214;214m▄[48;2;211;211;211m[38;2;214;214;214m▄[48;2;210;211;210m[38;2;213;212;214m▄[48;2;210;209;210m[38;2;212;211;213m▄[48;2;209;209;210m[38;2;211;211;211m▄[48;2;210;210;210m[38;2;210;210;210m▄[48;2;210;210;210m[38;2;210;210;210m▄[48;2;209;209;209m[38;2;210;210;210m▄[48;2;209;209;209m[38;2;209;209;209m▄[48;2;209;209;209m[38;2;209;209;209m▄[48;2;208;208;209m[38;2;210;210;209m▄[48;2;208;208;209m[38;2;209;209;210m▄[48;2;208;207;209m[38;2;209;209;210m▄[48;2;208;208;208m[38;2;209;208;209m▄[48;2;208;208;208m[38;2;208;208;209m▄[48;2;207;207;207m[38;2;208;208;208m▄[0m
