[48;2;219;219;219m[38;2;218;218;218m▄[48;2;221;221;221m[38;2;218;218;218m▄[48;2;222;222;222m[38;2;221;221;221m▄[48;2;222;222;222m[38;2;222;222;222m▄[48;2;223;223;223m[38;2;223;223;223m▄[48;2;223;223;223m[38;2;223;223;223m▄[48;2;224;224;224m[38;2;223;223;223m▄[48;2;224;224;224m[38;2;224;224;224m▄[48;2;225;225;225m[38;2;224;224;224m▄[48;2;225;225;225m[38;2;224;224;224m▄[48;2;225;225;225m[38;2;225;225;225m▄[48;2;225;225;225m[38;2;224;224;224m▄[48;2;226;226;226m[38;2;226;226;226m▄[48;2;228;228;228m[38;2;227;227;227m▄[48;2;227;227;227m[38;2;227;227;227m▄[48;2;227;227;227m[38;2;227;227;227m▄[48;2;227;227;227m[38;2;226;226;226m▄[48;2;227;227;227m[38;2;227;227;227m▄[48;2;227;227;227m[38;2;226;226;226m▄[48;2;228;228;228m[38;2;226;226;226m▄[48;2;228;228;228m[38;2;226;226;226m▄[48;2;228;228;228m[38;2;226;226;226m▄[48;2;227;227;227m[38;2;227;227;227m▄[48;2;227;227;227m[38;2;227;227;227m▄[48;2;227;227;227m[38;2;226;226;226m▄[48;2;227;227;227m[38;2;227;227;227m▄[48;2;227;227;227m[38;2;226;226;226m▄[48;2;228;228;228m[38;2;227;227;227m▄[48;2;228;228;228m[38;2;226;226;226m▄[48;2;225;225;225m[38;2;224;224;224m▄[48;2;224;224;224m[38;2;224;224;224m▄[48;2;225;225;225m[38;2;224;224;224m▄[48;2;226;226;226m[38;2;225;225;225m▄[48;2;224;224;224m[38;2;224;224;224m▄[48;2;224;224;224m[38;2;223;223;223m▄[48;2;223;223;223m[38;2;223;223;223m▄[48;2;223;223;223m[38;2;223;223;223m▄[48;2;222;222;222m[38;2;223;223;223m▄[48;2;221;221;221m[38;2;221;221;221m▄[48;2;221;221;221m[38;2;221;221;221m▄[48;2;219;219;219m[38;2;220;220;220m▄[48;2;217;217;217m[38;2;218;218;218m▄[48;2;217;217;217m[38;2;217;217;217m▄[48;2;216;216;216m[38;2;217;217;217m▄[48;2;216;216;216m[38;2;216;216;216m▄[48;2;217;217;217m[38;2;217;217;217m▄[48;2;216;216;216m[38;2;215;215;215m▄[48;2;216;216;216m[38;2;215;215;215m▄[48;2;215;215;215m[38;2;215;215;215m▄[48;2;215;215;215m[38;2;215;215;215m▄[48;2;214;214;214m[38;2;214;214;214m▄[48;2;213;213;213m[38;2;213;213;213m▄[48;2;212;212;212m[38;2;212;212;212m▄[48;2;211;211;211m[38;2;211;211;211m▄[48;2;211;211;211m[38;2;211;211;211m▄[48;2;210;210;210m[38;2;210;210;210m▄[48;2;209;209;209m[38;2;209;209;209m▄[48;2;208;208;208m[38;2;209;209;209m▄[48;2;208;208;208m[38;2;208;208;208m▄[48;2;208;208;208m[38;2;208;208;208m▄[48;2;208;208;208m[38;2;207;207;207m▄[48;2;207;207;207m[38;2;206;206;206m▄[48;2;205;205;205m[38;2;204;204;204m▄[48;2;205;205;205m[38;2;204;204;204m▄[0m
[48;2;217;217;217m[38;2;217;217;217m▄[48;2;218;218;218m[38;2;217;217;217m▄[48;2;220;220;220m[38;2;218;218;218m▄[48;2;221;221;221m[38;2;220;220;220m▄[48;2;222;222;222m[38;2;222;222;222m▄[48;2;222;222;222m[38;2;222;222;222m▄[48;2;223;223;223m[38;2;223;223;223m▄[48;2;224;224;224m[38;2;223;223;223m▄[48;2;224;224;224m[38;2;224;224;224m▄[48;2;224;224;224m[38;2;224;224;224m▄[48;2;225;225;225m[38;2;225;225;225m▄[48;2;225;225;225m[38;2;225;225;225m▄[48;2;224;224;224m[38;2;224;224;224m▄[48;2;225;225;225m[38;2;224;224;224m▄[48;2;226;226;226m[38;2;224;224;224m▄[48;2;228;228;228m[38;2;226;226;226m▄[48;2;227;227;227m[38;2;228;228;228m▄[48;2;227;227;227m[38;2;227;227;227m▄[48;2;226;226;226m[38;2;227;227;227m▄[48;2;226;226;226m[38;2;226;226;226m▄[48;2;227;227;227m[38;2;226;226;226m▄[48;2;227;227;227m[38;2;228;228;228m▄[48;2;227;227;227m[38;2;227;227;227m▄[48;2;226;226;226m[38;2;227;227;227m▄[48;2;226;226;226m[38;2;226;226;226m▄[48;2;227;227;227m[38;2;226;226;226m▄[48;2;227;227;227m[38;2;225;225;225m▄[48;2;226;226;226m[38;2;226;226;226m▄[48;2;225;225;225m[38;2;224;224;224m▄[48;2;224;224;224m[38;2;223;224;223m▄[48;2;224;224;224m[38;2;223;224;223m▄[48;2;224;224;224m[38;2;224;224;224m▄[48;2;224;224;224m[38;2;224;224;224m▄[48;2;224;224;224m[38;2;224;224;224m▄[48;2;223;223;223m[38;2;222;223;222m▄[48;2;223;223;223m[38;2;222;223;222m▄[48;2;222;222;222m[38;2;222;222;223m▄[48;2;222;222;222m[38;2;222;222;222m▄[48;2;222;222;222m[38;2;221;221;221m▄[48;2;221;221;221m[38;2;221;221;221m▄[48;2;219;219;219m[38;2;218;218;218m▄[48;2;217;217;217m[38;2;218;218;218m▄[48;2;217;217;217m[38;2;216;216;216m▄[48;2;216;216;216m[38;2;216;216;216m▄[48;2;216;216;216m[38;2;217;217;217m▄[48;2;216;216;216m[38;2;216;216;216m▄[48;2;216;216;216m[38;2;215;215;215m▄[48;2;215;215;215m[38;2;215;215;215m▄[48;2;215;215;215m[38;2;215;215;215m▄[48;2;215;215;215m[38;2;214;214;215m▄[48;2;213;213;213m[38;2;213;213;213m▄[48;2;213;213;213m[38;2;213;213;213m▄[48;2;211;211;211m[38;2;212;212;212m▄[48;2;211;211;211m[38;2;210;210;210m▄[48;2;210;210;210m[38;2;210;210;210m▄[48;2;210;210;210m[38;2;210;210;210m▄[48;2;209;209;209m[38;2;209;209;209m▄[48;2;208;208;208m[38;2;209;209;209m▄[48;2;209;209;209m[38;2;208;208;208m▄[48;2;208;208;208m[38;2;208;208;208m▄[48;2;207;207;207m[38;2;208;208;208m▄[48;2;206;206;206m[38;2;206;206;206m▄[48;2;204;204;204m[38;2;205;205;205m▄[48;2;203;203;203m[38;2;204;204;204m▄[0m
[48;2;217;217;217m[38;2;217;217;217m▄[48;2;217;217;217m[38;2;217;217;217m▄[48;2;218;218;218m[38;2;217;217;217m▄[48;2;219;219;219m[38;2;220;220;220m▄[48;2;221;221;221m[38;2;221;221;221m▄[48;2;222;222;222m[38;2;221;221;221m▄[48;2;223;223;223m[38;2;223;223;223m▄[48;2;224;224;224m[38;2;223;223;223m▄[48;2;224;224;224m[38;2;224;224;224m▄[48;2;224;224;224m[38;2;224;224;224m▄[48;2;225;225;225m[38;2;224;224;224m▄[48;2;225;225;225m[38;2;225;225;225m▄[48;2;225;225;225m[38;2;226;226;226m▄[48;2;225;225;225m[38;2;225;225;225m▄[48;2;225;225;225m[38;2;225;225;225m▄[48;2;225;225;225m[38;2;225;225;225m▄[48;2;225;225;225m[38;2;225;225;225m▄[48;2;226;226;226m[38;2;224;224;224m▄[48;2;226;226;226m[38;2;225;225;225m▄[48;2;226;226;226m[38;2;224;224;224m▄[48;2;227;227;227m[38;2;226;226;226m▄[48;2;226;226;226m[38;2;226;226;226m▄[48;2;226;226;226m[38;2;225;225;225m▄[48;2;226;226;226m[38;2;224;224;224m▄[48;2;225;225;225m[38;2;224;224;224m▄[48;2;224;224;224m[38;2;224;224;224m▄[48;2;224;224;224m[38;2;224;224;224m▄[48;2;224;224;224m[38;2;225;224;226m▄[48;2;226;225;227m[38;2;216;224;213m▄[48;2;229;226;230m[38;2;205;221;200m▄[48;2;228;226;228m[38;2;212;219;213m▄[48;2;223;223;222m[38;2;230;227;231m▄[48;2;223;223;223m[38;2;224;224;223m▄[48;2;224;224;223m[38;2;226;225;228m▄[48;2;231;228;233m[38;2;179;198;176m▄[48;2;226;224;227m[38;2;206;214;203m▄[48;2;222;222;222m[38;2;226;225;226m▄[48;2;222;222;222m[38;2;221;221;221m▄[48;2;221;221;221m[38;2;221;221;221m▄[48;2;220;220;220m[38;2;219;219;219m▄[48;2;218;218;218m[38;2;218;218;218m▄[48;2;217;217;217m[38;2;217;217;217m▄[48;2;217;217;217m[38;2;217;217;217m▄[48;2;217;217;217m[38;2;217;217;217m▄[48;2;217;217;217m[38;2;217;217;217m▄[48;2;215;215;215m[38;2;216;216;216m▄[48;2;215;215;215m[38;2;216;216;216m▄[48;2;215;215;215m[38;2;215;215;215m▄[48;2;215;215;215m[38;2;214;214;215m▄[48;2;214;214;214m[38;2;214;214;214m▄[48;2;213;213;213m[38;2;214;214;214m▄[48;2;213;213;213m[38;2;212;212;212m▄[48;2;212;212;212m[38;2;211;211;211m▄[48;2;210;210;210m[38;2;211;211;211m▄[48;2;210;210;210m[38;2;211;211;211m▄[48;2;210;210;210m[38;2;211;211;211m▄[48;2;209;209;209m[38;2;209;209;209m▄[48;2;209;209;209m[38;2;208;208;208m▄[48;2;208;208;208m[38;2;208;208;208m▄[48;2;207;207;207m[38;2;208;208;208m▄[48;2;207;207;207m[38;2;207;207;207m▄[48;2;207;207;207m[38;2;207;207;207m▄[48;2;205;205;205m[38;2;204;204;204m▄[48;2;204;204;204m[38;2;203;203;203m▄[0m
[48;2;216;216;216m[38;2;216;216;216m▄[48;2;217;217;217m[38;2;216;216;216m▄[48;2;217;217;217m[38;2;217;217;217m▄[48;2;219;219;219m[38;2;218;218;218m▄[48;2;220;220;222m[38;2;219;219;220m▄[48;2;221;221;221m[38;2;221;221;221m▄[48;2;222;222;222m[38;2;222;222;222m▄[48;2;223;223;223m[38;2;223;223;223m▄[48;2;223;223;223m[38;2;223;223;223m▄[48;2;224;224;224m[38;2;223;223;223m▄[48;2;224;224;224m[38;2;224;224;224m▄[48;2;224;224;224m[38;2;224;224;224m▄[48;2;225;225;225m[38;2;224;224;224m▄[48;2;225;225;225m[38;2;225;225;225m▄[48;2;225;225;225m[38;2;225;225;225m▄[48;2;225;225;225m[38;2;225;225;225m▄[48;2;225;225;225m[38;2;225;225;225m▄[48;2;225;225;225m[38;2;224;224;225m▄[48;2;224;224;224m[38;2;224;224;224m▄[48;2;224;224;224m[38;2;224;224;224m▄[48;2;224;224;224m[38;2;224;224;224m▄[48;2;225;225;225m[38;2;224;224;224m▄[48;2;224;224;224m[38;2;224;224;224m▄[48;2;224;224;224m[38;2;224;224;224m▄[48;2;224;224;224m[38;2;224;224;224m▄[48;2;224;224;224m[38;2;224;224;224m▄[48;2;223;224;223m[38;2;223;224;223m▄[48;2;228;224;230m[38;2;230;227;230m▄[48;2;190;216;182m[38;2;197;211;195m▄[48;2;182;222;136m[38;2;159;204;107m▄[48;2;158;200;121m[38;2;149;194;85m▄[48;2;171;194;164m[38;2;131;179;87m▄[48;2;234;228;238m[38;2;167;189;163m▄[48;2;167;193;156m[38;2;116;164;92m▄[48;2;99;158;61m[38;2;172;189;165m▄[48;2;172;193;166m[38;2;211;209;215m▄[48;2;227;224;227m[38;2;223;220;223m▄[48;2;218;220;218m[38;2;224;223;224m▄[48;2;221;220;221m[38;2;220;220;220m▄[48;2;219;219;219m[38;2;219;219;219m▄[48;2;217;217;217m[38;2;217;217;217m▄[48;2;217;217;217m[38;2;217;217;217m▄[48;2;217;217;217m[38;2;217;217;217m▄[48;2;217;217;217m[38;2;217;217;217m▄[48;2;217;217;217m[38;2;216;216;216m▄[48;2;216;216;216m[38;2;216;216;216m▄[48;2;216;216;216m[38;2;215;215;215m▄[48;2;215;215;215m[38;2;215;215;215m▄[48;2;215;215;215m[38;2;214;214;214m▄[48;2;214;214;214m[38;2;214;214;214m▄[48;2;213;213;213m[38;2;213;213;213m▄[48;2;212;212;212m[38;2;213;213;213m▄[48;2;211;211;211m[38;2;211;211;211m▄[48;2;211;211;211m[38;2;211;211;211m▄[48;2;211;211;211m[38;2;210;210;210m▄[48;2;210;210;210m[38;2;211;211;211m▄[48;2;209;209;209m[38;2;209;209;209m▄[48;2;209;209;209m[38;2;209;209;209m▄[48;2;209;209;209m[38;2;208;208;208m▄[48;2;207;207;207m[38;2;208;208;208m▄[48;2;207;207;207m[38;2;207;207;207m▄[48;2;206;206;207m[38;2;206;206;206m▄[48;2;204;204;205m[38;2;204;204;204m▄[48;2;204;203;204m[38;2;204;204;204m▄[0m
[48;2;216;216;216m[38;2;216;216;216m▄[48;2;216;216;216m[38;2;216;216;216m▄[48;2;216;216;216m[38;2;216;216;216m▄[48;2;218;218;218m[38;2;217;217;217m▄[48;2;219;219;219m[38;2;218;218;218m▄[48;2;220;220;220m[38;2;219;219;219m▄[48;2;221;221;221m[38;2;220;220;221m▄[48;2;222;222;222m[38;2;222;222;222m▄[48;2;223;223;223m[38;2;222;222;222m▄[48;2;223;223;223m[38;2;223;223;223m▄[48;2;223;223;223m[38;2;223;223;223m▄[48;2;224;224;223m[38;2;223;223;223m▄[48;2;224;224;224m[38;2;224;224;224m▄[48;2;224;224;224m[38;2;223;223;223m▄[48;2;224;224;224m[38;2;224;224;224m▄[48;2;225;225;225m[38;2;224;224;224m▄[48;2;225;225;225m[38;2;224;224;224m▄[48;2;225;225;225m[38;2;224;224;224m▄[48;2;224;224;224m[38;2;224;224;224m▄[48;2;225;225;225m[38;2;224;224;224m▄[48;2;224;224;224m[38;2;224;224;224m▄[48;2;224;224;224m[38;2;224;224;224m▄[48;2;225;225;225m[38;2;224;224;224m▄[48;2;224;224;224m[38;2;224;224;224m▄[48;2;224;224;224m[38;2;223;223;223m▄[48;2;224;224;224m[38;2;224;224;224m▄[48;2;224;224;224m[38;2;224;224;224m▄[48;2;226;225;224m[38;2;222;226;225m▄[48;2;222;226;230m[38;2;231;205;209m▄[48;2;154;192;139m[38;2;227;176;184m▄[48;2;123;186;78m[38;2;168;155;130m▄[48;2;109;171;74m[38;2;119;149;98m▄[48;2;82;146;64m[38;2;88;139;72m▄[48;2;122;162;114m[38;2;85;157;71m▄[48;2;156;185;141m[38;2;109;172;73m▄[48;2;148;183;125m[38;2;139;189;83m▄[48;2;163;189;157m[38;2;143;191;85m▄[48;2;210;214;211m[38;2;124;168;102m▄[48;2;222;221;222m[38;2;209;211;211m▄[48;2;217;217;217m[38;2;219;218;218m▄[48;2;217;217;217m[38;2;216;216;216m▄[48;2;217;217;217m[38;2;217;217;217m▄[48;2;217;217;217m[38;2;217;217;217m▄[48;2;217;217;217m[38;2;217;217;217m▄[48;2;216;216;216m[38;2;216;216;216m▄[48;2;216;216;216m[38;2;216;216;216m▄[48;2;215;215;215m[38;2;215;215;215m▄[48;2;215;215;215m[38;2;214;214;214m▄[48;2;214;214;214m[38;2;213;213;213m▄[48;2;214;214;214m[38;2;213;213;213m▄[48;2;213;213;213m[38;2;212;212;212m▄[48;2;212;212;212m[38;2;211;211;211m▄[48;2;210;210;210m[38;2;210;210;210m▄[48;2;210;210;210m[38;2;210;210;210m▄[48;2;211;211;211m[38;2;211;211;211m▄[48;2;210;210;210m[38;2;209;209;209m▄[48;2;209;209;209m[38;2;209;209;209m▄[48;2;209;209;209m[38;2;209;209;209m▄[48;2;208;208;208m[38;2;208;208;208m▄[48;2;208;208;208m[38;2;207;207;207m▄[48;2;207;207;207m[38;2;207;207;206m▄[48;2;206;206;206m[38;2;205;204;205m▄[48;2;205;205;204m[38;2;204;204;204m▄[48;2;204;204;204m[38;2;204;204;204m▄[0m
[48;2;216;216;216m[38;2;216;216;216m▄[48;2;216;216;216m[38;2;216;216;216m▄[48;2;216;216;216m[38;2;216;216;216m▄[48;2;216;216;216m[38;2;216;216;216m▄[48;2;217;217;217m[38;2;217;217;217m▄[48;2;218;218;218m[38;2;217;217;217m▄[48;2;219;219;219m[38;2;217;217;217m▄[48;2;220;220;220m[38;2;219;219;219m▄[48;2;222;222;222m[38;2;221;221;221m▄[48;2;222;222;222m[38;2;221;221;221m▄[48;2;222;222;222m[38;2;221;221;221m▄[48;2;222;222;222m[38;2;222;222;222m▄[48;2;223;223;223m[38;2;222;222;222m▄[48;2;223;223;223m[38;2;222;222;223m▄[48;2;224;224;224m[38;2;223;223;223m▄[48;2;224;224;224m[38;2;223;223;223m▄[48;2;224;224;224m[38;2;223;223;223m▄[48;2;223;223;223m[38;2;223;223;223m▄[48;2;224;224;224m[38;2;223;223;223m▄[48;2;224;224;224m[38;2;223;223;223m▄[48;2;223;223;223m[38;2;223;223;223m▄[48;2;224;224;224m[38;2;224;224;224m▄[48;2;224;224;224m[38;2;224;224;224m▄[48;2;223;223;223m[38;2;223;223;223m▄[48;2;223;223;223m[38;2;223;223;223m▄[48;2;223;222;222m[38;2;222;224;223m▄[48;2;222;226;226m[38;2;224;221;221m▄[48;2;234;198;200m[38;2;234;155;163m▄[48;2;244;159;165m[38;2;232;137;147m▄[48;2;244;144;152m[38;2;226;127;138m▄[48;2;235;129;145m[38;2;221;130;138m▄[48;2;231;145;163m[38;2;240;165;171m▄[48;2;221;152;155m[38;2;240;151;163m▄[48;2;130;133;91m[38;2;231;131;148m▄[48;2;111;164;82m[38;2;224;148;153m▄[48;2;123;173;79m[38;2;196;140;141m▄[48;2;125;170;92m[38;2;192;195;198m▄[48;2;162;182;156m[38;2;209;206;212m▄[48;2;209;208;210m[38;2;210;210;210m▄[48;2;216;216;216m[38;2;216;216;216m▄[48;2;216;216;216m[38;2;216;216;216m▄[48;2;217;217;217m[38;2;216;216;217m▄[48;2;217;217;217m[38;2;217;217;216m▄[48;2;216;216;216m[38;2;216;216;216m▄[48;2;216;216;216m[38;2;216;216;216m▄[48;2;215;215;215m[38;2;215;215;215m▄[48;2;215;215;215m[38;2;214;214;215m▄[48;2;215;215;215m[38;2;214;214;214m▄[48;2;213;213;213m[38;2;213;213;213m▄[48;2;213;213;213m[38;2;213;213;213m▄[48;2;213;213;213m[38;2;212;212;212m▄[48;2;211;211;211m[38;2;211;211;211m▄[48;2;210;210;210m[38;2;211;211;211m▄[48;2;210;210;210m[38;2;211;211;211m▄[48;2;211;211;211m[38;2;210;210;210m▄[48;2;209;209;209m[38;2;208;208;209m▄[48;2;209;209;209m[38;2;209;209;209m▄[48;2;208;208;208m[38;2;209;209;209m▄[48;2;208;208;208m[38;2;208;208;208m▄[48;2;207;207;207m[38;2;206;206;206m▄[48;2;207;207;207m[38;2;205;205;205m▄[48;2;205;205;205m[38;2;204;204;204m▄[48;2;204;204;204m[38;2;204;204;204m▄[48;2;204;204;204m[38;2;203;203;203m▄[0m
[48;2;216;216;216m[38;2;215;215;215m▄[48;2;216;216;216m[38;2;216;216;216m▄[48;2;216;216;216m[38;2;216;216;216m▄[48;2;216;216;216m[38;2;216;216;216m▄[48;2;216;216;216m[38;2;216;216;216m▄[48;2;217;217;217m[38;2;216;216;216m▄[48;2;218;218;218m[38;2;217;217;217m▄[48;2;218;218;218m[38;2;217;217;217m▄[48;2;220;220;220m[38;2;218;218;218m▄[48;2;220;220;220m[38;2;219;219;219m▄[48;2;221;221;221m[38;2;220;220;220m▄[48;2;221;221;221m[38;2;220;220;220m▄[48;2;222;222;222m[38;2;221;221;221m▄[48;2;222;222;222m[38;2;221;221;221m▄[48;2;223;223;223m[38;2;222;222;222m▄[48;2;223;223;223m[38;2;222;222;222m▄[48;2;223;223;223m[38;2;222;222;222m▄[48;2;223;223;223m[38;2;222;222;222m▄[48;2;223;223;223m[38;2;222;222;222m▄[48;2;223;223;223m[38;2;222;222;222m▄[48;2;223;223;223m[38;2;223;223;223m▄[48;2;223;223;223m[38;2;222;222;222m▄[48;2;223;223;223m[38;2;222;222;222m▄[48;2;223;223;223m[38;2;222;222;222m▄[48;2;230;229;229m[38;2;230;232;232m▄[48;2;234;239;239m[38;2;242;234;235m▄[48;2;232;191;196m[38;2;242;163;175m▄[48;2;235;145;155m[38;2;240;134;148m▄[48;2;235;140;152m[38;2;222;103;120m▄[48;2;220;128;141m[38;2;212;136;150m▄[48;2;218;146;156m[38;2;252;255;255m▄[48;2;232;142;152m[38;2;223;166;175m▄[48;2;241;161;169m[38;2;224;130;143m▄[48;2;223;131;142m[38;2;225;135;145m▄[48;2;243;156;166m[38;2;225;144;154m▄[48;2;227;132;145m[38;2;217;109;123m▄[48;2;202;156;163m[38;2;213;112;128m▄[48;2;213;219;217m[38;2;210;206;208m▄[48;2;217;216;217m[38;2;217;217;216m▄[48;2;217;217;219m[38;2;215;211;204m▄[48;2;216;217;217m[38;2;214;208;197m▄[48;2;217;216;216m[38;2;213;204;190m▄[48;2;217;219;220m[38;2;213;204;191m▄[48;2;216;216;216m[38;2;216;216;216m▄[48;2;216;216;216m[38;2;215;215;215m▄[48;2;215;215;215m[38;2;215;215;215m▄[48;2;215;215;215m[38;2;215;214;215m▄[48;2;214;214;214m[38;2;213;213;213m▄[48;2;213;213;213m[38;2;213;213;213m▄[48;2;213;213;213m[38;2;212;212;212m▄[48;2;212;212;212m[38;2;212;212;212m▄[48;2;211;211;211m[38;2;211;211;211m▄[48;2;211;211;211m[38;2;211;211;211m▄[48;2;210;210;210m[38;2;211;211;211m▄[48;2;210;209;211m[38;2;209;209;209m▄[48;2;209;209;210m[38;2;209;209;209m▄[48;2;209;209;209m[38;2;208;208;208m▄[48;2;209;209;209m[38;2;208;208;208m▄[48;2;207;207;207m[38;2;207;207;207m▄[48;2;207;207;207m[38;2;207;207;207m▄[48;2;205;205;205m[38;2;205;205;205m▄[48;2;204;204;204m[38;2;205;205;205m▄[48;2;204;204;204m[38;2;204;204;204m▄[48;2;203;203;203m[38;2;203;203;203m▄[0m
[48;2;215;215;215m[38;2;215;215;215m▄[48;2;215;215;215m[38;2;216;216;216m▄[48;2;217;217;217m[38;2;216;216;216m▄[48;2;216;216;216m[38;2;216;216;216m▄[48;2;216;216;216m[38;2;216;216;216m▄[48;2;216;216;216m[38;2;216;216;216m▄[48;2;216;216;216m[38;2;217;217;217m▄[48;2;217;217;217m[38;2;217;217;217m▄[48;2;217;217;217m[38;2;217;217;217m▄[48;2;218;218;218m[38;2;217;217;217m▄[48;2;218;218;218m[38;2;217;217;217m▄[48;2;218;218;218m[38;2;218;218;218m▄[48;2;219;219;219m[38;2;218;218;218m▄[48;2;219;219;219m[38;2;219;219;219m▄[48;2;220;220;220m[38;2;220;220;220m▄[48;2;221;221;221m[38;2;220;220;220m▄[48;2;221;221;221m[38;2;220;220;220m▄[48;2;222;222;222m[38;2;221;221;221m▄[48;2;222;222;222m[38;2;221;221;221m▄[48;2;221;221;222m[38;2;221;221;221m▄[48;2;221;221;221m[38;2;221;221;221m▄[48;2;221;221;221m[38;2;221;221;221m▄[48;2;221;221;221m[38;2;221;220;220m▄[48;2;221;221;221m[38;2;221;220;220m▄[48;2;223;225;226m[38;2;222;220;220m▄[48;2;221;209;211m[38;2;220;222;222m▄[48;2;233;133;146m[38;2;204;126;140m▄[48;2;224;113;130m[38;2;213;99;118m▄[48;2;211;101;121m[38;2;221;106;124m▄[48;2;203;93;113m[38;2;217;105;123m▄[48;2;225;182;190m[38;2;217;106;122m▄[48;2;255;255;255m[38;2;216;152;163m▄[48;2;238;214;218m[38;2;239;224;229m▄[48;2;204;109;127m[38;2;214;114;132m▄[48;2;214;104;122m[38;2;230;120;134m▄[48;2;231;119;132m[38;2;224;109;125m▄[48;2;213;108;124m[38;2;196;125;137m▄[48;2;202;192;195m[38;2;203;207;206m▄[48;2;217;216;212m[38;2;216;215;216m▄[48;2;215;212;208m[38;2;216;216;217m▄[48;2;215;215;214m[38;2;215;215;214m▄[48;2;215;216;217m[38;2;217;219;222m▄[48;2;210;200;188m[38;2;215;215;214m▄[48;2;212;202;191m[38;2;208;193;175m▄[48;2;215;217;219m[38;2;215;217;219m▄[48;2;214;214;214m[38;2;215;214;214m▄[48;2;213;213;213m[38;2;214;213;214m▄[48;2;213;212;213m[38;2;213;213;213m▄[48;2;212;212;212m[38;2;212;212;212m▄[48;2;211;211;211m[38;2;211;211;211m▄[48;2;211;211;211m[38;2;211;211;211m▄[48;2;211;211;211m[38;2;211;211;211m▄[48;2;211;211;211m[38;2;210;210;210m▄[48;2;211;211;211m[38;2;210;210;210m▄[48;2;209;209;209m[38;2;210;210;210m▄[48;2;209;209;209m[38;2;209;209;209m▄[48;2;208;208;208m[38;2;208;208;208m▄[48;2;208;208;208m[38;2;208;208;208m▄[48;2;207;207;207m[38;2;208;208;208m▄[48;2;206;206;206m[38;2;207;207;207m▄[48;2;205;205;205m[38;2;204;204;204m▄[48;2;204;204;204m[38;2;204;204;204m▄[48;2;204;204;204m[38;2;204;204;204m▄[48;2;203;203;203m[38;2;203;203;203m▄[0m
[48;2;214;214;214m[38;2;214;214;214m▄[48;2;215;215;215m[38;2;214;214;214m▄[48;2;215;215;215m[38;2;215;215;215m▄[48;2;215;215;215m[38;2;216;216;216m▄[48;2;217;217;217m[38;2;216;216;216m▄[48;2;217;217;217m[38;2;215;215;215m▄[48;2;217;217;217m[38;2;216;216;216m▄[48;2;217;217;217m[38;2;217;217;217m▄[48;2;217;217;217m[38;2;217;217;217m▄[48;2;217;217;217m[38;2;217;217;217m▄[48;2;216;216;216m[38;2;217;217;217m▄[48;2;216;216;216m[38;2;217;217;217m▄[48;2;217;217;217m[38;2;217;217;217m▄[48;2;218;218;218m[38;2;216;216;216m▄[48;2;217;217;217m[38;2;217;217;217m▄[48;2;218;218;218m[38;2;217;217;217m▄[48;2;219;219;219m[38;2;218;218;218m▄[48;2;220;220;220m[38;2;218;218;218m▄[48;2;219;219;219m[38;2;218;217;217m▄[48;2;220;219;219m[38;2;217;220;220m▄[48;2;220;219;219m[38;2;217;220;220m▄[48;2;219;221;221m[38;2;223;211;212m▄[48;2;218;222;222m[38;2;230;212;211m▄[48;2;217;221;221m[38;2;233;208;208m▄[48;2;217;222;222m[38;2;226;194;196m▄[48;2;221;229;228m[38;2;218;200;201m▄[48;2;207;191;196m[38;2;218;226;225m▄[48;2;210;104;121m[38;2;201;122;137m▄[48;2;224;106;123m[38;2;223;95;112m▄[48;2;210;97;117m[38;2;210;92;111m▄[48;2;233;131;142m[38;2;226;116;132m▄[48;2;225;114;128m[38;2;207;99;119m▄[48;2;195;80;104m[38;2;205;83;105m▄[48;2;203;87;110m[38;2;219;94;114m▄[48;2;211;94;114m[38;2;211;77;100m▄[48;2;194;84;107m[38;2;190;115;131m▄[48;2;191;186;189m[38;2;200;208;207m▄[48;2;208;214;215m[38;2;219;170;175m▄[48;2;215;217;217m[38;2;226;165;170m▄[48;2;216;218;218m[38;2;217;204;207m▄[48;2;217;218;220m[38;2;205;199;186m▄[48;2;212;206;201m[38;2;201;194;176m▄[48;2;204;187;167m[38;2;211;211;207m▄[48;2;210;204;195m[38;2;211;210;208m▄[48;2;213;214;216m[38;2;208;204;198m▄[48;2;213;213;213m[38;2;213;213;215m▄[48;2;213;213;213m[38;2;212;212;212m▄[48;2;212;212;212m[38;2;212;212;212m▄[48;2;211;211;211m[38;2;210;210;210m▄[48;2;211;211;211m[38;2;211;211;211m▄[48;2;211;211;211m[38;2;211;211;211m▄[48;2;211;211;211m[38;2;210;210;210m▄[48;2;210;210;210m[38;2;209;209;209m▄[48;2;209;209;209m[38;2;209;209;209m▄[48;2;209;209;209m[38;2;209;209;209m▄[48;2;208;208;208m[38;2;208;208;208m▄[48;2;208;208;208m[38;2;207;207;207m▄[48;2;207;207;207m[38;2;207;207;207m▄[48;2;207;207;207m[38;2;207;207;207m▄[48;2;205;205;205m[38;2;205;205;205m▄[48;2;204;204;204m[38;2;204;204;204m▄[48;2;204;204;204m[38;2;204;204;204m▄[48;2;204;204;204m[38;2;203;203;203m▄[48;2;203;203;203m[38;2;203;203;203m▄[0m
[48;2;214;214;214m[38;2;214;214;214m▄[48;2;214;214;214m[38;2;214;214;214m▄[48;2;215;215;215m[38;2;215;215;215m▄[48;2;215;215;215m[38;2;215;215;215m▄[48;2;215;215;215m[38;2;215;215;215m▄[48;2;215;215;215m[38;2;215;215;215m▄[48;2;216;216;216m[38;2;215;215;215m▄[48;2;216;216;216m[38;2;216;216;216m▄[48;2;217;217;217m[38;2;216;216;215m▄[48;2;217;217;217m[38;2;217;217;217m▄[48;2;217;217;217m[38;2;217;217;217m▄[48;2;217;217;217m[38;2;217;217;217m▄[48;2;217;217;217m[38;2;217;217;217m▄[48;2;217;217;217m[38;2;216;216;216m▄[48;2;217;217;217m[38;2;217;217;217m▄[48;2;217;217;217m[38;2;217;217;217m▄[48;2;217;217;217m[38;2;217;217;217m▄[48;2;217;216;217m[38;2;216;218;218m▄[48;2;216;220;220m[38;2;218;212;212m▄[48;2;219;208;209m[38;2;240;190;196m▄[48;2;238;201;203m[38;2;246;216;220m▄[48;2;246;214;215m[38;2;232;150;159m▄[48;2;241;185;187m[38;2;242;192;198m▄[48;2;237;166;171m[38;2;230;155;164m▄[48;2;237;169;174m[38;2;213;126;136m▄[48;2;233;158;164m[38;2;243;188;193m▄[48;2;220;182;186m[38;2;221;152;159m▄[48;2;209;206;207m[38;2;212;212;211m▄[48;2;199;118;133m[38;2;209;209;211m▄[48;2;199;90;112m[38;2;198;202;204m▄[48;2;193;106;124m[38;2;204;170;173m▄[48;2;207;131;140m[38;2;236;156;163m▄[48;2;212;132;142m[38;2;222;148;156m▄[48;2;199;91;113m[38;2;194;190;192m▄[48;2;191;111;128m[38;2;196;200;199m▄[48;2;191;192;192m[38;2;205;205;206m▄[48;2;209;169;172m[38;2;223;149;158m▄[48;2;235;163;169m[38;2;231;174;181m▄[48;2;231;161;169m[38;2;211;115;128m▄[48;2;213;166;164m[38;2;208;181;182m▄[48;2;203;197;186m[38;2;211;174;179m▄[48;2;220;174;180m[38;2;232;144;152m▄[48;2;217;194;198m[38;2;218;138;146m▄[48;2;207;204;195m[38;2;210;208;208m▄[48;2;210;207;204m[38;2;212;212;213m▄[48;2;212;212;213m[38;2;210;210;210m▄[48;2;211;211;211m[38;2;211;211;211m▄[48;2;211;211;211m[38;2;211;211;211m▄[48;2;211;211;211m[38;2;211;211;211m▄[48;2;211;211;211m[38;2;211;211;211m▄[48;2;211;211;211m[38;2;210;209;210m▄[48;2;209;209;209m[38;2;208;208;208m▄[48;2;209;209;209m[38;2;208;208;208m▄[48;2;208;208;208m[38;2;209;209;209m▄[48;2;208;208;208m[38;2;208;208;208m▄[48;2;208;208;208m[38;2;208;207;208m▄[48;2;208;208;207m[38;2;207;207;208m▄[48;2;207;207;207m[38;2;207;207;207m▄[48;2;207;207;207m[38;2;206;206;206m▄[48;2;205;205;205m[38;2;204;204;204m▄[48;2;203;203;203m[38;2;203;203;203m▄[48;2;203;203;203m[38;2;203;203;203m▄[48;2;203;203;203m[38;2;203;203;203m▄[48;2;203;203;203m[38;2;202;202;202m▄[0m
[48;2;213;213;213m[38;2;211;211;211m▄[48;2;214;214;214m[38;2;212;212;212m▄[48;2;214;214;214m[38;2;213;213;213m▄[48;2;215;215;215m[38;2;215;215;215m▄[48;2;215;215;215m[38;2;215;215;215m▄[48;2;215;215;215m[38;2;214;214;214m▄[48;2;215;215;215m[38;2;215;215;215m▄[48;2;216;216;216m[38;2;215;215;215m▄[48;2;215;215;215m[38;2;215;215;215m▄[48;2;216;216;216m[38;2;216;216;216m▄[48;2;216;216;216m[38;2;216;216;216m▄[48;2;216;216;216m[38;2;216;216;216m▄[48;2;216;216;216m[38;2;216;216;216m▄[48;2;217;217;217m[38;2;217;217;217m▄[48;2;217;217;217m[38;2;216;216;216m▄[48;2;217;217;217m[38;2;217;216;218m▄[48;2;218;217;217m[38;2;217;217;217m▄[48;2;216;223;223m[38;2;217;219;218m▄[48;2;220;187;190m[38;2;220;210;212m▄[48;2;244;204;207m[38;2;229;169;177m▄[48;2;234;191;196m[38;2;219;134;146m▄[48;2;226;144;154m[38;2;231;162;170m▄[48;2;243;210;212m[38;2;238;184;189m▄[48;2;203;118;130m[38;2;211;123;136m▄[48;2;218;150;157m[38;2;222;152;163m▄[48;2;239;181;188m[38;2;191;91;108m▄[48;2;199;103;117m[38;2;215;131;143m▄[48;2;214;146;156m[38;2;209;130;143m▄[48;2;216;141;152m[38;2;225;158;168m▄[48;2;210;149;158m[38;2;215;132;145m▄[48;2;205;136;145m[38;2;198;100;118m▄[48;2;208;109;122m[38;2;230;169;177m▄[48;2;201;123;134m[38;2;188;88;105m▄[48;2;206;149;158m[38;2;227;158;168m▄[48;2;221;148;158m[38;2;207;127;140m▄[48;2;205;126;138m[38;2;202;112;126m▄[48;2;229;158;167m[38;2;231;169;177m▄[48;2;224;168;175m[38;2;209;141;154m▄[48;2;211;118;131m[38;2;228;166;175m▄[48;2;206;144;154m[38;2;208;118;133m▄[48;2;204;141;149m[38;2;203;113;127m▄[48;2;212;112;125m[38;2;230;158;169m▄[48;2;203;149;157m[38;2;186;126;137m▄[48;2;206;213;213m[38;2;205;206;206m▄[48;2;211;209;209m[38;2;211;211;211m▄[48;2;211;211;211m[38;2;210;210;210m▄[48;2;211;211;211m[38;2;211;211;211m▄[48;2;211;211;211m[38;2;210;210;210m▄[48;2;210;210;211m[38;2;210;210;210m▄[48;2;211;211;211m[38;2;209;210;211m▄[48;2;210;210;211m[38;2;209;211;215m▄[48;2;209;208;210m[38;2;209;208;214m▄[48;2;208;208;209m[38;2;209;207;211m▄[48;2;208;208;208m[38;2;208;208;208m▄[48;2;208;208;208m[38;2;208;208;208m▄[48;2;208;208;207m[38;2;207;208;204m▄[48;2;207;207;206m[38;2;207;208;202m▄[48;2;207;207;206m[38;2;206;206;202m▄[48;2;204;204;204m[38;2;204;204;202m▄[48;2;203;203;203m[38;2;203;203;203m▄[48;2;204;204;203m[38;2;203;203;203m▄[48;2;203;203;203m[38;2;202;202;202m▄[48;2;203;203;203m[38;2;202;202;202m▄[48;2;201;201;201m[38;2;202;201;202m▄[0m
[48;2;210;210;210m[38;2;210;210;210m▄[48;2;211;211;211m[38;2;210;210;210m▄[48;2;213;213;213m[38;2;211;211;211m▄[48;2;213;213;213m[38;2;212;212;212m▄[48;2;213;213;213m[38;2;213;213;213m▄[48;2;214;214;214m[38;2;214;214;214m▄[48;2;214;214;214m[38;2;214;214;214m▄[48;2;215;215;215m[38;2;214;214;214m▄[48;2;215;215;215m[38;2;215;215;215m▄[48;2;215;215;215m[38;2;215;215;215m▄[48;2;215;215;215m[38;2;215;215;215m▄[48;2;215;215;215m[38;2;215;215;215m▄[48;2;216;216;216m[38;2;215;215;215m▄[48;2;216;216;216m[38;2;215;215;215m▄[48;2;216;216;216m[38;2;216;216;216m▄[48;2;216;216;217m[38;2;216;216;216m▄[48;2;216;216;216m[38;2;216;216;216m▄[48;2;216;215;216m[38;2;216;216;216m▄[48;2;216;217;217m[38;2;215;215;214m▄[48;2;216;218;218m[38;2;213;217;211m▄[48;2;204;152;162m[38;2;205;140;153m▄[48;2;235;157;166m[38;2;236;143;157m▄[48;2;201;115;129m[38;2;164;77;97m▄[48;2;231;157;166m[38;2;199;109;125m▄[48;2;185;94;112m[38;2;217;130;145m▄[48;2;186;96;113m[38;2;164;63;88m▄[48;2;229;149;162m[38;2;231;136;151m▄[48;2;170;62;84m[38;2;197;106;123m▄[48;2;232;157;167m[38;2;231;142;155m▄[48;2;178;78;100m[38;2;192;96;117m▄[48;2;222;138;151m[38;2;222;130;144m▄[48;2;193;98;117m[38;2;197;101;120m▄[48;2;211;123;139m[38;2;202;110;129m▄[48;2;210;129;143m[38;2;217;126;141m▄[48;2;167;66;87m[38;2;185;100;118m▄[48;2;191;91;112m[38;2;205;119;136m▄[48;2;242;167;179m[38;2;223;131;146m▄[48;2;184;91;111m[38;2;158;48;74m▄[48;2;221;136;149m[38;2;226;130;144m▄[48;2;183;88;106m[38;2;193;100;118m▄[48;2;220;135;149m[38;2;223;134;148m▄[48;2;193;101;119m[38;2;196;100;119m▄[48;2;180;70;93m[38;2;177;83;106m▄[48;2;198;152;162m[38;2;196;177;181m▄[48;2;213;220;219m[38;2;208;212;211m▄[48;2;210;208;209m[38;2;210;209;210m▄[48;2;211;211;211m[38;2;210;210;210m▄[48;2;211;211;211m[38;2;211;211;211m▄[48;2;211;211;211m[38;2;210;210;210m▄[48;2;209;210;211m[38;2;210;210;210m▄[48;2;207;211;217m[38;2;207;209;211m▄[48;2;208;209;215m[38;2;208;208;212m▄[48;2;209;208;213m[38;2;209;208;212m▄[48;2;208;208;209m[38;2;208;207;209m▄[48;2;208;208;208m[38;2;208;208;208m▄[48;2;208;208;207m[38;2;208;208;207m▄[48;2;207;208;202m[38;2;205;207;201m▄[48;2;206;207;201m[38;2;204;207;201m▄[48;2;203;204;201m[38;2;203;205;202m▄[48;2;202;203;203m[38;2;201;203;203m▄[48;2;203;203;203m[38;2;203;202;202m▄[48;2;202;203;203m[38;2;202;202;203m▄[48;2;200;201;201m[38;2;201;200;202m▄[48;2;201;201;201m[38;2;201;201;201m▄[0m
[48;2;211;211;211m[38;2;210;210;210m▄[48;2;210;210;210m[38;2;210;210;210m▄[48;2;210;210;210m[38;2;210;210;210m▄[48;2;210;210;210m[38;2;210;210;210m▄[48;2;211;211;211m[38;2;210;210;210m▄[48;2;212;212;212m[38;2;211;211;211m▄[48;2;212;212;212m[38;2;212;212;212m▄[48;2;213;213;213m[38;2;212;212;212m▄[48;2;213;213;213m[38;2;213;213;213m▄[48;2;214;214;214m[38;2;213;213;213m▄[48;2;215;215;215m[38;2;214;214;214m▄[48;2;215;215;215m[38;2;214;214;214m▄[48;2;215;215;215m[38;2;214;214;214m▄[48;2;215;215;215m[38;2;215;215;215m▄[48;2;215;215;215m[38;2;215;215;215m▄[48;2;215;215;215m[38;2;215;215;215m▄[48;2;215;215;215m[38;2;215;215;215m▄[48;2;216;216;218m[38;2;216;217;218m▄[48;2;213;207;201m[38;2;213;207;202m▄[48;2;215;214;205m[38;2;210;203;186m▄[48;2;191;121;140m[38;2;207;191;194m▄[48;2;187;73;96m[38;2;181;128;138m▄[48;2;182;144;157m[38;2;190;174;166m▄[48;2;171;105;123m[38;2;196;181;171m▄[48;2;221;119;135m[38;2;166;72;93m▄[48;2;195;97;117m[38;2;221;117;134m▄[48;2;159;53;78m[38;2;208;118;135m▄[48;2;178;84;107m[38;2;170;87;106m▄[48;2;168;61;88m[38;2;164;68;92m▄[48;2;181;94;113m[38;2;187;122;137m▄[48;2;177;94;113m[38;2;185;136;148m▄[48;2;185;93;114m[38;2;179;99;118m▄[48;2;169;78;100m[38;2;187;111;128m▄[48;2;179;79;102m[38;2;175;87;107m▄[48;2;179;81;104m[38;2;177;87;109m▄[48;2;159;55;81m[38;2;186;103;123m▄[48;2;169;72;95m[38;2;179;96;116m▄[48;2;181;126;139m[38;2;194;189;190m▄[48;2;177;84;106m[38;2;197;184;180m▄[48;2;178;90;112m[38;2;192;180;170m▄[48;2;174;83;107m[38;2;195;183;176m▄[48;2;182;86;109m[38;2;193;182;182m▄[48;2;185;148;158m[38;2;194;196;188m▄[48;2;194;200;199m[38;2;201;200;200m▄[48;2;205;204;205m[38;2;208;208;209m▄[48;2;209;210;210m[38;2;209;209;208m▄[48;2;209;210;210m[38;2;209;209;209m▄[48;2;209;209;209m[38;2;209;209;209m▄[48;2;209;209;210m[38;2;208;208;209m▄[48;2;208;208;209m[38;2;208;207;208m▄[48;2;208;207;208m[38;2;208;208;207m▄[48;2;208;207;209m[38;2;208;208;208m▄[48;2;208;207;208m[38;2;207;207;207m▄[48;2;208;207;208m[38;2;207;207;207m▄[48;2;207;207;205m[38;2;206;206;204m▄[48;2;207;207;202m[38;2;206;206;201m▄[48;2;206;207;203m[38;2;206;206;202m▄[48;2;203;206;201m[38;2;203;205;204m▄[48;2;202;205;204m[38;2;202;203;203m▄[48;2;202;203;203m[38;2;203;203;203m▄[48;2;202;202;202m[38;2;201;201;202m▄[48;2;202;202;202m[38;2;201;201;201m▄[48;2;201;201;201m[38;2;201;201;201m▄[48;2;201;201;201m[38;2;201;201;201m▄[0m
[48;2;210;210;210m[38;2;209;209;209m▄[48;2;210;210;210m[38;2;210;210;210m▄[48;2;210;210;210m[38;2;210;210;210m▄[48;2;211;211;211m[38;2;211;211;211m▄[48;2;210;210;210m[38;2;211;211;211m▄[48;2;211;211;211m[38;2;210;210;210m▄[48;2;211;211;211m[38;2;211;211;211m▄[48;2;211;211;211m[38;2;212;212;212m▄[48;2;211;211;211m[38;2;211;211;211m▄[48;2;211;211;211m[38;2;212;212;212m▄[48;2;212;212;212m[38;2;212;212;212m▄[48;2;212;212;212m[38;2;212;212;212m▄[48;2;213;213;213m[38;2;213;213;213m▄[48;2;213;213;213m[38;2;213;213;213m▄[48;2;213;213;213m[38;2;213;213;213m▄[48;2;213;213;213m[38;2;213;212;214m▄[48;2;214;214;214m[38;2;213;213;214m▄[48;2;214;214;214m[38;2;213;213;214m▄[48;2;213;214;216m[38;2;213;213;213m▄[48;2;206;198;187m[38;2;213;214;216m▄[48;2;201;191;173m[38;2;211;211;213m▄[48;2;198;195;178m[38;2;210;210;211m▄[48;2;198;191;182m[38;2;212;213;215m▄[48;2;210;213;212m[38;2;211;210;211m▄[48;2;201;184;189m[38;2;214;218;217m▄[48;2;169;86;106m[38;2;207;202;203m▄[48;2;191;83;106m[38;2;183;140;152m▄[48;2;204;98;120m[38;2;175;107;126m▄[48;2;197;101;122m[38;2;177;100;121m▄[48;2;191;84;108m[38;2;178;115;132m▄[48;2;194;99;118m[38;2;173;97;117m▄[48;2;180;91;112m[38;2;175;79;101m▄[48;2;162;62;88m[38;2;183;82;106m▄[48;2;178;111;127m[38;2;186;90;110m▄[48;2;179;122;137m[38;2;189;90;112m▄[48;2;180;93;112m[38;2;191;94;114m▄[48;2;193;94;114m[38;2;164;72;94m▄[48;2;180;148;155m[38;2;193;183;186m▄[48;2;206;209;199m[38;2;208;211;212m▄[48;2;201;194;186m[38;2;210;210;213m▄[48;2;199;192;179m[38;2;208;209;212m▄[48;2;199;192;178m[38;2;206;207;210m▄[48;2;205;200;194m[38;2;207;208;210m▄[48;2;207;207;208m[38;2;207;207;208m▄[48;2;208;208;208m[38;2;208;207;208m▄[48;2;209;209;209m[38;2;207;208;207m▄[48;2;208;208;208m[38;2;208;208;208m▄[48;2;208;208;208m[38;2;207;207;207m▄[48;2;208;208;208m[38;2;207;207;208m▄[48;2;207;207;207m[38;2;207;206;208m▄[48;2;207;207;207m[38;2;206;206;206m▄[48;2;206;206;206m[38;2;205;205;206m▄[48;2;206;206;205m[38;2;205;205;205m▄[48;2;205;205;205m[38;2;204;204;204m▄[48;2;205;205;202m[38;2;204;204;203m▄[48;2;204;204;201m[38;2;204;204;204m▄[48;2;203;203;202m[38;2;204;204;204m▄[48;2;203;203;203m[38;2;203;203;203m▄[48;2;203;203;203m[38;2;203;203;203m▄[48;2;203;203;203m[38;2;203;202;203m▄[48;2;201;201;202m[38;2;201;201;203m▄[48;2;201;201;201m[38;2;201;201;202m▄[48;2;201;201;201m[38;2;201;201;201m▄[48;2;201;201;201m[38;2;201;201;201m▄[0m
[48;2;212;212;212m[38;2;216;216;216m▄[48;2;213;213;213m[38;2;216;216;216m▄[48;2;213;213;213m[38;2;216;216;216m▄[48;2;214;214;214m[38;2;216;216;217m▄[48;2;214;214;215m[38;2;217;216;217m▄[48;2;214;214;215m[38;2;217;217;217m▄[48;2;215;215;215m[38;2;217;217;217m▄[48;2;215;215;215m[38;2;217;217;217m▄[48;2;215;215;215m[38;2;217;217;216m▄[48;2;215;215;215m[38;2;217;217;217m▄[48;2;216;216;216m[38;2;217;217;217m▄[48;2;216;216;216m[38;2;217;217;217m▄[48;2;216;216;216m[38;2;217;217;217m▄[48;2;216;215;216m[38;2;217;217;217m▄[48;2;215;215;216m[38;2;217;217;217m▄[48;2;216;216;216m[38;2;218;218;217m▄[48;2;216;216;216m[38;2;216;216;216m▄[48;2;216;216;216m[38;2;217;217;217m▄[48;2;216;216;216m[38;2;216;216;216m▄[48;2;217;217;216m[38;2;215;215;216m▄[48;2;216;216;217m[38;2;214;214;214m▄[48;2;216;216;215m[38;2;214;215;215m▄[48;2;217;217;216m[38;2;210;207;208m▄[48;2;220;221;221m[38;2;157;126;132m▄[48;2;218;218;218m[38;2;174;156;159m▄[48;2;218;220;220m[38;2;160;133;141m▄[48;2;214;221;219m[38;2;169;147;153m▄[48;2;208;213;211m[38;2;160;135;140m▄[48;2;201;205;203m[38;2;166;144;147m▄[48;2;198;205;202m[38;2;153;127;134m▄[48;2;197;196;196m[38;2;139;110;116m▄[48;2;178;147;154m[38;2;194;200;198m▄[48;2;171;111;125m[38;2;194;200;197m▄[48;2;173;99;116m[38;2;156;135;140m▄[48;2;172;96;114m[38;2;153;124;130m▄[48;2;171;109;124m[38;2;162;146;147m▄[48;2;188;172;176m[38;2;152;132;137m▄[48;2;196;201;200m[38;2;172;156;159m▄[48;2;212;213;212m[38;2;156;129;134m▄[48;2;211;212;211m[38;2;202;198;200m▄[48;2;209;209;208m[38;2;213;214;214m▄[48;2;211;211;210m[38;2;211;210;210m▄[48;2;210;210;210m[38;2;211;211;211m▄[48;2;209;209;210m[38;2;211;210;211m▄[48;2;209;209;210m[38;2;210;210;210m▄[48;2;209;210;210m[38;2;210;210;210m▄[48;2;209;210;210m[38;2;210;210;210m▄[48;2;210;210;210m[38;2;210;210;210m▄[48;2;209;209;209m[38;2;210;210;210m▄[48;2;208;208;209m[38;2;210;210;210m▄[48;2;208;208;208m[38;2;210;210;210m▄[48;2;208;208;207m[38;2;209;209;210m▄[48;2;208;207;208m[38;2;209;209;210m▄[48;2;207;207;207m[38;2;209;209;209m▄[48;2;207;207;207m[38;2;209;208;209m▄[48;2;207;207;207m[38;2;209;208;210m▄[48;2;207;207;207m[38;2;208;208;208m▄[48;2;206;206;206m[38;2;208;208;208m▄[48;2;205;205;205m[38;2;207;207;207m▄[48;2;204;204;204m[38;2;206;206;206m▄[48;2;204;204;204m[38;2;207;207;207m▄[48;2;203;203;203m[38;2;207;207;207m▄[48;2;202;202;202m[38;2;206;206;206m▄[48;2;202;202;202m[38;2;205;205;205m▄[0m
[48;2;218;218;218m[38;2;223;223;223m▄[48;2;219;219;219m[38;2;224;224;224m▄[48;2;219;219;219m[38;2;224;224;224m▄[48;2;220;220;220m[38;2;224;224;224m▄[48;2;220;220;220m[38;2;224;224;224m▄[48;2;220;220;220m[38;2;224;224;224m▄[48;2;220;220;220m[38;2;224;224;224m▄[48;2;221;221;221m[38;2;224;224;224m▄[48;2;220;220;220m[38;2;224;224;224m▄[48;2;221;221;221m[38;2;224;224;224m▄[48;2;221;221;221m[38;2;224;224;224m▄[48;2;221;221;221m[38;2;224;224;224m▄[48;2;221;221;221m[38;2;225;225;225m▄[48;2;221;221;221m[38;2;224;224;224m▄[48;2;222;222;222m[38;2;224;224;224m▄[48;2;222;222;222m[38;2;224;224;224m▄[48;2;220;220;221m[38;2;225;225;225m▄[48;2;217;217;218m[38;2;225;225;225m▄[48;2;212;212;212m[38;2;222;222;222m▄[48;2;205;204;205m[38;2;222;223;223m▄[48;2;200;201;201m[38;2;209;205;206m▄[48;2;202;204;204m[38;2;182;166;170m▄[48;2;197;196;197m[38;2;178;161;163m▄[48;2;142;112;116m[38;2;178;162;164m▄[48;2;160;141;143m[38;2;179;164;167m▄[48;2;143;116;121m[38;2;179;166;169m▄[48;2;156;134;139m[38;2;170;154;157m▄[48;2;154;128;133m[38;2;169;156;158m▄[48;2;162;139;144m[38;2;170;155;157m▄[48;2;156;136;139m[38;2;180;167;171m▄[48;2;143;116;120m[38;2;185;176;178m▄[48;2;189;181;182m[38;2;163;145;148m▄[48;2;196;196;195m[38;2;177;168;170m▄[48;2;151;128;132m[38;2;172;156;158m▄[48;2;146;117;122m[38;2;171;154;158m▄[48;2;163;143;148m[38;2;165;147;151m▄[48;2;151;123;129m[38;2;165;148;151m▄[48;2;166;150;151m[38;2;194;186;188m▄[48;2;152;127;130m[38;2;182;169;173m▄[48;2;172;160;162m[38;2;175;160;163m▄[48;2;192;191;192m[38;2;177;160;164m▄[48;2;202;205;206m[38;2;168;150;154m▄[48;2;200;201;201m[38;2;186;174;177m▄[48;2;202;202;203m[38;2;214;215;215m▄[48;2;209;209;209m[38;2;215;214;214m▄[48;2;211;211;212m[38;2;216;216;216m▄[48;2;213;213;213m[38;2;216;216;216m▄[48;2;214;214;214m[38;2;215;215;215m▄[48;2;214;214;214m[38;2;215;215;215m▄[48;2;213;213;213m[38;2;215;215;215m▄[48;2;212;212;213m[38;2;215;215;215m▄[48;2;211;211;212m[38;2;214;214;214m▄[48;2;211;211;211m[38;2;214;214;214m▄[48;2;211;211;211m[38;2;213;213;213m▄[48;2;210;210;210m[38;2;213;213;213m▄[48;2;210;210;210m[38;2;212;212;212m▄[48;2;210;210;210m[38;2;212;212;212m▄[48;2;209;209;209m[38;2;210;210;210m▄[48;2;213;213;213m[38;2;216;216;216m▄[48;2;216;216;216m[38;2;222;222;222m▄[48;2;209;209;209m[38;2;211;211;211m▄[48;2;208;208;208m[38;2;209;209;209m▄[48;2;208;208;208m[38;2;209;209;209m▄[48;2;208;208;208m[38;2;210;210;210m▄[0m
[48;2;225;225;225m[38;2;227;227;227m▄[48;2;225;225;225m[38;2;227;227;227m▄[48;2;226;226;226m[38;2;228;228;228m▄[48;2;227;227;227m[38;2;228;228;228m▄[48;2;226;226;226m[38;2;228;228;228m▄[48;2;226;226;226m[38;2;229;229;229m▄[48;2;226;226;226m[38;2;229;229;229m▄[48;2;226;226;226m[38;2;229;229;229m▄[48;2;226;226;226m[38;2;229;229;229m▄[48;2;226;226;226m[38;2;228;228;228m▄[48;2;227;227;227m[38;2;228;228;228m▄[48;2;227;227;227m[38;2;228;228;228m▄[48;2;227;227;227m[38;2;228;228;228m▄[48;2;227;227;227m[38;2;228;228;228m▄[48;2;226;226;226m[38;2;228;228;228m▄[48;2;227;227;227m[38;2;228;228;228m▄[48;2;226;226;226m[38;2;228;228;228m▄[48;2;227;227;227m[38;2;228;228;228m▄[48;2;226;226;226m[38;2;228;228;228m▄[48;2;229;230;229m[38;2;228;228;228m▄[48;2;220;216;217m[38;2;229;229;229m▄[48;2;189;172;176m[38;2;233;235;235m▄[48;2;184;166;170m[38;2;234;236;236m▄[48;2;194;178;182m[38;2;231;233;233m▄[48;2;203;190;194m[38;2;229;231;230m▄[48;2;208;200;203m[38;2;230;230;231m▄[48;2;186;169;173m[38;2;233;235;235m▄[48;2;194;177;180m[38;2;230;232;232m▄[48;2;196;180;185m[38;2;229;231;231m▄[48;2;194;180;182m[38;2;228;230;230m▄[48;2;206;195;197m[38;2;228;229;229m▄[48;2;192;175;179m[38;2;231;233;233m▄[48;2;206;197;200m[38;2;227;229;228m▄[48;2;195;181;184m[38;2;228;229;229m▄[48;2;191;176;179m[38;2;228;230;230m▄[48;2;192;176;179m[38;2;228;230;230m▄[48;2;196;184;186m[38;2;228;229;229m▄[48;2;211;205;207m[38;2;225;225;225m▄[48;2;194;180;184m[38;2;226;227;227m▄[48;2;206;196;199m[38;2;225;226;226m▄[48;2;193;177;180m[38;2;226;228;228m▄[48;2;186;168;172m[38;2;228;230;230m▄[48;2;203;193;196m[38;2;224;225;225m▄[48;2;220;221;221m[38;2;219;219;219m▄[48;2;217;217;217m[38;2;218;218;218m▄[48;2;217;217;217m[38;2;217;217;217m▄[48;2;216;216;216m[38;2;217;217;217m▄[48;2;216;216;216m[38;2;217;217;216m▄[48;2;216;216;216m[38;2;216;216;216m▄[48;2;215;215;216m[38;2;216;216;216m▄[48;2;215;215;215m[38;2;216;216;216m▄[48;2;215;215;215m[38;2;216;216;216m▄[48;2;215;215;215m[38;2;216;216;216m▄[48;2;215;215;215m[38;2;215;215;215m▄[48;2;214;214;214m[38;2;215;215;215m▄[48;2;214;214;214m[38;2;215;215;215m▄[48;2;214;214;214m[38;2;215;215;215m▄[48;2;213;213;213m[38;2;214;214;214m▄[48;2;212;212;212m[38;2;215;214;215m▄[48;2;212;212;212m[38;2;214;214;214m▄[48;2;211;211;211m[38;2;214;214;214m▄[48;2;211;211;211m[38;2;213;213;213m▄[48;2;210;210;210m[38;2;213;213;213m▄[48;2;210;210;210m[38;2;212;212;212m▄[0m
[48;2;230;230;230m[38;2;231;231;231m▄[48;2;230;230;230m[38;2;231;231;231m▄[48;2;231;231;231m[38;2;231;231;231m▄[48;2;230;230;230m[38;2;231;231;231m▄[48;2;230;230;230m[38;2;231;231;231m▄[48;2;229;229;229m[38;2;230;230;230m▄[48;2;230;230;230m[38;2;231;231;231m▄[48;2;230;230;230m[38;2;231;231;231m▄[48;2;230;230;230m[38;2;230;230;230m▄[48;2;230;230;230m[38;2;230;230;230m▄[48;2;230;230;230m[38;2;231;231;231m▄[48;2;230;230;230m[38;2;231;231;231m▄[48;2;230;230;230m[38;2;230;230;230m▄[48;2;230;230;230m[38;2;230;230;230m▄[48;2;230;230;230m[38;2;230;230;230m▄[48;2;230;230;230m[38;2;230;230;230m▄[48;2;230;230;230m[38;2;231;231;231m▄[48;2;229;229;229m[38;2;230;230;230m▄[48;2;229;229;229m[38;2;230;230;230m▄[48;2;230;230;230m[38;2;229;229;229m▄[48;2;229;229;229m[38;2;229;229;229m▄[48;2;229;228;228m[38;2;230;230;230m▄[48;2;228;227;227m[38;2;230;230;230m▄[48;2;227;227;227m[38;2;229;229;229m▄[48;2;227;227;227m[38;2;228;228;228m▄[48;2;227;227;227m[38;2;228;228;228m▄[48;2;226;226;226m[38;2;228;228;228m▄[48;2;227;227;227m[38;2;227;227;227m▄[48;2;227;227;227m[38;2;227;227;227m▄[48;2;227;227;227m[38;2;227;227;227m▄[48;2;226;226;226m[38;2;227;227;227m▄[48;2;225;225;225m[38;2;227;227;227m▄[48;2;224;224;224m[38;2;225;225;225m▄[48;2;224;223;223m[38;2;224;224;224m▄[48;2;224;223;223m[38;2;224;224;224m▄[48;2;223;223;223m[38;2;225;225;225m▄[48;2;222;222;222m[38;2;224;224;224m▄[48;2;223;223;223m[38;2;223;223;223m▄[48;2;222;222;222m[38;2;223;223;223m▄[48;2;222;222;222m[38;2;223;223;223m▄[48;2;221;221;221m[38;2;222;222;222m▄[48;2;221;221;221m[38;2;222;222;222m▄[48;2;222;221;221m[38;2;222;222;222m▄[48;2;221;221;221m[38;2;221;221;221m▄[48;2;221;221;221m[38;2;221;221;221m▄[48;2;220;220;220m[38;2;221;221;221m▄[48;2;217;217;217m[38;2;219;219;219m▄[48;2;217;217;217m[38;2;217;217;217m▄[48;2;217;217;217m[38;2;217;217;217m▄[48;2;216;216;216m[38;2;216;216;216m▄[48;2;216;216;216m[38;2;216;216;216m▄[48;2;216;216;216m[38;2;216;216;216m▄[48;2;216;216;216m[38;2;216;216;216m▄[48;2;216;216;216m[38;2;216;216;216m▄[48;2;216;216;216m[38;2;216;216;216m▄[48;2;215;215;215m[38;2;216;216;216m▄[48;2;215;215;215m[38;2;217;217;217m▄[48;2;215;215;215m[38;2;216;216;216m▄[48;2;215;215;215m[38;2;216;216;216m▄[48;2;215;215;215m[38;2;216;216;216m▄[48;2;215;215;215m[38;2;216;216;216m▄[48;2;215;215;215m[38;2;216;216;216m▄[48;2;215;215;215m[38;2;216;216;216m▄[48;2;215;215;215m[38;2;215;215;215m▄[0m
