[48;2;218;218;218m[38;2;218;218;218m▄[48;2;219;219;219m[38;2;218;218;218m▄[48;2;221;221;221m[38;2;220;220;220m▄[48;2;222;222;222m[38;2;222;222;222m▄[48;2;222;222;222m[38;2;222;222;222m▄[48;2;222;222;222m[38;2;222;222;222m▄[48;2;223;223;223m[38;2;223;223;223m▄[48;2;224;224;224m[38;2;224;224;224m▄[48;2;224;224;224m[38;2;224;224;224m▄[48;2;225;225;225m[38;2;224;224;224m▄[48;2;225;225;225m[38;2;224;224;224m▄[48;2;225;225;225m[38;2;224;224;224m▄[48;2;224;224;224m[38;2;225;225;225m▄[48;2;226;226;226m[38;2;227;227;227m▄[48;2;227;227;227m[38;2;227;227;227m▄[48;2;228;228;228m[38;2;227;227;227m▄[48;2;227;227;227m[38;2;227;227;227m▄[48;2;228;228;228m[38;2;227;227;227m▄[48;2;228;228;228m[38;2;227;227;227m▄[48;2;228;228;228m[38;2;227;227;227m▄[48;2;229;229;229m[38;2;227;227;227m▄[48;2;228;228;228m[38;2;226;226;226m▄[48;2;227;227;227m[38;2;227;227;227m▄[48;2;227;227;227m[38;2;226;226;226m▄[48;2;227;227;227m[38;2;226;226;226m▄[48;2;227;227;227m[38;2;227;227;227m▄[48;2;227;227;227m[38;2;227;227;227m▄[48;2;228;228;228m[38;2;227;227;227m▄[48;2;228;228;228m[38;2;226;226;226m▄[48;2;226;226;226m[38;2;224;224;224m▄[48;2;225;225;225m[38;2;224;224;224m▄[48;2;225;225;225m[38;2;224;224;224m▄[48;2;226;226;226m[38;2;224;224;224m▄[48;2;224;224;224m[38;2;224;224;224m▄[48;2;223;223;223m[38;2;223;223;223m▄[48;2;223;223;223m[38;2;223;223;223m▄[48;2;223;223;223m[38;2;223;223;223m▄[48;2;222;222;222m[38;2;223;223;223m▄[48;2;221;221;221m[38;2;222;222;222m▄[48;2;221;221;221m[38;2;221;221;221m▄[48;2;219;219;219m[38;2;219;219;219m▄[48;2;217;217;217m[38;2;218;218;218m▄[48;2;217;217;217m[38;2;217;217;217m▄[48;2;216;216;216m[38;2;216;216;216m▄[48;2;216;216;216m[38;2;216;216;216m▄[48;2;216;216;216m[38;2;217;216;217m▄[48;2;215;215;215m[38;2;215;215;216m▄[48;2;215;215;215m[38;2;216;216;215m▄[48;2;215;215;215m[38;2;215;215;215m▄[48;2;214;214;214m[38;2;214;214;214m▄[48;2;213;213;213m[38;2;213;213;213m▄[48;2;213;213;213m[38;2;213;213;213m▄[48;2;211;211;211m[38;2;211;211;211m▄[48;2;211;211;211m[38;2;210;210;210m▄[48;2;211;211;211m[38;2;210;210;210m▄[48;2;210;210;210m[38;2;210;210;210m▄[48;2;210;209;210m[38;2;209;208;210m▄[48;2;209;209;209m[38;2;208;208;208m▄[48;2;208;208;208m[38;2;208;208;208m▄[48;2;207;207;207m[38;2;207;207;207m▄[48;2;207;207;207m[38;2;207;207;207m▄[48;2;207;207;207m[38;2;206;206;206m▄[48;2;205;205;205m[38;2;206;206;206m▄[48;2;204;204;204m[38;2;204;204;204m▄[0m
[48;2;218;218;218m[38;2;217;217;217m▄[48;2;217;217;217m[38;2;217;217;217m▄[48;2;219;219;219m[38;2;217;217;217m▄[48;2;221;221;221m[38;2;220;220;220m▄[48;2;222;222;222m[38;2;221;221;221m▄[48;2;223;223;223m[38;2;222;222;222m▄[48;2;223;223;223m[38;2;222;222;222m▄[48;2;223;223;223m[38;2;223;223;223m▄[48;2;224;224;224m[38;2;224;224;224m▄[48;2;224;224;224m[38;2;224;224;224m▄[48;2;225;225;225m[38;2;225;225;225m▄[48;2;225;225;225m[38;2;225;225;225m▄[48;2;224;224;224m[38;2;224;224;224m▄[48;2;225;225;225m[38;2;224;224;224m▄[48;2;225;225;225m[38;2;224;224;224m▄[48;2;227;227;227m[38;2;225;225;225m▄[48;2;227;227;227m[38;2;227;227;227m▄[48;2;227;227;227m[38;2;227;227;227m▄[48;2;227;227;227m[38;2;227;227;227m▄[48;2;227;227;227m[38;2;226;226;226m▄[48;2;227;227;227m[38;2;227;227;227m▄[48;2;226;226;226m[38;2;227;227;227m▄[48;2;226;226;226m[38;2;227;227;227m▄[48;2;226;226;226m[38;2;227;227;227m▄[48;2;227;227;227m[38;2;227;227;227m▄[48;2;227;227;227m[38;2;227;227;227m▄[48;2;227;227;227m[38;2;225;225;225m▄[48;2;227;227;227m[38;2;226;225;226m▄[48;2;224;224;224m[38;2;223;224;223m▄[48;2;224;224;224m[38;2;222;223;222m▄[48;2;224;224;224m[38;2;223;224;223m▄[48;2;224;224;224m[38;2;225;225;225m▄[48;2;224;224;224m[38;2;224;224;224m▄[48;2;224;224;224m[38;2;224;224;224m▄[48;2;223;223;223m[38;2;222;223;222m▄[48;2;223;223;223m[38;2;222;223;222m▄[48;2;223;223;223m[38;2;222;222;222m▄[48;2;223;223;223m[38;2;222;222;222m▄[48;2;221;221;221m[38;2;221;221;221m▄[48;2;221;221;221m[38;2;220;220;220m▄[48;2;218;218;218m[38;2;218;218;218m▄[48;2;218;218;218m[38;2;218;218;218m▄[48;2;217;217;217m[38;2;216;216;216m▄[48;2;216;216;216m[38;2;216;216;216m▄[48;2;216;216;216m[38;2;216;216;216m▄[48;2;216;216;217m[38;2;216;216;216m▄[48;2;215;215;215m[38;2;215;215;215m▄[48;2;215;215;215m[38;2;215;215;215m▄[48;2;215;215;215m[38;2;215;215;215m▄[48;2;214;214;214m[38;2;214;214;214m▄[48;2;214;214;214m[38;2;214;214;214m▄[48;2;212;212;212m[38;2;213;213;213m▄[48;2;211;211;211m[38;2;211;211;211m▄[48;2;211;211;211m[38;2;211;211;211m▄[48;2;211;211;211m[38;2;211;211;211m▄[48;2;209;209;209m[38;2;210;210;210m▄[48;2;208;208;208m[38;2;209;209;209m▄[48;2;208;208;208m[38;2;209;209;209m▄[48;2;208;208;208m[38;2;208;208;208m▄[48;2;207;207;207m[38;2;207;207;207m▄[48;2;206;206;206m[38;2;207;207;207m▄[48;2;205;205;205m[38;2;206;206;206m▄[48;2;205;205;205m[38;2;205;205;205m▄[48;2;204;204;204m[38;2;204;204;204m▄[0m
[48;2;217;217;217m[38;2;216;216;216m▄[48;2;217;217;217m[38;2;217;217;217m▄[48;2;217;217;217m[38;2;217;217;217m▄[48;2;219;219;219m[38;2;219;219;219m▄[48;2;220;220;220m[38;2;221;221;221m▄[48;2;222;222;222m[38;2;221;221;221m▄[48;2;223;223;223m[38;2;223;223;223m▄[48;2;223;223;223m[38;2;223;223;223m▄[48;2;224;224;224m[38;2;224;224;224m▄[48;2;224;224;224m[38;2;224;224;224m▄[48;2;224;224;224m[38;2;224;224;224m▄[48;2;225;225;225m[38;2;225;225;225m▄[48;2;225;225;225m[38;2;225;225;225m▄[48;2;225;225;225m[38;2;225;225;225m▄[48;2;225;225;225m[38;2;225;225;225m▄[48;2;225;225;225m[38;2;225;225;225m▄[48;2;225;225;225m[38;2;225;225;225m▄[48;2;226;226;226m[38;2;225;225;225m▄[48;2;226;226;226m[38;2;225;225;225m▄[48;2;226;226;226m[38;2;225;225;225m▄[48;2;227;227;227m[38;2;226;226;226m▄[48;2;226;226;226m[38;2;226;226;226m▄[48;2;226;226;226m[38;2;224;224;224m▄[48;2;226;226;226m[38;2;225;225;225m▄[48;2;225;225;225m[38;2;225;225;225m▄[48;2;224;224;224m[38;2;224;224;224m▄[48;2;224;224;224m[38;2;223;224;223m▄[48;2;223;224;223m[38;2;228;226;228m▄[48;2;229;228;230m[38;2;202;212;199m▄[48;2;233;230;234m[38;2;183;201;180m▄[48;2;228;226;227m[38;2;210;215;212m▄[48;2;223;224;223m[38;2;230;227;231m▄[48;2;224;224;224m[38;2;224;224;223m▄[48;2;223;223;223m[38;2;225;224;226m▄[48;2;226;223;227m[38;2;209;222;206m▄[48;2;223;222;224m[38;2;218;222;216m▄[48;2;222;222;222m[38;2;223;222;223m▄[48;2;222;222;222m[38;2;221;221;221m▄[48;2;221;221;221m[38;2;221;221;221m▄[48;2;220;220;220m[38;2;219;219;219m▄[48;2;218;218;218m[38;2;218;218;218m▄[48;2;217;217;217m[38;2;217;217;217m▄[48;2;217;217;217m[38;2;216;216;216m▄[48;2;217;217;217m[38;2;217;217;217m▄[48;2;217;217;217m[38;2;217;217;217m▄[48;2;216;216;216m[38;2;216;216;216m▄[48;2;216;216;216m[38;2;216;216;216m▄[48;2;215;215;215m[38;2;215;215;215m▄[48;2;215;215;215m[38;2;215;214;214m▄[48;2;213;213;213m[38;2;213;213;213m▄[48;2;213;213;213m[38;2;214;214;214m▄[48;2;212;212;212m[38;2;212;212;212m▄[48;2;211;211;211m[38;2;211;211;211m▄[48;2;210;210;210m[38;2;211;211;211m▄[48;2;210;210;210m[38;2;210;210;210m▄[48;2;209;209;209m[38;2;210;210;210m▄[48;2;209;209;209m[38;2;209;209;209m▄[48;2;209;209;209m[38;2;208;208;208m▄[48;2;208;208;208m[38;2;208;208;208m▄[48;2;207;207;207m[38;2;207;207;207m▄[48;2;207;207;207m[38;2;207;207;207m▄[48;2;206;206;206m[38;2;206;206;206m▄[48;2;204;204;204m[38;2;204;204;204m▄[48;2;204;204;204m[38;2;204;204;204m▄[0m
[48;2;216;216;216m[38;2;216;216;216m▄[48;2;217;217;217m[38;2;216;216;216m▄[48;2;217;217;217m[38;2;217;217;217m▄[48;2;219;219;219m[38;2;217;217;217m▄[48;2;220;220;220m[38;2;218;218;218m▄[48;2;220;220;220m[38;2;220;220;220m▄[48;2;222;222;222m[38;2;221;221;221m▄[48;2;222;222;222m[38;2;222;222;222m▄[48;2;223;223;223m[38;2;223;223;223m▄[48;2;223;223;223m[38;2;223;223;223m▄[48;2;224;224;224m[38;2;224;224;224m▄[48;2;224;224;224m[38;2;224;224;224m▄[48;2;225;225;225m[38;2;224;224;224m▄[48;2;225;225;225m[38;2;225;225;225m▄[48;2;225;225;225m[38;2;225;225;225m▄[48;2;224;224;224m[38;2;225;225;225m▄[48;2;225;225;225m[38;2;225;225;225m▄[48;2;224;224;224m[38;2;224;224;224m▄[48;2;224;224;224m[38;2;224;224;224m▄[48;2;224;224;224m[38;2;224;224;224m▄[48;2;224;224;224m[38;2;224;224;224m▄[48;2;224;224;224m[38;2;224;224;224m▄[48;2;224;224;224m[38;2;224;224;224m▄[48;2;224;224;224m[38;2;224;224;224m▄[48;2;225;225;225m[38;2;225;225;225m▄[48;2;224;224;224m[38;2;224;224;224m▄[48;2;222;223;222m[38;2;222;223;222m▄[48;2;232;228;233m[38;2;232;229;232m▄[48;2;163;191;154m[38;2;186;201;182m▄[48;2;141;186;97m[38;2;136;183;83m▄[48;2;145;187;110m[38;2;142;187;81m▄[48;2;180;203;176m[38;2;145;192;104m▄[48;2;231;226;234m[38;2;190;210;187m▄[48;2;199;217;187m[38;2;159;203;136m▄[48;2;155;209;121m[38;2;186;202;179m▄[48;2;194;212;188m[38;2;210;208;215m▄[48;2;224;221;225m[38;2;222;219;223m▄[48;2;219;220;219m[38;2;223;222;223m▄[48;2;220;220;220m[38;2;220;220;220m▄[48;2;219;219;219m[38;2;219;219;219m▄[48;2;217;217;217m[38;2;217;217;217m▄[48;2;217;217;217m[38;2;217;217;217m▄[48;2;217;217;217m[38;2;217;217;217m▄[48;2;217;217;217m[38;2;217;217;217m▄[48;2;217;217;217m[38;2;216;216;216m▄[48;2;216;216;216m[38;2;216;216;216m▄[48;2;215;215;215m[38;2;215;215;215m▄[48;2;215;215;215m[38;2;214;214;214m▄[48;2;214;214;214m[38;2;214;214;214m▄[48;2;213;213;213m[38;2;213;213;213m▄[48;2;213;213;213m[38;2;213;213;213m▄[48;2;213;213;213m[38;2;213;213;213m▄[48;2;211;211;211m[38;2;211;211;211m▄[48;2;211;211;211m[38;2;211;211;211m▄[48;2;211;211;211m[38;2;211;211;211m▄[48;2;210;210;210m[38;2;210;210;210m▄[48;2;209;209;209m[38;2;209;209;209m▄[48;2;208;208;208m[38;2;209;209;209m▄[48;2;208;208;208m[38;2;208;208;208m▄[48;2;207;207;207m[38;2;207;207;207m▄[48;2;207;207;207m[38;2;207;207;207m▄[48;2;206;206;206m[38;2;205;205;205m▄[48;2;204;204;205m[38;2;204;204;204m▄[48;2;203;203;204m[38;2;204;204;204m▄[0m
[48;2;216;216;216m[38;2;216;216;216m▄[48;2;216;216;216m[38;2;216;216;216m▄[48;2;217;217;217m[38;2;216;216;216m▄[48;2;217;217;217m[38;2;217;217;217m▄[48;2;218;218;218m[38;2;217;217;217m▄[48;2;220;219;220m[38;2;218;218;219m▄[48;2;221;220;221m[38;2;220;220;221m▄[48;2;221;221;221m[38;2;221;221;221m▄[48;2;222;222;222m[38;2;222;222;222m▄[48;2;223;223;223m[38;2;222;222;222m▄[48;2;223;223;223m[38;2;223;223;223m▄[48;2;224;224;224m[38;2;223;223;223m▄[48;2;224;224;224m[38;2;223;223;223m▄[48;2;224;224;224m[38;2;223;223;223m▄[48;2;225;225;225m[38;2;224;224;224m▄[48;2;224;224;224m[38;2;224;224;224m▄[48;2;225;225;225m[38;2;224;224;224m▄[48;2;225;225;225m[38;2;225;225;225m▄[48;2;225;225;225m[38;2;224;224;224m▄[48;2;225;225;225m[38;2;225;225;225m▄[48;2;224;224;224m[38;2;224;224;224m▄[48;2;224;224;224m[38;2;224;224;224m▄[48;2;225;225;225m[38;2;224;224;224m▄[48;2;224;224;224m[38;2;224;224;224m▄[48;2;224;224;224m[38;2;224;224;224m▄[48;2;224;224;224m[38;2;224;224;224m▄[48;2;224;224;224m[38;2;224;224;224m▄[48;2;226;225;225m[38;2;222;226;225m▄[48;2;222;227;230m[38;2;222;194;199m▄[48;2;141;184;128m[38;2;222;174;182m▄[48;2;126;186;80m[38;2;171;168;137m▄[48;2;130;191;96m[38;2;138;178;125m▄[48;2;129;190;111m[38;2;127;181;115m▄[48;2;165;200;157m[38;2;133;197;121m▄[48;2;190;211;180m[38;2;150;208;112m▄[48;2;181;208;162m[38;2;165;212;105m▄[48;2;178;201;173m[38;2;155;201;96m▄[48;2;215;217;216m[38;2;132;174;112m▄[48;2;222;220;222m[38;2;212;213;213m▄[48;2;217;217;217m[38;2;218;218;218m▄[48;2;217;217;217m[38;2;216;216;216m▄[48;2;217;217;217m[38;2;216;216;216m▄[48;2;217;217;217m[38;2;217;217;217m▄[48;2;217;217;217m[38;2;216;216;216m▄[48;2;216;216;216m[38;2;216;216;216m▄[48;2;215;215;215m[38;2;215;215;215m▄[48;2;215;215;215m[38;2;215;215;215m▄[48;2;214;214;214m[38;2;214;214;214m▄[48;2;213;213;213m[38;2;213;213;213m▄[48;2;214;214;214m[38;2;213;213;213m▄[48;2;213;213;213m[38;2;212;212;212m▄[48;2;211;211;211m[38;2;211;211;211m▄[48;2;211;211;211m[38;2;211;211;211m▄[48;2;211;211;211m[38;2;211;211;211m▄[48;2;211;211;211m[38;2;210;210;210m▄[48;2;210;209;210m[38;2;209;208;210m▄[48;2;209;209;209m[38;2;209;208;209m▄[48;2;209;209;208m[38;2;208;208;208m▄[48;2;208;208;208m[38;2;208;208;208m▄[48;2;207;207;207m[38;2;207;207;207m▄[48;2;206;206;206m[38;2;206;206;206m▄[48;2;205;205;205m[38;2;205;205;205m▄[48;2;204;204;204m[38;2;204;204;204m▄[48;2;203;203;203m[38;2;203;203;203m▄[0m
[48;2;216;216;216m[38;2;216;216;216m▄[48;2;216;216;216m[38;2;216;216;216m▄[48;2;216;216;216m[38;2;216;216;216m▄[48;2;216;216;216m[38;2;216;216;216m▄[48;2;217;217;217m[38;2;216;216;216m▄[48;2;218;218;218m[38;2;217;217;217m▄[48;2;219;219;219m[38;2;218;218;218m▄[48;2;220;220;220m[38;2;219;219;219m▄[48;2;221;221;222m[38;2;221;221;221m▄[48;2;222;222;222m[38;2;221;221;221m▄[48;2;222;222;222m[38;2;221;221;221m▄[48;2;222;222;222m[38;2;222;222;222m▄[48;2;223;223;223m[38;2;222;222;222m▄[48;2;223;223;223m[38;2;223;223;223m▄[48;2;223;223;223m[38;2;223;223;223m▄[48;2;224;224;224m[38;2;223;223;223m▄[48;2;224;224;224m[38;2;223;223;223m▄[48;2;224;224;224m[38;2;223;223;223m▄[48;2;224;224;224m[38;2;223;223;223m▄[48;2;224;224;224m[38;2;223;223;223m▄[48;2;223;223;223m[38;2;223;223;223m▄[48;2;223;223;223m[38;2;223;223;223m▄[48;2;223;223;223m[38;2;223;223;223m▄[48;2;224;224;224m[38;2;223;223;223m▄[48;2;223;224;224m[38;2;223;223;223m▄[48;2;223;222;223m[38;2;224;225;225m▄[48;2;224;227;227m[38;2;220;219;219m▄[48;2;220;179;183m[38;2;217;130;142m▄[48;2;233;142;150m[38;2;232;139;149m▄[48;2;247;151;162m[38;2;237;148;159m▄[48;2;250;159;173m[38;2;241;164;171m▄[48;2;245;183;195m[38;2;250;198;203m▄[48;2;234;189;187m[38;2;254;190;200m▄[48;2;162;176;128m[38;2;248;168;178m▄[48;2;142;195;114m[38;2;234;169;171m▄[48;2;138;189;93m[38;2;199;150;147m▄[48;2;130;175;95m[38;2;191;194;197m▄[48;2;162;183;155m[38;2;208;205;211m▄[48;2;210;209;211m[38;2;210;210;210m▄[48;2;216;216;216m[38;2;216;216;216m▄[48;2;216;216;216m[38;2;216;216;216m▄[48;2;217;217;217m[38;2;217;217;217m▄[48;2;217;217;217m[38;2;217;216;216m▄[48;2;215;215;215m[38;2;216;216;216m▄[48;2;215;215;215m[38;2;216;216;216m▄[48;2;215;215;215m[38;2;215;214;215m▄[48;2;215;215;215m[38;2;215;215;215m▄[48;2;214;214;214m[38;2;214;214;214m▄[48;2;213;213;213m[38;2;213;213;213m▄[48;2;213;213;213m[38;2;213;213;213m▄[48;2;212;212;212m[38;2;212;211;213m▄[48;2;211;211;211m[38;2;211;211;212m▄[48;2;211;211;211m[38;2;211;211;211m▄[48;2;211;211;211m[38;2;211;211;211m▄[48;2;210;210;210m[38;2;210;210;210m▄[48;2;209;209;209m[38;2;209;209;209m▄[48;2;209;209;209m[38;2;208;208;208m▄[48;2;209;209;209m[38;2;208;208;208m▄[48;2;208;208;208m[38;2;208;208;208m▄[48;2;207;207;207m[38;2;207;207;207m▄[48;2;207;207;207m[38;2;206;206;206m▄[48;2;205;205;205m[38;2;205;205;205m▄[48;2;204;204;203m[38;2;204;204;204m▄[48;2;204;204;204m[38;2;203;203;203m▄[0m
[48;2;215;215;215m[38;2;215;215;215m▄[48;2;215;215;215m[38;2;215;215;215m▄[48;2;216;216;216m[38;2;216;216;216m▄[48;2;216;216;216m[38;2;217;217;217m▄[48;2;216;216;216m[38;2;216;216;216m▄[48;2;217;217;217m[38;2;216;216;216m▄[48;2;218;218;218m[38;2;217;217;217m▄[48;2;218;218;218m[38;2;218;218;218m▄[48;2;220;220;220m[38;2;218;218;218m▄[48;2;220;220;220m[38;2;218;218;218m▄[48;2;221;221;221m[38;2;220;220;220m▄[48;2;222;222;222m[38;2;221;221;221m▄[48;2;221;221;221m[38;2;221;221;221m▄[48;2;222;222;222m[38;2;221;221;221m▄[48;2;223;223;223m[38;2;222;222;222m▄[48;2;223;223;223m[38;2;221;221;221m▄[48;2;223;223;223m[38;2;222;222;222m▄[48;2;223;223;223m[38;2;222;222;222m▄[48;2;223;223;223m[38;2;223;223;223m▄[48;2;223;223;223m[38;2;222;222;222m▄[48;2;223;223;223m[38;2;223;223;223m▄[48;2;223;223;223m[38;2;222;222;222m▄[48;2;223;223;223m[38;2;223;223;223m▄[48;2;223;223;223m[38;2;223;222;222m▄[48;2;223;222;222m[38;2;224;226;225m▄[48;2;224;229;228m[38;2;217;208;210m▄[48;2;214;169;176m[38;2;220;131;144m▄[48;2;225;131;143m[38;2;240;135;147m▄[48;2;238;148;159m[38;2;234;124;139m▄[48;2;235;154;163m[38;2;230;160;172m▄[48;2;235;175;183m[38;2;252;255;255m▄[48;2;249;182;191m[38;2;237;187;195m▄[48;2;254;198;202m[38;2;243;166;174m▄[48;2;239;159;167m[38;2;237;158;165m▄[48;2;252;172;179m[38;2;228;152;159m▄[48;2;228;133;146m[38;2;217;110;123m▄[48;2;201;159;165m[38;2;213;115;130m▄[48;2;213;220;218m[38;2;211;208;209m▄[48;2;217;216;217m[38;2;217;217;215m▄[48;2;216;217;219m[38;2;215;210;204m▄[48;2;216;216;217m[38;2;214;207;197m▄[48;2;217;217;217m[38;2;214;205;191m▄[48;2;217;219;220m[38;2;213;205;193m▄[48;2;215;215;215m[38;2;215;216;217m▄[48;2;215;215;215m[38;2;215;215;215m▄[48;2;214;214;214m[38;2;214;214;214m▄[48;2;215;215;215m[38;2;214;214;214m▄[48;2;214;214;214m[38;2;213;213;213m▄[48;2;213;213;213m[38;2;213;213;213m▄[48;2;213;213;213m[38;2;212;212;212m▄[48;2;212;211;212m[38;2;212;212;212m▄[48;2;211;211;211m[38;2;211;211;211m▄[48;2;211;211;211m[38;2;211;211;211m▄[48;2;211;211;211m[38;2;212;212;212m▄[48;2;209;209;209m[38;2;210;210;210m▄[48;2;209;209;209m[38;2;209;209;209m▄[48;2;208;208;208m[38;2;208;208;208m▄[48;2;208;208;208m[38;2;208;208;208m▄[48;2;207;207;207m[38;2;207;207;207m▄[48;2;207;207;207m[38;2;207;207;207m▄[48;2;205;205;205m[38;2;205;205;205m▄[48;2;204;204;204m[38;2;204;204;204m▄[48;2;204;204;204m[38;2;203;203;203m▄[48;2;203;203;203m[38;2;203;203;203m▄[0m
[48;2;215;215;215m[38;2;214;214;214m▄[48;2;215;215;215m[38;2;215;215;215m▄[48;2;216;216;216m[38;2;215;215;215m▄[48;2;216;216;216m[38;2;215;215;215m▄[48;2;216;216;216m[38;2;217;217;217m▄[48;2;216;216;216m[38;2;216;216;216m▄[48;2;217;217;217m[38;2;217;217;217m▄[48;2;217;217;217m[38;2;217;217;217m▄[48;2;217;217;217m[38;2;216;216;216m▄[48;2;217;217;217m[38;2;217;217;217m▄[48;2;218;218;218m[38;2;217;217;217m▄[48;2;219;219;219m[38;2;218;218;218m▄[48;2;219;219;219m[38;2;218;218;218m▄[48;2;219;219;219m[38;2;218;218;218m▄[48;2;220;220;220m[38;2;219;219;219m▄[48;2;222;222;222m[38;2;220;220;220m▄[48;2;222;222;222m[38;2;220;220;220m▄[48;2;221;221;221m[38;2;221;221;221m▄[48;2;222;222;222m[38;2;220;220;220m▄[48;2;222;222;222m[38;2;221;221;221m▄[48;2;222;222;222m[38;2;221;221;221m▄[48;2;221;221;221m[38;2;221;220;220m▄[48;2;222;222;222m[38;2;221;220;220m▄[48;2;222;221;221m[38;2;221;220;220m▄[48;2;224;227;226m[38;2;222;220;220m▄[48;2;213;201;202m[38;2;220;223;222m▄[48;2;220;118;133m[38;2;203;127;141m▄[48;2;231;126;142m[38;2;224;119;136m▄[48;2;227;128;144m[38;2;242;143;157m▄[48;2;229;134;149m[38;2;241;145;157m▄[48;2;237;200;206m[38;2;244;149;161m▄[48;2;254;255;255m[38;2;232;176;186m▄[48;2;244;221;225m[38;2;240;227;230m▄[48;2;216;126;139m[38;2;221;124;138m▄[48;2;219;110;125m[38;2;232;122;136m▄[48;2;229;119;133m[38;2;222;109;123m▄[48;2;212;109;125m[38;2;196;127;139m▄[48;2;203;194;197m[38;2;203;208;207m▄[48;2;216;216;211m[38;2;217;215;216m▄[48;2;216;212;208m[38;2;216;216;217m▄[48;2;215;215;215m[38;2;215;215;214m▄[48;2;214;215;217m[38;2;217;220;223m▄[48;2;210;199;186m[38;2;214;211;210m▄[48;2;212;204;193m[38;2;208;194;177m▄[48;2;215;216;218m[38;2;215;217;220m▄[48;2;214;214;214m[38;2;214;214;213m▄[48;2;213;213;214m[38;2;212;212;213m▄[48;2;213;213;213m[38;2;212;212;212m▄[48;2;212;212;212m[38;2;211;211;211m▄[48;2;211;211;211m[38;2;211;211;211m▄[48;2;211;211;211m[38;2;211;211;211m▄[48;2;211;211;211m[38;2;211;211;211m▄[48;2;211;211;211m[38;2;210;210;210m▄[48;2;211;211;211m[38;2;209;209;209m▄[48;2;209;209;209m[38;2;208;208;208m▄[48;2;208;208;208m[38;2;208;208;208m▄[48;2;208;208;208m[38;2;208;208;208m▄[48;2;208;208;208m[38;2;207;207;207m▄[48;2;207;207;207m[38;2;206;206;207m▄[48;2;206;206;206m[38;2;205;205;205m▄[48;2;204;204;204m[38;2;204;204;204m▄[48;2;203;203;203m[38;2;204;204;204m▄[48;2;203;203;203m[38;2;203;203;203m▄[48;2;203;203;203m[38;2;203;203;203m▄[0m
[48;2;214;214;214m[38;2;214;214;214m▄[48;2;215;215;215m[38;2;215;215;215m▄[48;2;215;215;215m[38;2;215;215;215m▄[48;2;215;215;215m[38;2;215;215;215m▄[48;2;216;216;216m[38;2;215;215;215m▄[48;2;217;217;217m[38;2;215;215;215m▄[48;2;217;217;217m[38;2;216;216;216m▄[48;2;217;217;217m[38;2;216;216;216m▄[48;2;216;216;216m[38;2;217;217;217m▄[48;2;217;217;217m[38;2;216;216;216m▄[48;2;216;216;216m[38;2;216;216;216m▄[48;2;216;216;216m[38;2;216;216;216m▄[48;2;217;217;217m[38;2;216;216;216m▄[48;2;217;217;217m[38;2;216;216;216m▄[48;2;217;217;217m[38;2;217;217;217m▄[48;2;218;218;218m[38;2;217;217;217m▄[48;2;219;219;219m[38;2;218;218;218m▄[48;2;220;220;220m[38;2;218;218;218m▄[48;2;219;219;219m[38;2;218;217;217m▄[48;2;219;218;218m[38;2;219;222;222m▄[48;2;219;219;219m[38;2;218;222;221m▄[48;2;220;225;224m[38;2;217;197;198m▄[48;2;219;226;225m[38;2;222;187;190m▄[48;2;219;224;224m[38;2;225;187;191m▄[48;2;219;224;224m[38;2;223;185;188m▄[48;2;222;230;228m[38;2;219;198;199m▄[48;2;210;198;201m[38;2;217;225;223m▄[48;2;227;134;148m[38;2;218;152;163m▄[48;2;248;144;158m[38;2;250;137;152m▄[48;2;235;138;152m[38;2;238;133;148m▄[48;2;253;167;175m[38;2;246;151;162m▄[48;2;245;144;156m[38;2;217;120;135m▄[48;2;206;97;117m[38;2;212;93;113m▄[48;2;209;93;114m[38;2;221;95;115m▄[48;2;212;94;115m[38;2;211;76;99m▄[48;2;192;86;107m[38;2;190;120;134m▄[48;2;192;189;191m[38;2;200;208;207m▄[48;2;208;215;214m[38;2;221;170;174m▄[48;2;215;217;217m[38;2;226;165;170m▄[48;2;216;218;218m[38;2;216;205;206m▄[48;2;218;218;220m[38;2;204;197;183m▄[48;2;212;205;199m[38;2;202;195;177m▄[48;2;205;188;167m[38;2;212;213;210m▄[48;2;211;205;199m[38;2;211;209;206m▄[48;2;214;214;215m[38;2;210;206;200m▄[48;2;214;214;213m[38;2;213;214;215m▄[48;2;213;213;213m[38;2;212;212;212m▄[48;2;212;212;212m[38;2;212;212;212m▄[48;2;211;211;211m[38;2;211;211;211m▄[48;2;211;211;211m[38;2;211;211;211m▄[48;2;211;211;211m[38;2;211;211;211m▄[48;2;211;211;211m[38;2;209;209;209m▄[48;2;210;210;210m[38;2;209;209;209m▄[48;2;209;209;209m[38;2;209;209;209m▄[48;2;208;208;208m[38;2;208;208;208m▄[48;2;208;208;208m[38;2;208;208;208m▄[48;2;208;208;208m[38;2;207;207;207m▄[48;2;207;207;207m[38;2;207;207;207m▄[48;2;207;207;207m[38;2;206;206;206m▄[48;2;205;205;205m[38;2;204;204;204m▄[48;2;203;203;203m[38;2;204;204;204m▄[48;2;203;203;203m[38;2;203;203;203m▄[48;2;203;203;203m[38;2;203;203;203m▄[48;2;203;203;203m[38;2;203;203;203m▄[0m
[48;2;214;214;214m[38;2;213;213;213m▄[48;2;214;214;214m[38;2;214;214;214m▄[48;2;215;215;215m[38;2;214;214;214m▄[48;2;215;215;215m[38;2;215;215;215m▄[48;2;215;215;215m[38;2;215;215;215m▄[48;2;215;215;215m[38;2;215;215;215m▄[48;2;216;216;216m[38;2;216;216;216m▄[48;2;215;215;215m[38;2;216;216;216m▄[48;2;216;216;216m[38;2;216;216;216m▄[48;2;217;217;217m[38;2;216;216;216m▄[48;2;217;217;217m[38;2;217;217;217m▄[48;2;216;216;216m[38;2;217;217;217m▄[48;2;216;216;216m[38;2;217;217;217m▄[48;2;217;217;217m[38;2;217;217;217m▄[48;2;217;217;217m[38;2;217;217;217m▄[48;2;217;217;217m[38;2;217;217;217m▄[48;2;217;217;217m[38;2;217;217;217m▄[48;2;217;216;216m[38;2;217;218;218m▄[48;2;218;222;222m[38;2;215;210;211m▄[48;2;215;201;203m[38;2;221;154;162m▄[48;2;222;161;167m[38;2;236;188;195m▄[48;2;232;166;172m[38;2;214;113;125m▄[48;2;225;141;149m[38;2;233;163;171m▄[48;2;226;138;145m[38;2;225;145;154m▄[48;2;233;159;168m[38;2;214;125;136m▄[48;2;240;178;183m[38;2;248;216;219m▄[48;2;228;195;196m[38;2;239;186;190m▄[48;2;211;209;210m[38;2;214;210;210m▄[48;2;218;149;160m[38;2;210;210;210m▄[48;2;225;129;145m[38;2;199;204;204m▄[48;2;209;130;143m[38;2;209;177;179m▄[48;2;215;146;151m[38;2;241;167;172m▄[48;2;215;137;144m[38;2;221;149;156m▄[48;2;198;92;112m[38;2;194;191;191m▄[48;2;190;115;129m[38;2;196;198;198m▄[48;2;192;195;194m[38;2;205;202;203m▄[48;2;210;167;170m[38;2;224;149;158m▄[48;2;236;166;172m[38;2;231;174;181m▄[48;2;232;159;166m[38;2;209;114;125m▄[48;2;211;167;163m[38;2;207;186;186m▄[48;2;204;197;187m[38;2;212;170;176m▄[48;2;222;174;181m[38;2;233;143;152m▄[48;2;217;196;199m[38;2;217;141;149m▄[48;2;207;203;194m[38;2;210;212;211m▄[48;2;210;208;206m[38;2;211;211;212m▄[48;2;213;213;213m[38;2;210;210;209m▄[48;2;212;212;211m[38;2;211;211;210m▄[48;2;211;211;211m[38;2;211;211;211m▄[48;2;211;211;211m[38;2;211;211;211m▄[48;2;211;211;211m[38;2;211;211;211m▄[48;2;211;211;211m[38;2;211;210;211m▄[48;2;209;209;209m[38;2;209;209;209m▄[48;2;208;208;208m[38;2;208;208;208m▄[48;2;208;208;208m[38;2;208;208;208m▄[48;2;208;208;208m[38;2;208;208;208m▄[48;2;208;208;208m[38;2;207;207;207m▄[48;2;207;207;207m[38;2;206;206;207m▄[48;2;206;207;206m[38;2;207;207;207m▄[48;2;206;206;206m[38;2;206;206;206m▄[48;2;204;204;204m[38;2;204;204;204m▄[48;2;203;203;203m[38;2;203;203;203m▄[48;2;203;203;203m[38;2;203;203;203m▄[48;2;203;203;203m[38;2;203;203;203m▄[48;2;203;203;203m[38;2;203;203;203m▄[0m
[48;2;212;212;212m[38;2;211;211;211m▄[48;2;213;213;213m[38;2;212;212;212m▄[48;2;214;214;214m[38;2;213;213;213m▄[48;2;215;215;215m[38;2;214;214;214m▄[48;2;215;215;215m[38;2;215;215;215m▄[48;2;215;215;215m[38;2;214;214;214m▄[48;2;215;215;215m[38;2;215;215;215m▄[48;2;215;215;215m[38;2;215;215;215m▄[48;2;215;215;215m[38;2;215;215;215m▄[48;2;216;216;216m[38;2;216;216;216m▄[48;2;216;216;216m[38;2;216;216;216m▄[48;2;216;216;216m[38;2;216;216;216m▄[48;2;216;216;216m[38;2;216;216;216m▄[48;2;216;216;216m[38;2;217;217;217m▄[48;2;217;217;217m[38;2;216;216;216m▄[48;2;217;217;217m[38;2;216;216;216m▄[48;2;217;216;216m[38;2;217;217;217m▄[48;2;218;225;224m[38;2;217;218;218m▄[48;2;209;178;182m[38;2;217;211;212m▄[48;2;224;157;167m[38;2;204;127;140m▄[48;2;222;159;169m[38;2;188;83;101m▄[48;2;206;105;119m[38;2;212;126;138m▄[48;2;239;186;193m[38;2;235;173;180m▄[48;2;203;115;128m[38;2;214;130;142m▄[48;2;222;163;169m[38;2;230;174;182m▄[48;2;246;213;215m[38;2;210;124;137m▄[48;2;223;141;149m[38;2;232;174;181m▄[48;2;235;187;192m[38;2;225;171;180m▄[48;2;237;181;185m[38;2;235;192;197m▄[48;2;224;174;177m[38;2;223;156;164m▄[48;2;215;145;151m[38;2;205;109;122m▄[48;2;213;115;127m[38;2;228;166;175m▄[48;2;202;124;135m[38;2;190;88;106m▄[48;2;206;148;157m[38;2;226;159;168m▄[48;2;222;148;159m[38;2;204;124;137m▄[48;2;205;124;136m[38;2;201;110;124m▄[48;2;229;161;168m[38;2;232;171;179m▄[48;2;223;165;172m[38;2;207;138;150m▄[48;2;212;121;133m[38;2;231;170;178m▄[48;2;205;144;153m[38;2;205;112;127m▄[48;2;205;138;146m[38;2;206;120;133m▄[48;2;213;113;125m[38;2;226;152;163m▄[48;2;203;155;162m[38;2;186;128;138m▄[48;2;206;214;214m[38;2;207;207;208m▄[48;2;211;209;209m[38;2;211;211;210m▄[48;2;210;210;210m[38;2;211;210;209m▄[48;2;211;211;211m[38;2;211;211;210m▄[48;2;211;211;211m[38;2;211;211;210m▄[48;2;211;211;211m[38;2;210;210;210m▄[48;2;211;211;211m[38;2;209;211;212m▄[48;2;210;210;211m[38;2;209;212;217m▄[48;2;210;209;211m[38;2;210;209;215m▄[48;2;209;208;209m[38;2;209;208;211m▄[48;2;208;208;208m[38;2;208;208;209m▄[48;2;208;208;208m[38;2;208;208;209m▄[48;2;207;207;206m[38;2;208;208;205m▄[48;2;207;207;205m[38;2;207;207;201m▄[48;2;206;206;202m[38;2;206;206;201m▄[48;2;204;204;203m[38;2;204;204;202m▄[48;2;204;204;204m[38;2;203;203;204m▄[48;2;203;203;203m[38;2;202;202;202m▄[48;2;203;203;203m[38;2;202;202;203m▄[48;2;203;203;203m[38;2;202;202;203m▄[48;2;202;202;202m[38;2;202;202;201m▄[0m
[48;2;211;211;211m[38;2;210;210;210m▄[48;2;211;211;211m[38;2;210;210;210m▄[48;2;213;213;213m[38;2;212;212;212m▄[48;2;213;213;213m[38;2;212;212;212m▄[48;2;213;213;213m[38;2;213;213;213m▄[48;2;214;214;214m[38;2;214;214;214m▄[48;2;215;215;215m[38;2;214;214;214m▄[48;2;215;215;215m[38;2;214;214;214m▄[48;2;214;214;214m[38;2;214;214;214m▄[48;2;215;215;215m[38;2;214;214;214m▄[48;2;215;215;215m[38;2;215;215;215m▄[48;2;216;216;216m[38;2;215;215;215m▄[48;2;215;215;215m[38;2;215;215;215m▄[48;2;215;215;215m[38;2;215;215;215m▄[48;2;216;216;215m[38;2;216;216;216m▄[48;2;216;216;215m[38;2;216;216;216m▄[48;2;216;216;216m[38;2;216;216;216m▄[48;2;216;215;215m[38;2;216;216;216m▄[48;2;216;217;218m[38;2;216;214;213m▄[48;2;216;221;221m[38;2;211;214;207m▄[48;2;187;132;143m[38;2;184;117;133m▄[48;2;220;132;146m[38;2;228;127;143m▄[48;2;198;107;124m[38;2;171;85;104m▄[48;2;236;168;179m[38;2;206;128;143m▄[48;2;206;125;140m[38;2;238;170;182m▄[48;2;205;127;140m[38;2;190;105;124m▄[48;2;243;195;201m[38;2;244;176;185m▄[48;2;198;104;122m[38;2;212;140;153m▄[48;2;243;183;190m[38;2;235;159;170m▄[48;2;187;90;110m[38;2;199;105;125m▄[48;2;224;144;155m[38;2;221;128;142m▄[48;2;190;96;115m[38;2;199;103;122m▄[48;2;212;125;141m[38;2;200;107;126m▄[48;2;208;125;139m[38;2;217;124;140m▄[48;2;166;65;86m[38;2;186;98;118m▄[48;2;192;94;113m[38;2;204;119;134m▄[48;2;242;167;178m[38;2;218;125;140m▄[48;2;183;87;108m[38;2;158;48;73m▄[48;2;223;137;151m[38;2;225;129;142m▄[48;2;182;87;105m[38;2;192;98;116m▄[48;2;223;141;153m[38;2;221;131;145m▄[48;2;188;93;114m[38;2;194;96;116m▄[48;2;181;72;94m[38;2;176;87;109m▄[48;2;200;161;169m[38;2;197;185;188m▄[48;2;213;220;219m[38;2;208;211;210m▄[48;2;210;208;209m[38;2;210;210;210m▄[48;2;210;210;210m[38;2;210;210;210m▄[48;2;210;210;210m[38;2;210;210;210m▄[48;2;210;210;210m[38;2;210;210;210m▄[48;2;209;210;211m[38;2;209;209;209m▄[48;2;208;211;217m[38;2;207;208;210m▄[48;2;208;209;215m[38;2;207;208;212m▄[48;2;209;208;212m[38;2;209;207;212m▄[48;2;208;208;209m[38;2;208;207;208m▄[48;2;207;207;208m[38;2;208;208;207m▄[48;2;208;208;206m[38;2;208;208;207m▄[48;2;207;208;202m[38;2;206;207;202m▄[48;2;206;207;202m[38;2;205;207;201m▄[48;2;203;205;201m[38;2;204;206;203m▄[48;2;201;202;203m[38;2;202;203;203m▄[48;2;203;203;203m[38;2;202;202;203m▄[48;2;203;203;204m[38;2;201;201;202m▄[48;2;201;201;202m[38;2;201;201;201m▄[48;2;201;201;201m[38;2;201;201;201m▄[0m
[48;2;210;210;210m[38;2;210;210;210m▄[48;2;211;211;211m[38;2;211;211;211m▄[48;2;210;210;210m[38;2;210;210;210m▄[48;2;211;211;211m[38;2;210;210;210m▄[48;2;211;211;211m[38;2;210;210;210m▄[48;2;212;212;212m[38;2;211;211;211m▄[48;2;213;213;213m[38;2;212;212;212m▄[48;2;213;213;213m[38;2;213;213;213m▄[48;2;213;213;213m[38;2;213;213;213m▄[48;2;214;213;214m[38;2;213;213;213m▄[48;2;214;214;214m[38;2;214;214;214m▄[48;2;215;215;215m[38;2;214;214;214m▄[48;2;215;215;215m[38;2;214;214;214m▄[48;2;215;215;215m[38;2;215;215;215m▄[48;2;214;214;214m[38;2;214;214;215m▄[48;2;215;215;215m[38;2;214;214;214m▄[48;2;215;215;214m[38;2;215;215;214m▄[48;2;217;218;219m[38;2;216;217;218m▄[48;2;209;202;196m[38;2;211;206;202m▄[48;2;209;207;197m[38;2;200;191;173m▄[48;2;185;121;140m[38;2;207;196;199m▄[48;2;185;70;94m[38;2;187;139;147m▄[48;2;188;147;159m[38;2;195;179;172m▄[48;2;189;135;147m[38;2;208;199;190m▄[48;2;235;156;168m[38;2;191;113;130m▄[48;2;223;147;160m[38;2;235;152;166m▄[48;2;185;90;112m[38;2;229;154;167m▄[48;2;190;107;125m[38;2;186;107;123m▄[48;2;174;71;94m[38;2;172;79;100m▄[48;2;182;99;118m[38;2;188;122;138m▄[48;2;178;98;117m[38;2;185;134;146m▄[48;2;184;93;114m[38;2;178;99;118m▄[48;2;170;80;101m[38;2;184;108;124m▄[48;2;176;77;99m[38;2;176;89;109m▄[48;2;177;78;101m[38;2;179;91;112m▄[48;2;158;54;80m[38;2;185;102;121m▄[48;2;169;73;96m[38;2;182;99;119m▄[48;2;183;132;144m[38;2;193;189;191m▄[48;2;177;84;107m[38;2;198;187;181m▄[48;2;179;93;116m[38;2;194;184;172m▄[48;2;175;85;110m[38;2;195;185;177m▄[48;2;181;90;112m[38;2;194;186;183m▄[48;2;186;158;166m[38;2;194;195;187m▄[48;2;195;201;199m[38;2;203;201;202m▄[48;2;206;205;206m[38;2;209;209;209m▄[48;2;209;209;210m[38;2;209;209;209m▄[48;2;209;209;210m[38;2;208;208;208m▄[48;2;209;208;210m[38;2;208;208;208m▄[48;2;209;209;210m[38;2;208;208;208m▄[48;2;209;209;209m[38;2;208;208;208m▄[48;2;208;207;208m[38;2;208;208;208m▄[48;2;208;207;209m[38;2;208;208;207m▄[48;2;207;207;209m[38;2;207;207;207m▄[48;2;207;207;207m[38;2;206;206;206m▄[48;2;207;207;205m[38;2;206;206;205m▄[48;2;207;207;202m[38;2;206;206;201m▄[48;2;207;208;202m[38;2;206;206;202m▄[48;2;204;207;202m[38;2;203;205;205m▄[48;2;201;206;206m[38;2;202;203;204m▄[48;2;202;203;203m[38;2;202;202;203m▄[48;2;202;202;202m[38;2;201;202;202m▄[48;2;201;201;201m[38;2;201;201;201m▄[48;2;201;201;201m[38;2;201;201;201m▄[48;2;201;201;201m[38;2;201;201;201m▄[0m
[48;2;209;209;209m[38;2;209;209;209m▄[48;2;210;210;210m[38;2;210;210;210m▄[48;2;211;211;211m[38;2;210;210;210m▄[48;2;211;211;211m[38;2;211;211;211m▄[48;2;210;210;210m[38;2;211;211;211m▄[48;2;211;211;211m[38;2;212;212;212m▄[48;2;211;211;211m[38;2;212;212;212m▄[48;2;211;212;211m[38;2;212;212;213m▄[48;2;212;212;212m[38;2;213;213;213m▄[48;2;212;212;212m[38;2;212;212;212m▄[48;2;212;212;212m[38;2;213;213;213m▄[48;2;212;212;212m[38;2;213;213;213m▄[48;2;213;213;213m[38;2;213;213;213m▄[48;2;213;213;213m[38;2;213;213;213m▄[48;2;213;213;213m[38;2;213;213;213m▄[48;2;213;213;213m[38;2;213;213;213m▄[48;2;213;213;213m[38;2;213;213;213m▄[48;2;214;214;214m[38;2;214;214;214m▄[48;2;214;216;217m[38;2;214;213;213m▄[48;2;204;198;189m[38;2;214;215;217m▄[48;2;199;188;171m[38;2;212;213;215m▄[48;2;201;198;181m[38;2;211;211;213m▄[48;2;203;198;190m[38;2;211;212;214m▄[48;2;209;211;212m[38;2;212;211;211m▄[48;2;209;199;202m[38;2;213;216;215m▄[48;2;188;121;137m[38;2;209;208;209m▄[48;2;199;101;123m[38;2;192;157;167m▄[48;2;208;109;130m[38;2;178;118;134m▄[48;2;196;102;123m[38;2;175;107;125m▄[48;2;188;83;103m[38;2;178;124;137m▄[48;2;193;95;115m[38;2;173;102;119m▄[48;2;178;88;109m[38;2;174;78;100m▄[48;2;163;62;88m[38;2;182;81;105m▄[48;2;180;112;129m[38;2;186;87;109m▄[48;2;178;120;136m[38;2;188;86;107m▄[48;2;183;94;113m[38;2;189;89;109m▄[48;2;190;91;114m[38;2;167;79;101m▄[48;2;181;152;158m[38;2;194;189;191m▄[48;2;206;208;200m[38;2;209;210;212m▄[48;2;201;194;188m[38;2;209;210;212m▄[48;2;200;192;180m[38;2;208;209;213m▄[48;2;201;193;178m[38;2;207;208;211m▄[48;2;206;201;196m[38;2;208;208;210m▄[48;2;207;208;208m[38;2;208;208;208m▄[48;2;209;208;208m[38;2;207;208;207m▄[48;2;208;208;208m[38;2;207;207;207m▄[48;2;208;208;208m[38;2;207;207;207m▄[48;2;207;207;208m[38;2;207;207;207m▄[48;2;207;207;207m[38;2;207;207;207m▄[48;2;207;207;207m[38;2;207;207;207m▄[48;2;206;206;206m[38;2;206;205;207m▄[48;2;206;206;206m[38;2;205;205;206m▄[48;2;205;205;205m[38;2;206;206;206m▄[48;2;204;204;204m[38;2;205;205;205m▄[48;2;204;204;203m[38;2;204;204;204m▄[48;2;204;204;203m[38;2;203;203;204m▄[48;2;203;203;202m[38;2;203;203;203m▄[48;2;203;202;203m[38;2;203;203;203m▄[48;2;203;202;202m[38;2;203;203;203m▄[48;2;202;202;203m[38;2;202;202;202m▄[48;2;201;201;202m[38;2;201;201;202m▄[48;2;201;200;202m[38;2;201;201;202m▄[48;2;201;201;201m[38;2;201;201;201m▄[48;2;201;201;201m[38;2;201;201;201m▄[0m
[48;2;213;213;213m[38;2;216;216;216m▄[48;2;214;214;214m[38;2;216;216;216m▄[48;2;214;214;214m[38;2;216;216;216m▄[48;2;214;214;215m[38;2;216;216;216m▄[48;2;214;214;214m[38;2;217;217;217m▄[48;2;215;215;215m[38;2;216;216;216m▄[48;2;215;215;215m[38;2;217;217;217m▄[48;2;216;216;216m[38;2;217;217;217m▄[48;2;216;216;216m[38;2;217;217;217m▄[48;2;216;216;216m[38;2;218;218;218m▄[48;2;216;216;216m[38;2;217;217;217m▄[48;2;216;216;216m[38;2;218;218;218m▄[48;2;217;216;217m[38;2;218;218;218m▄[48;2;216;216;216m[38;2;217;217;217m▄[48;2;216;216;216m[38;2;218;218;218m▄[48;2;217;217;217m[38;2;218;218;218m▄[48;2;216;216;216m[38;2;217;217;217m▄[48;2;217;217;217m[38;2;217;217;217m▄[48;2;217;217;217m[38;2;217;217;217m▄[48;2;217;217;217m[38;2;215;215;216m▄[48;2;217;217;216m[38;2;214;214;214m▄[48;2;216;216;216m[38;2;213;213;213m▄[48;2;218;218;217m[38;2;209;207;209m▄[48;2;218;219;219m[38;2;151;120;128m▄[48;2;217;216;217m[38;2;168;149;152m▄[48;2;217;217;217m[38;2;157;128;135m▄[48;2;210;217;214m[38;2;162;137;143m▄[48;2;205;212;210m[38;2;158;132;138m▄[48;2;200;205;202m[38;2;164;138;143m▄[48;2;195;202;200m[38;2;152;124;130m▄[48;2;194;194;193m[38;2;136;103;110m▄[48;2;179;155;160m[38;2;193;198;197m▄[48;2;171;119;131m[38;2;194;200;198m▄[48;2;171;103;120m[38;2;152;130;135m▄[48;2;171;100;116m[38;2;149;121;127m▄[48;2;171;117;129m[38;2;158;141;142m▄[48;2;188;177;178m[38;2;151;127;131m▄[48;2;196;200;200m[38;2;169;150;155m▄[48;2;211;211;212m[38;2;153;125;130m▄[48;2;212;212;212m[38;2;202;199;200m▄[48;2;211;210;209m[38;2;213;213;213m▄[48;2;211;211;210m[38;2;211;210;211m▄[48;2;210;210;210m[38;2;211;211;210m▄[48;2;210;210;210m[38;2;211;211;211m▄[48;2;210;210;210m[38;2;211;211;211m▄[48;2;209;209;210m[38;2;210;210;210m▄[48;2;210;210;210m[38;2;211;211;211m▄[48;2;209;210;209m[38;2;211;211;211m▄[48;2;209;209;209m[38;2;211;211;211m▄[48;2;209;209;209m[38;2;210;210;210m▄[48;2;209;209;209m[38;2;210;210;210m▄[48;2;208;208;209m[38;2;209;209;210m▄[48;2;208;208;208m[38;2;209;209;209m▄[48;2;208;208;208m[38;2;209;209;209m▄[48;2;207;207;207m[38;2;209;209;209m▄[48;2;207;207;207m[38;2;208;208;208m▄[48;2;207;206;207m[38;2;208;208;208m▄[48;2;206;205;207m[38;2;208;208;208m▄[48;2;205;205;205m[38;2;207;207;207m▄[48;2;204;204;204m[38;2;207;207;207m▄[48;2;204;204;204m[38;2;207;207;207m▄[48;2;203;203;203m[38;2;207;207;207m▄[48;2;203;203;203m[38;2;206;206;206m▄[48;2;203;203;203m[38;2;206;206;206m▄[0m
[48;2;219;219;219m[38;2;223;223;223m▄[48;2;220;220;220m[38;2;224;224;224m▄[48;2;220;220;220m[38;2;224;224;224m▄[48;2;220;220;220m[38;2;224;224;224m▄[48;2;220;220;220m[38;2;224;224;224m▄[48;2;221;221;221m[38;2;224;224;224m▄[48;2;221;221;221m[38;2;224;224;224m▄[48;2;221;221;221m[38;2;224;224;224m▄[48;2;221;221;221m[38;2;224;224;224m▄[48;2;221;221;221m[38;2;225;225;225m▄[48;2;222;222;222m[38;2;226;226;226m▄[48;2;222;222;222m[38;2;225;225;225m▄[48;2;222;222;222m[38;2;225;225;225m▄[48;2;222;222;222m[38;2;224;224;224m▄[48;2;222;222;222m[38;2;224;224;224m▄[48;2;223;223;223m[38;2;224;224;225m▄[48;2;222;222;222m[38;2;226;226;226m▄[48;2;219;218;219m[38;2;226;226;226m▄[48;2;213;213;213m[38;2;223;223;223m▄[48;2;206;206;207m[38;2;225;225;225m▄[48;2;200;201;201m[38;2;212;208;209m▄[48;2;201;203;203m[38;2;180;162;167m▄[48;2;199;198;199m[38;2;174;155;159m▄[48;2;148;119;124m[38;2;177;161;163m▄[48;2;161;142;145m[38;2;179;164;167m▄[48;2;148;123;129m[38;2;181;167;170m▄[48;2;159;138;143m[38;2;168;150;154m▄[48;2;158;135;140m[38;2;170;154;156m▄[48;2;163;141;145m[38;2;170;155;157m▄[48;2;160;141;145m[38;2;181;168;172m▄[48;2;148;124;128m[38;2;186;176;179m▄[48;2;187;179;181m[38;2;160;141;144m▄[48;2;195;194;194m[38;2;177;167;169m▄[48;2;154;131;135m[38;2;173;157;160m▄[48;2;150;122;128m[38;2;171;153;157m▄[48;2;166;145;150m[38;2;165;147;151m▄[48;2;156;131;135m[38;2;167;150;154m▄[48;2;168;153;155m[38;2;196;188;190m▄[48;2;158;134;137m[38;2;180;165;170m▄[48;2;174;161;163m[38;2;176;160;162m▄[48;2;193;192;193m[38;2;175;157;160m▄[48;2;201;203;204m[38;2;165;145;150m▄[48;2;200;201;201m[38;2;187;175;178m▄[48;2;203;203;203m[38;2;216;217;217m▄[48;2;209;209;209m[38;2;215;215;215m▄[48;2;212;212;212m[38;2;216;216;216m▄[48;2;214;214;214m[38;2;216;216;216m▄[48;2;214;214;214m[38;2;216;216;217m▄[48;2;214;214;214m[38;2;216;216;215m▄[48;2;213;213;213m[38;2;215;215;216m▄[48;2;213;213;213m[38;2;215;215;215m▄[48;2;212;212;212m[38;2;215;215;215m▄[48;2;212;212;211m[38;2;215;215;215m▄[48;2;211;211;211m[38;2;214;214;214m▄[48;2;210;210;210m[38;2;213;213;213m▄[48;2;210;210;210m[38;2;213;213;212m▄[48;2;210;210;210m[38;2;212;212;212m▄[48;2;209;209;209m[38;2;210;210;210m▄[48;2;213;213;213m[38;2;217;217;217m▄[48;2;216;216;216m[38;2;221;221;221m▄[48;2;209;209;209m[38;2;211;211;210m▄[48;2;208;208;208m[38;2;210;210;210m▄[48;2;208;208;208m[38;2;210;210;210m▄[48;2;208;208;208m[38;2;210;210;210m▄[0m
[48;2;226;226;226m[38;2;229;229;229m▄[48;2;226;226;226m[38;2;228;228;228m▄[48;2;226;226;226m[38;2;228;228;228m▄[48;2;227;227;227m[38;2;229;229;229m▄[48;2;227;227;227m[38;2;229;229;229m▄[48;2;227;227;227m[38;2;229;229;229m▄[48;2;227;227;227m[38;2;229;229;229m▄[48;2;227;227;227m[38;2;229;229;229m▄[48;2;227;227;227m[38;2;229;229;229m▄[48;2;227;227;227m[38;2;229;229;229m▄[48;2;228;228;228m[38;2;229;229;229m▄[48;2;228;228;228m[38;2;230;230;230m▄[48;2;227;227;227m[38;2;229;229;229m▄[48;2;228;228;228m[38;2;229;229;229m▄[48;2;228;228;228m[38;2;229;229;229m▄[48;2;228;228;228m[38;2;229;229;229m▄[48;2;228;228;228m[38;2;229;229;229m▄[48;2;227;227;227m[38;2;229;229;229m▄[48;2;227;227;227m[38;2;229;229;229m▄[48;2;229;230;230m[38;2;228;228;228m▄[48;2;223;220;221m[38;2;229;229;229m▄[48;2;196;181;185m[38;2;234;236;235m▄[48;2;191;175;179m[38;2;234;236;236m▄[48;2;198;184;187m[38;2;232;233;233m▄[48;2;205;193;196m[38;2;230;231;231m▄[48;2;213;205;208m[38;2;229;230;230m▄[48;2;193;179;182m[38;2;233;235;235m▄[48;2;197;183;186m[38;2;231;233;233m▄[48;2;201;188;191m[38;2;229;231;230m▄[48;2;198;186;189m[38;2;228;230;230m▄[48;2;208;200;202m[38;2;227;229;228m▄[48;2;199;184;186m[38;2;230;232;232m▄[48;2;210;202;204m[38;2;227;228;228m▄[48;2;199;188;190m[38;2;228;230;229m▄[48;2;196;183;186m[38;2;228;230;230m▄[48;2;198;185;188m[38;2;228;229;229m▄[48;2;202;191;193m[38;2;227;229;229m▄[48;2;213;207;209m[38;2;224;225;225m▄[48;2;198;185;188m[38;2;226;228;227m▄[48;2;207;199;200m[38;2;225;226;226m▄[48;2;194;182;184m[38;2;226;228;228m▄[48;2;191;177;180m[38;2;227;229;229m▄[48;2;207;200;201m[38;2;223;224;224m▄[48;2;220;221;221m[38;2;219;219;219m▄[48;2;217;217;217m[38;2;218;218;218m▄[48;2;218;217;217m[38;2;218;218;218m▄[48;2;217;217;217m[38;2;217;217;217m▄[48;2;217;217;217m[38;2;217;217;217m▄[48;2;216;216;216m[38;2;216;216;216m▄[48;2;216;216;216m[38;2;216;216;216m▄[48;2;216;216;216m[38;2;216;216;216m▄[48;2;215;215;215m[38;2;216;216;216m▄[48;2;215;215;215m[38;2;216;216;216m▄[48;2;215;215;215m[38;2;216;216;216m▄[48;2;215;215;215m[38;2;215;215;215m▄[48;2;215;215;215m[38;2;216;216;216m▄[48;2;215;215;215m[38;2;215;215;215m▄[48;2;214;214;214m[38;2;215;215;215m▄[48;2;214;213;214m[38;2;215;215;215m▄[48;2;213;213;213m[38;2;215;215;215m▄[48;2;211;211;211m[38;2;214;214;214m▄[48;2;211;211;211m[38;2;213;213;213m▄[48;2;210;210;210m[38;2;213;213;213m▄[48;2;210;210;210m[38;2;213;213;213m▄[0m
[48;2;230;230;230m[38;2;231;231;231m▄[48;2;231;231;231m[38;2;232;232;232m▄[48;2;230;230;230m[38;2;231;231;231m▄[48;2;230;230;230m[38;2;231;231;231m▄[48;2;231;231;231m[38;2;232;232;232m▄[48;2;230;230;230m[38;2;232;232;232m▄[48;2;230;230;230m[38;2;232;232;232m▄[48;2;230;230;230m[38;2;231;231;231m▄[48;2;231;231;231m[38;2;232;232;232m▄[48;2;231;231;231m[38;2;232;232;232m▄[48;2;231;231;231m[38;2;231;231;231m▄[48;2;230;230;230m[38;2;231;231;231m▄[48;2;230;230;230m[38;2;231;231;231m▄[48;2;230;230;230m[38;2;230;230;230m▄[48;2;230;230;230m[38;2;230;230;230m▄[48;2;230;230;230m[38;2;231;231;231m▄[48;2;230;230;230m[38;2;231;231;231m▄[48;2;230;230;230m[38;2;230;230;230m▄[48;2;230;230;230m[38;2;231;231;231m▄[48;2;230;230;230m[38;2;230;230;230m▄[48;2;230;230;230m[38;2;230;230;230m▄[48;2;229;228;228m[38;2;229;229;229m▄[48;2;227;227;227m[38;2;229;229;229m▄[48;2;227;227;227m[38;2;229;229;229m▄[48;2;227;226;227m[38;2;228;228;228m▄[48;2;227;227;227m[38;2;228;228;228m▄[48;2;226;226;226m[38;2;227;227;227m▄[48;2;226;226;226m[38;2;227;227;227m▄[48;2;226;226;226m[38;2;227;227;227m▄[48;2;227;226;226m[38;2;227;227;227m▄[48;2;227;227;227m[38;2;227;227;227m▄[48;2;225;224;224m[38;2;226;226;226m▄[48;2;223;223;223m[38;2;226;226;226m▄[48;2;224;223;223m[38;2;225;225;225m▄[48;2;223;223;223m[38;2;224;224;224m▄[48;2;223;222;222m[38;2;224;224;224m▄[48;2;223;223;223m[38;2;224;224;224m▄[48;2;223;223;223m[38;2;224;224;224m▄[48;2;222;222;222m[38;2;224;224;224m▄[48;2;222;222;222m[38;2;223;223;223m▄[48;2;222;222;222m[38;2;223;223;223m▄[48;2;222;221;221m[38;2;223;223;223m▄[48;2;222;221;222m[38;2;222;222;222m▄[48;2;222;222;222m[38;2;222;222;222m▄[48;2;221;221;221m[38;2;221;221;221m▄[48;2;220;220;220m[38;2;220;220;220m▄[48;2;218;218;218m[38;2;219;219;219m▄[48;2;217;217;217m[38;2;218;218;218m▄[48;2;217;217;217m[38;2;217;217;217m▄[48;2;217;217;217m[38;2;217;217;217m▄[48;2;216;216;216m[38;2;216;216;216m▄[48;2;216;216;216m[38;2;216;216;216m▄[48;2;216;216;216m[38;2;216;216;216m▄[48;2;216;216;216m[38;2;216;216;216m▄[48;2;216;216;216m[38;2;216;216;216m▄[48;2;217;217;217m[38;2;216;216;216m▄[48;2;216;216;216m[38;2;216;216;216m▄[48;2;216;216;216m[38;2;216;216;216m▄[48;2;216;216;216m[38;2;216;216;216m▄[48;2;216;216;216m[38;2;216;216;216m▄[48;2;215;215;215m[38;2;216;216;216m▄[48;2;215;215;215m[38;2;216;216;216m▄[48;2;215;215;215m[38;2;215;215;215m▄[48;2;215;215;215m[38;2;215;215;215m▄[0m
