[48;2;218;218;218m[38;2;218;218;218m▄[48;2;220;220;220m[38;2;218;218;218m▄[48;2;221;221;221m[38;2;220;220;220m▄[48;2;222;222;222m[38;2;221;221;221m▄[48;2;222;222;222m[38;2;222;222;222m▄[48;2;222;222;222m[38;2;222;222;222m▄[48;2;223;223;223m[38;2;223;223;223m▄[48;2;224;224;224m[38;2;224;224;224m▄[48;2;225;225;225m[38;2;224;224;224m▄[48;2;225;225;225m[38;2;224;224;224m▄[48;2;225;225;225m[38;2;224;224;224m▄[48;2;225;225;225m[38;2;224;224;224m▄[48;2;224;224;224m[38;2;225;225;225m▄[48;2;226;226;226m[38;2;227;227;227m▄[48;2;227;227;227m[38;2;227;227;227m▄[48;2;228;228;228m[38;2;227;227;227m▄[48;2;227;227;227m[38;2;227;227;227m▄[48;2;228;228;228m[38;2;227;227;227m▄[48;2;228;228;228m[38;2;227;227;227m▄[48;2;228;228;228m[38;2;227;227;227m▄[48;2;229;229;229m[38;2;227;227;227m▄[48;2;228;228;228m[38;2;227;227;227m▄[48;2;227;227;227m[38;2;227;227;227m▄[48;2;227;227;227m[38;2;226;226;226m▄[48;2;226;226;226m[38;2;226;226;226m▄[48;2;227;227;227m[38;2;227;227;227m▄[48;2;227;227;227m[38;2;227;227;227m▄[48;2;228;228;228m[38;2;228;228;228m▄[48;2;228;228;228m[38;2;226;226;226m▄[48;2;225;225;225m[38;2;224;224;224m▄[48;2;225;225;225m[38;2;224;224;224m▄[48;2;225;225;225m[38;2;224;224;224m▄[48;2;226;226;226m[38;2;224;224;224m▄[48;2;224;224;224m[38;2;224;224;224m▄[48;2;223;223;223m[38;2;223;223;223m▄[48;2;223;223;223m[38;2;223;223;223m▄[48;2;223;223;223m[38;2;223;223;223m▄[48;2;222;222;222m[38;2;222;222;222m▄[48;2;221;221;221m[38;2;222;222;222m▄[48;2;221;221;221m[38;2;221;221;221m▄[48;2;219;219;219m[38;2;219;219;219m▄[48;2;218;218;218m[38;2;218;218;218m▄[48;2;217;217;217m[38;2;217;217;217m▄[48;2;216;216;216m[38;2;216;216;216m▄[48;2;216;216;216m[38;2;216;216;216m▄[48;2;216;216;216m[38;2;217;217;217m▄[48;2;215;215;215m[38;2;215;215;215m▄[48;2;215;215;215m[38;2;216;216;216m▄[48;2;215;215;215m[38;2;215;215;215m▄[48;2;214;214;214m[38;2;214;214;214m▄[48;2;214;214;214m[38;2;213;213;213m▄[48;2;213;213;213m[38;2;213;213;213m▄[48;2;211;211;211m[38;2;211;211;211m▄[48;2;210;210;210m[38;2;210;210;210m▄[48;2;211;211;211m[38;2;211;211;211m▄[48;2;210;210;211m[38;2;210;210;210m▄[48;2;209;209;210m[38;2;209;208;210m▄[48;2;209;209;209m[38;2;208;208;208m▄[48;2;208;208;208m[38;2;208;208;208m▄[48;2;207;207;207m[38;2;207;207;207m▄[48;2;207;207;207m[38;2;207;207;207m▄[48;2;207;207;207m[38;2;206;206;206m▄[48;2;205;205;205m[38;2;206;206;206m▄[48;2;204;204;204m[38;2;204;204;204m▄[0m
[48;2;218;218;218m[38;2;217;217;217m▄[48;2;217;217;217m[38;2;217;217;217m▄[48;2;218;218;218m[38;2;217;217;217m▄[48;2;221;221;221m[38;2;219;219;219m▄[48;2;222;222;222m[38;2;221;221;221m▄[48;2;223;223;223m[38;2;222;222;222m▄[48;2;223;223;223m[38;2;223;223;223m▄[48;2;223;223;223m[38;2;223;223;223m▄[48;2;224;224;224m[38;2;224;224;224m▄[48;2;224;224;224m[38;2;224;224;224m▄[48;2;224;224;224m[38;2;225;225;225m▄[48;2;225;225;225m[38;2;225;225;225m▄[48;2;224;224;224m[38;2;224;224;224m▄[48;2;225;225;225m[38;2;224;224;224m▄[48;2;225;225;225m[38;2;224;224;224m▄[48;2;227;227;227m[38;2;225;225;225m▄[48;2;227;227;227m[38;2;227;227;227m▄[48;2;226;226;226m[38;2;227;227;227m▄[48;2;227;227;227m[38;2;227;227;227m▄[48;2;227;227;227m[38;2;227;227;227m▄[48;2;227;227;227m[38;2;227;227;227m▄[48;2;227;227;227m[38;2;227;227;227m▄[48;2;227;227;227m[38;2;227;227;227m▄[48;2;226;226;226m[38;2;226;226;226m▄[48;2;226;226;226m[38;2;226;226;226m▄[48;2;227;227;227m[38;2;226;226;226m▄[48;2;227;227;227m[38;2;224;224;224m▄[48;2;227;227;227m[38;2;225;225;225m▄[48;2;225;225;225m[38;2;223;224;223m▄[48;2;224;224;224m[38;2;222;223;222m▄[48;2;224;224;224m[38;2;224;224;223m▄[48;2;224;224;224m[38;2;224;224;224m▄[48;2;224;224;224m[38;2;224;224;224m▄[48;2;224;224;224m[38;2;224;224;224m▄[48;2;223;223;223m[38;2;222;223;222m▄[48;2;223;223;223m[38;2;222;223;222m▄[48;2;223;223;223m[38;2;222;222;222m▄[48;2;223;223;223m[38;2;222;222;222m▄[48;2;221;221;221m[38;2;221;221;221m▄[48;2;221;221;221m[38;2;220;220;220m▄[48;2;218;218;218m[38;2;218;218;218m▄[48;2;218;218;218m[38;2;217;217;217m▄[48;2;217;217;217m[38;2;216;216;216m▄[48;2;216;216;216m[38;2;216;216;216m▄[48;2;216;216;216m[38;2;216;216;216m▄[48;2;216;216;216m[38;2;216;216;216m▄[48;2;215;215;215m[38;2;215;215;215m▄[48;2;215;215;215m[38;2;215;215;215m▄[48;2;215;215;215m[38;2;214;214;214m▄[48;2;214;214;214m[38;2;214;214;214m▄[48;2;214;214;214m[38;2;214;214;214m▄[48;2;212;212;212m[38;2;212;212;212m▄[48;2;211;211;211m[38;2;211;211;211m▄[48;2;211;211;211m[38;2;211;211;211m▄[48;2;211;211;211m[38;2;211;211;211m▄[48;2;209;209;209m[38;2;210;210;210m▄[48;2;208;208;208m[38;2;209;209;209m▄[48;2;208;208;208m[38;2;209;209;209m▄[48;2;208;208;208m[38;2;208;208;208m▄[48;2;207;207;207m[38;2;207;207;207m▄[48;2;206;206;206m[38;2;207;207;207m▄[48;2;205;205;205m[38;2;206;206;206m▄[48;2;205;205;205m[38;2;205;205;205m▄[48;2;204;204;204m[38;2;203;203;203m▄[0m
[48;2;217;217;217m[38;2;216;216;216m▄[48;2;217;217;217m[38;2;217;217;217m▄[48;2;217;217;217m[38;2;217;217;217m▄[48;2;219;219;219m[38;2;219;219;219m▄[48;2;220;220;220m[38;2;221;221;221m▄[48;2;222;222;222m[38;2;222;222;222m▄[48;2;223;223;223m[38;2;223;223;223m▄[48;2;223;223;223m[38;2;223;223;223m▄[48;2;224;224;224m[38;2;223;223;223m▄[48;2;224;224;224m[38;2;224;224;224m▄[48;2;224;224;224m[38;2;224;224;224m▄[48;2;225;225;225m[38;2;225;225;225m▄[48;2;225;225;225m[38;2;225;225;225m▄[48;2;224;224;224m[38;2;224;224;224m▄[48;2;224;224;224m[38;2;225;225;225m▄[48;2;225;225;225m[38;2;225;225;225m▄[48;2;225;225;225m[38;2;225;225;225m▄[48;2;225;225;225m[38;2;225;225;225m▄[48;2;226;226;226m[38;2;225;225;225m▄[48;2;226;226;226m[38;2;224;224;224m▄[48;2;228;228;228m[38;2;226;226;226m▄[48;2;226;226;226m[38;2;226;226;226m▄[48;2;226;226;226m[38;2;225;225;225m▄[48;2;226;226;226m[38;2;224;224;224m▄[48;2;225;225;225m[38;2;225;225;225m▄[48;2;224;224;224m[38;2;225;225;225m▄[48;2;224;224;224m[38;2;223;224;223m▄[48;2;223;223;223m[38;2;227;226;228m▄[48;2;229;227;229m[38;2;202;213;200m▄[48;2;232;228;232m[38;2;189;208;187m▄[48;2;227;226;226m[38;2;216;221;218m▄[48;2;223;224;223m[38;2;228;225;229m▄[48;2;224;224;224m[38;2;224;224;223m▄[48;2;223;223;223m[38;2;225;224;227m▄[48;2;228;225;229m[38;2;199;214;195m▄[48;2;225;223;225m[38;2;213;219;211m▄[48;2;222;222;222m[38;2;224;223;225m▄[48;2;222;222;222m[38;2;221;222;221m▄[48;2;221;221;221m[38;2;221;221;221m▄[48;2;219;219;219m[38;2;219;219;219m▄[48;2;218;218;218m[38;2;219;219;219m▄[48;2;217;217;217m[38;2;217;217;217m▄[48;2;217;217;217m[38;2;217;217;217m▄[48;2;216;216;216m[38;2;217;217;217m▄[48;2;217;217;217m[38;2;217;217;217m▄[48;2;215;215;215m[38;2;216;216;216m▄[48;2;216;216;216m[38;2;216;216;216m▄[48;2;216;216;216m[38;2;215;215;215m▄[48;2;215;215;215m[38;2;214;214;214m▄[48;2;213;213;213m[38;2;213;213;213m▄[48;2;213;213;213m[38;2;213;213;213m▄[48;2;212;212;212m[38;2;213;213;213m▄[48;2;211;211;212m[38;2;211;211;211m▄[48;2;210;210;210m[38;2;210;210;210m▄[48;2;210;210;210m[38;2;210;210;210m▄[48;2;210;210;210m[38;2;210;210;210m▄[48;2;209;209;209m[38;2;209;209;209m▄[48;2;209;209;209m[38;2;208;208;208m▄[48;2;208;208;208m[38;2;208;208;208m▄[48;2;207;207;207m[38;2;207;207;207m▄[48;2;207;207;207m[38;2;207;207;207m▄[48;2;207;207;207m[38;2;206;206;207m▄[48;2;204;204;204m[38;2;204;204;204m▄[48;2;204;204;204m[38;2;203;203;203m▄[0m
[48;2;216;216;216m[38;2;216;216;216m▄[48;2;217;217;217m[38;2;216;216;216m▄[48;2;217;217;217m[38;2;217;217;217m▄[48;2;219;219;219m[38;2;217;217;217m▄[48;2;220;220;220m[38;2;219;219;219m▄[48;2;221;221;221m[38;2;221;221;221m▄[48;2;222;222;222m[38;2;221;221;221m▄[48;2;223;223;223m[38;2;223;223;223m▄[48;2;223;223;223m[38;2;223;223;223m▄[48;2;224;224;224m[38;2;223;223;223m▄[48;2;224;224;224m[38;2;224;224;224m▄[48;2;224;224;224m[38;2;224;224;224m▄[48;2;225;225;225m[38;2;224;224;224m▄[48;2;225;225;225m[38;2;225;225;225m▄[48;2;224;224;224m[38;2;225;225;225m▄[48;2;224;224;224m[38;2;224;224;224m▄[48;2;225;225;225m[38;2;224;224;224m▄[48;2;224;224;224m[38;2;224;224;224m▄[48;2;224;224;224m[38;2;224;224;224m▄[48;2;224;224;224m[38;2;224;224;224m▄[48;2;224;224;224m[38;2;224;224;224m▄[48;2;225;225;225m[38;2;224;224;224m▄[48;2;224;224;224m[38;2;224;224;224m▄[48;2;224;224;224m[38;2;224;224;224m▄[48;2;224;224;224m[38;2;224;224;224m▄[48;2;224;224;224m[38;2;224;224;224m▄[48;2;222;223;222m[38;2;222;223;222m▄[48;2;231;227;233m[38;2;231;228;231m▄[48;2;166;194;158m[38;2;189;205;187m▄[48;2;155;199;113m[38;2;153;202;103m▄[48;2;171;211;139m[38;2;169;214;107m▄[48;2;198;218;193m[38;2;177;220;137m▄[48;2;230;225;233m[38;2;197;215;194m▄[48;2;196;215;184m[38;2;148;193;124m▄[48;2;133;188;96m[38;2;179;195;173m▄[48;2;181;202;176m[38;2;211;209;215m▄[48;2;226;223;227m[38;2;224;221;224m▄[48;2;219;220;219m[38;2;223;223;223m▄[48;2;221;220;221m[38;2;220;220;220m▄[48;2;219;219;219m[38;2;218;218;218m▄[48;2;217;217;217m[38;2;217;217;217m▄[48;2;217;217;217m[38;2;217;217;217m▄[48;2;216;216;216m[38;2;217;217;217m▄[48;2;217;217;217m[38;2;217;217;217m▄[48;2;217;217;217m[38;2;215;215;215m▄[48;2;216;216;216m[38;2;216;216;216m▄[48;2;215;215;215m[38;2;216;216;216m▄[48;2;214;214;215m[38;2;214;214;214m▄[48;2;214;214;214m[38;2;214;214;214m▄[48;2;214;213;214m[38;2;214;214;214m▄[48;2;213;213;213m[38;2;213;213;213m▄[48;2;212;212;212m[38;2;213;213;213m▄[48;2;211;211;211m[38;2;211;211;211m▄[48;2;211;211;211m[38;2;211;211;211m▄[48;2;210;210;210m[38;2;211;211;211m▄[48;2;210;210;210m[38;2;210;210;210m▄[48;2;209;209;209m[38;2;209;209;209m▄[48;2;208;208;208m[38;2;209;209;209m▄[48;2;208;208;208m[38;2;208;208;208m▄[48;2;207;207;207m[38;2;207;207;207m▄[48;2;207;207;207m[38;2;207;207;207m▄[48;2;206;206;207m[38;2;205;205;205m▄[48;2;204;204;205m[38;2;204;204;204m▄[48;2;203;203;203m[38;2;204;204;204m▄[0m
[48;2;216;216;216m[38;2;216;216;216m▄[48;2;216;216;216m[38;2;216;216;216m▄[48;2;216;216;216m[38;2;216;216;216m▄[48;2;217;217;217m[38;2;217;217;217m▄[48;2;218;218;218m[38;2;218;218;217m▄[48;2;219;219;219m[38;2;218;218;218m▄[48;2;221;220;221m[38;2;220;219;220m▄[48;2;221;221;221m[38;2;221;221;221m▄[48;2;223;223;223m[38;2;222;222;222m▄[48;2;223;223;223m[38;2;222;222;222m▄[48;2;223;223;223m[38;2;222;222;222m▄[48;2;223;223;223m[38;2;223;223;223m▄[48;2;223;223;223m[38;2;223;223;223m▄[48;2;224;224;224m[38;2;223;223;223m▄[48;2;224;224;224m[38;2;223;223;223m▄[48;2;224;224;224m[38;2;223;223;223m▄[48;2;224;224;224m[38;2;224;224;224m▄[48;2;225;225;225m[38;2;224;224;224m▄[48;2;224;224;224m[38;2;224;224;224m▄[48;2;224;224;224m[38;2;225;225;225m▄[48;2;224;224;224m[38;2;224;224;224m▄[48;2;224;224;224m[38;2;224;224;224m▄[48;2;224;224;224m[38;2;224;224;224m▄[48;2;224;224;224m[38;2;224;224;224m▄[48;2;224;224;224m[38;2;224;224;224m▄[48;2;224;224;224m[38;2;224;223;224m▄[48;2;224;224;224m[38;2;224;224;224m▄[48;2;226;225;225m[38;2;222;225;225m▄[48;2;221;225;228m[38;2;228;205;208m▄[48;2;158;198;143m[38;2;233;196;201m▄[48;2;152;210;107m[38;2;186;189;158m▄[48;2;149;209;115m[38;2;145;187;133m▄[48;2;135;194;116m[38;2;119;173;106m▄[48;2;154;188;145m[38;2;108;176;94m▄[48;2;169;195;157m[38;2;117;179;79m▄[48;2;154;189;135m[38;2;142;193;86m▄[48;2;165;190;161m[38;2;143;190;86m▄[48;2;212;215;214m[38;2;126;168;104m▄[48;2;222;221;222m[38;2;211;213;212m▄[48;2;217;217;217m[38;2;218;218;218m▄[48;2;217;217;217m[38;2;216;216;216m▄[48;2;217;217;217m[38;2;216;216;216m▄[48;2;217;217;217m[38;2;216;216;216m▄[48;2;217;217;217m[38;2;216;216;216m▄[48;2;216;216;216m[38;2;216;216;216m▄[48;2;215;215;215m[38;2;215;215;215m▄[48;2;215;215;215m[38;2;214;214;214m▄[48;2;214;214;214m[38;2;214;214;214m▄[48;2;214;214;214m[38;2;213;213;213m▄[48;2;214;214;214m[38;2;213;213;213m▄[48;2;213;213;213m[38;2;212;212;212m▄[48;2;211;211;211m[38;2;211;211;211m▄[48;2;211;211;211m[38;2;211;211;211m▄[48;2;211;211;211m[38;2;211;211;211m▄[48;2;211;211;211m[38;2;210;210;210m▄[48;2;210;210;210m[38;2;208;208;208m▄[48;2;209;209;209m[38;2;209;209;209m▄[48;2;209;209;209m[38;2;208;208;208m▄[48;2;208;208;208m[38;2;207;207;207m▄[48;2;207;207;207m[38;2;207;207;207m▄[48;2;206;206;206m[38;2;207;207;207m▄[48;2;205;205;205m[38;2;205;205;205m▄[48;2;204;204;204m[38;2;204;204;204m▄[48;2;204;204;204m[38;2;203;203;203m▄[0m
[48;2;216;216;216m[38;2;216;216;216m▄[48;2;216;216;216m[38;2;216;216;216m▄[48;2;216;216;216m[38;2;216;216;216m▄[48;2;216;216;216m[38;2;216;216;216m▄[48;2;217;217;217m[38;2;217;217;217m▄[48;2;218;218;218m[38;2;217;217;217m▄[48;2;219;219;219m[38;2;218;218;218m▄[48;2;220;220;220m[38;2;219;219;219m▄[48;2;221;221;221m[38;2;221;221;221m▄[48;2;222;222;222m[38;2;221;221;221m▄[48;2;222;222;222m[38;2;221;221;221m▄[48;2;222;222;222m[38;2;222;222;222m▄[48;2;223;223;223m[38;2;222;222;222m▄[48;2;223;223;223m[38;2;223;223;223m▄[48;2;223;223;223m[38;2;223;223;223m▄[48;2;223;223;223m[38;2;223;223;223m▄[48;2;223;223;223m[38;2;223;223;223m▄[48;2;223;223;223m[38;2;223;223;223m▄[48;2;223;223;223m[38;2;223;223;223m▄[48;2;223;223;223m[38;2;223;223;223m▄[48;2;223;223;223m[38;2;223;223;223m▄[48;2;223;223;223m[38;2;223;223;223m▄[48;2;223;223;223m[38;2;223;223;223m▄[48;2;223;223;223m[38;2;223;223;223m▄[48;2;223;223;223m[38;2;223;222;222m▄[48;2;223;222;222m[38;2;223;225;225m▄[48;2;223;226;226m[38;2;221;218;219m▄[48;2;227;190;192m[38;2;230;152;160m▄[48;2;245;173;177m[38;2;246;169;175m▄[48;2;255;182;189m[38;2;246;168;176m▄[48;2;255;177;188m[38;2;242;169;174m▄[48;2;247;185;197m[38;2;250;193;197m▄[48;2;229;173;172m[38;2;249;168;181m▄[48;2;136;146;97m[38;2;235;137;152m▄[48;2;113;168;82m[38;2;222;148;150m▄[48;2;123;175;78m[38;2;193;141;140m▄[48;2;126;171;92m[38;2;191;195;197m▄[48;2;161;182;154m[38;2;208;205;211m▄[48;2;210;209;210m[38;2;211;210;211m▄[48;2;216;216;216m[38;2;216;216;216m▄[48;2;216;216;216m[38;2;216;216;216m▄[48;2;216;216;216m[38;2;216;216;216m▄[48;2;216;216;216m[38;2;217;216;216m▄[48;2;216;216;216m[38;2;216;216;216m▄[48;2;216;216;216m[38;2;216;216;216m▄[48;2;215;215;215m[38;2;214;214;215m▄[48;2;215;215;215m[38;2;215;215;215m▄[48;2;215;215;215m[38;2;214;214;214m▄[48;2;213;213;213m[38;2;213;213;213m▄[48;2;213;213;213m[38;2;213;213;213m▄[48;2;212;212;212m[38;2;211;210;212m▄[48;2;212;212;212m[38;2;211;211;212m▄[48;2;211;211;211m[38;2;211;211;211m▄[48;2;210;210;210m[38;2;211;211;211m▄[48;2;210;210;210m[38;2;210;210;210m▄[48;2;209;209;209m[38;2;209;209;209m▄[48;2;209;209;209m[38;2;208;208;208m▄[48;2;209;209;209m[38;2;209;209;208m▄[48;2;208;208;208m[38;2;208;208;208m▄[48;2;207;207;207m[38;2;207;207;207m▄[48;2;206;206;207m[38;2;206;206;206m▄[48;2;205;205;205m[38;2;205;205;205m▄[48;2;204;204;204m[38;2;204;204;204m▄[48;2;203;203;203m[38;2;203;203;203m▄[0m
[48;2;215;215;215m[38;2;215;215;215m▄[48;2;215;215;215m[38;2;215;215;215m▄[48;2;216;216;216m[38;2;216;216;216m▄[48;2;216;216;216m[38;2;216;216;216m▄[48;2;216;216;216m[38;2;216;216;216m▄[48;2;217;217;217m[38;2;216;216;216m▄[48;2;217;217;217m[38;2;216;216;216m▄[48;2;218;218;218m[38;2;217;217;217m▄[48;2;220;220;220m[38;2;218;218;218m▄[48;2;220;220;220m[38;2;218;218;218m▄[48;2;221;221;221m[38;2;220;220;220m▄[48;2;221;221;221m[38;2;220;220;220m▄[48;2;221;221;221m[38;2;221;221;221m▄[48;2;222;222;222m[38;2;221;221;221m▄[48;2;223;223;223m[38;2;222;222;222m▄[48;2;222;222;222m[38;2;221;221;221m▄[48;2;223;223;223m[38;2;222;222;222m▄[48;2;223;223;223m[38;2;222;222;222m▄[48;2;223;223;223m[38;2;222;222;222m▄[48;2;223;223;223m[38;2;223;223;223m▄[48;2;223;223;223m[38;2;223;223;223m▄[48;2;223;223;223m[38;2;222;222;222m▄[48;2;223;223;223m[38;2;223;223;223m▄[48;2;222;222;222m[38;2;222;222;222m▄[48;2;223;222;222m[38;2;224;226;226m▄[48;2;225;230;229m[38;2;223;214;216m▄[48;2;222;178;185m[38;2;232;154;164m▄[48;2;239;158;167m[38;2;254;164;175m▄[48;2;250;177;183m[38;2;245;144;157m▄[48;2;241;165;172m[38;2;232;164;175m▄[48;2;235;173;180m[38;2;252;255;255m▄[48;2;245;170;178m[38;2;231;176;185m▄[48;2;244;171;177m[38;2;228;136;147m▄[48;2;223;131;142m[38;2;224;134;145m▄[48;2;244;157;167m[38;2;225;143;153m▄[48;2;226;130;144m[38;2;217;109;122m▄[48;2;201;158;165m[38;2;212;115;130m▄[48;2;213;220;218m[38;2;210;208;209m▄[48;2;217;216;217m[38;2;217;217;215m▄[48;2;217;217;219m[38;2;216;210;204m▄[48;2;216;216;217m[38;2;214;207;197m▄[48;2;217;217;217m[38;2;214;205;192m▄[48;2;217;219;220m[38;2;213;205;193m▄[48;2;215;215;215m[38;2;215;216;216m▄[48;2;215;215;215m[38;2;215;215;215m▄[48;2;214;214;214m[38;2;215;215;215m▄[48;2;214;214;214m[38;2;214;214;214m▄[48;2;214;214;214m[38;2;214;214;214m▄[48;2;213;213;213m[38;2;213;213;213m▄[48;2;212;212;212m[38;2;212;212;212m▄[48;2;211;211;212m[38;2;212;212;212m▄[48;2;211;211;211m[38;2;211;211;211m▄[48;2;211;211;211m[38;2;211;211;211m▄[48;2;210;210;210m[38;2;211;211;211m▄[48;2;209;209;209m[38;2;209;209;209m▄[48;2;209;209;209m[38;2;209;209;209m▄[48;2;208;208;208m[38;2;208;208;208m▄[48;2;208;208;208m[38;2;208;208;208m▄[48;2;207;207;207m[38;2;207;207;207m▄[48;2;207;207;207m[38;2;207;207;207m▄[48;2;205;205;206m[38;2;205;205;205m▄[48;2;204;204;204m[38;2;204;204;204m▄[48;2;204;204;204m[38;2;203;203;203m▄[48;2;203;203;203m[38;2;203;203;203m▄[0m
[48;2;215;215;215m[38;2;214;214;214m▄[48;2;215;215;215m[38;2;215;215;215m▄[48;2;216;216;216m[38;2;215;215;215m▄[48;2;216;216;216m[38;2;215;215;215m▄[48;2;216;216;216m[38;2;217;217;217m▄[48;2;216;216;216m[38;2;216;216;216m▄[48;2;216;216;216m[38;2;216;216;216m▄[48;2;216;216;216m[38;2;216;216;216m▄[48;2;217;217;217m[38;2;216;216;216m▄[48;2;217;217;217m[38;2;217;217;217m▄[48;2;218;218;218m[38;2;217;217;217m▄[48;2;218;218;218m[38;2;217;217;217m▄[48;2;219;219;219m[38;2;218;218;218m▄[48;2;219;219;219m[38;2;218;218;218m▄[48;2;220;220;220m[38;2;219;219;219m▄[48;2;221;221;221m[38;2;221;221;221m▄[48;2;222;222;222m[38;2;221;221;221m▄[48;2;222;222;222m[38;2;221;221;221m▄[48;2;222;222;222m[38;2;221;221;221m▄[48;2;222;222;222m[38;2;221;221;221m▄[48;2;221;221;221m[38;2;221;221;221m▄[48;2;221;221;221m[38;2;221;220;220m▄[48;2;222;222;222m[38;2;221;220;220m▄[48;2;222;221;221m[38;2;221;220;220m▄[48;2;223;225;225m[38;2;222;220;220m▄[48;2;217;205;207m[38;2;219;222;222m▄[48;2;237;147;160m[38;2;219;151;162m▄[48;2;244;150;163m[38;2;236;139;154m▄[48;2;233;143;156m[38;2;244;148;161m▄[48;2;227;131;146m[38;2;239;138;151m▄[48;2;233;193;200m[38;2;230;124;139m▄[48;2;254;255;255m[38;2;220;156;167m▄[48;2;239;214;218m[38;2;237;223;227m▄[48;2;205;110;125m[38;2;213;114;130m▄[48;2;214;104;121m[38;2;230;121;134m▄[48;2;229;119;133m[38;2;222;108;123m▄[48;2;212;109;125m[38;2;195;127;139m▄[48;2;202;194;196m[38;2;203;207;207m▄[48;2;216;216;211m[38;2;216;215;216m▄[48;2;216;212;208m[38;2;216;216;217m▄[48;2;215;215;215m[38;2;215;215;214m▄[48;2;214;215;217m[38;2;217;220;223m▄[48;2;210;199;185m[38;2;214;212;210m▄[48;2;212;204;193m[38;2;207;194;176m▄[48;2;215;217;219m[38;2;215;218;220m▄[48;2;214;214;214m[38;2;214;214;213m▄[48;2;213;213;214m[38;2;213;213;213m▄[48;2;213;213;213m[38;2;212;212;212m▄[48;2;212;211;212m[38;2;211;211;211m▄[48;2;211;211;211m[38;2;211;211;211m▄[48;2;210;210;210m[38;2;211;211;211m▄[48;2;211;211;211m[38;2;211;211;211m▄[48;2;211;211;211m[38;2;210;210;210m▄[48;2;211;211;211m[38;2;209;209;209m▄[48;2;209;209;209m[38;2;209;209;209m▄[48;2;208;208;208m[38;2;208;208;208m▄[48;2;208;208;208m[38;2;208;208;208m▄[48;2;208;208;208m[38;2;207;207;207m▄[48;2;207;207;207m[38;2;207;207;207m▄[48;2;206;206;206m[38;2;206;206;206m▄[48;2;204;204;204m[38;2;204;204;204m▄[48;2;204;204;204m[38;2;204;204;204m▄[48;2;203;203;203m[38;2;203;203;203m▄[48;2;203;203;203m[38;2;203;203;203m▄[0m
[48;2;214;214;214m[38;2;214;214;214m▄[48;2;215;215;215m[38;2;214;214;214m▄[48;2;215;215;215m[38;2;215;215;215m▄[48;2;215;215;215m[38;2;215;215;215m▄[48;2;216;216;216m[38;2;215;215;215m▄[48;2;217;217;217m[38;2;215;215;215m▄[48;2;217;217;217m[38;2;216;216;216m▄[48;2;216;216;216m[38;2;216;216;216m▄[48;2;216;216;216m[38;2;216;216;216m▄[48;2;216;216;216m[38;2;216;216;216m▄[48;2;216;216;216m[38;2;216;216;216m▄[48;2;216;216;216m[38;2;216;216;216m▄[48;2;217;217;217m[38;2;216;216;216m▄[48;2;217;217;217m[38;2;216;216;216m▄[48;2;217;217;217m[38;2;216;216;216m▄[48;2;218;218;218m[38;2;217;217;217m▄[48;2;219;219;219m[38;2;217;217;217m▄[48;2;220;220;220m[38;2;218;218;218m▄[48;2;219;219;219m[38;2;218;217;217m▄[48;2;219;219;219m[38;2;219;222;222m▄[48;2;219;219;219m[38;2;218;221;221m▄[48;2;220;224;224m[38;2;217;196;198m▄[48;2;219;226;225m[38;2;223;189;191m▄[48;2;218;222;223m[38;2;229;196;199m▄[48;2;218;222;222m[38;2;230;201;202m▄[48;2;220;227;226m[38;2;224;208;208m▄[48;2;212;201;204m[38;2;216;224;222m▄[48;2;233;146;158m[38;2;218;153;163m▄[48;2;247;143;157m[38;2;244;129;145m▄[48;2;227;123;139m[38;2;221;108;126m▄[48;2;239;141;151m[38;2;230;121;134m▄[48;2;227;116;130m[38;2;205;100;116m▄[48;2;194;80;103m[38;2;204;83;104m▄[48;2;204;88;109m[38;2;218;93;112m▄[48;2;210;93;114m[38;2;211;76;99m▄[48;2;192;86;106m[38;2;190;119;134m▄[48;2;191;189;191m[38;2;200;208;207m▄[48;2;209;215;214m[38;2;220;170;174m▄[48;2;215;217;217m[38;2;226;166;170m▄[48;2;216;218;218m[38;2;216;205;207m▄[48;2;218;218;220m[38;2;204;198;183m▄[48;2;212;205;199m[38;2;201;195;176m▄[48;2;204;187;166m[38;2;212;212;209m▄[48;2;210;205;197m[38;2;211;210;205m▄[48;2;214;214;216m[38;2;210;205;199m▄[48;2;214;213;213m[38;2;213;214;215m▄[48;2;213;213;213m[38;2;212;212;212m▄[48;2;212;212;212m[38;2;212;212;212m▄[48;2;211;211;211m[38;2;211;211;211m▄[48;2;211;211;211m[38;2;211;211;211m▄[48;2;211;211;211m[38;2;211;211;211m▄[48;2;211;211;211m[38;2;209;209;209m▄[48;2;210;210;210m[38;2;209;209;209m▄[48;2;209;209;209m[38;2;209;209;209m▄[48;2;208;208;208m[38;2;208;208;208m▄[48;2;208;208;208m[38;2;208;208;208m▄[48;2;208;208;208m[38;2;207;207;207m▄[48;2;207;207;207m[38;2;207;207;207m▄[48;2;206;206;206m[38;2;206;206;206m▄[48;2;204;204;204m[38;2;204;204;204m▄[48;2;203;203;203m[38;2;204;204;204m▄[48;2;202;202;202m[38;2;202;202;202m▄[48;2;203;203;203m[38;2;203;203;203m▄[48;2;203;203;203m[38;2;203;203;203m▄[0m
[48;2;214;214;214m[38;2;213;213;213m▄[48;2;214;214;214m[38;2;214;214;214m▄[48;2;215;215;215m[38;2;214;214;214m▄[48;2;215;215;215m[38;2;215;215;215m▄[48;2;215;215;215m[38;2;215;215;215m▄[48;2;215;215;215m[38;2;215;215;215m▄[48;2;216;216;216m[38;2;216;216;216m▄[48;2;216;216;216m[38;2;216;216;216m▄[48;2;216;216;216m[38;2;216;216;215m▄[48;2;217;217;216m[38;2;216;216;216m▄[48;2;216;216;216m[38;2;217;217;217m▄[48;2;216;216;216m[38;2;217;217;217m▄[48;2;216;216;216m[38;2;217;217;217m▄[48;2;216;216;216m[38;2;216;216;216m▄[48;2;217;217;217m[38;2;217;217;217m▄[48;2;217;217;217m[38;2;217;217;217m▄[48;2;217;217;217m[38;2;217;217;217m▄[48;2;217;216;216m[38;2;217;218;218m▄[48;2;217;222;222m[38;2;215;210;210m▄[48;2;215;201;202m[38;2;221;154;162m▄[48;2;222;162;167m[38;2;236;189;196m▄[48;2;233;168;174m[38;2;213;114;126m▄[48;2;228;148;155m[38;2;235;173;181m▄[48;2;235;158;165m[38;2;235;164;172m▄[48;2;244;190;195m[38;2;225;144;154m▄[48;2;248;203;203m[38;2;251;233;233m▄[48;2;229;202;201m[38;2;239;189;192m▄[48;2;210;207;208m[38;2;213;210;209m▄[48;2;211;138;150m[38;2;208;208;208m▄[48;2;205;99;120m[38;2;198;203;201m▄[48;2;191;106;122m[38;2;203;169;171m▄[48;2;206;132;140m[38;2;235;153;160m▄[48;2;212;132;141m[38;2;220;147;155m▄[48;2;198;92;112m[38;2;194;191;192m▄[48;2;189;114;129m[38;2;196;198;199m▄[48;2;192;194;194m[38;2;204;202;203m▄[48;2;209;167;170m[38;2;223;149;158m▄[48;2;236;165;171m[38;2;231;174;181m▄[48;2;232;159;166m[38;2;210;114;125m▄[48;2;211;167;163m[38;2;206;185;185m▄[48;2;203;198;187m[38;2;211;171;176m▄[48;2;221;174;181m[38;2;232;144;151m▄[48;2;217;195;198m[38;2;217;140;148m▄[48;2;207;203;193m[38;2;210;212;211m▄[48;2;210;208;205m[38;2;211;211;212m▄[48;2;212;213;213m[38;2;210;210;209m▄[48;2;212;211;211m[38;2;211;211;210m▄[48;2;211;211;211m[38;2;211;211;211m▄[48;2;211;211;211m[38;2;210;210;210m▄[48;2;211;211;211m[38;2;211;211;210m▄[48;2;211;211;211m[38;2;210;210;210m▄[48;2;209;209;209m[38;2;208;208;208m▄[48;2;208;208;208m[38;2;208;208;208m▄[48;2;208;208;208m[38;2;208;208;208m▄[48;2;208;208;208m[38;2;208;208;208m▄[48;2;208;208;208m[38;2;207;207;207m▄[48;2;207;207;207m[38;2;207;207;207m▄[48;2;207;207;207m[38;2;207;207;207m▄[48;2;206;206;206m[38;2;206;206;206m▄[48;2;204;204;204m[38;2;204;204;204m▄[48;2;203;203;203m[38;2;203;203;203m▄[48;2;203;203;203m[38;2;203;203;203m▄[48;2;203;203;203m[38;2;203;203;203m▄[48;2;203;203;203m[38;2;203;203;203m▄[0m
[48;2;212;212;212m[38;2;211;211;211m▄[48;2;213;213;213m[38;2;212;212;212m▄[48;2;214;214;214m[38;2;213;213;213m▄[48;2;215;215;215m[38;2;214;214;214m▄[48;2;215;215;215m[38;2;215;215;215m▄[48;2;215;215;215m[38;2;215;215;215m▄[48;2;215;215;215m[38;2;215;215;215m▄[48;2;215;215;215m[38;2;215;215;215m▄[48;2;215;215;215m[38;2;215;215;215m▄[48;2;216;216;216m[38;2;216;216;216m▄[48;2;216;216;216m[38;2;216;216;216m▄[48;2;216;216;216m[38;2;216;216;216m▄[48;2;216;216;216m[38;2;216;216;216m▄[48;2;216;216;216m[38;2;216;216;216m▄[48;2;217;217;217m[38;2;216;216;216m▄[48;2;217;217;217m[38;2;216;216;216m▄[48;2;217;216;216m[38;2;217;216;217m▄[48;2;218;225;224m[38;2;217;219;218m▄[48;2;209;176;181m[38;2;217;210;212m▄[48;2;225;160;168m[38;2;205;129;141m▄[48;2;221;160;169m[38;2;190;87;104m▄[48;2;207;108;121m[38;2;217;139;149m▄[48;2;242;203;207m[38;2;241;196;200m▄[48;2;214;136;147m[38;2;225;161;168m▄[48;2;232;182;186m[38;2;236;196;200m▄[48;2;248;225;226m[38;2;212;127;140m▄[48;2;221;137;146m[38;2;229;162;170m▄[48;2;227;166;171m[38;2;213;144;155m▄[48;2;221;149;155m[38;2;226;161;171m▄[48;2;210;149;156m[38;2;214;133;144m▄[48;2;205;135;143m[38;2;198;101;116m▄[48;2;210;110;121m[38;2;229;167;175m▄[48;2;200;122;133m[38;2;189;88;105m▄[48;2;206;148;157m[38;2;226;158;167m▄[48;2;221;148;158m[38;2;204;124;137m▄[48;2;205;125;136m[38;2;201;110;124m▄[48;2;229;160;168m[38;2;231;171;178m▄[48;2;223;166;172m[38;2;207;139;151m▄[48;2;212;120;133m[38;2;230;170;177m▄[48;2;206;145;153m[38;2;206;113;128m▄[48;2;204;139;146m[38;2;205;119;132m▄[48;2;212;113;125m[38;2;226;153;164m▄[48;2;203;154;160m[38;2;186;127;138m▄[48;2;206;214;213m[38;2;206;207;207m▄[48;2;211;209;209m[38;2;211;211;210m▄[48;2;210;211;210m[38;2;210;210;208m▄[48;2;211;211;211m[38;2;211;211;211m▄[48;2;211;211;211m[38;2;211;211;211m▄[48;2;210;210;210m[38;2;210;210;210m▄[48;2;210;210;210m[38;2;209;211;212m▄[48;2;210;210;211m[38;2;209;212;217m▄[48;2;210;209;211m[38;2;210;209;215m▄[48;2;209;208;209m[38;2;209;208;211m▄[48;2;208;208;208m[38;2;208;208;209m▄[48;2;208;208;208m[38;2;208;208;208m▄[48;2;207;207;206m[38;2;208;208;205m▄[48;2;207;207;204m[38;2;207;207;202m▄[48;2;206;206;203m[38;2;206;206;201m▄[48;2;204;204;203m[38;2;204;204;203m▄[48;2;204;204;204m[38;2;203;203;204m▄[48;2;203;203;203m[38;2;203;202;202m▄[48;2;203;203;203m[38;2;202;202;202m▄[48;2;203;203;203m[38;2;202;202;202m▄[48;2;202;202;202m[38;2;202;202;202m▄[0m
[48;2;211;211;211m[38;2;210;210;210m▄[48;2;211;211;211m[38;2;210;210;210m▄[48;2;213;213;213m[38;2;211;211;212m▄[48;2;213;213;213m[38;2;212;212;212m▄[48;2;213;213;213m[38;2;213;213;213m▄[48;2;214;214;214m[38;2;214;214;214m▄[48;2;215;215;215m[38;2;214;214;214m▄[48;2;215;215;215m[38;2;214;214;214m▄[48;2;215;215;215m[38;2;215;215;215m▄[48;2;215;215;215m[38;2;215;215;215m▄[48;2;215;215;215m[38;2;215;215;215m▄[48;2;215;215;215m[38;2;215;215;215m▄[48;2;215;215;215m[38;2;215;215;215m▄[48;2;215;215;215m[38;2;215;215;215m▄[48;2;215;215;215m[38;2;216;216;216m▄[48;2;216;216;215m[38;2;216;216;216m▄[48;2;216;216;216m[38;2;216;216;216m▄[48;2;216;215;215m[38;2;216;216;216m▄[48;2;216;217;218m[38;2;216;214;214m▄[48;2;216;220;220m[38;2;210;213;206m▄[48;2;188;135;145m[38;2;189;125;141m▄[48;2;228;152;163m[38;2;239;155;168m▄[48;2;216;141;156m[38;2;189;113;128m▄[48;2;243;200;206m[38;2;217;150;162m▄[48;2;211;140;152m[38;2;239;176;187m▄[48;2;205;122;137m[38;2;184;92;112m▄[48;2;237;170;180m[38;2;234;145;159m▄[48;2;175;69;90m[38;2;199;108;125m▄[48;2;232;157;166m[38;2;227;139;150m▄[48;2;178;77;97m[38;2;193;95;116m▄[48;2;222;139;152m[38;2;220;127;141m▄[48;2;190;95;115m[38;2;198;102;121m▄[48;2;211;125;140m[38;2;200;107;126m▄[48;2;209;127;140m[38;2;216;124;140m▄[48;2;166;65;86m[38;2;185;99;117m▄[48;2;192;93;114m[38;2;204;119;135m▄[48;2;242;167;178m[38;2;218;127;141m▄[48;2;183;88;109m[38;2;158;48;73m▄[48;2;222;137;151m[38;2;225;129;142m▄[48;2;182;87;104m[38;2;191;99;116m▄[48;2;222;140;153m[38;2;221;132;145m▄[48;2;188;94;114m[38;2;194;97;116m▄[48;2;181;72;94m[38;2;176;87;108m▄[48;2;198;160;167m[38;2;196;184;187m▄[48;2;212;220;219m[38;2;208;211;210m▄[48;2;210;208;208m[38;2;210;210;210m▄[48;2;210;210;210m[38;2;210;210;210m▄[48;2;210;210;210m[38;2;210;210;210m▄[48;2;210;210;210m[38;2;210;210;210m▄[48;2;209;210;211m[38;2;209;209;209m▄[48;2;207;211;217m[38;2;208;208;211m▄[48;2;208;209;215m[38;2;208;208;212m▄[48;2;209;208;212m[38;2;208;207;211m▄[48;2;208;208;209m[38;2;208;207;208m▄[48;2;208;208;209m[38;2;208;208;208m▄[48;2;208;208;207m[38;2;208;208;207m▄[48;2;207;207;203m[38;2;206;207;202m▄[48;2;206;207;201m[38;2;204;207;201m▄[48;2;203;204;201m[38;2;203;205;203m▄[48;2;202;203;203m[38;2;202;203;203m▄[48;2;203;203;203m[38;2;202;202;203m▄[48;2;203;203;203m[38;2;202;201;202m▄[48;2;201;201;201m[38;2;201;201;201m▄[48;2;201;201;201m[38;2;201;201;201m▄[0m
[48;2;210;210;210m[38;2;210;210;210m▄[48;2;210;210;210m[38;2;210;210;210m▄[48;2;210;210;210m[38;2;210;210;210m▄[48;2;211;211;211m[38;2;211;211;211m▄[48;2;211;211;211m[38;2;210;210;210m▄[48;2;211;211;211m[38;2;211;211;211m▄[48;2;213;213;213m[38;2;212;212;212m▄[48;2;213;213;213m[38;2;212;212;212m▄[48;2;213;213;214m[38;2;213;213;213m▄[48;2;213;213;214m[38;2;213;213;213m▄[48;2;214;214;214m[38;2;213;213;214m▄[48;2;215;215;215m[38;2;214;214;214m▄[48;2;215;215;215m[38;2;214;214;214m▄[48;2;215;215;215m[38;2;214;214;214m▄[48;2;215;215;215m[38;2;215;215;215m▄[48;2;214;214;214m[38;2;214;214;214m▄[48;2;215;215;214m[38;2;215;215;214m▄[48;2;217;218;220m[38;2;216;217;218m▄[48;2;209;203;196m[38;2;210;206;201m▄[48;2;209;205;196m[38;2;202;194;177m▄[48;2;194;132;150m[38;2;211;201;203m▄[48;2;206;106;126m[38;2;202;156;164m▄[48;2;198;164;174m[38;2;201;188;181m▄[48;2;191;138;149m[38;2;207;199;190m▄[48;2;237;155;167m[38;2;182;98;115m▄[48;2;212;125;140m[38;2;224;124;140m▄[48;2;162;56;81m[38;2;213;125;140m▄[48;2;176;84;104m[38;2;171;88;106m▄[48;2;164;57;82m[38;2;165;71;92m▄[48;2;178;94;112m[38;2;186;121;135m▄[48;2;176;96;115m[38;2;184;134;146m▄[48;2;184;93;113m[38;2;178;99;118m▄[48;2;170;79;101m[38;2;185;109;125m▄[48;2;176;77;99m[38;2;176;88;108m▄[48;2;177;79;101m[38;2;178;90;110m▄[48;2;158;54;81m[38;2;185;102;121m▄[48;2;168;73;96m[38;2;181;98;118m▄[48;2;182;131;143m[38;2;193;189;190m▄[48;2;177;84;106m[38;2;197;187;180m▄[48;2;178;93;115m[38;2;193;183;171m▄[48;2;174;85;109m[38;2;194;185;177m▄[48;2;181;89;112m[38;2;193;185;182m▄[48;2;185;156;164m[38;2;194;195;187m▄[48;2;195;201;199m[38;2;203;201;202m▄[48;2;206;205;206m[38;2;209;209;210m▄[48;2;209;209;210m[38;2;209;209;209m▄[48;2;209;209;210m[38;2;208;209;208m▄[48;2;209;209;209m[38;2;208;208;208m▄[48;2;209;209;210m[38;2;208;208;208m▄[48;2;208;208;208m[38;2;208;208;208m▄[48;2;208;207;208m[38;2;208;208;208m▄[48;2;208;207;209m[38;2;207;208;207m▄[48;2;207;207;208m[38;2;207;207;207m▄[48;2;207;207;207m[38;2;206;206;206m▄[48;2;207;207;205m[38;2;206;206;205m▄[48;2;208;208;202m[38;2;206;206;201m▄[48;2;206;207;203m[38;2;206;206;202m▄[48;2;203;207;202m[38;2;204;205;205m▄[48;2;202;205;206m[38;2;203;204;204m▄[48;2;202;202;203m[38;2;202;203;203m▄[48;2;202;202;203m[38;2;202;202;202m▄[48;2;201;201;201m[38;2;201;201;201m▄[48;2;201;201;201m[38;2;201;201;201m▄[48;2;201;201;201m[38;2;201;201;201m▄[0m
[48;2;210;210;210m[38;2;209;209;209m▄[48;2;210;210;210m[38;2;211;211;210m▄[48;2;211;211;211m[38;2;211;211;211m▄[48;2;211;211;211m[38;2;210;210;210m▄[48;2;210;210;210m[38;2;210;210;210m▄[48;2;211;211;211m[38;2;211;211;211m▄[48;2;211;211;211m[38;2;211;211;212m▄[48;2;211;211;211m[38;2;213;212;213m▄[48;2;212;212;212m[38;2;213;213;213m▄[48;2;212;212;212m[38;2;212;212;212m▄[48;2;212;212;212m[38;2;212;212;212m▄[48;2;212;212;212m[38;2;213;213;213m▄[48;2;213;213;213m[38;2;213;213;213m▄[48;2;213;213;213m[38;2;213;213;213m▄[48;2;213;213;213m[38;2;213;213;213m▄[48;2;212;212;212m[38;2;213;213;213m▄[48;2;213;213;213m[38;2;213;213;213m▄[48;2;214;214;214m[38;2;214;214;214m▄[48;2;214;215;217m[38;2;213;213;213m▄[48;2;206;200;192m[38;2;214;215;217m▄[48;2;204;195;178m[38;2;213;213;215m▄[48;2;206;205;189m[38;2;211;210;212m▄[48;2;205;201;194m[38;2;211;212;213m▄[48;2;210;213;213m[38;2;212;211;211m▄[48;2;206;192;197m[38;2;214;217;216m▄[48;2;172;94;114m[38;2;209;207;207m▄[48;2;186;79;101m[38;2;186;150;160m▄[48;2;200;94;116m[38;2;174;111;128m▄[48;2;194;98;119m[38;2;175;105;123m▄[48;2;188;82;104m[38;2;178;122;136m▄[48;2;193;96;116m[38;2;173;101;118m▄[48;2;178;90;110m[38;2;174;79;101m▄[48;2;163;62;88m[38;2;182;81;105m▄[48;2;178;112;128m[38;2;185;87;108m▄[48;2;177;121;136m[38;2;189;87;109m▄[48;2;181;94;112m[38;2;190;90;110m▄[48;2;190;91;114m[38;2;165;77;99m▄[48;2;180;151;157m[38;2;195;188;191m▄[48;2;206;208;199m[38;2;209;210;212m▄[48;2;201;194;187m[38;2;210;210;213m▄[48;2;200;192;180m[38;2;208;210;213m▄[48;2;201;192;177m[38;2;207;208;211m▄[48;2;205;201;196m[38;2;208;208;209m▄[48;2;207;208;209m[38;2;208;208;208m▄[48;2;208;208;208m[38;2;208;208;208m▄[48;2;208;208;208m[38;2;208;208;208m▄[48;2;208;208;208m[38;2;207;207;207m▄[48;2;208;208;208m[38;2;207;207;207m▄[48;2;207;207;207m[38;2;207;207;207m▄[48;2;207;207;207m[38;2;206;206;207m▄[48;2;206;206;206m[38;2;206;205;207m▄[48;2;206;206;206m[38;2;205;205;206m▄[48;2;205;205;205m[38;2;206;206;205m▄[48;2;204;204;204m[38;2;205;205;205m▄[48;2;204;204;203m[38;2;204;204;204m▄[48;2;204;204;203m[38;2;204;204;204m▄[48;2;203;203;202m[38;2;203;203;203m▄[48;2;203;202;203m[38;2;203;203;203m▄[48;2;203;203;203m[38;2;203;203;203m▄[48;2;203;203;203m[38;2;202;202;202m▄[48;2;201;200;201m[38;2;201;201;202m▄[48;2;201;200;202m[38;2;201;201;201m▄[48;2;201;201;201m[38;2;201;201;201m▄[48;2;201;201;201m[38;2;201;201;201m▄[0m
[48;2;213;213;213m[38;2;216;216;216m▄[48;2;214;214;214m[38;2;216;216;216m▄[48;2;214;214;214m[38;2;216;216;216m▄[48;2;214;214;214m[38;2;216;216;216m▄[48;2;214;214;215m[38;2;216;216;216m▄[48;2;215;215;215m[38;2;217;217;217m▄[48;2;215;215;215m[38;2;217;217;217m▄[48;2;215;215;215m[38;2;217;217;217m▄[48;2;216;216;216m[38;2;217;217;217m▄[48;2;216;216;216m[38;2;218;218;218m▄[48;2;216;216;216m[38;2;217;217;217m▄[48;2;216;216;216m[38;2;218;218;218m▄[48;2;216;216;216m[38;2;218;218;218m▄[48;2;216;216;216m[38;2;217;217;217m▄[48;2;216;216;216m[38;2;217;217;217m▄[48;2;217;216;217m[38;2;218;218;218m▄[48;2;216;216;216m[38;2;217;217;217m▄[48;2;217;217;217m[38;2;217;217;217m▄[48;2;217;217;217m[38;2;217;217;217m▄[48;2;217;217;217m[38;2;215;215;216m▄[48;2;217;217;217m[38;2;214;214;214m▄[48;2;217;217;216m[38;2;213;213;213m▄[48;2;218;218;217m[38;2;209;207;208m▄[48;2;218;219;219m[38;2;151;121;128m▄[48;2;217;216;217m[38;2;168;150;153m▄[48;2;216;218;217m[38;2;157;128;136m▄[48;2;212;218;216m[38;2;162;138;144m▄[48;2;206;213;211m[38;2;158;132;138m▄[48;2;199;205;202m[38;2;163;139;142m▄[48;2;196;202;200m[38;2;151;123;129m▄[48;2;194;194;193m[38;2;136;103;111m▄[48;2;179;153;158m[38;2;193;198;197m▄[48;2;171;117;130m[38;2;194;201;199m▄[48;2;172;103;119m[38;2;153;132;136m▄[48;2;171;99;115m[38;2;149;122;126m▄[48;2;171;116;127m[38;2;159;142;142m▄[48;2;188;177;177m[38;2;151;128;131m▄[48;2;196;200;200m[38;2;169;151;155m▄[48;2;211;212;212m[38;2;153;126;130m▄[48;2;212;212;211m[38;2;202;199;199m▄[48;2;211;210;210m[38;2;212;213;213m▄[48;2;211;211;210m[38;2;211;210;210m▄[48;2;210;210;210m[38;2;210;210;210m▄[48;2;210;210;210m[38;2;211;210;211m▄[48;2;210;210;210m[38;2;210;210;210m▄[48;2;209;209;210m[38;2;210;210;210m▄[48;2;209;209;210m[38;2;210;210;210m▄[48;2;209;209;209m[38;2;210;210;210m▄[48;2;209;209;209m[38;2;210;210;210m▄[48;2;209;209;209m[38;2;210;210;210m▄[48;2;209;209;209m[38;2;210;210;210m▄[48;2;208;208;208m[38;2;209;209;210m▄[48;2;208;208;208m[38;2;209;209;209m▄[48;2;208;208;208m[38;2;209;209;209m▄[48;2;207;207;207m[38;2;209;209;209m▄[48;2;207;207;207m[38;2;208;208;208m▄[48;2;206;206;207m[38;2;208;208;208m▄[48;2;206;206;207m[38;2;208;208;208m▄[48;2;205;205;205m[38;2;207;207;207m▄[48;2;204;204;204m[38;2;207;207;207m▄[48;2;204;204;204m[38;2;207;207;207m▄[48;2;203;203;203m[38;2;207;207;207m▄[48;2;203;203;203m[38;2;206;206;206m▄[48;2;203;203;203m[38;2;206;206;206m▄[0m
[48;2;219;219;219m[38;2;223;223;223m▄[48;2;220;220;220m[38;2;224;224;224m▄[48;2;220;220;220m[38;2;224;224;224m▄[48;2;220;220;220m[38;2;224;224;224m▄[48;2;221;221;221m[38;2;224;224;224m▄[48;2;221;221;221m[38;2;224;224;224m▄[48;2;221;221;221m[38;2;224;224;224m▄[48;2;221;221;221m[38;2;225;225;225m▄[48;2;221;221;222m[38;2;224;224;224m▄[48;2;221;221;221m[38;2;225;225;225m▄[48;2;222;222;222m[38;2;226;226;226m▄[48;2;222;222;222m[38;2;225;225;225m▄[48;2;222;222;222m[38;2;225;225;225m▄[48;2;222;222;222m[38;2;224;224;224m▄[48;2;222;222;222m[38;2;224;224;224m▄[48;2;222;222;223m[38;2;224;224;225m▄[48;2;221;221;222m[38;2;226;226;226m▄[48;2;218;218;219m[38;2;226;226;226m▄[48;2;213;213;213m[38;2;223;223;223m▄[48;2;206;205;206m[38;2;224;225;225m▄[48;2;200;200;200m[38;2;212;208;209m▄[48;2;201;203;203m[38;2;179;163;166m▄[48;2;198;198;198m[38;2;174;156;159m▄[48;2;146;117;122m[38;2;177;161;163m▄[48;2;160;142;144m[38;2;178;164;166m▄[48;2;146;121;126m[38;2;180;166;169m▄[48;2;157;137;141m[38;2;167;151;153m▄[48;2;157;134;138m[38;2;169;154;156m▄[48;2;161;140;143m[38;2;169;155;157m▄[48;2;158;139;142m[38;2;180;167;171m▄[48;2;146;122;126m[38;2;185;175;178m▄[48;2;187;180;181m[38;2;159;141;143m▄[48;2;195;194;193m[38;2;176;166;167m▄[48;2;153;130;134m[38;2;171;156;158m▄[48;2;148;121;126m[38;2;170;152;156m▄[48;2;165;144;148m[38;2;163;146;149m▄[48;2;155;130;134m[38;2;166;149;151m▄[48;2;167;152;153m[38;2;195;187;188m▄[48;2;157;133;135m[38;2;179;165;169m▄[48;2;174;161;163m[38;2;175;159;162m▄[48;2;193;192;193m[38;2;175;157;160m▄[48;2;201;203;204m[38;2;165;145;150m▄[48;2;200;201;201m[38;2;186;174;177m▄[48;2;203;202;203m[38;2;216;216;216m▄[48;2;209;209;209m[38;2;215;215;215m▄[48;2;212;212;212m[38;2;216;216;216m▄[48;2;214;214;214m[38;2;216;216;216m▄[48;2;214;214;214m[38;2;216;216;216m▄[48;2;214;214;214m[38;2;216;216;216m▄[48;2;213;213;213m[38;2;216;216;216m▄[48;2;213;212;213m[38;2;215;215;215m▄[48;2;212;212;213m[38;2;215;215;215m▄[48;2;212;212;212m[38;2;215;215;215m▄[48;2;211;211;211m[38;2;214;214;214m▄[48;2;210;210;210m[38;2;213;213;213m▄[48;2;209;209;209m[38;2;212;212;212m▄[48;2;210;210;210m[38;2;211;211;211m▄[48;2;209;209;209m[38;2;210;210;210m▄[48;2;213;213;213m[38;2;217;217;217m▄[48;2;216;216;216m[38;2;222;222;222m▄[48;2;209;209;209m[38;2;211;211;211m▄[48;2;209;209;209m[38;2;210;210;210m▄[48;2;209;209;209m[38;2;210;210;210m▄[48;2;209;209;209m[38;2;210;210;210m▄[0m
[48;2;226;226;226m[38;2;229;229;229m▄[48;2;226;226;226m[38;2;228;228;228m▄[48;2;226;226;226m[38;2;229;229;229m▄[48;2;227;227;227m[38;2;229;229;229m▄[48;2;226;226;226m[38;2;228;228;228m▄[48;2;227;227;227m[38;2;229;229;229m▄[48;2;227;227;227m[38;2;229;229;229m▄[48;2;227;227;227m[38;2;229;229;229m▄[48;2;227;227;227m[38;2;229;229;229m▄[48;2;227;227;227m[38;2;229;229;229m▄[48;2;228;228;228m[38;2;229;229;229m▄[48;2;227;227;227m[38;2;229;229;229m▄[48;2;227;227;227m[38;2;229;229;229m▄[48;2;227;227;227m[38;2;229;229;229m▄[48;2;227;227;227m[38;2;229;229;229m▄[48;2;227;227;227m[38;2;229;229;229m▄[48;2;228;228;228m[38;2;229;229;229m▄[48;2;226;226;226m[38;2;228;228;228m▄[48;2;226;226;226m[38;2;229;229;229m▄[48;2;229;230;230m[38;2;228;228;228m▄[48;2;222;219;220m[38;2;229;229;229m▄[48;2;194;179;183m[38;2;234;236;235m▄[48;2;189;174;177m[38;2;234;236;236m▄[48;2;197;183;186m[38;2;231;233;233m▄[48;2;204;192;195m[38;2;230;231;231m▄[48;2;211;204;206m[38;2;229;230;230m▄[48;2;191;177;180m[38;2;233;235;235m▄[48;2;196;181;184m[38;2;231;233;232m▄[48;2;199;185;189m[38;2;229;231;230m▄[48;2;197;184;187m[38;2;229;230;230m▄[48;2;207;199;200m[38;2;227;228;228m▄[48;2;196;182;185m[38;2;230;232;232m▄[48;2;208;200;202m[38;2;227;228;228m▄[48;2;198;187;189m[38;2;228;229;229m▄[48;2;194;181;184m[38;2;228;230;230m▄[48;2;195;183;185m[38;2;228;229;229m▄[48;2;200;190;191m[38;2;227;229;229m▄[48;2;212;207;208m[38;2;224;225;225m▄[48;2;196;183;187m[38;2;226;228;227m▄[48;2;206;198;198m[38;2;225;227;226m▄[48;2;194;180;183m[38;2;226;228;228m▄[48;2;189;175;178m[38;2;227;229;229m▄[48;2;206;198;200m[38;2;223;224;224m▄[48;2;220;221;221m[38;2;219;219;219m▄[48;2;216;216;216m[38;2;218;218;218m▄[48;2;217;217;217m[38;2;218;218;218m▄[48;2;217;217;217m[38;2;218;218;218m▄[48;2;217;217;217m[38;2;217;217;217m▄[48;2;216;216;216m[38;2;216;216;216m▄[48;2;216;216;216m[38;2;216;216;216m▄[48;2;216;216;216m[38;2;216;216;216m▄[48;2;215;215;215m[38;2;216;216;216m▄[48;2;215;215;215m[38;2;216;216;216m▄[48;2;215;215;215m[38;2;216;216;216m▄[48;2;215;215;215m[38;2;215;215;215m▄[48;2;215;215;215m[38;2;215;215;215m▄[48;2;214;214;214m[38;2;215;215;215m▄[48;2;214;214;214m[38;2;215;215;215m▄[48;2;214;213;214m[38;2;215;215;215m▄[48;2;213;213;213m[38;2;215;214;215m▄[48;2;211;211;211m[38;2;214;214;214m▄[48;2;211;211;211m[38;2;213;213;213m▄[48;2;210;210;210m[38;2;213;213;213m▄[48;2;210;210;210m[38;2;212;212;212m▄[0m
[48;2;230;230;230m[38;2;231;231;231m▄[48;2;231;231;231m[38;2;232;232;232m▄[48;2;230;230;230m[38;2;231;231;231m▄[48;2;230;230;230m[38;2;231;231;231m▄[48;2;231;231;231m[38;2;231;231;231m▄[48;2;230;230;230m[38;2;231;231;231m▄[48;2;230;230;230m[38;2;231;231;231m▄[48;2;230;230;230m[38;2;231;231;231m▄[48;2;231;231;231m[38;2;232;232;232m▄[48;2;231;231;231m[38;2;232;232;232m▄[48;2;231;231;231m[38;2;231;231;231m▄[48;2;230;230;230m[38;2;231;231;231m▄[48;2;230;230;230m[38;2;231;231;231m▄[48;2;230;230;230m[38;2;231;231;231m▄[48;2;230;230;230m[38;2;230;230;230m▄[48;2;230;230;230m[38;2;231;231;231m▄[48;2;230;230;230m[38;2;230;230;230m▄[48;2;229;229;229m[38;2;230;230;230m▄[48;2;230;230;230m[38;2;230;230;230m▄[48;2;230;230;230m[38;2;230;230;230m▄[48;2;229;229;229m[38;2;230;230;230m▄[48;2;228;228;228m[38;2;230;230;230m▄[48;2;227;227;227m[38;2;229;229;229m▄[48;2;227;227;227m[38;2;229;229;229m▄[48;2;227;226;226m[38;2;228;228;228m▄[48;2;227;226;226m[38;2;227;227;227m▄[48;2;226;225;225m[38;2;227;227;227m▄[48;2;226;226;226m[38;2;227;227;227m▄[48;2;226;226;226m[38;2;227;227;227m▄[48;2;227;227;227m[38;2;227;227;227m▄[48;2;227;226;226m[38;2;227;227;227m▄[48;2;224;224;224m[38;2;226;226;226m▄[48;2;223;223;223m[38;2;226;226;226m▄[48;2;224;223;223m[38;2;224;224;224m▄[48;2;223;223;223m[38;2;224;224;224m▄[48;2;223;222;222m[38;2;224;224;224m▄[48;2;223;222;222m[38;2;224;224;224m▄[48;2;223;223;223m[38;2;224;224;224m▄[48;2;222;222;222m[38;2;224;224;224m▄[48;2;222;222;222m[38;2;223;223;223m▄[48;2;221;221;221m[38;2;222;222;222m▄[48;2;221;221;221m[38;2;223;223;223m▄[48;2;222;221;221m[38;2;222;222;222m▄[48;2;221;221;221m[38;2;222;222;222m▄[48;2;221;221;221m[38;2;221;221;221m▄[48;2;220;220;220m[38;2;220;220;220m▄[48;2;218;218;218m[38;2;219;219;219m▄[48;2;217;217;217m[38;2;217;217;217m▄[48;2;217;217;217m[38;2;217;217;217m▄[48;2;217;217;217m[38;2;217;217;217m▄[48;2;216;216;216m[38;2;216;216;216m▄[48;2;216;216;216m[38;2;216;216;216m▄[48;2;216;216;216m[38;2;216;216;216m▄[48;2;216;216;216m[38;2;216;216;216m▄[48;2;216;216;216m[38;2;216;216;216m▄[48;2;217;217;217m[38;2;216;216;216m▄[48;2;216;216;216m[38;2;216;216;216m▄[48;2;216;216;216m[38;2;216;216;216m▄[48;2;216;216;216m[38;2;216;216;216m▄[48;2;216;216;216m[38;2;216;216;216m▄[48;2;215;215;215m[38;2;216;216;216m▄[48;2;215;215;215m[38;2;216;216;216m▄[48;2;215;215;215m[38;2;215;215;215m▄[48;2;215;215;215m[38;2;215;215;215m▄[0m
