[48;2;219;219;216m[38;2;218;218;217m▄[48;2;221;221;220m[38;2;218;218;218m▄[48;2;221;221;221m[38;2;221;221;221m▄[48;2;223;223;223m[38;2;222;222;222m▄[48;2;223;223;223m[38;2;222;222;222m▄[48;2;223;223;223m[38;2;223;223;223m▄[48;2;223;223;223m[38;2;224;224;224m▄[48;2;224;224;224m[38;2;224;224;224m▄[48;2;224;224;224m[38;2;224;224;224m▄[48;2;224;224;224m[38;2;224;224;224m▄[48;2;225;225;225m[38;2;224;224;224m▄[48;2;225;225;225m[38;2;224;224;224m▄[48;2;227;227;227m[38;2;225;225;225m▄[48;2;228;228;228m[38;2;225;225;225m▄[48;2;227;227;227m[38;2;226;226;226m▄[48;2;227;227;227m[38;2;227;227;227m▄[48;2;227;227;227m[38;2;227;227;227m▄[48;2;227;227;227m[38;2;227;227;227m▄[48;2;228;228;228m[38;2;226;226;226m▄[48;2;228;228;228m[38;2;226;226;226m▄[48;2;227;227;227m[38;2;227;227;227m▄[48;2;227;227;227m[38;2;227;227;227m▄[48;2;227;227;227m[38;2;227;227;227m▄[48;2;227;227;227m[38;2;227;227;227m▄[48;2;227;227;227m[38;2;227;227;227m▄[48;2;228;228;228m[38;2;227;227;227m▄[48;2;228;228;228m[38;2;227;227;227m▄[48;2;228;228;228m[38;2;225;225;225m▄[48;2;226;226;226m[38;2;224;224;224m▄[48;2;225;225;225m[38;2;224;224;224m▄[48;2;224;224;224m[38;2;224;224;224m▄[48;2;224;224;224m[38;2;224;224;224m▄[48;2;225;225;225m[38;2;224;224;224m▄[48;2;224;224;224m[38;2;224;224;224m▄[48;2;223;223;223m[38;2;223;223;223m▄[48;2;223;223;223m[38;2;223;223;223m▄[48;2;222;222;222m[38;2;223;223;223m▄[48;2;223;223;223m[38;2;222;222;222m▄[48;2;221;221;221m[38;2;222;222;222m▄[48;2;221;221;221m[38;2;221;221;221m▄[48;2;220;220;220m[38;2;220;220;220m▄[48;2;219;219;219m[38;2;218;218;218m▄[48;2;218;218;218m[38;2;217;217;217m▄[48;2;217;217;217m[38;2;216;216;216m▄[48;2;217;217;217m[38;2;216;216;216m▄[48;2;217;217;217m[38;2;217;217;217m▄[48;2;216;216;216m[38;2;216;216;216m▄[48;2;215;215;215m[38;2;215;215;215m▄[48;2;215;215;215m[38;2;215;215;215m▄[48;2;215;215;215m[38;2;214;214;214m▄[48;2;214;214;214m[38;2;214;214;214m▄[48;2;213;213;213m[38;2;213;213;213m▄[48;2;213;213;213m[38;2;212;212;212m▄[48;2;211;211;211m[38;2;211;211;211m▄[48;2;211;211;211m[38;2;210;210;210m▄[48;2;211;211;211m[38;2;210;210;210m▄[48;2;210;210;210m[38;2;210;210;210m▄[48;2;209;209;209m[38;2;208;208;208m▄[48;2;208;208;208m[38;2;209;209;209m▄[48;2;209;209;209m[38;2;209;209;209m▄[48;2;207;207;207m[38;2;208;208;208m▄[48;2;207;207;207m[38;2;207;207;207m▄[48;2;206;206;206m[38;2;206;206;206m▄[48;2;204;204;204m[38;2;204;204;204m▄[0m
[48;2;218;218;218m[38;2;218;218;218m▄[48;2;218;218;218m[38;2;218;218;218m▄[48;2;220;220;220m[38;2;218;218;218m▄[48;2;222;222;222m[38;2;221;221;221m▄[48;2;222;222;222m[38;2;222;222;222m▄[48;2;223;223;223m[38;2;223;223;223m▄[48;2;223;223;223m[38;2;223;223;223m▄[48;2;224;224;224m[38;2;223;223;223m▄[48;2;224;224;224m[38;2;224;224;224m▄[48;2;225;225;225m[38;2;224;224;224m▄[48;2;225;225;225m[38;2;224;224;224m▄[48;2;224;224;224m[38;2;224;224;224m▄[48;2;224;224;224m[38;2;224;224;224m▄[48;2;224;224;224m[38;2;224;224;224m▄[48;2;225;225;225m[38;2;224;224;224m▄[48;2;226;226;226m[38;2;225;225;225m▄[48;2;227;227;227m[38;2;226;226;226m▄[48;2;227;227;227m[38;2;226;226;226m▄[48;2;226;226;226m[38;2;226;226;226m▄[48;2;226;226;226m[38;2;226;226;226m▄[48;2;227;227;227m[38;2;227;227;227m▄[48;2;227;227;227m[38;2;227;227;227m▄[48;2;226;226;226m[38;2;227;227;227m▄[48;2;227;227;227m[38;2;227;227;227m▄[48;2;228;228;228m[38;2;226;226;226m▄[48;2;227;227;227m[38;2;225;225;225m▄[48;2;226;226;226m[38;2;224;224;224m▄[48;2;225;225;225m[38;2;224;224;224m▄[48;2;224;224;224m[38;2;225;225;225m▄[48;2;224;224;224m[38;2;226;226;226m▄[48;2;225;225;225m[38;2;223;224;223m▄[48;2;225;225;225m[38;2;223;223;223m▄[48;2;224;224;224m[38;2;223;223;223m▄[48;2;224;224;224m[38;2;222;223;222m▄[48;2;223;224;223m[38;2;224;224;223m▄[48;2;222;222;222m[38;2;223;223;223m▄[48;2;222;222;222m[38;2;222;222;222m▄[48;2;222;222;222m[38;2;222;222;222m▄[48;2;222;222;222m[38;2;221;221;221m▄[48;2;221;221;221m[38;2;221;221;221m▄[48;2;219;219;219m[38;2;219;219;219m▄[48;2;218;218;218m[38;2;217;217;217m▄[48;2;217;217;217m[38;2;216;216;216m▄[48;2;216;216;216m[38;2;216;216;216m▄[48;2;216;216;216m[38;2;216;216;216m▄[48;2;217;217;217m[38;2;217;217;217m▄[48;2;216;216;216m[38;2;216;216;216m▄[48;2;215;215;215m[38;2;215;215;215m▄[48;2;215;215;215m[38;2;215;215;215m▄[48;2;214;214;214m[38;2;214;214;214m▄[48;2;214;214;214m[38;2;213;214;213m▄[48;2;213;213;213m[38;2;213;212;213m▄[48;2;211;211;212m[38;2;212;211;213m▄[48;2;211;211;211m[38;2;211;211;211m▄[48;2;210;210;210m[38;2;210;210;210m▄[48;2;210;210;210m[38;2;210;210;210m▄[48;2;210;210;210m[38;2;210;209;210m▄[48;2;208;208;208m[38;2;208;208;208m▄[48;2;209;209;209m[38;2;209;209;209m▄[48;2;208;208;208m[38;2;209;209;209m▄[48;2;208;208;208m[38;2;208;208;208m▄[48;2;207;207;207m[38;2;207;207;207m▄[48;2;206;206;206m[38;2;207;207;207m▄[48;2;205;205;205m[38;2;205;205;205m▄[0m
[48;2;217;217;217m[38;2;217;217;217m▄[48;2;218;218;218m[38;2;217;217;217m▄[48;2;218;218;218m[38;2;218;218;218m▄[48;2;220;220;220m[38;2;221;221;220m▄[48;2;221;221;221m[38;2;221;221;221m▄[48;2;222;222;222m[38;2;221;221;221m▄[48;2;222;222;222m[38;2;223;223;223m▄[48;2;223;223;223m[38;2;223;223;223m▄[48;2;224;224;224m[38;2;224;224;224m▄[48;2;224;224;224m[38;2;224;224;224m▄[48;2;225;225;225m[38;2;224;224;224m▄[48;2;225;225;225m[38;2;224;224;224m▄[48;2;225;225;225m[38;2;225;225;225m▄[48;2;224;224;224m[38;2;224;224;224m▄[48;2;224;224;224m[38;2;225;225;225m▄[48;2;225;225;225m[38;2;225;225;225m▄[48;2;224;224;224m[38;2;224;224;224m▄[48;2;224;224;224m[38;2;224;224;224m▄[48;2;224;224;224m[38;2;225;225;225m▄[48;2;225;225;225m[38;2;224;224;224m▄[48;2;225;225;225m[38;2;224;224;224m▄[48;2;224;224;224m[38;2;224;224;224m▄[48;2;225;225;225m[38;2;224;224;224m▄[48;2;225;225;225m[38;2;225;225;225m▄[48;2;225;225;225m[38;2;225;225;225m▄[48;2;225;225;225m[38;2;224;224;224m▄[48;2;224;224;224m[38;2;223;224;223m▄[48;2;225;225;225m[38;2;228;226;230m▄[48;2;219;221;219m[38;2;152;186;142m▄[48;2;215;218;217m[38;2;144;185;121m▄[48;2;230;227;232m[38;2;158;190;147m▄[48;2;228;226;228m[38;2;205;213;206m▄[48;2;221;222;221m[38;2;231;228;231m▄[48;2;227;225;227m[38;2;216;219;218m▄[48;2;221;221;223m[38;2;136;179;116m▄[48;2;221;221;222m[38;2;139;179;125m▄[48;2;224;223;224m[38;2;227;224;229m▄[48;2;222;222;222m[38;2;221;221;220m▄[48;2;221;221;221m[38;2;221;221;221m▄[48;2;220;220;220m[38;2;220;220;220m▄[48;2;218;218;218m[38;2;218;218;218m▄[48;2;217;217;217m[38;2;217;217;217m▄[48;2;217;217;217m[38;2;217;217;217m▄[48;2;217;217;217m[38;2;217;217;217m▄[48;2;216;216;216m[38;2;217;217;217m▄[48;2;216;216;216m[38;2;216;216;216m▄[48;2;216;216;216m[38;2;216;216;216m▄[48;2;216;215;216m[38;2;215;215;215m▄[48;2;215;215;215m[38;2;215;215;215m▄[48;2;215;214;215m[38;2;214;214;214m▄[48;2;214;213;214m[38;2;214;214;214m▄[48;2;213;213;213m[38;2;213;213;213m▄[48;2;212;212;212m[38;2;212;212;212m▄[48;2;211;211;211m[38;2;210;211;211m▄[48;2;210;210;210m[38;2;211;211;211m▄[48;2;210;210;210m[38;2;211;211;211m▄[48;2;210;210;210m[38;2;210;210;210m▄[48;2;209;209;209m[38;2;209;209;209m▄[48;2;209;209;208m[38;2;209;209;209m▄[48;2;208;208;208m[38;2;208;208;208m▄[48;2;207;207;207m[38;2;207;207;207m▄[48;2;208;208;208m[38;2;207;207;207m▄[48;2;206;207;206m[38;2;206;206;206m▄[48;2;204;204;204m[38;2;204;204;204m▄[0m
[48;2;217;217;217m[38;2;216;216;216m▄[48;2;217;217;217m[38;2;217;217;217m▄[48;2;217;217;217m[38;2;217;217;217m▄[48;2;219;219;219m[38;2;218;218;218m▄[48;2;221;221;221m[38;2;220;220;220m▄[48;2;221;221;221m[38;2;221;221;221m▄[48;2;221;221;221m[38;2;221;221;221m▄[48;2;223;223;223m[38;2;223;223;223m▄[48;2;223;223;223m[38;2;223;223;223m▄[48;2;223;223;223m[38;2;223;223;223m▄[48;2;224;224;224m[38;2;223;223;223m▄[48;2;224;224;224m[38;2;224;224;224m▄[48;2;225;225;225m[38;2;224;224;224m▄[48;2;225;225;225m[38;2;224;224;224m▄[48;2;225;225;225m[38;2;224;224;224m▄[48;2;224;224;224m[38;2;224;224;224m▄[48;2;225;225;225m[38;2;224;224;224m▄[48;2;224;224;224m[38;2;224;224;224m▄[48;2;224;224;224m[38;2;225;225;225m▄[48;2;224;224;224m[38;2;224;224;224m▄[48;2;224;224;224m[38;2;224;224;224m▄[48;2;224;224;224m[38;2;224;224;224m▄[48;2;224;224;224m[38;2;224;224;224m▄[48;2;224;224;224m[38;2;224;224;224m▄[48;2;224;224;224m[38;2;225;225;225m▄[48;2;224;224;224m[38;2;224;224;224m▄[48;2;223;224;223m[38;2;223;224;223m▄[48;2;230;227;231m[38;2;232;228;231m▄[48;2;157;189;146m[38;2;187;201;186m▄[48;2;151;194;92m[38;2;123;175;79m▄[48;2;137;186;80m[38;2;136;185;80m▄[48;2;130;175;101m[38;2;128;178;77m▄[48;2;216;218;220m[38;2;129;171;113m▄[48;2;145;181;130m[38;2;115;164;98m▄[48;2;116;169;83m[38;2;175;190;176m▄[48;2;177;195;172m[38;2;190;196;192m▄[48;2;223;220;223m[38;2;197;203;198m▄[48;2;218;219;218m[38;2;225;222;227m▄[48;2;220;220;220m[38;2;224;223;224m▄[48;2;220;220;220m[38;2;218;219;218m▄[48;2;218;218;218m[38;2;218;218;218m▄[48;2;217;217;217m[38;2;217;217;217m▄[48;2;216;216;216m[38;2;217;217;217m▄[48;2;217;217;217m[38;2;217;217;217m▄[48;2;217;217;217m[38;2;216;216;216m▄[48;2;215;215;215m[38;2;215;215;215m▄[48;2;215;215;215m[38;2;215;215;215m▄[48;2;215;215;215m[38;2;214;214;214m▄[48;2;215;215;215m[38;2;214;214;214m▄[48;2;214;214;214m[38;2;214;214;214m▄[48;2;214;214;214m[38;2;213;213;213m▄[48;2;212;212;212m[38;2;213;213;213m▄[48;2;212;212;212m[38;2;212;212;212m▄[48;2;210;210;210m[38;2;211;211;211m▄[48;2;210;210;210m[38;2;211;211;211m▄[48;2;210;210;210m[38;2;211;211;211m▄[48;2;210;210;210m[38;2;210;210;210m▄[48;2;209;209;209m[38;2;208;208;208m▄[48;2;209;209;209m[38;2;209;209;208m▄[48;2;208;208;208m[38;2;208;208;208m▄[48;2;207;206;208m[38;2;207;207;208m▄[48;2;207;207;207m[38;2;207;207;207m▄[48;2;205;205;205m[38;2;205;205;205m▄[48;2;204;203;205m[38;2;204;204;204m▄[0m
[48;2;216;216;216m[38;2;216;216;216m▄[48;2;216;216;216m[38;2;216;216;216m▄[48;2;217;217;217m[38;2;217;217;217m▄[48;2;218;218;218m[38;2;218;218;218m▄[48;2;219;219;219m[38;2;218;218;218m▄[48;2;221;221;221m[38;2;219;219;219m▄[48;2;221;221;221m[38;2;221;221;221m▄[48;2;222;222;222m[38;2;221;221;221m▄[48;2;223;223;223m[38;2;221;221;221m▄[48;2;223;223;223m[38;2;222;222;222m▄[48;2;223;223;223m[38;2;223;223;223m▄[48;2;224;224;224m[38;2;223;223;223m▄[48;2;224;224;224m[38;2;223;223;223m▄[48;2;224;224;224m[38;2;223;223;223m▄[48;2;225;225;225m[38;2;224;224;224m▄[48;2;224;224;224m[38;2;224;224;224m▄[48;2;224;224;224m[38;2;224;224;224m▄[48;2;225;224;225m[38;2;224;224;224m▄[48;2;225;224;225m[38;2;224;224;224m▄[48;2;224;224;224m[38;2;224;224;224m▄[48;2;225;225;225m[38;2;225;225;225m▄[48;2;225;225;225m[38;2;224;224;224m▄[48;2;225;225;225m[38;2;224;224;224m▄[48;2;224;224;224m[38;2;223;223;223m▄[48;2;224;224;224m[38;2;223;223;223m▄[48;2;224;224;224m[38;2;223;223;223m▄[48;2;224;223;223m[38;2;224;228;227m▄[48;2;224;227;226m[38;2;221;208;210m▄[48;2;228;230;234m[38;2;223;158;166m▄[48;2;161;185;152m[38;2;233;152;166m▄[48;2;113;171;79m[38;2;196;144;145m▄[48;2;96;164;71m[38;2;157;146;122m▄[48;2;72;146;56m[38;2;127;143;97m▄[48;2;102;154;93m[38;2;82;152;67m▄[48;2;129;175;108m[38;2;99;167;67m▄[48;2;132;181;96m[38;2;125;181;76m▄[48;2;142;185;114m[38;2;148;196;81m▄[48;2;158;188;148m[38;2;115;172;67m▄[48;2;207;213;207m[38;2;154;181;151m▄[48;2;220;219;220m[38;2;225;221;226m▄[48;2;217;217;217m[38;2;215;216;215m▄[48;2;217;217;217m[38;2;216;216;216m▄[48;2;216;216;216m[38;2;216;216;216m▄[48;2;217;217;217m[38;2;217;217;217m▄[48;2;216;216;216m[38;2;216;216;216m▄[48;2;215;215;215m[38;2;215;215;215m▄[48;2;215;215;215m[38;2;215;215;215m▄[48;2;214;214;214m[38;2;214;214;214m▄[48;2;214;214;214m[38;2;214;214;214m▄[48;2;213;213;213m[38;2;213;213;213m▄[48;2;213;213;213m[38;2;213;213;213m▄[48;2;212;212;212m[38;2;212;212;212m▄[48;2;211;211;211m[38;2;211;211;211m▄[48;2;211;211;211m[38;2;210;210;210m▄[48;2;211;211;211m[38;2;210;210;210m▄[48;2;210;210;210m[38;2;210;210;210m▄[48;2;209;209;209m[38;2;209;209;209m▄[48;2;209;209;209m[38;2;209;209;209m▄[48;2;209;209;208m[38;2;208;208;209m▄[48;2;208;208;208m[38;2;207;207;208m▄[48;2;207;207;207m[38;2;207;207;207m▄[48;2;206;206;207m[38;2;206;206;206m▄[48;2;205;204;206m[38;2;205;205;205m▄[48;2;205;205;205m[38;2;204;204;205m▄[0m
[48;2;216;216;216m[38;2;216;216;216m▄[48;2;216;216;216m[38;2;216;216;216m▄[48;2;216;216;216m[38;2;216;216;216m▄[48;2;217;217;217m[38;2;216;216;216m▄[48;2;217;217;217m[38;2;217;217;217m▄[48;2;218;218;218m[38;2;218;218;218m▄[48;2;220;220;220m[38;2;218;218;218m▄[48;2;221;221;222m[38;2;219;219;220m▄[48;2;221;221;221m[38;2;221;220;221m▄[48;2;222;222;222m[38;2;221;221;221m▄[48;2;222;222;222m[38;2;222;222;222m▄[48;2;223;223;223m[38;2;222;222;222m▄[48;2;223;223;223m[38;2;222;222;222m▄[48;2;223;223;223m[38;2;222;222;222m▄[48;2;224;224;224m[38;2;223;223;223m▄[48;2;224;224;224m[38;2;223;223;223m▄[48;2;224;224;224m[38;2;223;223;223m▄[48;2;223;223;223m[38;2;223;223;223m▄[48;2;224;224;224m[38;2;224;224;224m▄[48;2;224;224;224m[38;2;223;223;223m▄[48;2;224;224;224m[38;2;223;223;223m▄[48;2;224;224;224m[38;2;223;223;223m▄[48;2;224;224;224m[38;2;223;223;223m▄[48;2;223;223;223m[38;2;223;223;223m▄[48;2;223;223;223m[38;2;223;221;221m▄[48;2;224;225;224m[38;2;225;232;231m▄[48;2;222;218;219m[38;2;215;188;191m▄[48;2;223;145;154m[38;2;218;117;131m▄[48;2;238;137;148m[38;2;227;131;144m▄[48;2;239;140;151m[38;2;222;121;134m▄[48;2;234;129;143m[38;2;221;131;140m▄[48;2;236;145;161m[38;2;239;166;171m▄[48;2;247;159;172m[38;2;237;153;162m▄[48;2;174;129;113m[38;2;233;131;148m▄[48;2;131;158;97m[38;2;239;148;163m▄[48;2;127;164;82m[38;2;223;139;150m▄[48;2;124;165;95m[38;2;198;172;181m▄[48;2;154;177;148m[38;2;208;211;216m▄[48;2;203;202;204m[38;2;208;206;206m▄[48;2;213;212;212m[38;2;215;215;214m▄[48;2;216;216;216m[38;2;216;216;216m▄[48;2;216;216;216m[38;2;216;216;216m▄[48;2;217;217;216m[38;2;217;217;217m▄[48;2;216;216;216m[38;2;216;215;215m▄[48;2;216;216;216m[38;2;215;215;215m▄[48;2;215;215;216m[38;2;215;215;215m▄[48;2;215;215;215m[38;2;215;214;215m▄[48;2;214;214;215m[38;2;214;214;214m▄[48;2;214;214;214m[38;2;214;214;214m▄[48;2;213;213;213m[38;2;213;213;213m▄[48;2;212;212;212m[38;2;212;212;212m▄[48;2;211;211;211m[38;2;211;211;211m▄[48;2;211;211;211m[38;2;211;211;211m▄[48;2;210;210;210m[38;2;211;211;211m▄[48;2;211;211;211m[38;2;211;211;211m▄[48;2;210;210;210m[38;2;210;210;210m▄[48;2;208;208;208m[38;2;208;208;208m▄[48;2;209;209;209m[38;2;208;208;208m▄[48;2;208;208;209m[38;2;208;208;208m▄[48;2;208;208;208m[38;2;208;208;208m▄[48;2;207;207;207m[38;2;207;207;207m▄[48;2;207;206;207m[38;2;206;205;206m▄[48;2;205;205;205m[38;2;204;204;205m▄[48;2;204;204;204m[38;2;205;205;205m▄[0m
[48;2;216;216;216m[38;2;215;215;215m▄[48;2;216;216;216m[38;2;216;216;216m▄[48;2;216;216;216m[38;2;216;216;216m▄[48;2;216;216;216m[38;2;216;216;216m▄[48;2;217;217;217m[38;2;216;216;216m▄[48;2;217;217;217m[38;2;217;217;217m▄[48;2;217;217;217m[38;2;217;217;217m▄[48;2;218;218;218m[38;2;217;217;217m▄[48;2;219;219;219m[38;2;218;218;218m▄[48;2;220;220;220m[38;2;219;219;219m▄[48;2;221;221;221m[38;2;219;219;219m▄[48;2;221;221;221m[38;2;220;220;220m▄[48;2;222;222;222m[38;2;220;220;220m▄[48;2;222;222;222m[38;2;221;221;221m▄[48;2;222;222;222m[38;2;222;222;222m▄[48;2;222;222;222m[38;2;222;221;223m▄[48;2;223;223;223m[38;2;222;222;222m▄[48;2;223;223;223m[38;2;222;222;222m▄[48;2;223;223;223m[38;2;222;222;222m▄[48;2;223;223;223m[38;2;222;222;222m▄[48;2;223;223;223m[38;2;222;222;222m▄[48;2;223;223;223m[38;2;222;222;222m▄[48;2;223;223;223m[38;2;222;222;222m▄[48;2;223;223;222m[38;2;222;220;221m▄[48;2;224;225;225m[38;2;225;231;230m▄[48;2;220;216;217m[38;2;211;172;180m▄[48;2;214;136;147m[38;2;226;120;135m▄[48;2;230;129;143m[38;2;233;123;138m▄[48;2;235;133;148m[38;2;216;95;115m▄[48;2;219;131;145m[38;2;213;141;154m▄[48;2;218;153;162m[38;2;255;255;255m▄[48;2;229;136;147m[38;2;224;172;180m▄[48;2;243;163;171m[38;2;221;131;143m▄[48;2;224;135;145m[38;2;224;132;144m▄[48;2;233;145;154m[38;2;227;144;153m▄[48;2;235;152;160m[38;2;217;121;135m▄[48;2;202;114;126m[38;2;220;99;116m▄[48;2;208;205;204m[38;2;206;164;172m▄[48;2;218;219;219m[38;2;216;223;222m▄[48;2;217;217;218m[38;2;216;212;209m▄[48;2;216;217;218m[38;2;215;209;200m▄[48;2;216;216;215m[38;2;213;206;194m▄[48;2;217;216;216m[38;2;212;201;186m▄[48;2;216;217;219m[38;2;213;204;192m▄[48;2;215;215;215m[38;2;216;217;218m▄[48;2;215;215;215m[38;2;215;214;214m▄[48;2;215;215;215m[38;2;214;214;214m▄[48;2;214;214;214m[38;2;214;214;214m▄[48;2;213;213;213m[38;2;213;213;213m▄[48;2;212;212;212m[38;2;212;212;212m▄[48;2;212;212;212m[38;2;212;212;212m▄[48;2;211;211;211m[38;2;211;211;211m▄[48;2;211;211;211m[38;2;211;211;211m▄[48;2;211;211;211m[38;2;211;211;211m▄[48;2;210;210;210m[38;2;210;210;210m▄[48;2;209;209;209m[38;2;209;209;209m▄[48;2;208;208;208m[38;2;209;209;209m▄[48;2;208;208;209m[38;2;208;208;208m▄[48;2;208;208;208m[38;2;207;207;207m▄[48;2;208;208;208m[38;2;208;208;208m▄[48;2;207;207;207m[38;2;207;207;207m▄[48;2;206;206;206m[38;2;206;206;206m▄[48;2;205;205;205m[38;2;205;205;205m▄[48;2;205;205;205m[38;2;204;204;204m▄[0m
[48;2;215;215;215m[38;2;215;215;215m▄[48;2;216;216;216m[38;2;215;215;216m▄[48;2;216;216;216m[38;2;216;216;216m▄[48;2;216;216;216m[38;2;216;216;216m▄[48;2;216;216;216m[38;2;216;216;216m▄[48;2;216;216;216m[38;2;216;216;216m▄[48;2;217;217;217m[38;2;216;216;216m▄[48;2;216;216;216m[38;2;216;216;216m▄[48;2;217;217;217m[38;2;216;216;216m▄[48;2;218;218;218m[38;2;217;217;217m▄[48;2;218;218;218m[38;2;217;217;217m▄[48;2;218;218;218m[38;2;218;218;218m▄[48;2;219;219;219m[38;2;218;218;218m▄[48;2;219;219;220m[38;2;218;218;218m▄[48;2;220;220;220m[38;2;220;220;220m▄[48;2;221;220;221m[38;2;220;220;220m▄[48;2;221;221;221m[38;2;220;221;220m▄[48;2;221;221;221m[38;2;220;220;220m▄[48;2;222;222;222m[38;2;220;220;220m▄[48;2;221;221;221m[38;2;221;221;221m▄[48;2;221;221;221m[38;2;221;220;220m▄[48;2;221;222;221m[38;2;221;220;220m▄[48;2;221;221;221m[38;2;221;220;220m▄[48;2;221;219;220m[38;2;220;218;219m▄[48;2;224;231;230m[38;2;223;226;225m▄[48;2;206;160;170m[38;2;213;197;201m▄[48;2;226;109;126m[38;2;199;91;111m▄[48;2;215;108;126m[38;2;217;109;126m▄[48;2;210;97;118m[38;2;219;102;120m▄[48;2;203;92;111m[38;2;218;107;123m▄[48;2;226;185;194m[38;2;215;105;123m▄[48;2;255;255;255m[38;2;214;151;164m▄[48;2;239;218;222m[38;2;246;239;241m▄[48;2;204;117;133m[38;2;214;134;148m▄[48;2;210;99;117m[38;2;229;113;129m▄[48;2;224;117;132m[38;2;231;123;138m▄[48;2;227;108;125m[38;2;208;98;116m▄[48;2;199;146;157m[38;2;193;173;178m▄[48;2;211;218;215m[38;2;210;213;213m▄[48;2;216;210;205m[38;2;216;215;216m▄[48;2;215;213;211m[38;2;215;216;216m▄[48;2;215;215;215m[38;2;215;214;213m▄[48;2;215;216;218m[38;2;216;219;222m▄[48;2;210;197;180m[38;2;213;210;207m▄[48;2;212;205;196m[38;2;208;196;179m▄[48;2;215;216;218m[38;2;215;217;220m▄[48;2;214;213;213m[38;2;213;213;212m▄[48;2;213;213;214m[38;2;213;213;213m▄[48;2;212;212;212m[38;2;211;211;211m▄[48;2;211;211;212m[38;2;211;211;211m▄[48;2;211;211;211m[38;2;211;211;211m▄[48;2;211;211;211m[38;2;211;211;211m▄[48;2;211;211;211m[38;2;211;211;211m▄[48;2;211;211;211m[38;2;210;210;210m▄[48;2;210;210;210m[38;2;209;209;209m▄[48;2;209;209;209m[38;2;209;209;209m▄[48;2;208;208;208m[38;2;208;208;208m▄[48;2;208;208;208m[38;2;208;208;208m▄[48;2;207;207;207m[38;2;207;207;207m▄[48;2;207;207;207m[38;2;207;207;207m▄[48;2;207;207;207m[38;2;206;206;206m▄[48;2;205;205;205m[38;2;204;204;204m▄[48;2;204;204;204m[38;2;203;203;203m▄[48;2;204;204;204m[38;2;203;203;203m▄[0m
[48;2;215;215;215m[38;2;215;215;215m▄[48;2;215;215;215m[38;2;215;215;215m▄[48;2;215;215;215m[38;2;215;215;215m▄[48;2;216;216;216m[38;2;215;215;215m▄[48;2;216;216;216m[38;2;215;215;215m▄[48;2;217;217;217m[38;2;215;215;215m▄[48;2;217;217;217m[38;2;216;216;216m▄[48;2;216;216;216m[38;2;216;216;216m▄[48;2;216;216;216m[38;2;216;216;216m▄[48;2;216;216;216m[38;2;216;216;216m▄[48;2;216;216;216m[38;2;216;216;216m▄[48;2;216;216;216m[38;2;216;216;216m▄[48;2;217;217;217m[38;2;217;217;217m▄[48;2;217;217;217m[38;2;217;217;217m▄[48;2;218;218;218m[38;2;217;217;217m▄[48;2;219;219;219m[38;2;218;218;218m▄[48;2;219;219;219m[38;2;217;217;217m▄[48;2;219;219;219m[38;2;217;217;217m▄[48;2;219;219;219m[38;2;218;217;217m▄[48;2;220;219;219m[38;2;218;223;223m▄[48;2;219;219;219m[38;2;217;218;218m▄[48;2;219;222;222m[38;2;218;205;206m▄[48;2;219;224;223m[38;2;220;198;200m▄[48;2;219;225;224m[38;2;219;194;196m▄[48;2;219;221;221m[38;2;217;200;201m▄[48;2;222;230;227m[38;2;221;227;226m▄[48;2;198;153;163m[38;2;211;202;205m▄[48;2;219;103;120m[38;2;205;95;115m▄[48;2;219;100;118m[38;2;228;107;124m▄[48;2;212;100;119m[38;2;208;95;114m▄[48;2;232;130;142m[38;2;231;127;138m▄[48;2;224;114;128m[38;2;217;107;124m▄[48;2;198;93;112m[38;2;202;78;101m▄[48;2;201;84;105m[38;2;216;93;113m▄[48;2;213;99;118m[38;2;215;90;111m▄[48;2;203;80;103m[38;2;198;77;101m▄[48;2;187;137;148m[38;2;190;180;184m▄[48;2;199;209;208m[38;2;207;201;201m▄[48;2;211;216;216m[38;2;219;168;171m▄[48;2;215;220;219m[38;2;218;188;191m▄[48;2;215;215;215m[38;2;217;219;220m▄[48;2;217;219;221m[38;2;204;193;176m▄[48;2;214;210;207m[38;2;199;188;166m▄[48;2;203;188;165m[38;2;211;206;200m▄[48;2;208;202;194m[38;2;210;209;208m▄[48;2;213;214;216m[38;2;207;204;199m▄[48;2;213;213;212m[38;2;212;213;214m▄[48;2;212;211;212m[38;2;211;211;211m▄[48;2;211;211;211m[38;2;211;211;211m▄[48;2;211;211;211m[38;2;211;211;211m▄[48;2;211;211;211m[38;2;211;211;211m▄[48;2;211;211;211m[38;2;211;211;211m▄[48;2;210;210;210m[38;2;210;210;210m▄[48;2;209;209;209m[38;2;209;209;209m▄[48;2;209;209;209m[38;2;208;208;208m▄[48;2;209;209;209m[38;2;208;208;208m▄[48;2;208;208;208m[38;2;208;208;208m▄[48;2;208;207;208m[38;2;207;207;207m▄[48;2;207;207;207m[38;2;207;207;207m▄[48;2;207;207;207m[38;2;206;206;206m▄[48;2;205;205;206m[38;2;205;205;205m▄[48;2;204;203;205m[38;2;204;204;204m▄[48;2;203;203;203m[38;2;203;203;203m▄[48;2;203;203;203m[38;2;203;203;203m▄[0m
[48;2;215;215;215m[38;2;213;213;213m▄[48;2;215;215;215m[38;2;214;214;214m▄[48;2;215;215;215m[38;2;215;215;215m▄[48;2;215;215;215m[38;2;215;215;215m▄[48;2;215;215;215m[38;2;215;215;215m▄[48;2;216;216;216m[38;2;215;215;215m▄[48;2;215;215;215m[38;2;216;216;216m▄[48;2;216;216;216m[38;2;216;216;216m▄[48;2;216;216;216m[38;2;216;216;216m▄[48;2;216;216;216m[38;2;217;217;217m▄[48;2;216;216;216m[38;2;217;217;217m▄[48;2;216;216;216m[38;2;217;217;217m▄[48;2;216;216;216m[38;2;217;217;217m▄[48;2;216;216;216m[38;2;216;216;216m▄[48;2;216;216;216m[38;2;217;217;217m▄[48;2;217;217;217m[38;2;217;217;217m▄[48;2;217;217;217m[38;2;216;215;215m▄[48;2;217;216;216m[38;2;217;223;222m▄[48;2;222;227;227m[38;2;217;175;181m▄[48;2;222;202;204m[38;2;234;179;182m▄[48;2;222;162;166m[38;2;227;165;171m▄[48;2;226;151;157m[38;2;218;122;133m▄[48;2;224;144;152m[38;2;226;145;153m▄[48;2;228;152;160m[38;2;213;112;123m▄[48;2;230;157;163m[38;2;226;157;167m▄[48;2;219;153;159m[38;2;238;166;174m▄[48;2;219;219;218m[38;2;215;164;170m▄[48;2;200;156;165m[38;2;217;238;234m▄[48;2;203;87;108m[38;2;202;193;197m▄[48;2;203;78;100m[38;2;192;169;176m▄[48;2;200;98;117m[38;2;194;153;160m▄[48;2;193;112;126m[38;2;234;164;170m▄[48;2;207;119;133m[38;2;225;152;159m▄[48;2;207;86;108m[38;2;189;155;163m▄[48;2;199;76;99m[38;2;189;181;184m▄[48;2;186;138;150m[38;2;199;218;216m▄[48;2;197;202;201m[38;2;206;167;170m▄[48;2;218;147;153m[38;2;233;158;167m▄[48;2;239;170;177m[38;2;223;157;166m▄[48;2;228;150;159m[38;2;216;135;141m▄[48;2;204;187;176m[38;2;205;200;196m▄[48;2;204;196;184m[38;2;216;164;169m▄[48;2;215;192;198m[38;2;235;149;158m▄[48;2;214;213;216m[38;2;213;155;160m▄[48;2;204;198;187m[38;2;209;212;209m▄[48;2;208;205;201m[38;2;211;210;210m▄[48;2;211;212;213m[38;2;210;210;210m▄[48;2;211;211;210m[38;2;211;211;211m▄[48;2;211;211;211m[38;2;211;211;211m▄[48;2;211;211;211m[38;2;211;211;211m▄[48;2;212;212;212m[38;2;211;211;211m▄[48;2;210;210;210m[38;2;209;209;210m▄[48;2;209;209;209m[38;2;208;208;208m▄[48;2;208;208;208m[38;2;208;208;208m▄[48;2;209;209;209m[38;2;208;208;208m▄[48;2;208;208;208m[38;2;208;208;208m▄[48;2;207;207;208m[38;2;208;208;208m▄[48;2;207;207;207m[38;2;207;207;207m▄[48;2;207;207;207m[38;2;206;206;206m▄[48;2;206;206;206m[38;2;205;205;205m▄[48;2;204;204;204m[38;2;204;204;204m▄[48;2;204;204;204m[38;2;203;203;203m▄[48;2;203;203;203m[38;2;203;203;202m▄[48;2;203;203;203m[38;2;203;203;203m▄[0m
[48;2;213;213;213m[38;2;212;212;212m▄[48;2;214;214;214m[38;2;213;213;213m▄[48;2;214;214;214m[38;2;214;214;214m▄[48;2;214;214;214m[38;2;214;214;214m▄[48;2;215;215;215m[38;2;215;215;215m▄[48;2;215;215;215m[38;2;214;214;214m▄[48;2;216;216;216m[38;2;214;214;214m▄[48;2;216;216;216m[38;2;216;216;216m▄[48;2;216;216;216m[38;2;216;216;216m▄[48;2;216;216;216m[38;2;216;216;216m▄[48;2;216;216;216m[38;2;216;216;216m▄[48;2;216;216;216m[38;2;216;216;216m▄[48;2;217;217;217m[38;2;216;216;216m▄[48;2;217;217;217m[38;2;216;216;216m▄[48;2;217;217;217m[38;2;217;217;217m▄[48;2;217;217;217m[38;2;217;216;217m▄[48;2;217;220;220m[38;2;217;220;220m▄[48;2;212;199;202m[38;2;213;203;204m▄[48;2;221;150;159m[38;2;204;120;133m▄[48;2;241;210;212m[38;2;209;122;136m▄[48;2;197;91;103m[38;2;190;89;107m▄[48;2;226;146;156m[38;2;237;178;186m▄[48;2;235;170;179m[38;2;199;104;120m▄[48;2;196;119;128m[38;2;202;113;126m▄[48;2;216;145;153m[38;2;235;178;186m▄[48;2;243;185;191m[38;2;197;101;118m▄[48;2;202;122;132m[38;2;210;117;131m▄[48;2;209;168;175m[38;2;219;145;156m▄[48;2;209;162;168m[38;2;225;151;162m▄[48;2;205;187;189m[38;2;214;127;140m▄[48;2;208;162;166m[38;2;198;100;116m▄[48;2;211;113;126m[38;2;225;151;161m▄[48;2;212;131;141m[38;2;189;100;113m▄[48;2;201;178;180m[38;2;213;134;146m▄[48;2;206;159;165m[38;2;224;146;157m▄[48;2;203;168;172m[38;2;214;134;143m▄[48;2;211;140;150m[38;2;210;125;136m▄[48;2;236;176;183m[38;2;233;181;187m▄[48;2;209;132;141m[38;2;208;134;144m▄[48;2;201;107;118m[38;2;232;164;173m▄[48;2;203;193;194m[38;2;194;100;114m▄[48;2;205;126;134m[38;2;216;141;151m▄[48;2;214;123;133m[38;2;214;125;137m▄[48;2;206;142;150m[38;2;191;171;174m▄[48;2;207;213;214m[38;2;205;213;212m▄[48;2;211;209;210m[38;2;210;208;209m▄[48;2;210;210;210m[38;2;210;210;210m▄[48;2;211;211;210m[38;2;210;210;210m▄[48;2;210;210;209m[38;2;211;211;210m▄[48;2;211;211;209m[38;2;211;211;210m▄[48;2;211;211;211m[38;2;210;211;213m▄[48;2;210;209;211m[38;2;210;209;214m▄[48;2;209;208;210m[38;2;209;207;211m▄[48;2;209;208;209m[38;2;209;208;209m▄[48;2;208;208;208m[38;2;208;208;207m▄[48;2;208;208;207m[38;2;208;208;207m▄[48;2;208;208;208m[38;2;208;208;204m▄[48;2;207;207;207m[38;2;207;207;203m▄[48;2;206;206;206m[38;2;206;206;205m▄[48;2;204;204;204m[38;2;203;203;204m▄[48;2;204;204;204m[38;2;203;203;203m▄[48;2;203;203;203m[38;2;203;203;204m▄[48;2;203;203;203m[38;2;203;202;203m▄[48;2;203;203;203m[38;2;203;203;203m▄[0m
[48;2;211;211;211m[38;2;210;210;210m▄[48;2;211;211;211m[38;2;210;210;210m▄[48;2;212;212;212m[38;2;211;211;211m▄[48;2;214;214;214m[38;2;212;212;212m▄[48;2;214;214;214m[38;2;213;213;213m▄[48;2;214;214;214m[38;2;214;214;214m▄[48;2;214;214;214m[38;2;214;214;214m▄[48;2;215;215;215m[38;2;214;214;214m▄[48;2;215;215;215m[38;2;214;214;214m▄[48;2;215;215;215m[38;2;215;215;215m▄[48;2;216;216;215m[38;2;215;215;215m▄[48;2;216;216;216m[38;2;215;215;215m▄[48;2;215;215;215m[38;2;215;215;215m▄[48;2;215;215;215m[38;2;215;215;215m▄[48;2;216;216;216m[38;2;216;216;216m▄[48;2;216;216;216m[38;2;216;216;216m▄[48;2;216;215;215m[38;2;216;216;216m▄[48;2;217;222;221m[38;2;216;214;215m▄[48;2;207;175;180m[38;2;218;230;227m▄[48;2;187;107;121m[38;2;190;168;174m▄[48;2;196;99;116m[38;2;210;114;131m▄[48;2;232;156;166m[38;2;201;108;127m▄[48;2;220;144;156m[38;2;177;79;101m▄[48;2;218;141;153m[38;2;232;148;158m▄[48;2;185;91;107m[38;2;166;80;98m▄[48;2;191;89;108m[38;2;209;121;137m▄[48;2;230;167;176m[38;2;215;125;139m▄[48;2;173;66;87m[38;2;186;89;109m▄[48;2;234;173;182m[38;2;240;157;168m▄[48;2;192;97;115m[38;2;175;74;96m▄[48;2;206;116;131m[38;2;239;156;167m▄[48;2;221;155;166m[38;2;188;90;110m▄[48;2;180;71;92m[38;2;212;128;143m▄[48;2;234;172;181m[38;2;220;128;142m▄[48;2;186;89;107m[38;2;166;78;98m▄[48;2;187;92;110m[38;2;186;92;110m▄[48;2;215;134;148m[38;2;243;160;172m▄[48;2;229;166;176m[38;2;199;105;124m▄[48;2;189;101;117m[38;2;190;89;109m▄[48;2;235;169;178m[38;2;218;132;145m▄[48;2;172;60;83m[38;2;186;97;114m▄[48;2;230;158;167m[38;2;237;151;163m▄[48;2;197;110;124m[38;2;175;79;100m▄[48;2;179;94;111m[38;2;185;82;103m▄[48;2;205;188;192m[38;2;194;162;169m▄[48;2;212;215;214m[38;2;211;218;216m▄[48;2;210;209;209m[38;2;210;209;209m▄[48;2;210;210;210m[38;2;210;210;210m▄[48;2;210;211;211m[38;2;210;210;210m▄[48;2;211;210;210m[38;2;210;210;210m▄[48;2;208;210;213m[38;2;207;208;211m▄[48;2;208;210;215m[38;2;206;208;213m▄[48;2;209;208;214m[38;2;208;208;213m▄[48;2;209;208;210m[38;2;208;207;209m▄[48;2;208;208;209m[38;2;208;208;208m▄[48;2;208;208;207m[38;2;209;208;206m▄[48;2;208;208;202m[38;2;207;208;203m▄[48;2;207;207;202m[38;2;205;207;202m▄[48;2;206;206;202m[38;2;205;206;202m▄[48;2;203;203;203m[38;2;203;203;203m▄[48;2;203;203;203m[38;2;203;203;203m▄[48;2;203;203;203m[38;2;203;203;203m▄[48;2;202;202;202m[38;2;202;202;202m▄[48;2;202;202;203m[38;2;202;201;203m▄[0m
[48;2;210;210;210m[38;2;210;210;210m▄[48;2;210;210;210m[38;2;210;210;210m▄[48;2;210;210;210m[38;2;210;211;210m▄[48;2;210;210;210m[38;2;210;210;210m▄[48;2;211;211;211m[38;2;211;211;211m▄[48;2;212;212;212m[38;2;211;211;211m▄[48;2;213;213;213m[38;2;212;212;212m▄[48;2;214;214;214m[38;2;212;212;212m▄[48;2;214;213;214m[38;2;212;212;213m▄[48;2;215;214;215m[38;2;213;213;213m▄[48;2;214;214;214m[38;2;214;214;214m▄[48;2;214;214;214m[38;2;214;214;214m▄[48;2;215;215;215m[38;2;214;214;214m▄[48;2;215;215;215m[38;2;215;215;215m▄[48;2;215;215;215m[38;2;215;215;215m▄[48;2;215;215;215m[38;2;215;215;215m▄[48;2;215;215;215m[38;2;216;217;218m▄[48;2;214;213;213m[38;2;209;205;200m▄[48;2;211;211;201m[38;2;205;200;186m▄[48;2;180;124;138m[38;2;199;167;181m▄[48;2;220;107;127m[38;2;172;62;89m▄[48;2;191;102;120m[38;2;175;98;120m▄[48;2;164;93;110m[38;2;192;181;184m▄[48;2;219;120;138m[38;2;167;72;92m▄[48;2;201;106;124m[38;2;235;138;153m▄[48;2;168;65;88m[38;2;182;81;101m▄[48;2;224;125;142m[38;2;154;53;78m▄[48;2;190;92;114m[38;2;170;83;104m▄[48;2;218;122;139m[38;2;152;48;74m▄[48;2;190;93;115m[38;2;177;107;123m▄[48;2;202;103;122m[38;2;177;114;131m▄[48;2;205;107;126m[38;2;173;90;110m▄[48;2;180;81;104m[38;2;176;103;119m▄[48;2;215;122;138m[38;2;164;66;90m▄[48;2;200;107;125m[38;2;169;74;95m▄[48;2;182;89;110m[38;2;166;72;94m▄[48;2;212;117;136m[38;2;155;48;76m▄[48;2;171;68;91m[38;2;183;133;145m▄[48;2;180;76;98m[38;2;184;139;149m▄[48;2;212;111;129m[38;2;173;93;115m▄[48;2;181;84;105m[38;2;178;120;137m▄[48;2;213;112;131m[38;2;172;95;116m▄[48;2;186;82;105m[38;2;177;112;129m▄[48;2;173;100;117m[38;2;189;183;184m▄[48;2;196;199;198m[38;2;196;198;197m▄[48;2;206;205;206m[38;2;207;207;207m▄[48;2;209;209;209m[38;2;208;209;209m▄[48;2;209;209;209m[38;2;208;208;208m▄[48;2;209;209;209m[38;2;208;208;208m▄[48;2;209;209;209m[38;2;208;208;208m▄[48;2;208;208;209m[38;2;208;208;208m▄[48;2;208;207;210m[38;2;208;208;209m▄[48;2;208;207;210m[38;2;208;207;208m▄[48;2;207;207;209m[38;2;207;207;207m▄[48;2;207;207;206m[38;2;207;207;204m▄[48;2;208;208;204m[38;2;207;207;203m▄[48;2;206;208;202m[38;2;206;207;203m▄[48;2;204;206;202m[38;2;204;206;202m▄[48;2;203;206;204m[38;2;202;205;203m▄[48;2;202;203;205m[38;2;202;203;205m▄[48;2;202;202;203m[38;2;202;202;204m▄[48;2;202;202;202m[38;2;202;202;202m▄[48;2;201;201;201m[38;2;201;201;201m▄[48;2;201;201;202m[38;2;201;201;201m▄[0m
[48;2;210;210;210m[38;2;209;209;209m▄[48;2;210;210;211m[38;2;209;209;209m▄[48;2;211;211;211m[38;2;210;210;210m▄[48;2;210;210;210m[38;2;210;210;210m▄[48;2;210;210;210m[38;2;210;210;210m▄[48;2;211;211;210m[38;2;210;210;210m▄[48;2;211;211;211m[38;2;210;210;210m▄[48;2;211;211;211m[38;2;211;211;211m▄[48;2;211;211;211m[38;2;210;210;210m▄[48;2;212;212;212m[38;2;211;211;211m▄[48;2;213;213;213m[38;2;211;211;211m▄[48;2;213;213;213m[38;2;211;212;211m▄[48;2;213;213;213m[38;2;212;212;212m▄[48;2;213;213;213m[38;2;211;211;211m▄[48;2;213;213;213m[38;2;212;212;212m▄[48;2;213;213;213m[38;2;212;212;212m▄[48;2;214;214;214m[38;2;212;212;212m▄[48;2;213;212;212m[38;2;214;215;216m▄[48;2;195;180;159m[38;2;209;206;202m▄[48;2;208;204;195m[38;2;197;184;168m▄[48;2;196;171;172m[38;2;198;191;174m▄[48;2;187;163;156m[38;2;199;195;184m▄[48;2;196;192;173m[38;2;205;202;203m▄[48;2;189;156;159m[38;2;212;218;219m▄[48;2;167;61;88m[38;2;194;164;171m▄[48;2;229;129;145m[38;2;162;71;94m▄[48;2;211;121;136m[38;2;186;76;100m▄[48;2;169;83;103m[38;2;202;98;120m▄[48;2;176;86;107m[38;2;195;93;115m▄[48;2;188;121;136m[38;2;186;77;101m▄[48;2;181;127;140m[38;2;197;100;120m▄[48;2;177;99;118m[38;2;183;94;114m▄[48;2;180;99;118m[38;2;159;58;85m▄[48;2;183;101;120m[38;2;171;100;117m▄[48;2;179;97;115m[38;2;178;130;141m▄[48;2;180;102;119m[38;2;170;94;112m▄[48;2;191;101;121m[38;2;201;101;121m▄[48;2;180;129;143m[38;2;172;98;116m▄[48;2;201;209;203m[38;2;201;202;196m▄[48;2;195;187;174m[38;2;204;198;196m▄[48;2;194;189;172m[38;2;202;196;190m▄[48;2;197;193;181m[38;2;201;192;181m▄[48;2;196;197;189m[38;2;203;194;183m▄[48;2;196;191;181m[38;2;206;203;200m▄[48;2;204;204;204m[38;2;207;207;208m▄[48;2;208;208;209m[38;2;208;208;207m▄[48;2;208;208;208m[38;2;208;208;208m▄[48;2;208;208;208m[38;2;207;207;207m▄[48;2;208;208;208m[38;2;207;207;207m▄[48;2;208;208;208m[38;2;207;207;208m▄[48;2;208;207;209m[38;2;206;206;206m▄[48;2;207;207;208m[38;2;206;206;206m▄[48;2;207;207;207m[38;2;205;205;205m▄[48;2;207;207;207m[38;2;205;205;205m▄[48;2;206;206;204m[38;2;204;204;203m▄[48;2;206;206;202m[38;2;203;203;202m▄[48;2;205;205;202m[38;2;203;203;201m▄[48;2;204;204;204m[38;2;203;203;203m▄[48;2;203;203;204m[38;2;203;203;203m▄[48;2;202;202;204m[38;2;202;202;202m▄[48;2;202;201;204m[38;2;201;201;202m▄[48;2;201;201;202m[38;2;200;200;201m▄[48;2;201;201;202m[38;2;201;201;201m▄[48;2;201;201;201m[38;2;201;201;201m▄[0m
[48;2;210;210;210m[38;2;214;214;214m▄[48;2;210;210;210m[38;2;215;215;215m▄[48;2;211;211;211m[38;2;215;215;215m▄[48;2;211;211;211m[38;2;215;215;215m▄[48;2;212;212;212m[38;2;215;215;215m▄[48;2;212;212;213m[38;2;215;215;216m▄[48;2;212;212;213m[38;2;215;215;216m▄[48;2;213;213;213m[38;2;216;216;215m▄[48;2;213;213;214m[38;2;216;215;216m▄[48;2;213;213;214m[38;2;215;215;216m▄[48;2;213;214;214m[38;2;216;216;216m▄[48;2;213;214;214m[38;2;216;216;216m▄[48;2;214;214;214m[38;2;216;216;216m▄[48;2;214;214;215m[38;2;216;216;217m▄[48;2;214;214;215m[38;2;216;216;217m▄[48;2;215;214;215m[38;2;216;216;217m▄[48;2;214;214;214m[38;2;216;216;216m▄[48;2;215;215;214m[38;2;217;217;217m▄[48;2;215;216;217m[38;2;217;217;217m▄[48;2;214;216;220m[38;2;217;216;217m▄[48;2;213;214;216m[38;2;217;216;216m▄[48;2;212;213;216m[38;2;217;217;216m▄[48;2;212;212;213m[38;2;218;218;218m▄[48;2;212;211;211m[38;2;219;218;219m▄[48;2;213;218;217m[38;2;216;215;215m▄[48;2;204;197;199m[38;2;212;213;213m▄[48;2;182;142;153m[38;2;203;210;208m▄[48;2;173;112;129m[38;2;197;203;202m▄[48;2;173;109;126m[38;2;189;193;192m▄[48;2;177;127;140m[38;2;187;192;191m▄[48;2;170;99;116m[38;2;187;187;188m▄[48;2;167;72;95m[38;2;175;150;156m▄[48;2;180;82;104m[38;2;167;114;128m▄[48;2;185;91;111m[38;2;165;97;114m▄[48;2;186;85;108m[38;2;165;94;112m▄[48;2;196;98;118m[38;2;163;97;114m▄[48;2;166;65;89m[38;2;177;144;151m▄[48;2;176;136;146m[38;2;190;192;192m▄[48;2;206;212;211m[38;2;202;202;203m▄[48;2;209;209;211m[38;2;212;212;212m▄[48;2;209;210;212m[38;2;211;210;210m▄[48;2;208;210;212m[38;2;212;211;211m▄[48;2;207;209;211m[38;2;211;210;210m▄[48;2;208;208;209m[38;2;211;211;211m▄[48;2;208;208;208m[38;2;210;210;211m▄[48;2;208;208;209m[38;2;210;209;210m▄[48;2;208;208;208m[38;2;209;209;209m▄[48;2;208;208;208m[38;2;209;209;209m▄[48;2;208;208;208m[38;2;209;209;209m▄[48;2;208;207;208m[38;2;209;209;209m▄[48;2;207;207;207m[38;2;209;209;209m▄[48;2;207;207;207m[38;2;209;209;209m▄[48;2;206;206;206m[38;2;209;208;209m▄[48;2;206;206;206m[38;2;208;208;208m▄[48;2;205;205;205m[38;2;208;208;208m▄[48;2;205;205;205m[38;2;208;207;208m▄[48;2;204;204;204m[38;2;207;207;207m▄[48;2;203;203;203m[38;2;207;207;207m▄[48;2;204;204;204m[38;2;206;206;206m▄[48;2;203;203;203m[38;2;205;205;205m▄[48;2;202;202;202m[38;2;205;205;205m▄[48;2;201;201;201m[38;2;204;204;205m▄[48;2;201;201;201m[38;2;204;204;204m▄[48;2;202;202;202m[38;2;203;203;203m▄[0m
[48;2;216;216;216m[38;2;219;219;219m▄[48;2;217;217;217m[38;2;220;220;220m▄[48;2;217;217;217m[38;2;220;220;220m▄[48;2;216;216;216m[38;2;220;220;220m▄[48;2;217;217;217m[38;2;221;221;221m▄[48;2;217;217;217m[38;2;221;221;221m▄[48;2;217;217;217m[38;2;221;221;221m▄[48;2;217;217;217m[38;2;222;222;222m▄[48;2;217;217;217m[38;2;222;222;222m▄[48;2;218;218;217m[38;2;223;223;223m▄[48;2;218;218;218m[38;2;223;223;223m▄[48;2;218;218;218m[38;2;223;223;223m▄[48;2;218;218;218m[38;2;223;223;223m▄[48;2;218;218;218m[38;2;223;223;223m▄[48;2;218;218;218m[38;2;223;223;223m▄[48;2;218;218;218m[38;2;222;222;222m▄[48;2;217;217;217m[38;2;219;219;219m▄[48;2;217;217;217m[38;2;214;214;214m▄[48;2;215;215;215m[38;2;206;206;206m▄[48;2;213;213;213m[38;2;199;199;199m▄[48;2;211;211;211m[38;2;196;196;196m▄[48;2;213;213;213m[38;2;198;199;199m▄[48;2;193;189;190m[38;2;173;167;168m▄[48;2;174;165;167m[38;2;155;145;148m▄[48;2;192;187;188m[38;2;174;169;170m▄[48;2;174;162;166m[38;2;150;137;141m▄[48;2;190;183;186m[38;2;174;168;169m▄[48;2;170;158;161m[38;2;163;151;154m▄[48;2;183;175;177m[38;2;179;172;174m▄[48;2;170;158;162m[38;2;166;154;156m▄[48;2;163;149;152m[38;2;158;143;147m▄[48;2;193;195;195m[38;2;188;185;186m▄[48;2;192;196;196m[38;2;193;192;193m▄[48;2;176;172;171m[38;2;170;163;165m▄[48;2;164;153;153m[38;2;151;135;138m▄[48;2;177;173;172m[38;2;175;168;169m▄[48;2;166;161;160m[38;2;161;148;151m▄[48;2;183;178;180m[38;2;172;164;166m▄[48;2;177;168;170m[38;2;166;155;157m▄[48;2;188;183;184m[38;2;169;161;163m▄[48;2;212;212;212m[38;2;182;178;178m▄[48;2;211;211;211m[38;2;194;194;194m▄[48;2;210;210;210m[38;2;195;195;196m▄[48;2;210;210;210m[38;2;197;197;198m▄[48;2;211;211;211m[38;2;203;203;204m▄[48;2;210;210;210m[38;2;209;209;209m▄[48;2;210;210;210m[38;2;211;211;212m▄[48;2;210;210;210m[38;2;214;214;214m▄[48;2;210;210;210m[38;2;214;214;214m▄[48;2;210;210;210m[38;2;214;214;214m▄[48;2;210;210;211m[38;2;214;214;215m▄[48;2;210;210;211m[38;2;213;213;213m▄[48;2;210;210;210m[38;2;212;212;212m▄[48;2;209;209;209m[38;2;211;211;211m▄[48;2;209;209;209m[38;2;210;211;211m▄[48;2;209;208;210m[38;2;210;211;210m▄[48;2;209;209;209m[38;2;210;210;210m▄[48;2;208;208;208m[38;2;209;209;209m▄[48;2;212;212;213m[38;2;217;217;217m▄[48;2;215;215;215m[38;2;221;221;221m▄[48;2;208;208;208m[38;2;209;209;210m▄[48;2;208;208;207m[38;2;209;208;209m▄[48;2;207;207;207m[38;2;209;209;209m▄[48;2;206;206;206m[38;2;208;208;208m▄[0m
[48;2;223;223;223m[38;2;226;226;226m▄[48;2;223;223;223m[38;2;225;225;225m▄[48;2;223;223;223m[38;2;226;226;226m▄[48;2;224;224;224m[38;2;226;226;226m▄[48;2;224;224;224m[38;2;226;226;226m▄[48;2;224;224;224m[38;2;226;226;226m▄[48;2;224;224;224m[38;2;226;226;226m▄[48;2;224;224;224m[38;2;225;225;225m▄[48;2;224;224;224m[38;2;227;227;227m▄[48;2;224;224;224m[38;2;227;227;227m▄[48;2;224;224;224m[38;2;226;227;227m▄[48;2;224;224;224m[38;2;226;227;227m▄[48;2;224;224;224m[38;2;226;226;226m▄[48;2;224;224;224m[38;2;226;226;226m▄[48;2;224;224;224m[38;2;226;226;226m▄[48;2;224;224;224m[38;2;226;226;226m▄[48;2;224;224;224m[38;2;226;226;226m▄[48;2;222;222;222m[38;2;226;226;226m▄[48;2;220;220;220m[38;2;227;227;227m▄[48;2;217;217;217m[38;2;228;228;228m▄[48;2;200;197;198m[38;2;202;196;198m▄[48;2;199;195;197m[38;2;195;186;190m▄[48;2;196;191;193m[38;2;196;189;192m▄[48;2;192;185;188m[38;2;203;196;199m▄[48;2;189;182;184m[38;2;212;207;207m▄[48;2;185;180;181m[38;2;206;200;200m▄[48;2;182;177;178m[38;2;189;180;181m▄[48;2;181;175;178m[38;2;202;197;198m▄[48;2;179;173;176m[38;2;201;195;196m▄[48;2;187;184;185m[38;2;200;195;196m▄[48;2;188;185;187m[38;2;207;202;204m▄[48;2;175;168;170m[38;2;194;186;188m▄[48;2;182;178;180m[38;2;206;202;203m▄[48;2;179;173;174m[38;2;197;189;192m▄[48;2;178;173;173m[38;2;193;186;188m▄[48;2;175;169;170m[38;2;193;184;185m▄[48;2;172;164;166m[38;2;193;185;185m▄[48;2;189;185;186m[38;2;208;205;205m▄[48;2;198;193;195m[38;2;207;201;202m▄[48;2;193;186;189m[38;2;204;198;200m▄[48;2;192;186;186m[38;2;205;200;201m▄[48;2;194;189;190m[38;2;192;183;185m▄[48;2;191;186;187m[38;2;195;187;188m▄[48;2;199;196;198m[38;2;208;205;206m▄[48;2;212;213;212m[38;2;220;220;220m▄[48;2;214;214;214m[38;2;217;217;217m▄[48;2;215;215;215m[38;2;217;217;217m▄[48;2;216;216;216m[38;2;216;216;216m▄[48;2;216;216;216m[38;2;216;216;216m▄[48;2;215;215;215m[38;2;216;216;216m▄[48;2;215;215;215m[38;2;216;216;216m▄[48;2;215;215;215m[38;2;216;216;216m▄[48;2;215;215;215m[38;2;215;215;215m▄[48;2;214;214;214m[38;2;215;215;215m▄[48;2;214;213;213m[38;2;215;215;215m▄[48;2;213;213;213m[38;2;215;215;215m▄[48;2;213;213;213m[38;2;215;215;215m▄[48;2;212;212;212m[38;2;215;215;215m▄[48;2;211;211;211m[38;2;214;213;215m▄[48;2;211;211;211m[38;2;213;213;213m▄[48;2;210;210;210m[38;2;213;213;212m▄[48;2;210;210;210m[38;2;212;212;211m▄[48;2;210;210;210m[38;2;211;211;211m▄[48;2;210;210;210m[38;2;211;211;211m▄[0m
[48;2;228;228;228m[38;2;230;230;230m▄[48;2;228;228;228m[38;2;230;230;230m▄[48;2;229;229;229m[38;2;230;230;230m▄[48;2;229;229;229m[38;2;230;230;230m▄[48;2;229;229;229m[38;2;230;230;230m▄[48;2;229;229;229m[38;2;231;231;231m▄[48;2;229;229;229m[38;2;230;230;230m▄[48;2;229;229;229m[38;2;230;230;230m▄[48;2;229;229;229m[38;2;231;231;231m▄[48;2;229;229;229m[38;2;230;230;230m▄[48;2;229;229;229m[38;2;230;231;231m▄[48;2;229;229;229m[38;2;231;231;231m▄[48;2;229;229;229m[38;2;230;230;230m▄[48;2;229;229;229m[38;2;231;231;231m▄[48;2;229;229;229m[38;2;230;230;230m▄[48;2;228;228;228m[38;2;230;230;230m▄[48;2;227;227;227m[38;2;230;230;230m▄[48;2;228;228;228m[38;2;230;230;230m▄[48;2;228;228;228m[38;2;229;229;229m▄[48;2;227;227;227m[38;2;229;229;229m▄[48;2;228;228;228m[38;2;228;228;228m▄[48;2;229;230;229m[38;2;228;228;228m▄[48;2;228;229;228m[38;2;227;227;227m▄[48;2;227;227;227m[38;2;227;227;227m▄[48;2;227;227;227m[38;2;227;227;227m▄[48;2;228;228;228m[38;2;227;227;227m▄[48;2;228;228;229m[38;2;227;227;227m▄[48;2;225;226;225m[38;2;227;227;227m▄[48;2;225;226;225m[38;2;226;226;226m▄[48;2;224;224;224m[38;2;226;226;226m▄[48;2;226;226;226m[38;2;224;224;224m▄[48;2;227;228;228m[38;2;223;223;223m▄[48;2;226;226;226m[38;2;225;225;225m▄[48;2;224;224;224m[38;2;224;224;224m▄[48;2;225;225;225m[38;2;224;224;224m▄[48;2;225;225;225m[38;2;223;223;223m▄[48;2;225;226;226m[38;2;222;222;222m▄[48;2;223;224;224m[38;2;223;223;223m▄[48;2;222;222;222m[38;2;223;223;223m▄[48;2;223;223;223m[38;2;223;223;223m▄[48;2;222;222;222m[38;2;222;222;222m▄[48;2;223;223;223m[38;2;221;221;221m▄[48;2;223;223;224m[38;2;221;221;221m▄[48;2;221;221;221m[38;2;221;221;221m▄[48;2;218;218;218m[38;2;219;219;219m▄[48;2;217;217;217m[38;2;219;219;219m▄[48;2;217;217;217m[38;2;217;217;217m▄[48;2;217;217;217m[38;2;217;217;217m▄[48;2;216;216;216m[38;2;216;216;216m▄[48;2;216;216;216m[38;2;216;216;216m▄[48;2;216;216;216m[38;2;216;216;216m▄[48;2;217;217;217m[38;2;216;216;216m▄[48;2;217;217;217m[38;2;217;217;217m▄[48;2;216;216;216m[38;2;217;217;217m▄[48;2;216;216;216m[38;2;217;217;217m▄[48;2;216;216;216m[38;2;217;217;217m▄[48;2;216;216;216m[38;2;216;216;216m▄[48;2;216;216;216m[38;2;216;216;216m▄[48;2;215;215;215m[38;2;216;216;216m▄[48;2;215;215;215m[38;2;216;216;216m▄[48;2;215;214;215m[38;2;216;216;216m▄[48;2;214;214;214m[38;2;216;216;216m▄[48;2;214;214;214m[38;2;215;215;215m▄[48;2;213;213;213m[38;2;215;215;215m▄[0m
