[48;2;218;218;218m[38;2;217;217;217m▄[48;2;220;220;220m[38;2;219;219;219m▄[48;2;222;222;222m[38;2;221;221;221m▄[48;2;222;222;222m[38;2;221;221;221m▄[48;2;223;223;223m[38;2;222;222;222m▄[48;2;223;223;223m[38;2;223;223;223m▄[48;2;223;223;223m[38;2;223;223;223m▄[48;2;224;224;224m[38;2;224;224;224m▄[48;2;224;224;224m[38;2;225;225;225m▄[48;2;225;225;225m[38;2;224;224;224m▄[48;2;224;224;224m[38;2;224;224;224m▄[48;2;225;225;225m[38;2;224;224;224m▄[48;2;226;226;226m[38;2;225;225;225m▄[48;2;228;228;228m[38;2;225;225;225m▄[48;2;227;227;227m[38;2;226;226;226m▄[48;2;227;227;227m[38;2;228;228;228m▄[48;2;227;227;227m[38;2;227;227;227m▄[48;2;228;228;228m[38;2;227;227;227m▄[48;2;227;227;227m[38;2;227;227;227m▄[48;2;227;227;227m[38;2;227;227;227m▄[48;2;227;227;227m[38;2;227;227;227m▄[48;2;227;227;227m[38;2;227;227;227m▄[48;2;228;228;228m[38;2;227;227;227m▄[48;2;228;228;228m[38;2;227;227;227m▄[48;2;228;228;228m[38;2;227;227;227m▄[48;2;228;228;228m[38;2;226;226;226m▄[48;2;228;228;228m[38;2;226;226;226m▄[48;2;226;226;226m[38;2;225;225;225m▄[48;2;225;225;225m[38;2;224;224;224m▄[48;2;224;224;224m[38;2;224;224;224m▄[48;2;224;224;224m[38;2;224;224;224m▄[48;2;224;224;224m[38;2;224;224;224m▄[48;2;225;225;225m[38;2;224;224;224m▄[48;2;224;224;224m[38;2;224;224;224m▄[48;2;223;223;223m[38;2;223;223;223m▄[48;2;223;223;223m[38;2;223;223;223m▄[48;2;222;222;222m[38;2;222;222;222m▄[48;2;222;222;222m[38;2;222;222;222m▄[48;2;221;221;221m[38;2;221;221;221m▄[48;2;221;221;221m[38;2;221;221;221m▄[48;2;220;220;220m[38;2;220;220;220m▄[48;2;218;218;218m[38;2;218;218;218m▄[48;2;217;217;217m[38;2;217;217;217m▄[48;2;216;216;216m[38;2;216;216;216m▄[48;2;216;216;216m[38;2;216;216;216m▄[48;2;216;216;216m[38;2;216;216;216m▄[48;2;216;216;216m[38;2;216;216;216m▄[48;2;215;215;215m[38;2;216;216;216m▄[48;2;215;215;215m[38;2;215;215;215m▄[48;2;214;214;214m[38;2;214;214;214m▄[48;2;214;214;214m[38;2;214;214;214m▄[48;2;214;214;214m[38;2;213;213;213m▄[48;2;212;212;213m[38;2;212;212;212m▄[48;2;211;211;211m[38;2;211;211;211m▄[48;2;211;211;211m[38;2;211;211;211m▄[48;2;211;211;211m[38;2;210;210;210m▄[48;2;210;210;210m[38;2;210;210;210m▄[48;2;210;210;210m[38;2;210;210;210m▄[48;2;208;208;208m[38;2;208;208;209m▄[48;2;209;209;209m[38;2;208;208;208m▄[48;2;208;208;208m[38;2;209;209;209m▄[48;2;207;207;207m[38;2;208;208;208m▄[48;2;207;207;207m[38;2;207;207;207m▄[48;2;206;206;206m[38;2;205;205;205m▄[0m
[48;2;218;218;218m[38;2;218;218;218m▄[48;2;218;218;218m[38;2;218;218;218m▄[48;2;221;221;221m[38;2;220;220;220m▄[48;2;221;221;221m[38;2;222;222;222m▄[48;2;222;222;222m[38;2;222;222;222m▄[48;2;223;223;223m[38;2;222;222;222m▄[48;2;223;223;223m[38;2;223;223;223m▄[48;2;224;224;224m[38;2;223;223;223m▄[48;2;225;225;225m[38;2;224;224;224m▄[48;2;224;224;225m[38;2;225;225;225m▄[48;2;224;224;224m[38;2;224;224;224m▄[48;2;224;224;224m[38;2;224;224;224m▄[48;2;224;224;224m[38;2;224;224;224m▄[48;2;224;224;224m[38;2;224;224;224m▄[48;2;224;224;224m[38;2;224;224;224m▄[48;2;226;226;226m[38;2;224;224;224m▄[48;2;227;227;227m[38;2;225;225;225m▄[48;2;227;227;227m[38;2;225;225;225m▄[48;2;227;227;227m[38;2;225;225;225m▄[48;2;227;227;227m[38;2;227;227;227m▄[48;2;227;227;227m[38;2;227;227;227m▄[48;2;227;227;227m[38;2;225;225;225m▄[48;2;227;227;227m[38;2;225;225;225m▄[48;2;227;227;227m[38;2;225;225;225m▄[48;2;226;226;226m[38;2;224;224;224m▄[48;2;225;225;225m[38;2;224;224;224m▄[48;2;225;225;225m[38;2;224;224;224m▄[48;2;225;225;225m[38;2;225;225;225m▄[48;2;223;223;222m[38;2;231;228;233m▄[48;2;223;224;223m[38;2;231;227;232m▄[48;2;223;223;222m[38;2;232;228;232m▄[48;2;224;224;224m[38;2;223;224;223m▄[48;2;223;223;223m[38;2;223;223;223m▄[48;2;223;223;223m[38;2;222;223;222m▄[48;2;222;223;222m[38;2;227;225;228m▄[48;2;221;222;221m[38;2;230;226;232m▄[48;2;222;222;222m[38;2;224;223;224m▄[48;2;222;222;222m[38;2;221;221;221m▄[48;2;221;221;221m[38;2;221;221;221m▄[48;2;221;221;221m[38;2;220;220;220m▄[48;2;220;220;220m[38;2;219;219;219m▄[48;2;217;217;217m[38;2;217;217;217m▄[48;2;217;217;217m[38;2;216;216;216m▄[48;2;216;216;216m[38;2;216;216;216m▄[48;2;216;216;216m[38;2;216;216;216m▄[48;2;216;216;216m[38;2;216;216;216m▄[48;2;216;216;216m[38;2;215;215;215m▄[48;2;215;215;215m[38;2;215;215;215m▄[48;2;215;215;215m[38;2;215;215;215m▄[48;2;214;214;215m[38;2;214;214;214m▄[48;2;213;213;213m[38;2;214;213;214m▄[48;2;213;213;213m[38;2;212;212;212m▄[48;2;211;211;211m[38;2;211;211;211m▄[48;2;211;211;211m[38;2;211;211;211m▄[48;2;210;210;210m[38;2;210;210;210m▄[48;2;210;210;210m[38;2;210;210;210m▄[48;2;210;210;210m[38;2;210;210;210m▄[48;2;210;210;210m[38;2;209;209;209m▄[48;2;209;209;209m[38;2;208;208;209m▄[48;2;208;208;208m[38;2;208;208;208m▄[48;2;208;208;208m[38;2;208;208;208m▄[48;2;207;207;207m[38;2;207;207;207m▄[48;2;207;207;207m[38;2;207;207;207m▄[48;2;206;206;206m[38;2;207;207;207m▄[0m
[48;2;218;218;218m[38;2;217;217;217m▄[48;2;218;218;218m[38;2;218;218;218m▄[48;2;220;220;220m[38;2;219;219;219m▄[48;2;221;221;221m[38;2;221;221;221m▄[48;2;221;221;221m[38;2;221;221;221m▄[48;2;222;222;222m[38;2;222;222;222m▄[48;2;223;223;223m[38;2;223;223;223m▄[48;2;223;223;223m[38;2;223;223;223m▄[48;2;223;223;223m[38;2;224;224;224m▄[48;2;224;224;224m[38;2;224;224;224m▄[48;2;224;224;224m[38;2;224;224;224m▄[48;2;225;225;225m[38;2;224;224;224m▄[48;2;225;225;225m[38;2;225;225;225m▄[48;2;224;224;224m[38;2;224;224;224m▄[48;2;225;225;225m[38;2;224;224;224m▄[48;2;225;225;225m[38;2;224;224;224m▄[48;2;225;225;225m[38;2;224;224;224m▄[48;2;224;224;224m[38;2;224;224;224m▄[48;2;225;225;225m[38;2;225;225;225m▄[48;2;225;225;225m[38;2;224;224;224m▄[48;2;225;225;225m[38;2;224;224;224m▄[48;2;224;224;224m[38;2;225;225;225m▄[48;2;224;224;224m[38;2;224;224;224m▄[48;2;225;225;225m[38;2;225;225;225m▄[48;2;225;225;225m[38;2;225;225;225m▄[48;2;224;225;224m[38;2;224;224;224m▄[48;2;225;225;225m[38;2;225;225;225m▄[48;2;224;224;225m[38;2;219;221;221m▄[48;2;159;189;151m[38;2;139;183;119m▄[48;2;159;190;151m[38;2;151;194;97m▄[48;2;187;203;187m[38;2;132;178;89m▄[48;2;227;225;228m[38;2;148;180;136m▄[48;2;223;223;223m[38;2;231;228;232m▄[48;2;230;227;231m[38;2;196;207;197m▄[48;2;187;203;185m[38;2;117;169;84m▄[48;2;145;181;132m[38;2;108;163;80m▄[48;2;214;217;214m[38;2;199;207;200m▄[48;2;224;223;224m[38;2;222;221;222m▄[48;2;220;221;220m[38;2;219;220;219m▄[48;2;220;220;220m[38;2;219;219;219m▄[48;2;218;218;218m[38;2;217;217;217m▄[48;2;217;217;217m[38;2;217;217;217m▄[48;2;217;217;217m[38;2;217;217;217m▄[48;2;216;216;216m[38;2;216;216;216m▄[48;2;216;216;216m[38;2;216;216;216m▄[48;2;216;216;216m[38;2;216;216;216m▄[48;2;215;215;215m[38;2;215;215;215m▄[48;2;215;215;215m[38;2;215;215;215m▄[48;2;215;215;215m[38;2;215;215;215m▄[48;2;215;215;214m[38;2;214;214;214m▄[48;2;214;213;214m[38;2;213;213;213m▄[48;2;212;212;213m[38;2;212;212;212m▄[48;2;212;212;212m[38;2;212;212;212m▄[48;2;210;210;211m[38;2;211;211;211m▄[48;2;210;210;210m[38;2;210;210;210m▄[48;2;210;210;210m[38;2;210;210;210m▄[48;2;210;210;210m[38;2;210;210;210m▄[48;2;209;209;209m[38;2;210;210;210m▄[48;2;209;209;209m[38;2;208;208;208m▄[48;2;208;208;208m[38;2;208;208;208m▄[48;2;208;208;208m[38;2;208;208;208m▄[48;2;208;208;208m[38;2;207;207;207m▄[48;2;207;207;207m[38;2;207;207;207m▄[48;2;207;207;207m[38;2;207;207;207m▄[0m
[48;2;217;217;217m[38;2;217;217;217m▄[48;2;217;217;217m[38;2;217;217;217m▄[48;2;218;218;218m[38;2;217;217;217m▄[48;2;219;219;219m[38;2;218;218;218m▄[48;2;221;221;221m[38;2;220;220;220m▄[48;2;221;221;221m[38;2;221;221;221m▄[48;2;222;222;222m[38;2;222;222;222m▄[48;2;223;223;223m[38;2;222;222;222m▄[48;2;223;223;223m[38;2;223;223;223m▄[48;2;224;224;224m[38;2;223;223;223m▄[48;2;224;224;224m[38;2;224;224;224m▄[48;2;224;224;224m[38;2;224;224;224m▄[48;2;224;224;224m[38;2;224;224;224m▄[48;2;225;225;225m[38;2;224;224;224m▄[48;2;224;224;224m[38;2;224;224;224m▄[48;2;224;224;224m[38;2;224;224;224m▄[48;2;224;224;224m[38;2;224;224;224m▄[48;2;224;224;224m[38;2;224;224;224m▄[48;2;224;224;224m[38;2;224;224;224m▄[48;2;224;224;224m[38;2;224;224;224m▄[48;2;224;224;224m[38;2;224;224;224m▄[48;2;225;225;225m[38;2;224;224;224m▄[48;2;224;224;224m[38;2;224;224;224m▄[48;2;224;224;224m[38;2;224;224;224m▄[48;2;224;224;224m[38;2;224;224;224m▄[48;2;224;224;224m[38;2;224;224;224m▄[48;2;223;223;222m[38;2;223;223;222m▄[48;2;230;228;232m[38;2;229;226;228m▄[48;2;150;183;142m[38;2;201;214;206m▄[48;2;141;184;82m[38;2;123;178;96m▄[48;2;140;186;84m[38;2;124;181;73m▄[48;2;123;175;69m[38;2;111;165;71m▄[48;2;165;187;160m[38;2;105;159;77m▄[48;2;133;173;117m[38;2;101;152;89m▄[48;2;127;168;106m[38;2;159;182;156m▄[48;2;203;203;208m[38;2;156;184;144m▄[48;2;217;213;219m[38;2;154;182;144m▄[48;2;224;221;224m[38;2;178;195;178m▄[48;2;219;219;219m[38;2;222;220;224m▄[48;2;219;219;219m[38;2;222;221;222m▄[48;2;218;218;218m[38;2;217;217;217m▄[48;2;217;217;217m[38;2;217;217;217m▄[48;2;216;216;216m[38;2;216;216;216m▄[48;2;216;216;216m[38;2;216;216;216m▄[48;2;216;216;216m[38;2;217;217;217m▄[48;2;216;216;216m[38;2;216;216;216m▄[48;2;215;215;215m[38;2;215;215;215m▄[48;2;215;215;215m[38;2;215;215;215m▄[48;2;214;214;214m[38;2;214;214;214m▄[48;2;214;214;214m[38;2;213;213;213m▄[48;2;214;214;214m[38;2;213;213;213m▄[48;2;212;212;212m[38;2;212;212;212m▄[48;2;211;211;211m[38;2;211;211;211m▄[48;2;211;211;211m[38;2;210;210;210m▄[48;2;210;210;210m[38;2;210;210;210m▄[48;2;210;210;210m[38;2;211;211;211m▄[48;2;210;210;210m[38;2;210;210;210m▄[48;2;209;209;209m[38;2;208;208;208m▄[48;2;208;208;208m[38;2;208;208;208m▄[48;2;208;208;208m[38;2;208;208;208m▄[48;2;207;207;207m[38;2;207;207;207m▄[48;2;207;207;207m[38;2;207;207;207m▄[48;2;207;207;207m[38;2;206;206;206m▄[48;2;206;206;206m[38;2;205;205;205m▄[0m
[48;2;216;216;216m[38;2;216;216;216m▄[48;2;217;217;217m[38;2;216;216;216m▄[48;2;217;217;217m[38;2;217;217;217m▄[48;2;218;218;218m[38;2;218;218;218m▄[48;2;219;219;219m[38;2;218;218;218m▄[48;2;221;221;221m[38;2;219;219;219m▄[48;2;221;221;221m[38;2;220;220;220m▄[48;2;222;222;222m[38;2;221;221;221m▄[48;2;223;223;223m[38;2;222;222;222m▄[48;2;223;223;223m[38;2;222;222;222m▄[48;2;223;223;223m[38;2;222;222;222m▄[48;2;223;223;223m[38;2;223;223;223m▄[48;2;224;224;224m[38;2;223;223;223m▄[48;2;224;224;224m[38;2;223;223;223m▄[48;2;224;224;224m[38;2;223;223;223m▄[48;2;224;224;224m[38;2;224;224;224m▄[48;2;224;224;224m[38;2;224;224;224m▄[48;2;224;224;224m[38;2;224;224;224m▄[48;2;224;224;224m[38;2;224;224;224m▄[48;2;224;224;225m[38;2;223;223;224m▄[48;2;224;224;224m[38;2;224;224;224m▄[48;2;224;224;224m[38;2;224;224;224m▄[48;2;224;224;224m[38;2;223;223;224m▄[48;2;224;224;224m[38;2;223;223;223m▄[48;2;224;224;224m[38;2;223;222;223m▄[48;2;223;223;223m[38;2;224;225;225m▄[48;2;225;226;225m[38;2;222;221;222m▄[48;2;223;230;228m[38;2;209;149;162m▄[48;2;225;204;211m[38;2;219;139;151m▄[48;2;185;167;163m[38;2;230;138;151m▄[48;2;119;154;95m[38;2;219;119;139m▄[48;2;93;164;80m[38;2;188;120;129m▄[48;2;63;136;52m[38;2;172;134;125m▄[48;2;79;143;71m[38;2;102;149;81m▄[48;2;114;167;84m[38;2;94;164;66m▄[48;2;126;178;80m[38;2;117;177;71m▄[48;2;142;187;92m[38;2;130;184;72m▄[48;2;142;186;99m[38;2;127;179;69m▄[48;2;136;174;120m[38;2;118;164;98m▄[48;2;207;212;208m[38;2;198;203;199m▄[48;2;220;219;220m[38;2;219;217;218m▄[48;2;216;217;216m[38;2;216;216;216m▄[48;2;216;216;216m[38;2;216;216;216m▄[48;2;216;216;216m[38;2;216;216;216m▄[48;2;216;216;216m[38;2;215;215;215m▄[48;2;215;215;215m[38;2;215;215;215m▄[48;2;215;215;215m[38;2;215;215;215m▄[48;2;214;214;214m[38;2;214;214;214m▄[48;2;214;214;214m[38;2;213;213;214m▄[48;2;212;212;212m[38;2;213;212;213m▄[48;2;212;212;212m[38;2;212;212;212m▄[48;2;212;212;212m[38;2;212;212;212m▄[48;2;211;211;211m[38;2;211;211;211m▄[48;2;210;210;210m[38;2;210;210;210m▄[48;2;210;210;210m[38;2;210;210;210m▄[48;2;210;210;210m[38;2;210;210;210m▄[48;2;209;209;209m[38;2;209;209;209m▄[48;2;208;208;208m[38;2;208;208;208m▄[48;2;208;208;208m[38;2;208;208;208m▄[48;2;208;208;208m[38;2;208;208;208m▄[48;2;207;207;207m[38;2;207;207;207m▄[48;2;207;207;207m[38;2;206;206;206m▄[48;2;206;206;206m[38;2;206;206;206m▄[48;2;205;205;205m[38;2;205;205;205m▄[0m
[48;2;216;216;216m[38;2;216;216;216m▄[48;2;216;216;216m[38;2;216;216;216m▄[48;2;216;216;216m[38;2;216;216;216m▄[48;2;217;217;217m[38;2;216;216;216m▄[48;2;217;217;217m[38;2;217;217;217m▄[48;2;218;218;218m[38;2;217;217;217m▄[48;2;219;219;220m[38;2;218;218;218m▄[48;2;221;221;221m[38;2;220;220;220m▄[48;2;221;221;221m[38;2;221;221;221m▄[48;2;222;222;222m[38;2;221;221;221m▄[48;2;222;222;222m[38;2;221;221;221m▄[48;2;222;222;222m[38;2;222;222;222m▄[48;2;223;223;223m[38;2;222;222;222m▄[48;2;223;223;223m[38;2;222;222;222m▄[48;2;223;223;223m[38;2;223;223;223m▄[48;2;224;224;224m[38;2;222;222;222m▄[48;2;223;223;223m[38;2;223;223;223m▄[48;2;223;223;223m[38;2;223;223;223m▄[48;2;224;224;224m[38;2;223;223;223m▄[48;2;224;224;224m[38;2;223;223;223m▄[48;2;223;223;223m[38;2;223;223;223m▄[48;2;223;223;224m[38;2;223;223;223m▄[48;2;223;223;224m[38;2;223;223;223m▄[48;2;223;223;223m[38;2;222;221;221m▄[48;2;223;222;223m[38;2;225;231;230m▄[48;2;224;228;228m[38;2;214;184;192m▄[48;2;208;147;160m[38;2;220;138;152m▄[48;2;226;144;155m[38;2;233;151;159m▄[48;2;232;147;157m[38;2;228;129;141m▄[48;2;223;119;133m[38;2;212;98;120m▄[48;2;212;101;120m[38;2;221;141;155m▄[48;2;230;140;157m[38;2;233;150;158m▄[48;2;243;151;166m[38;2;223;128;139m▄[48;2;222;134;142m[38;2;230;132;145m▄[48;2;176;151;125m[38;2;239;134;153m▄[48;2;148;161;105m[38;2;247;154;169m▄[48;2;135;158;103m[38;2;216;145;161m▄[48;2;149;175;146m[38;2;205;202;210m▄[48;2;196;195;198m[38;2;206;206;206m▄[48;2;207;205;207m[38;2;211;211;211m▄[48;2;213;213;213m[38;2;217;217;217m▄[48;2;216;216;216m[38;2;216;216;215m▄[48;2;217;217;217m[38;2;216;216;217m▄[48;2;216;216;216m[38;2;215;215;215m▄[48;2;216;216;216m[38;2;216;216;215m▄[48;2;216;216;216m[38;2;217;217;217m▄[48;2;215;215;215m[38;2;214;214;214m▄[48;2;214;214;214m[38;2;214;214;214m▄[48;2;214;214;214m[38;2;214;214;214m▄[48;2;213;213;213m[38;2;212;212;213m▄[48;2;213;213;213m[38;2;211;211;211m▄[48;2;212;212;212m[38;2;211;211;211m▄[48;2;211;211;211m[38;2;210;210;210m▄[48;2;211;211;211m[38;2;210;210;210m▄[48;2;211;211;211m[38;2;211;211;211m▄[48;2;210;210;210m[38;2;209;209;209m▄[48;2;210;210;210m[38;2;209;209;209m▄[48;2;208;209;209m[38;2;208;208;208m▄[48;2;208;208;208m[38;2;208;208;208m▄[48;2;208;208;208m[38;2;207;207;207m▄[48;2;207;207;207m[38;2;207;207;207m▄[48;2;207;207;207m[38;2;207;207;207m▄[48;2;207;207;207m[38;2;206;206;206m▄[48;2;205;205;205m[38;2;205;205;205m▄[0m
[48;2;216;216;216m[38;2;216;216;216m▄[48;2;216;216;216m[38;2;216;216;216m▄[48;2;216;216;216m[38;2;216;216;216m▄[48;2;216;216;216m[38;2;216;216;216m▄[48;2;216;216;216m[38;2;216;216;216m▄[48;2;217;217;217m[38;2;217;217;217m▄[48;2;217;217;217m[38;2;217;217;217m▄[48;2;218;218;218m[38;2;218;218;218m▄[48;2;219;219;219m[38;2;218;218;218m▄[48;2;219;219;219m[38;2;219;219;219m▄[48;2;220;220;220m[38;2;219;219;219m▄[48;2;221;221;221m[38;2;220;220;220m▄[48;2;221;221;221m[38;2;220;220;220m▄[48;2;221;221;221m[38;2;221;221;221m▄[48;2;221;221;221m[38;2;221;221;221m▄[48;2;222;222;222m[38;2;221;221;221m▄[48;2;222;222;222m[38;2;221;221;221m▄[48;2;222;222;222m[38;2;221;221;221m▄[48;2;222;222;222m[38;2;221;221;222m▄[48;2;222;222;222m[38;2;222;222;222m▄[48;2;223;223;223m[38;2;222;222;222m▄[48;2;223;223;223m[38;2;221;222;222m▄[48;2;222;222;222m[38;2;221;221;221m▄[48;2;222;221;221m[38;2;222;222;221m▄[48;2;224;230;229m[38;2;220;222;223m▄[48;2;208;150;165m[38;2;209;142;157m▄[48;2;230;152;162m[38;2;232;149;158m▄[48;2;226;131;144m[38;2;229;132;145m▄[48;2;229;132;145m[38;2;227;131;143m▄[48;2;219;123;138m[38;2;229;144;154m▄[48;2;231;151;161m[38;2;230;135;148m▄[48;2;227;130;141m[38;2;227;133;145m▄[48;2;228;136;147m[38;2;228;134;146m▄[48;2;229;134;145m[38;2;229;129;142m▄[48;2;223;127;138m[38;2;231;139;150m▄[48;2;231;154;160m[38;2;226;146;153m▄[48;2;207;103;119m[38;2;217;103;120m▄[48;2;200;149;157m[38;2;207;111;128m▄[48;2;215;223;221m[38;2;208;207;208m▄[48;2;217;215;216m[38;2;217;216;216m▄[48;2;218;219;220m[38;2;215;211;206m▄[48;2;216;217;218m[38;2;214;206;196m▄[48;2;216;215;213m[38;2;214;204;192m▄[48;2;215;215;215m[38;2;212;200;183m▄[48;2;215;217;219m[38;2;212;203;190m▄[48;2;214;214;214m[38;2;215;216;216m▄[48;2;214;214;214m[38;2;215;215;214m▄[48;2;214;214;214m[38;2;214;214;214m▄[48;2;213;213;214m[38;2;213;213;213m▄[48;2;212;211;213m[38;2;212;212;213m▄[48;2;211;211;211m[38;2;211;211;211m▄[48;2;211;211;211m[38;2;210;210;210m▄[48;2;210;210;210m[38;2;210;210;210m▄[48;2;210;210;210m[38;2;210;210;210m▄[48;2;210;210;210m[38;2;210;210;210m▄[48;2;210;210;210m[38;2;210;210;210m▄[48;2;209;209;209m[38;2;209;209;209m▄[48;2;209;209;209m[38;2;209;209;209m▄[48;2;208;208;208m[38;2;208;208;208m▄[48;2;207;207;207m[38;2;207;207;207m▄[48;2;207;207;207m[38;2;207;207;207m▄[48;2;207;207;207m[38;2;207;207;207m▄[48;2;206;206;206m[38;2;205;205;205m▄[48;2;204;204;205m[38;2;204;204;204m▄[0m
[48;2;215;215;215m[38;2;215;214;215m▄[48;2;216;216;216m[38;2;215;215;215m▄[48;2;216;216;216m[38;2;216;216;216m▄[48;2;216;216;216m[38;2;216;216;216m▄[48;2;216;216;216m[38;2;216;216;216m▄[48;2;216;216;216m[38;2;216;216;216m▄[48;2;216;216;216m[38;2;216;216;216m▄[48;2;217;217;217m[38;2;216;216;216m▄[48;2;217;217;217m[38;2;217;217;217m▄[48;2;218;218;218m[38;2;217;217;217m▄[48;2;218;218;218m[38;2;217;217;217m▄[48;2;218;218;218m[38;2;217;217;217m▄[48;2;219;219;219m[38;2;218;218;218m▄[48;2;219;219;219m[38;2;218;218;218m▄[48;2;220;220;220m[38;2;219;219;219m▄[48;2;221;221;221m[38;2;219;219;219m▄[48;2;221;221;221m[38;2;220;220;220m▄[48;2;221;221;221m[38;2;220;220;220m▄[48;2;221;221;221m[38;2;220;220;220m▄[48;2;222;222;222m[38;2;221;221;221m▄[48;2;222;222;222m[38;2;221;221;221m▄[48;2;221;221;221m[38;2;220;220;220m▄[48;2;221;221;221m[38;2;220;220;220m▄[48;2;221;221;221m[38;2;220;218;218m▄[48;2;220;222;222m[38;2;222;229;228m▄[48;2;207;136;149m[38;2;204;149;159m▄[48;2;228;138;148m[38;2;203;94;112m▄[48;2;220;120;134m[38;2;214;113;127m▄[48;2;228;134;145m[38;2;229;132;143m▄[48;2;227;134;146m[38;2;225;129;141m▄[48;2;228;133;146m[38;2;226;130;142m▄[48;2;228;136;147m[38;2;227;131;143m▄[48;2;227;131;143m[38;2;226;131;143m▄[48;2;227;129;141m[38;2;224;130;142m▄[48;2;231;140;151m[38;2;226;131;143m▄[48;2;227;131;143m[38;2;226;125;139m▄[48;2;226;113;129m[38;2;219;100;119m▄[48;2;205;107;126m[38;2;195;122;138m▄[48;2;201;198;200m[38;2;201;207;207m▄[48;2;216;215;211m[38;2;214;212;213m▄[48;2;216;212;206m[38;2;215;216;217m▄[48;2;215;213;212m[38;2;215;215;216m▄[48;2;215;216;216m[38;2;214;213;212m▄[48;2;214;214;216m[38;2;213;215;216m▄[48;2;208;195;179m[38;2;212;211;210m▄[48;2;211;203;191m[38;2;206;193;173m▄[48;2;215;216;218m[38;2;214;215;218m▄[48;2;213;212;212m[38;2;213;213;213m▄[48;2;212;212;212m[38;2;215;215;215m▄[48;2;212;212;212m[38;2;216;216;216m▄[48;2;211;211;211m[38;2;214;214;214m▄[48;2;210;210;210m[38;2;212;212;212m▄[48;2;210;210;210m[38;2;210;210;210m▄[48;2;211;211;211m[38;2;211;211;211m▄[48;2;210;210;210m[38;2;210;210;210m▄[48;2;210;210;210m[38;2;209;209;209m▄[48;2;208;208;208m[38;2;208;208;208m▄[48;2;208;208;209m[38;2;208;208;208m▄[48;2;208;208;208m[38;2;207;207;207m▄[48;2;207;207;207m[38;2;206;206;207m▄[48;2;206;206;206m[38;2;206;206;206m▄[48;2;206;206;206m[38;2;205;205;206m▄[48;2;204;204;204m[38;2;204;204;204m▄[48;2;204;204;204m[38;2;204;204;204m▄[0m
[48;2;215;215;215m[38;2;215;215;215m▄[48;2;215;215;215m[38;2;215;215;215m▄[48;2;215;215;215m[38;2;215;215;215m▄[48;2;216;216;216m[38;2;215;215;215m▄[48;2;216;216;216m[38;2;215;215;215m▄[48;2;216;216;216m[38;2;216;216;216m▄[48;2;216;216;216m[38;2;216;216;216m▄[48;2;216;216;216m[38;2;216;216;216m▄[48;2;216;216;216m[38;2;216;216;216m▄[48;2;216;216;216m[38;2;216;216;216m▄[48;2;216;216;216m[38;2;216;216;216m▄[48;2;217;217;217m[38;2;217;217;217m▄[48;2;217;217;217m[38;2;217;217;217m▄[48;2;217;217;217m[38;2;217;217;217m▄[48;2;217;217;217m[38;2;217;217;217m▄[48;2;219;219;219m[38;2;217;217;217m▄[48;2;219;219;219m[38;2;217;217;217m▄[48;2;218;218;218m[38;2;218;217;217m▄[48;2;219;219;219m[38;2;218;217;217m▄[48;2;219;217;218m[38;2;218;225;224m▄[48;2;220;218;218m[38;2;217;223;223m▄[48;2;219;219;219m[38;2;218;216;217m▄[48;2;218;220;220m[38;2;217;211;212m▄[48;2;218;219;219m[38;2;217;214;214m▄[48;2;220;219;219m[38;2;217;222;221m▄[48;2;214;211;212m[38;2;220;233;231m▄[48;2;198;114;131m[38;2;203;155;166m▄[48;2;225;112;129m[38;2;219;99;120m▄[48;2;224;119;133m[38;2;223;108;125m▄[48;2;228;133;145m[38;2;212;109;124m▄[48;2;225;128;141m[38;2;228;137;148m▄[48;2;228;132;143m[38;2;228;125;138m▄[48;2;227;132;144m[38;2;228;124;139m▄[48;2;225;132;143m[38;2;221;120;134m▄[48;2;222;126;138m[38;2;216;106;122m▄[48;2;208;91;110m[38;2;210;79;103m▄[48;2;193;91;111m[38;2;190;116;133m▄[48;2;190;180;183m[38;2;196;210;207m▄[48;2;204;207;207m[38;2;209;199;199m▄[48;2;215;220;220m[38;2;216;186;189m▄[48;2;215;216;216m[38;2;215;210;211m▄[48;2;215;215;215m[38;2;218;221;222m▄[48;2;216;217;219m[38;2;206;199;188m▄[48;2;216;217;220m[38;2;197;180;156m▄[48;2;207;195;177m[38;2;205;192;177m▄[48;2;208;199;186m[38;2;212;212;212m▄[48;2;211;213;216m[38;2;208;206;202m▄[48;2;213;212;212m[38;2;212;212;214m▄[48;2;214;214;214m[38;2;210;210;210m▄[48;2;212;212;213m[38;2;211;211;211m▄[48;2;210;210;210m[38;2;210;210;210m▄[48;2;209;209;209m[38;2;212;212;212m▄[48;2;210;210;210m[38;2;211;211;211m▄[48;2;211;211;211m[38;2;210;209;210m▄[48;2;209;209;209m[38;2;208;208;209m▄[48;2;208;208;208m[38;2;208;208;208m▄[48;2;208;208;208m[38;2;208;208;207m▄[48;2;208;208;208m[38;2;208;207;208m▄[48;2;207;207;208m[38;2;207;207;207m▄[48;2;206;206;206m[38;2;207;207;206m▄[48;2;206;206;206m[38;2;205;205;205m▄[48;2;204;204;205m[38;2;204;204;204m▄[48;2;204;204;204m[38;2;204;204;204m▄[48;2;203;203;203m[38;2;203;203;203m▄[0m
[48;2;214;214;214m[38;2;214;214;214m▄[48;2;214;214;214m[38;2;215;215;215m▄[48;2;215;215;215m[38;2;214;214;214m▄[48;2;215;215;215m[38;2;214;214;214m▄[48;2;215;215;215m[38;2;215;215;215m▄[48;2;215;215;215m[38;2;215;215;215m▄[48;2;215;215;215m[38;2;215;215;215m▄[48;2;216;216;216m[38;2;215;215;215m▄[48;2;216;216;216m[38;2;215;215;215m▄[48;2;216;216;216m[38;2;216;216;216m▄[48;2;217;217;217m[38;2;217;217;217m▄[48;2;217;217;217m[38;2;216;216;216m▄[48;2;217;217;217m[38;2;216;216;216m▄[48;2;216;216;216m[38;2;216;216;216m▄[48;2;217;217;217m[38;2;216;216;216m▄[48;2;217;217;217m[38;2;217;217;217m▄[48;2;217;217;217m[38;2;216;216;216m▄[48;2;216;218;217m[38;2;220;220;219m▄[48;2;217;219;219m[38;2;229;172;179m▄[48;2;217;181;185m[38;2;232;166;174m▄[48;2;222;160;167m[38;2;226;149;157m▄[48;2;227;156;161m[38;2;219;129;138m▄[48;2;227;158;164m[38;2;218;121;131m▄[48;2;228;160;166m[38;2;224;135;146m▄[48;2;220;157;161m[38;2;239;171;180m▄[48;2;218;203;204m[38;2;221;134;144m▄[48;2;211;206;209m[38;2;217;210;211m▄[48;2;197;98;118m[38;2;207;199;203m▄[48;2;218;93;113m[38;2;193;129;143m▄[48;2;202;81;103m[38;2;193;107;125m▄[48;2;224;126;139m[38;2;195;134;145m▄[48;2;224;140;150m[38;2;218;151;157m▄[48;2;212;116;132m[38;2;218;145;151m▄[48;2;215;94;113m[38;2;199;125;139m▄[48;2;217;89;110m[38;2;189;113;130m▄[48;2;198;83;106m[38;2;188;168;173m▄[48;2;188;172;178m[38;2;200;211;209m▄[48;2;203;193;194m[38;2;214;145;153m▄[48;2;224;146;153m[38;2;236;165;173m▄[48;2;237;160;165m[38;2;222;154;163m▄[48;2;221;163;170m[38;2;217;139;147m▄[48;2;202;199;188m[38;2;201;196;187m▄[48;2;199;191;172m[38;2;214;174;179m▄[48;2;210;210;210m[38;2;222;149;155m▄[48;2;210;216;220m[38;2;215;191;193m▄[48;2;206;202;195m[38;2;206;203;196m▄[48;2;207;203;193m[38;2;210;207;207m▄[48;2;216;217;220m[38;2;213;213;214m▄[48;2;212;211;211m[38;2;210;210;210m▄[48;2;211;211;210m[38;2;210;210;210m▄[48;2;210;210;211m[38;2;210;210;210m▄[48;2;213;213;213m[38;2;209;209;209m▄[48;2;211;211;211m[38;2;209;209;209m▄[48;2;209;209;210m[38;2;209;208;209m▄[48;2;209;209;210m[38;2;209;208;209m▄[48;2;208;208;209m[38;2;208;208;208m▄[48;2;207;207;207m[38;2;207;207;207m▄[48;2;207;207;207m[38;2;207;207;208m▄[48;2;207;207;207m[38;2;206;206;206m▄[48;2;207;207;207m[38;2;206;206;206m▄[48;2;205;205;205m[38;2;205;205;205m▄[48;2;204;204;204m[38;2;204;204;204m▄[48;2;203;203;203m[38;2;203;203;203m▄[48;2;203;203;203m[38;2;203;203;203m▄[0m
[48;2;214;214;214m[38;2;213;213;213m▄[48;2;214;214;214m[38;2;214;214;214m▄[48;2;214;214;214m[38;2;214;214;214m▄[48;2;214;214;215m[38;2;214;214;214m▄[48;2;215;215;215m[38;2;215;215;215m▄[48;2;215;215;215m[38;2;214;214;214m▄[48;2;215;215;215m[38;2;214;214;214m▄[48;2;215;215;215m[38;2;215;215;215m▄[48;2;215;215;215m[38;2;215;215;215m▄[48;2;215;215;215m[38;2;215;215;215m▄[48;2;216;216;216m[38;2;216;216;216m▄[48;2;216;216;216m[38;2;216;216;216m▄[48;2;216;216;216m[38;2;216;216;216m▄[48;2;217;217;217m[38;2;217;217;217m▄[48;2;217;217;217m[38;2;217;216;217m▄[48;2;217;216;216m[38;2;217;220;219m▄[48;2;216;220;219m[38;2;215;203;204m▄[48;2;236;194;199m[38;2;218;144;153m▄[48;2;243;204;208m[38;2;235;187;194m▄[48;2;213;137;146m[38;2;193;88;105m▄[48;2;205;90;105m[38;2;219;138;151m▄[48;2;238;174;183m[38;2;232;167;177m▄[48;2;216;127;138m[38;2;191;100;115m▄[48;2;201;114;124m[38;2;205;129;141m▄[48;2;233;168;178m[38;2;243;185;193m▄[48;2;232;157;166m[38;2;208;115;130m▄[48;2;205;170;174m[38;2;201;111;124m▄[48;2;212;216;216m[38;2;217;143;154m▄[48;2;209;211;210m[38;2;210;124;137m▄[48;2;203;220;217m[38;2;209;143;154m▄[48;2;203;169;173m[38;2;208;137;148m▄[48;2;230;147;155m[38;2;207;106;119m▄[48;2;227;143;152m[38;2;201;108;122m▄[48;2;200;174;176m[38;2;196;141;148m▄[48;2;197;210;206m[38;2;212;136;146m▄[48;2;200;200;199m[38;2;213;138;148m▄[48;2;205;193;194m[38;2;198;115;127m▄[48;2;223;145;154m[38;2;231;160;169m▄[48;2;230;173;179m[38;2;225;167;173m▄[48;2;213;120;132m[38;2;208;122;134m▄[48;2;207;140;150m[38;2;210;129;140m▄[48;2;203;210;208m[38;2;199;157;161m▄[48;2;213;130;139m[38;2;208;125;136m▄[48;2;236;170;177m[38;2;208;111;126m▄[48;2;211;139;147m[38;2;198;156;161m▄[48;2;209;213;213m[38;2;202;209;208m▄[48;2;211;210;211m[38;2;211;209;209m▄[48;2;210;209;210m[38;2;210;209;211m▄[48;2;210;210;210m[38;2;210;210;211m▄[48;2;210;210;210m[38;2;210;210;210m▄[48;2;210;210;210m[38;2;210;210;210m▄[48;2;210;210;209m[38;2;210;209;211m▄[48;2;209;209;208m[38;2;209;208;210m▄[48;2;208;208;208m[38;2;209;209;209m▄[48;2;208;208;208m[38;2;208;208;208m▄[48;2;208;208;208m[38;2;208;208;208m▄[48;2;207;207;207m[38;2;207;207;207m▄[48;2;207;207;207m[38;2;207;207;207m▄[48;2;206;206;206m[38;2;206;206;206m▄[48;2;205;205;205m[38;2;205;204;205m▄[48;2;204;204;204m[38;2;204;203;204m▄[48;2;204;204;204m[38;2;203;203;203m▄[48;2;203;203;203m[38;2;203;203;203m▄[48;2;203;203;203m[38;2;202;202;202m▄[0m
[48;2;211;211;211m[38;2;211;211;211m▄[48;2;212;212;212m[38;2;211;211;211m▄[48;2;213;213;213m[38;2;212;212;213m▄[48;2;214;213;214m[38;2;213;212;213m▄[48;2;214;213;215m[38;2;213;213;214m▄[48;2;214;214;214m[38;2;214;214;214m▄[48;2;214;214;214m[38;2;214;214;214m▄[48;2;215;215;215m[38;2;214;214;214m▄[48;2;215;215;215m[38;2;214;214;214m▄[48;2;215;215;215m[38;2;215;215;215m▄[48;2;215;215;215m[38;2;215;215;215m▄[48;2;215;215;215m[38;2;215;215;215m▄[48;2;215;215;215m[38;2;215;215;215m▄[48;2;216;216;216m[38;2;216;216;216m▄[48;2;215;215;215m[38;2;215;215;215m▄[48;2;216;216;216m[38;2;215;214;214m▄[48;2;216;214;214m[38;2;216;219;218m▄[48;2;197;113;128m[38;2;214;205;207m▄[48;2;196;90;109m[38;2;195;153;162m▄[48;2;183;72;91m[38;2;189;93;111m▄[48;2;231;159;169m[38;2;232;144;158m▄[48;2;217;134;147m[38;2;204;117;134m▄[48;2;200;101;117m[38;2;235;159;170m▄[48;2;229;159;169m[38;2;180;84;103m▄[48;2;203;111;127m[38;2;179;81;101m▄[48;2;189;78;100m[38;2;220;135;149m▄[48;2;232;166;176m[38;2;202;114;130m▄[48;2;199;109;124m[38;2;168;54;78m▄[48;2;240;181;189m[38;2;239;170;180m▄[48;2;208;117;132m[38;2;171;60;84m▄[48;2;195;86;105m[38;2;213;131;146m▄[48;2;239;185;191m[38;2;215;142;154m▄[48;2;185;82;100m[38;2;171;59;83m▄[48;2;216;139;150m[38;2;237;170;181m▄[48;2;219;145;155m[38;2;182;87;107m▄[48;2;218;147;158m[38;2;180;79;99m▄[48;2;203;113;127m[38;2;189;95;114m▄[48;2;234;176;185m[38;2;240;171;183m▄[48;2;210;140;151m[38;2;191;104;121m▄[48;2;219;150;160m[38;2;204;113;127m▄[48;2;237;172;181m[38;2;215;132;144m▄[48;2;180;67;84m[38;2;166;57;80m▄[48;2;232;166;174m[38;2;236;163;172m▄[48;2;216;132;145m[38;2;179;77;96m▄[48;2;185;154;160m[38;2;178;74;94m▄[48;2;203;209;209m[38;2;198;161;167m▄[48;2;210;209;210m[38;2;212;218;217m▄[48;2;211;211;211m[38;2;210;209;209m▄[48;2;210;210;210m[38;2;209;209;209m▄[48;2;210;210;210m[38;2;211;211;211m▄[48;2;210;211;211m[38;2;211;211;211m▄[48;2;208;210;213m[38;2;208;209;211m▄[48;2;208;209;214m[38;2;208;208;213m▄[48;2;208;207;209m[38;2;208;207;210m▄[48;2;208;208;208m[38;2;208;208;208m▄[48;2;208;208;208m[38;2;208;208;207m▄[48;2;207;207;204m[38;2;207;208;202m▄[48;2;207;207;204m[38;2;206;207;204m▄[48;2;205;205;205m[38;2;205;205;206m▄[48;2;204;204;204m[38;2;203;203;204m▄[48;2;204;204;204m[38;2;203;203;203m▄[48;2;203;203;204m[38;2;203;203;203m▄[48;2;203;203;203m[38;2;202;202;202m▄[48;2;203;203;203m[38;2;203;203;203m▄[0m
[48;2;210;210;210m[38;2;210;210;210m▄[48;2;210;211;210m[38;2;210;210;210m▄[48;2;212;211;212m[38;2;210;210;210m▄[48;2;211;211;211m[38;2;210;210;210m▄[48;2;212;212;212m[38;2;211;211;211m▄[48;2;212;212;212m[38;2;212;212;212m▄[48;2;213;213;213m[38;2;212;212;212m▄[48;2;214;214;214m[38;2;213;213;213m▄[48;2;214;214;214m[38;2;213;213;213m▄[48;2;214;214;214m[38;2;214;214;214m▄[48;2;215;215;215m[38;2;214;214;214m▄[48;2;214;214;214m[38;2;214;214;214m▄[48;2;214;214;214m[38;2;214;214;214m▄[48;2;215;215;215m[38;2;214;214;214m▄[48;2;215;215;215m[38;2;214;214;214m▄[48;2;215;215;215m[38;2;214;214;214m▄[48;2;215;213;214m[38;2;213;211;212m▄[48;2;216;223;220m[38;2;209;207;196m▄[48;2;192;177;182m[38;2;184;140;151m▄[48;2;199;93;116m[38;2;203;90;113m▄[48;2;219;124;141m[38;2;200;95;117m▄[48;2;150;43;67m[38;2;170;114;127m▄[48;2;221;125;142m[38;2;178;80;103m▄[48;2;206;116;133m[38;2;237;135;152m▄[48;2;158;66;89m[38;2;165;63;85m▄[48;2;233;137;153m[38;2;186;81;102m▄[48;2;196;97;115m[38;2;213;109;128m▄[48;2;209;118;134m[38;2;177;74;99m▄[48;2;233;136;153m[38;2;214;114;132m▄[48;2;179;81;103m[38;2;183;81;105m▄[48;2;244;163;173m[38;2;190;85;107m▄[48;2;194;95;114m[38;2;205;105;124m▄[48;2;199;111;129m[38;2;168;71;94m▄[48;2;234;138;153m[38;2;197;100;118m▄[48;2;176;87;105m[38;2;207;109;127m▄[48;2;182;99;116m[38;2;182;85;105m▄[48;2;218;127;143m[38;2;181;82;103m▄[48;2;236;141;158m[38;2;197;94;115m▄[48;2;158;47;74m[38;2;154;55;79m▄[48;2;227;131;147m[38;2;192;88;109m▄[48;2;197;103;121m[38;2;199;93;114m▄[48;2;208;121;137m[38;2;172;66;89m▄[48;2;230;134;149m[38;2;206;104;123m▄[48;2;177;79;101m[38;2;182;76;99m▄[48;2;184;82;104m[38;2;174;97;115m▄[48;2;188;150;159m[38;2;193;196;196m▄[48;2;209;216;214m[38;2;203;203;203m▄[48;2;209;207;208m[38;2;209;209;209m▄[48;2;210;210;210m[38;2;208;208;208m▄[48;2;211;211;211m[38;2;208;208;208m▄[48;2;209;209;209m[38;2;208;208;208m▄[48;2;208;208;208m[38;2;208;207;208m▄[48;2;208;207;210m[38;2;211;211;211m▄[48;2;208;208;209m[38;2;209;209;210m▄[48;2;208;208;208m[38;2;207;207;205m▄[48;2;208;208;206m[38;2;207;207;204m▄[48;2;206;208;202m[38;2;206;207;203m▄[48;2;203;207;202m[38;2;203;205;202m▄[48;2;205;206;205m[38;2;202;204;204m▄[48;2;203;203;204m[38;2;202;202;204m▄[48;2;202;202;203m[38;2;203;202;203m▄[48;2;202;202;202m[38;2;202;202;202m▄[48;2;202;202;202m[38;2;202;202;202m▄[48;2;203;203;203m[38;2;202;202;201m▄[0m
[48;2;210;210;210m[38;2;209;209;209m▄[48;2;210;210;210m[38;2;209;209;209m▄[48;2;210;210;210m[38;2;210;210;210m▄[48;2;210;210;210m[38;2;210;210;210m▄[48;2;210;210;210m[38;2;210;210;210m▄[48;2;211;211;211m[38;2;210;210;210m▄[48;2;211;211;211m[38;2;210;210;210m▄[48;2;211;211;211m[38;2;210;210;210m▄[48;2;212;212;212m[38;2;210;210;210m▄[48;2;213;213;213m[38;2;211;211;211m▄[48;2;213;213;214m[38;2;211;211;211m▄[48;2;213;213;213m[38;2;211;211;211m▄[48;2;214;214;214m[38;2;211;211;211m▄[48;2;214;214;214m[38;2;211;211;212m▄[48;2;213;213;213m[38;2;212;212;211m▄[48;2;214;215;216m[38;2;212;212;212m▄[48;2;208;204;200m[38;2;212;211;211m▄[48;2;202;194;180m[38;2;193;178;160m▄[48;2;206;190;198m[38;2;207;204;195m▄[48;2;167;67;90m[38;2;203;185;185m▄[48;2;169;63;90m[38;2;188;161;159m▄[48;2;191;183;188m[38;2;188;178;162m▄[48;2;172;113;122m[38;2;204;192;182m▄[48;2;193;82;104m[38;2;163;81;101m▄[48;2;233;131;148m[38;2;191;78;101m▄[48;2;153;45;72m[38;2;235;136;153m▄[48;2;161;66;90m[38;2;194;102;120m▄[48;2;166;75;97m[38;2;162;67;89m▄[48;2;151;42;70m[38;2;178;84;105m▄[48;2;180;114;130m[38;2;180;113;128m▄[48;2;180;119;135m[38;2;177;118;133m▄[48;2;172;85;106m[38;2;177;97;117m▄[48;2;179;110;124m[38;2;177;92;112m▄[48;2;162;66;90m[38;2;182;98;117m▄[48;2;163;66;90m[38;2;179;92;112m▄[48;2;166;71;92m[38;2;179;94;112m▄[48;2;165;63;87m[38;2;188;104;122m▄[48;2;163;69;93m[38;2;182;93;113m▄[48;2;194;175;178m[38;2;186;171;176m▄[48;2;177;113;130m[38;2;200;203;194m▄[48;2;175;102;122m[38;2;191;182;167m▄[48;2;182;130;144m[38;2;189;185;167m▄[48;2;170;91;114m[38;2;195;192;183m▄[48;2;178;115;132m[38;2;193;195;189m▄[48;2;188;184;185m[38;2;193;189;180m▄[48;2;193;195;194m[38;2;203;201;202m▄[48;2;206;205;206m[38;2;207;207;207m▄[48;2;208;208;208m[38;2;207;207;207m▄[48;2;208;207;208m[38;2;208;208;208m▄[48;2;208;208;208m[38;2;207;207;207m▄[48;2;208;208;208m[38;2;207;207;207m▄[48;2;207;207;207m[38;2;206;206;206m▄[48;2;208;208;208m[38;2;206;206;206m▄[48;2;207;207;207m[38;2;205;204;205m▄[48;2;206;206;204m[38;2;204;204;204m▄[48;2;206;206;205m[38;2;203;203;204m▄[48;2;206;206;206m[38;2;203;203;204m▄[48;2;204;204;205m[38;2;203;203;203m▄[48;2;203;202;203m[38;2;203;203;203m▄[48;2;202;202;203m[38;2;202;202;202m▄[48;2;202;202;204m[38;2;202;201;202m▄[48;2;202;202;202m[38;2;201;201;201m▄[48;2;203;203;203m[38;2;202;202;202m▄[48;2;202;202;202m[38;2;202;202;202m▄[0m
[48;2;209;209;209m[38;2;212;212;212m▄[48;2;209;209;209m[38;2;212;212;212m▄[48;2;209;209;209m[38;2;212;212;212m▄[48;2;210;210;210m[38;2;213;213;213m▄[48;2;210;210;210m[38;2;213;213;214m▄[48;2;210;210;210m[38;2;213;213;213m▄[48;2;210;210;210m[38;2;213;213;213m▄[48;2;210;210;210m[38;2;214;213;214m▄[48;2;211;211;211m[38;2;214;214;214m▄[48;2;211;211;211m[38;2;214;214;214m▄[48;2;212;212;212m[38;2;214;214;214m▄[48;2;212;212;212m[38;2;214;214;214m▄[48;2;212;212;212m[38;2;214;214;214m▄[48;2;212;212;212m[38;2;214;214;214m▄[48;2;213;213;213m[38;2;214;214;215m▄[48;2;212;212;212m[38;2;215;215;215m▄[48;2;213;214;215m[38;2;215;215;214m▄[48;2;208;205;202m[38;2;215;216;216m▄[48;2;195;180;163m[38;2;214;216;219m▄[48;2;195;185;168m[38;2;212;213;214m▄[48;2;195;190;177m[38;2;212;213;216m▄[48;2;202;197;194m[38;2;212;213;214m▄[48;2;210;214;215m[38;2;212;211;211m▄[48;2;209;203;204m[38;2;213;215;215m▄[48;2;170;99;117m[38;2;211;212;212m▄[48;2;164;56;81m[38;2;189;155;164m▄[48;2;198;85;107m[38;2;169;103;121m▄[48;2;204;100;120m[38;2;163;84;105m▄[48;2;197;95;116m[38;2;165;87;106m▄[48;2;189;81;104m[38;2;169;100;117m▄[48;2;198;100;120m[38;2;165;79;100m▄[48;2;181;93;111m[38;2;170;71;93m▄[48;2;152;48;73m[38;2;183;79;103m▄[48;2;163;81;100m[38;2;186;89;111m▄[48;2;172;123;134m[38;2;185;87;110m▄[48;2;167;104;119m[38;2;195;94;115m▄[48;2;181;84;105m[38;2;198;97;117m▄[48;2;193;89;112m[38;2;158;57;82m▄[48;2;175;136;146m[38;2;187;175;178m▄[48;2;206;206;199m[38;2;204;208;209m▄[48;2;201;194;190m[38;2;209;209;210m▄[48;2;198;190;182m[38;2;207;209;212m▄[48;2;198;187;171m[38;2;207;208;212m▄[48;2;201;190;175m[38;2;206;208;210m▄[48;2;204;200;197m[38;2;206;207;208m▄[48;2;206;206;207m[38;2;208;207;209m▄[48;2;208;208;208m[38;2;209;208;209m▄[48;2;207;207;207m[38;2;208;208;208m▄[48;2;207;207;207m[38;2;209;209;209m▄[48;2;207;207;207m[38;2;212;211;212m▄[48;2;207;207;207m[38;2;208;208;208m▄[48;2;205;205;205m[38;2;207;207;208m▄[48;2;204;205;204m[38;2;207;207;207m▄[48;2;204;204;203m[38;2;206;206;207m▄[48;2;204;204;203m[38;2;207;206;207m▄[48;2;203;203;203m[38;2;206;206;206m▄[48;2;202;202;202m[38;2;205;205;205m▄[48;2;202;202;202m[38;2;204;204;204m▄[48;2;202;201;203m[38;2;203;203;203m▄[48;2;201;201;202m[38;2;203;203;203m▄[48;2;202;201;202m[38;2;203;203;203m▄[48;2;201;201;201m[38;2;202;202;202m▄[48;2;202;202;202m[38;2;202;202;202m▄[48;2;201;201;201m[38;2;203;203;203m▄[0m
[48;2;214;214;214m[38;2;216;216;216m▄[48;2;215;215;215m[38;2;216;216;216m▄[48;2;216;216;216m[38;2;216;216;216m▄[48;2;215;215;215m[38;2;217;217;217m▄[48;2;215;215;215m[38;2;217;217;217m▄[48;2;215;215;215m[38;2;217;217;217m▄[48;2;216;216;216m[38;2;217;217;217m▄[48;2;216;215;216m[38;2;217;217;217m▄[48;2;216;216;216m[38;2;217;217;217m▄[48;2;215;215;215m[38;2;217;217;217m▄[48;2;215;215;215m[38;2;217;217;217m▄[48;2;216;216;216m[38;2;217;217;217m▄[48;2;215;215;215m[38;2;217;217;217m▄[48;2;216;216;216m[38;2;217;217;217m▄[48;2;216;216;216m[38;2;217;217;217m▄[48;2;216;216;216m[38;2;217;217;217m▄[48;2;216;216;216m[38;2;217;217;217m▄[48;2;216;216;216m[38;2;215;215;215m▄[48;2;216;216;215m[38;2;214;214;215m▄[48;2;216;216;215m[38;2;214;214;214m▄[48;2;216;216;215m[38;2;213;213;213m▄[48;2;217;217;217m[38;2;213;212;213m▄[48;2;217;217;218m[38;2;212;212;212m▄[48;2;216;215;215m[38;2;211;211;211m▄[48;2;210;210;210m[38;2;209;209;209m▄[48;2;203;209;207m[38;2;207;206;206m▄[48;2;197;198;197m[38;2;205;201;203m▄[48;2;189;185;186m[38;2;200;197;197m▄[48;2;185;180;180m[38;2;197;192;194m▄[48;2;184;184;184m[38;2;195;189;191m▄[48;2;184;171;173m[38;2;194;190;191m▄[48;2;171;125;136m[38;2;195;196;195m▄[48;2;161;88;107m[38;2;194;194;194m▄[48;2;164;75;97m[38;2;189;179;181m▄[48;2;166;70;95m[38;2;188;172;175m▄[48;2;162;68;90m[38;2;192;179;182m▄[48;2;159;79;99m[38;2;193;193;192m▄[48;2;181;154;160m[38;2;190;193;192m▄[48;2;189;192;192m[38;2;198;197;198m▄[48;2;202;200;201m[38;2;205;204;204m▄[48;2;209;208;208m[38;2;207;207;207m▄[48;2;210;210;210m[38;2;210;210;210m▄[48;2;213;212;213m[38;2;212;212;212m▄[48;2;210;210;210m[38;2;211;211;211m▄[48;2;209;209;209m[38;2;210;210;210m▄[48;2;210;209;210m[38;2;210;210;210m▄[48;2;210;210;210m[38;2;210;210;210m▄[48;2;209;209;209m[38;2;209;209;209m▄[48;2;213;213;214m[38;2;211;211;211m▄[48;2;211;211;212m[38;2;210;210;211m▄[48;2;209;209;209m[38;2;210;209;210m▄[48;2;210;210;210m[38;2;209;209;209m▄[48;2;208;208;209m[38;2;210;210;209m▄[48;2;208;208;208m[38;2;209;209;209m▄[48;2;208;208;208m[38;2;209;209;210m▄[48;2;208;208;208m[38;2;209;209;209m▄[48;2;208;208;208m[38;2;209;209;209m▄[48;2;206;206;207m[38;2;208;208;208m▄[48;2;211;211;211m[38;2;216;216;216m▄[48;2;214;214;214m[38;2;220;220;220m▄[48;2;206;206;206m[38;2;209;208;209m▄[48;2;205;205;206m[38;2;208;207;208m▄[48;2;205;205;205m[38;2;207;208;207m▄[48;2;204;204;204m[38;2;207;207;207m▄[0m
[48;2;219;219;219m[38;2;223;223;223m▄[48;2;219;219;219m[38;2;224;224;224m▄[48;2;220;220;220m[38;2;224;224;224m▄[48;2;220;220;220m[38;2;224;224;224m▄[48;2;221;221;221m[38;2;224;224;224m▄[48;2;221;221;221m[38;2;224;224;224m▄[48;2;221;221;221m[38;2;224;224;224m▄[48;2;221;221;221m[38;2;224;224;224m▄[48;2;222;222;222m[38;2;224;224;224m▄[48;2;222;222;222m[38;2;224;224;224m▄[48;2;222;222;222m[38;2;224;224;224m▄[48;2;223;223;223m[38;2;224;224;224m▄[48;2;222;222;222m[38;2;224;224;224m▄[48;2;222;222;222m[38;2;224;224;224m▄[48;2;220;220;220m[38;2;224;224;224m▄[48;2;217;217;217m[38;2;222;222;222m▄[48;2;213;213;213m[38;2;219;219;219m▄[48;2;207;207;207m[38;2;215;215;215m▄[48;2;199;199;200m[38;2;209;209;209m▄[48;2;194;194;193m[38;2;204;204;204m▄[48;2;191;191;191m[38;2;203;203;203m▄[48;2;190;190;190m[38;2;203;203;203m▄[48;2;190;190;189m[38;2;201;201;201m▄[48;2;189;188;190m[38;2;195;195;195m▄[48;2;190;189;190m[38;2;190;190;190m▄[48;2;192;193;192m[38;2;187;187;187m▄[48;2;196;196;196m[38;2;185;185;185m▄[48;2;199;199;199m[38;2;185;185;185m▄[48;2;199;199;199m[38;2;185;185;185m▄[48;2;199;199;199m[38;2;186;186;187m▄[48;2;198;197;198m[38;2;187;187;187m▄[48;2;196;195;195m[38;2;186;186;186m▄[48;2;194;193;195m[38;2;185;185;186m▄[48;2;194;195;196m[38;2;186;185;186m▄[48;2;193;196;195m[38;2;185;184;186m▄[48;2;191;193;193m[38;2;185;185;185m▄[48;2;191;191;192m[38;2;185;185;185m▄[48;2;191;190;190m[38;2;186;187;187m▄[48;2;188;188;188m[38;2;190;190;190m▄[48;2;186;186;186m[38;2;193;193;193m▄[48;2;187;187;187m[38;2;194;194;194m▄[48;2;191;190;191m[38;2;194;194;194m▄[48;2;192;192;192m[38;2;196;197;197m▄[48;2;192;192;192m[38;2;194;194;194m▄[48;2;195;196;195m[38;2;196;197;197m▄[48;2;201;201;201m[38;2;202;203;203m▄[48;2;207;207;208m[38;2;209;210;210m▄[48;2;211;211;211m[38;2;213;213;213m▄[48;2;215;215;216m[38;2;215;215;215m▄[48;2;216;216;216m[38;2;215;215;215m▄[48;2;212;212;212m[38;2;215;215;215m▄[48;2;213;213;213m[38;2;215;215;215m▄[48;2;212;212;212m[38;2;215;215;215m▄[48;2;211;211;211m[38;2;214;214;214m▄[48;2;210;210;210m[38;2;213;213;213m▄[48;2;210;210;210m[38;2;213;213;213m▄[48;2;209;209;209m[38;2;212;212;212m▄[48;2;210;210;210m[38;2;212;212;212m▄[48;2;210;210;210m[38;2;211;211;211m▄[48;2;210;210;210m[38;2;210;210;210m▄[48;2;209;209;209m[38;2;210;210;210m▄[48;2;209;209;209m[38;2;210;210;210m▄[48;2;209;209;209m[38;2;210;210;210m▄[48;2;209;209;209m[38;2;210;210;210m▄[0m
[48;2;225;225;225m[38;2;227;227;227m▄[48;2;225;225;225m[38;2;228;228;228m▄[48;2;225;225;225m[38;2;227;227;227m▄[48;2;225;225;225m[38;2;227;227;227m▄[48;2;226;226;226m[38;2;228;228;228m▄[48;2;225;225;225m[38;2;227;227;227m▄[48;2;225;225;225m[38;2;228;228;228m▄[48;2;226;226;226m[38;2;228;228;228m▄[48;2;225;225;225m[38;2;228;228;228m▄[48;2;226;226;226m[38;2;228;228;228m▄[48;2;226;226;226m[38;2;227;227;227m▄[48;2;226;226;226m[38;2;227;227;227m▄[48;2;226;226;226m[38;2;227;227;227m▄[48;2;226;226;226m[38;2;227;227;227m▄[48;2;226;226;226m[38;2;226;226;226m▄[48;2;225;225;225m[38;2;226;226;226m▄[48;2;225;225;225m[38;2;227;227;227m▄[48;2;225;225;225m[38;2;227;227;227m▄[48;2;225;225;225m[38;2;227;227;227m▄[48;2;225;225;225m[38;2;227;227;227m▄[48;2;226;226;226m[38;2;227;227;227m▄[48;2;225;225;225m[38;2;227;227;227m▄[48;2;224;224;224m[38;2;227;227;227m▄[48;2;222;222;222m[38;2;226;226;226m▄[48;2;219;219;219m[38;2;227;227;227m▄[48;2;216;216;216m[38;2;227;227;227m▄[48;2;213;213;213m[38;2;226;226;226m▄[48;2;212;212;212m[38;2;226;226;226m▄[48;2;212;212;212m[38;2;226;226;226m▄[48;2;211;211;211m[38;2;225;225;225m▄[48;2;209;209;209m[38;2;226;226;226m▄[48;2;207;207;207m[38;2;226;226;226m▄[48;2;204;204;204m[38;2;225;225;225m▄[48;2;202;202;203m[38;2;225;225;225m▄[48;2;201;200;201m[38;2;224;224;224m▄[48;2;201;201;201m[38;2;223;223;223m▄[48;2;203;203;203m[38;2;223;223;223m▄[48;2;206;207;207m[38;2;223;223;223m▄[48;2;213;213;213m[38;2;223;223;223m▄[48;2;217;216;217m[38;2;222;222;222m▄[48;2;219;219;219m[38;2;222;222;222m▄[48;2;219;219;219m[38;2;221;221;221m▄[48;2;218;218;218m[38;2;220;220;220m▄[48;2;217;217;217m[38;2;219;219;219m▄[48;2;217;217;217m[38;2;218;218;218m▄[48;2;216;217;217m[38;2;217;216;216m▄[48;2;216;217;217m[38;2;217;217;217m▄[48;2;216;216;216m[38;2;217;217;217m▄[48;2;216;216;216m[38;2;217;217;217m▄[48;2;216;216;216m[38;2;216;216;216m▄[48;2;215;215;216m[38;2;216;216;216m▄[48;2;215;215;215m[38;2;216;216;216m▄[48;2;216;216;216m[38;2;216;216;216m▄[48;2;216;216;216m[38;2;216;216;216m▄[48;2;215;215;215m[38;2;215;215;215m▄[48;2;215;215;215m[38;2;216;216;216m▄[48;2;215;215;215m[38;2;216;216;216m▄[48;2;215;215;215m[38;2;215;215;215m▄[48;2;214;214;214m[38;2;216;216;216m▄[48;2;213;213;213m[38;2;215;215;215m▄[48;2;212;212;212m[38;2;214;214;214m▄[48;2;211;211;211m[38;2;214;214;214m▄[48;2;210;210;210m[38;2;213;213;213m▄[48;2;210;210;210m[38;2;213;213;213m▄[0m
