[48;2;222;222;222m[38;2;222;222;222m▄[48;2;223;223;223m[38;2;223;223;223m▄[48;2;223;223;223m[38;2;223;223;223m▄[48;2;223;223;223m[38;2;223;223;223m▄[48;2;224;224;224m[38;2;223;223;223m▄[48;2;224;224;224m[38;2;224;224;224m▄[48;2;224;224;224m[38;2;224;224;224m▄[48;2;225;225;225m[38;2;224;224;224m▄[48;2;224;224;224m[38;2;224;224;224m▄[48;2;224;224;224m[38;2;223;223;224m▄[48;2;226;226;226m[38;2;225;225;225m▄[48;2;227;227;227m[38;2;227;227;227m▄[48;2;227;227;227m[38;2;227;227;227m▄[48;2;227;227;227m[38;2;228;228;227m▄[48;2;228;228;227m[38;2;226;226;226m▄[48;2;227;227;228m[38;2;227;227;227m▄[48;2;227;227;227m[38;2;227;227;227m▄[48;2;227;227;227m[38;2;226;226;226m▄[48;2;227;227;227m[38;2;226;226;226m▄[48;2;227;227;227m[38;2;226;226;226m▄[48;2;226;226;226m[38;2;226;226;226m▄[48;2;227;227;227m[38;2;226;226;226m▄[48;2;227;227;227m[38;2;226;226;226m▄[48;2;227;227;227m[38;2;226;226;226m▄[48;2;227;227;227m[38;2;227;227;227m▄[48;2;227;227;227m[38;2;227;227;227m▄[48;2;227;227;227m[38;2;226;226;226m▄[48;2;227;227;227m[38;2;225;225;225m▄[48;2;225;225;225m[38;2;225;225;225m▄[48;2;224;224;224m[38;2;224;224;224m▄[48;2;224;224;224m[38;2;224;224;224m▄[48;2;224;224;224m[38;2;224;224;224m▄[48;2;224;224;224m[38;2;224;224;224m▄[48;2;223;223;223m[38;2;223;223;223m▄[48;2;223;223;223m[38;2;223;223;223m▄[48;2;223;223;223m[38;2;223;223;223m▄[48;2;223;223;223m[38;2;222;222;222m▄[48;2;222;222;222m[38;2;222;222;222m▄[48;2;221;221;221m[38;2;221;221;221m▄[48;2;221;221;221m[38;2;221;221;221m▄[48;2;221;221;221m[38;2;220;220;220m▄[48;2;219;219;219m[38;2;219;219;219m▄[48;2;218;218;218m[38;2;217;217;217m▄[48;2;217;217;217m[38;2;217;217;217m▄[48;2;216;216;216m[38;2;216;216;216m▄[48;2;216;216;216m[38;2;216;216;216m▄[48;2;216;216;216m[38;2;216;216;216m▄[48;2;216;216;216m[38;2;217;217;217m▄[48;2;216;216;216m[38;2;215;215;215m▄[48;2;215;215;215m[38;2;215;215;215m▄[48;2;215;215;215m[38;2;214;214;215m▄[48;2;214;214;214m[38;2;214;214;214m▄[48;2;214;214;214m[38;2;214;214;214m▄[48;2;214;214;214m[38;2;214;214;214m▄[48;2;213;213;213m[38;2;212;212;212m▄[48;2;211;211;211m[38;2;211;211;211m▄[48;2;210;210;210m[38;2;210;210;210m▄[48;2;210;210;210m[38;2;210;210;210m▄[48;2;211;211;211m[38;2;211;211;211m▄[48;2;210;210;210m[38;2;210;210;210m▄[48;2;209;209;209m[38;2;209;209;209m▄[48;2;208;208;208m[38;2;208;208;208m▄[48;2;208;208;208m[38;2;208;208;208m▄[48;2;208;208;208m[38;2;208;208;208m▄[0m
[48;2;222;222;222m[38;2;222;222;222m▄[48;2;222;222;222m[38;2;221;221;221m▄[48;2;223;223;223m[38;2;222;222;222m▄[48;2;223;223;223m[38;2;223;223;223m▄[48;2;223;223;223m[38;2;223;223;223m▄[48;2;224;224;224m[38;2;224;224;224m▄[48;2;224;224;224m[38;2;223;223;223m▄[48;2;224;224;224m[38;2;224;223;224m▄[48;2;223;223;224m[38;2;223;223;224m▄[48;2;227;227;225m[38;2;230;229;227m▄[48;2;226;226;225m[38;2;228;227;225m▄[48;2;224;224;224m[38;2;224;225;225m▄[48;2;226;226;226m[38;2;226;226;226m▄[48;2;227;227;227m[38;2;227;227;227m▄[48;2;229;229;228m[38;2;233;232;229m▄[48;2;227;227;226m[38;2;226;226;225m▄[48;2;226;226;226m[38;2;226;226;226m▄[48;2;225;225;225m[38;2;227;227;227m▄[48;2;226;226;226m[38;2;227;227;227m▄[48;2;227;227;227m[38;2;226;226;226m▄[48;2;226;226;226m[38;2;227;227;227m▄[48;2;225;225;225m[38;2;226;226;226m▄[48;2;225;225;225m[38;2;226;226;226m▄[48;2;227;227;227m[38;2;227;227;227m▄[48;2;227;227;227m[38;2;227;227;226m▄[48;2;226;226;226m[38;2;225;225;225m▄[48;2;224;224;224m[38;2;224;224;224m▄[48;2;224;224;224m[38;2;225;225;225m▄[48;2;224;224;224m[38;2;224;224;224m▄[48;2;224;224;224m[38;2;224;224;224m▄[48;2;224;224;224m[38;2;224;224;224m▄[48;2;224;224;224m[38;2;224;224;224m▄[48;2;224;224;224m[38;2;224;224;224m▄[48;2;223;223;223m[38;2;223;223;223m▄[48;2;223;223;223m[38;2;223;223;223m▄[48;2;223;223;223m[38;2;223;223;223m▄[48;2;222;222;222m[38;2;222;222;222m▄[48;2;223;223;223m[38;2;222;222;222m▄[48;2;222;222;222m[38;2;221;221;221m▄[48;2;221;221;221m[38;2;221;221;221m▄[48;2;221;221;221m[38;2;220;220;220m▄[48;2;219;219;219m[38;2;218;218;218m▄[48;2;217;217;217m[38;2;217;217;217m▄[48;2;216;216;216m[38;2;216;216;216m▄[48;2;216;216;216m[38;2;216;216;216m▄[48;2;216;216;216m[38;2;216;216;216m▄[48;2;216;216;216m[38;2;216;216;216m▄[48;2;216;216;216m[38;2;215;215;215m▄[48;2;215;215;215m[38;2;215;215;215m▄[48;2;214;214;214m[38;2;215;215;215m▄[48;2;214;214;214m[38;2;215;215;215m▄[48;2;214;214;214m[38;2;214;214;214m▄[48;2;213;213;213m[38;2;214;214;214m▄[48;2;213;213;213m[38;2;213;213;213m▄[48;2;212;212;212m[38;2;212;212;212m▄[48;2;211;211;211m[38;2;211;211;211m▄[48;2;210;210;210m[38;2;211;210;211m▄[48;2;210;210;210m[38;2;210;210;210m▄[48;2;211;211;211m[38;2;210;210;210m▄[48;2;211;211;211m[38;2;210;210;210m▄[48;2;209;209;209m[38;2;208;208;208m▄[48;2;208;208;208m[38;2;208;208;208m▄[48;2;208;208;208m[38;2;208;208;208m▄[48;2;207;207;207m[38;2;208;208;208m▄[0m
[48;2;221;221;221m[38;2;221;221;221m▄[48;2;222;222;222m[38;2;222;222;222m▄[48;2;222;222;222m[38;2;222;222;222m▄[48;2;223;223;223m[38;2;222;222;222m▄[48;2;223;223;223m[38;2;223;223;223m▄[48;2;223;223;223m[38;2;223;223;224m▄[48;2;225;225;225m[38;2;228;226;224m▄[48;2;227;225;224m[38;2;224;224;223m▄[48;2;224;224;223m[38;2;226;225;222m▄[48;2;223;223;223m[38;2;233;230;223m▄[48;2;223;223;223m[38;2;235;231;224m▄[48;2;226;225;225m[38;2;234;229;223m▄[48;2;231;229;227m[38;2;234;230;224m▄[48;2;227;227;225m[38;2;232;228;223m▄[48;2;225;225;224m[38;2;229;226;224m▄[48;2;223;224;224m[38;2;227;225;224m▄[48;2;225;225;225m[38;2;225;224;224m▄[48;2;225;225;225m[38;2;224;224;224m▄[48;2;227;227;227m[38;2;225;225;226m▄[48;2;229;229;227m[38;2;227;227;227m▄[48;2;227;227;227m[38;2;226;226;226m▄[48;2;226;226;226m[38;2;227;227;227m▄[48;2;226;226;226m[38;2;229;229;227m▄[48;2;226;226;226m[38;2;226;225;225m▄[48;2;225;225;225m[38;2;223;223;223m▄[48;2;225;225;225m[38;2;224;224;224m▄[48;2;224;224;224m[38;2;224;224;224m▄[48;2;224;224;224m[38;2;223;223;222m▄[48;2;224;224;224m[38;2;223;223;222m▄[48;2;224;224;224m[38;2;222;223;222m▄[48;2;224;224;224m[38;2;224;224;224m▄[48;2;224;224;224m[38;2;224;224;224m▄[48;2;223;223;223m[38;2;223;223;223m▄[48;2;223;223;223m[38;2;223;223;223m▄[48;2;224;224;224m[38;2;222;222;222m▄[48;2;223;223;223m[38;2;221;222;221m▄[48;2;222;222;222m[38;2;221;222;221m▄[48;2;222;222;222m[38;2;222;222;222m▄[48;2;221;222;221m[38;2;221;221;221m▄[48;2;220;220;220m[38;2;221;221;221m▄[48;2;219;219;219m[38;2;220;220;220m▄[48;2;217;217;217m[38;2;217;217;217m▄[48;2;217;217;217m[38;2;216;216;215m▄[48;2;216;216;216m[38;2;216;216;216m▄[48;2;216;216;216m[38;2;217;217;217m▄[48;2;216;216;216m[38;2;217;217;217m▄[48;2;215;215;215m[38;2;215;215;215m▄[48;2;216;216;216m[38;2;216;216;216m▄[48;2;216;216;216m[38;2;215;215;215m▄[48;2;215;215;215m[38;2;215;215;215m▄[48;2;215;215;215m[38;2;214;214;214m▄[48;2;214;214;214m[38;2;214;214;214m▄[48;2;213;213;213m[38;2;214;214;214m▄[48;2;212;212;212m[38;2;212;212;212m▄[48;2;212;212;212m[38;2;211;211;211m▄[48;2;212;212;212m[38;2;211;211;211m▄[48;2;210;210;210m[38;2;210;210;210m▄[48;2;210;210;210m[38;2;210;210;210m▄[48;2;210;210;210m[38;2;210;210;210m▄[48;2;210;210;210m[38;2;210;210;210m▄[48;2;209;209;209m[38;2;209;209;209m▄[48;2;209;209;209m[38;2;209;209;209m▄[48;2;208;208;208m[38;2;209;209;209m▄[48;2;208;208;208m[38;2;208;208;208m▄[0m
[48;2;221;221;221m[38;2;220;220;220m▄[48;2;221;221;221m[38;2;221;221;221m▄[48;2;222;222;222m[38;2;222;222;222m▄[48;2;222;222;222m[38;2;222;222;222m▄[48;2;223;223;223m[38;2;222;222;222m▄[48;2;222;221;224m[38;2;223;223;223m▄[48;2;234;231;226m[38;2;230;227;221m▄[48;2;231;228;223m[38;2;239;232;222m▄[48;2;241;236;228m[38;2;245;238;228m▄[48;2;244;237;228m[38;2;229;223;220m▄[48;2;233;227;223m[38;2;224;224;224m▄[48;2;233;229;224m[38;2;230;230;226m▄[48;2;228;225;223m[38;2;222;222;223m▄[48;2;227;225;223m[38;2;223;223;224m▄[48;2;229;226;224m[38;2;224;224;224m▄[48;2;230;227;224m[38;2;223;224;224m▄[48;2;228;226;224m[38;2;223;223;223m▄[48;2;228;226;225m[38;2;227;226;225m▄[48;2;227;225;224m[38;2;227;226;224m▄[48;2;225;225;225m[38;2;224;224;224m▄[48;2;224;224;224m[38;2;224;224;224m▄[48;2;225;225;225m[38;2;223;224;223m▄[48;2;224;224;224m[38;2;223;224;222m▄[48;2;224;224;224m[38;2;223;223;222m▄[48;2;224;224;224m[38;2;223;223;223m▄[48;2;224;224;224m[38;2;226;225;226m▄[48;2;225;225;225m[38;2;214;219;214m▄[48;2;230;227;231m[38;2;141;180;130m▄[48;2;230;227;231m[38;2;154;187;145m▄[48;2;234;230;234m[38;2;172;195;171m▄[48;2;225;224;225m[38;2;217;220;219m▄[48;2;222;222;222m[38;2;229;227;229m▄[48;2;224;223;224m[38;2;220;221;220m▄[48;2;221;222;221m[38;2;231;227;230m▄[48;2;228;226;227m[38;2;199;209;200m▄[48;2;230;226;232m[38;2;130;174;119m▄[48;2;227;225;228m[38;2;182;201;176m▄[48;2;221;221;221m[38;2;227;225;228m▄[48;2;221;221;222m[38;2;220;220;220m▄[48;2;220;220;221m[38;2;219;220;219m▄[48;2;219;219;218m[38;2;220;219;221m▄[48;2;219;218;220m[38;2;205;212;203m▄[48;2;225;221;226m[38;2;172;196;167m▄[48;2;216;216;216m[38;2;218;217;218m▄[48;2;216;216;216m[38;2;216;216;216m▄[48;2;217;217;217m[38;2;216;216;216m▄[48;2;215;215;215m[38;2;215;215;215m▄[48;2;215;215;215m[38;2;216;216;216m▄[48;2;215;215;215m[38;2;215;215;215m▄[48;2;214;214;214m[38;2;215;215;215m▄[48;2;215;215;215m[38;2;215;215;215m▄[48;2;214;214;214m[38;2;215;215;215m▄[48;2;213;213;213m[38;2;213;213;213m▄[48;2;212;212;212m[38;2;212;212;212m▄[48;2;212;212;212m[38;2;212;212;212m▄[48;2;211;211;211m[38;2;211;211;211m▄[48;2;210;210;210m[38;2;210;210;210m▄[48;2;210;210;210m[38;2;210;210;210m▄[48;2;210;210;210m[38;2;210;210;210m▄[48;2;209;209;209m[38;2;209;209;209m▄[48;2;208;208;208m[38;2;209;209;209m▄[48;2;209;209;209m[38;2;208;208;208m▄[48;2;208;208;208m[38;2;208;208;208m▄[48;2;208;208;208m[38;2;208;208;208m▄[0m
[48;2;218;218;218m[38;2;217;217;217m▄[48;2;221;221;221m[38;2;218;218;218m▄[48;2;221;221;221m[38;2;220;220;220m▄[48;2;222;222;222m[38;2;221;221;221m▄[48;2;221;221;221m[38;2;221;221;221m▄[48;2;226;226;223m[38;2;222;221;222m▄[48;2;232;228;222m[38;2;223;222;222m▄[48;2;232;227;220m[38;2;234;229;222m▄[48;2;247;244;231m[38;2;242;237;228m▄[48;2;233;228;221m[38;2;243;236;225m▄[48;2;222;222;223m[38;2;226;222;219m▄[48;2;223;222;223m[38;2;223;223;225m▄[48;2;223;223;223m[38;2;223;223;223m▄[48;2;223;223;223m[38;2;223;223;223m▄[48;2;223;223;223m[38;2;223;223;223m▄[48;2;223;223;223m[38;2;224;224;224m▄[48;2;223;223;223m[38;2;223;223;223m▄[48;2;223;224;224m[38;2;223;223;223m▄[48;2;223;224;223m[38;2;223;223;223m▄[48;2;223;223;223m[38;2;223;223;223m▄[48;2;223;223;223m[38;2;224;224;225m▄[48;2;230;227;230m[38;2;190;207;184m▄[48;2;231;227;234m[38;2;163;193;145m▄[48;2;233;228;235m[38;2;173;200;162m▄[48;2;225;224;225m[38;2;214;220;215m▄[48;2;229;227;229m[38;2;226;225;226m▄[48;2;200;210;201m[38;2;218;219;219m▄[48;2;142;185;116m[38;2;136;176;120m▄[48;2;180;209;126m[38;2;155;195;93m▄[48;2;135;182;93m[38;2;146;191;86m▄[48;2;129;174;113m[38;2;145;190;85m▄[48;2;203;212;204m[38;2;114;164;94m▄[48;2;233;229;233m[38;2;223;222;227m▄[48;2;204;212;207m[38;2;139;177;126m▄[48;2;131;176;109m[38;2;105;163;65m▄[48;2;93;159;52m[38;2;149;179;139m▄[48;2;137;175;128m[38;2;209;208;210m▄[48;2;227;223;228m[38;2;214;213;213m▄[48;2;218;219;217m[38;2;216;217;215m▄[48;2;219;220;219m[38;2;218;218;218m▄[48;2;220;219;220m[38;2;216;216;216m▄[48;2;207;213;205m[38;2;219;218;220m▄[48;2;156;189;150m[38;2;228;222;228m▄[48;2;215;216;216m[38;2;212;212;211m▄[48;2;216;216;216m[38;2;214;214;215m▄[48;2;216;216;216m[38;2;216;216;216m▄[48;2;215;215;215m[38;2;215;215;215m▄[48;2;215;215;215m[38;2;215;215;215m▄[48;2;215;215;215m[38;2;215;215;215m▄[48;2;215;215;215m[38;2;214;214;215m▄[48;2;214;214;215m[38;2;213;213;214m▄[48;2;213;214;213m[38;2;213;213;213m▄[48;2;213;213;213m[38;2;213;213;213m▄[48;2;213;213;213m[38;2;212;212;212m▄[48;2;211;211;212m[38;2;211;211;211m▄[48;2;210;210;210m[38;2;210;210;210m▄[48;2;210;210;210m[38;2;210;210;210m▄[48;2;210;210;210m[38;2;210;210;210m▄[48;2;209;209;209m[38;2;209;209;210m▄[48;2;209;209;209m[38;2;208;208;208m▄[48;2;208;208;208m[38;2;208;208;208m▄[48;2;208;208;208m[38;2;208;208;208m▄[48;2;208;208;208m[38;2;208;208;208m▄[48;2;208;208;208m[38;2;208;208;208m▄[0m
[48;2;217;217;217m[38;2;217;217;217m▄[48;2;218;218;218m[38;2;217;217;217m▄[48;2;219;219;219m[38;2;219;219;219m▄[48;2;220;220;220m[38;2;220;220;220m▄[48;2;221;221;221m[38;2;220;220;220m▄[48;2;222;222;222m[38;2;221;221;221m▄[48;2;221;221;222m[38;2;221;221;221m▄[48;2;236;233;225m[38;2;221;220;221m▄[48;2;244;237;225m[38;2;232;228;221m▄[48;2;246;242;232m[38;2;239;233;225m▄[48;2;238;230;221m[38;2;247;241;233m▄[48;2;226;223;221m[38;2;234;224;218m▄[48;2;223;223;223m[38;2;228;225;223m▄[48;2;223;223;223m[38;2;228;228;225m▄[48;2;223;223;223m[38;2;222;221;222m▄[48;2;224;224;224m[38;2;223;223;223m▄[48;2;224;224;224m[38;2;223;223;223m▄[48;2;224;224;224m[38;2;223;223;223m▄[48;2;223;224;223m[38;2;223;223;223m▄[48;2;226;225;226m[38;2;223;223;223m▄[48;2;213;217;215m[38;2;224;224;225m▄[48;2;119;177;83m[38;2;186;203;183m▄[48;2;106;170;61m[38;2;194;204;198m▄[48;2;131;178;121m[38;2;215;212;218m▄[48;2;205;214;205m[38;2;218;217;216m▄[48;2;223;223;224m[38;2;223;222;222m▄[48;2;231;227;231m[38;2;223;222;223m▄[48;2;157;185;151m[38;2;220;226;226m▄[48;2;134;179;85m[38;2;124;172;116m▄[48;2;137;183;82m[38;2;126;186;74m▄[48;2;119;172;75m[38;2;112;171;74m▄[48;2;128;179;76m[38;2;104;159;72m▄[48;2;131;170;130m[38;2;83;146;61m▄[48;2;104;160;79m[38;2;96;150;88m▄[48;2;158;183;150m[38;2;142;177;134m▄[48;2;203;202;208m[38;2;127;174;105m▄[48;2;186;194;187m[38;2;133;179;107m▄[48;2;204;207;205m[38;2;135;177;117m▄[48;2;227;223;228m[38;2;150;181;146m▄[48;2;221;220;220m[38;2;208;211;209m▄[48;2;215;215;215m[38;2;222;220;222m▄[48;2;216;216;215m[38;2;220;219;222m▄[48;2;206;211;204m[38;2;137;176;129m▄[48;2;217;215;219m[38;2;132;177;109m▄[48;2;219;217;220m[38;2;203;210;202m▄[48;2;215;216;215m[38;2;218;217;218m▄[48;2;215;215;215m[38;2;214;214;214m▄[48;2;215;215;215m[38;2;215;215;215m▄[48;2;215;215;215m[38;2;214;214;214m▄[48;2;214;214;214m[38;2;214;214;214m▄[48;2;214;214;214m[38;2;214;214;214m▄[48;2;213;213;213m[38;2;212;212;212m▄[48;2;213;213;213m[38;2;212;212;212m▄[48;2;213;213;213m[38;2;212;212;212m▄[48;2;211;211;211m[38;2;210;210;210m▄[48;2;210;210;210m[38;2;210;210;210m▄[48;2;210;210;210m[38;2;210;210;210m▄[48;2;210;210;211m[38;2;209;210;209m▄[48;2;209;208;210m[38;2;209;209;209m▄[48;2;208;208;209m[38;2;208;208;208m▄[48;2;208;209;208m[38;2;208;208;208m▄[48;2;208;208;208m[38;2;208;208;209m▄[48;2;208;208;208m[38;2;208;208;208m▄[48;2;208;208;208m[38;2;208;208;208m▄[0m
[48;2;217;217;217m[38;2;217;217;217m▄[48;2;217;217;217m[38;2;216;216;216m▄[48;2;217;217;217m[38;2;217;217;217m▄[48;2;218;218;218m[38;2;217;217;217m▄[48;2;218;218;218m[38;2;218;218;218m▄[48;2;220;220;220m[38;2;219;219;219m▄[48;2;220;220;221m[38;2;220;220;220m▄[48;2;224;224;222m[38;2;222;222;222m▄[48;2;236;232;225m[38;2;224;223;222m▄[48;2;230;223;219m[38;2;223;222;220m▄[48;2;236;232;225m[38;2;229;225;218m▄[48;2;244;239;231m[38;2;238;233;226m▄[48;2;232;225;218m[38;2;244;240;231m▄[48;2;231;227;223m[38;2;235;229;220m▄[48;2;230;229;225m[38;2;230;226;221m▄[48;2;222;222;222m[38;2;222;222;222m▄[48;2;223;223;223m[38;2;222;223;223m▄[48;2;223;223;223m[38;2;223;223;223m▄[48;2;223;223;223m[38;2;223;223;223m▄[48;2;223;223;223m[38;2;222;222;222m▄[48;2;223;223;223m[38;2;224;224;224m▄[48;2;231;226;233m[38;2;217;220;218m▄[48;2;169;194;155m[38;2;125;176;102m▄[48;2;116;164;101m[38;2;180;199;172m▄[48;2;212;213;212m[38;2;225;225;229m▄[48;2;225;227;227m[38;2;215;207;208m▄[48;2;221;226;225m[38;2;209;135;150m▄[48;2;219;193;199m[38;2;219;136;149m▄[48;2;210;171;180m[38;2;227;140;152m▄[48;2;140;141;113m[38;2;230;128;149m▄[48;2;103;160;88m[38;2;209;133;144m▄[48;2;82;156;72m[38;2;183;127;129m▄[48;2;59;133;50m[38;2;156;133;111m▄[48;2;80;144;67m[38;2;84;151;70m▄[48;2;101;161;75m[38;2;92;162;65m▄[48;2;118;172;80m[38;2;123;178;74m▄[48;2;125;178;78m[38;2;132;184;75m▄[48;2;149;195;93m[38;2;141;189;77m▄[48;2;150;193;101m[38;2;122;178;67m▄[48;2;112;163;91m[38;2;111;163;94m▄[48;2;189;200;189m[38;2;193;200;194m▄[48;2;226;222;227m[38;2;217;216;216m▄[48;2;201;208;202m[38;2;219;218;220m▄[48;2;111;168;70m[38;2;195;204;196m▄[48;2;150;186;134m[38;2;193;200;193m▄[48;2;223;218;226m[38;2;212;211;212m▄[48;2;213;214;212m[38;2;215;215;215m▄[48;2;215;215;215m[38;2;214;214;214m▄[48;2;214;214;214m[38;2;214;214;214m▄[48;2;214;214;214m[38;2;214;214;214m▄[48;2;213;213;213m[38;2;213;213;214m▄[48;2;212;212;213m[38;2;213;212;213m▄[48;2;212;212;212m[38;2;212;212;212m▄[48;2;211;211;211m[38;2;211;211;211m▄[48;2;210;210;210m[38;2;210;210;210m▄[48;2;210;210;210m[38;2;210;210;210m▄[48;2;211;211;211m[38;2;210;210;210m▄[48;2;209;209;209m[38;2;209;209;209m▄[48;2;209;209;209m[38;2;209;209;209m▄[48;2;208;208;208m[38;2;209;209;209m▄[48;2;209;209;209m[38;2;209;208;209m▄[48;2;208;208;208m[38;2;208;208;208m▄[48;2;208;208;208m[38;2;208;208;208m▄[48;2;207;207;207m[38;2;207;207;207m▄[0m
[48;2;216;216;216m[38;2;216;216;216m▄[48;2;216;216;216m[38;2;216;216;216m▄[48;2;216;216;216m[38;2;217;217;217m▄[48;2;217;217;217m[38;2;217;217;217m▄[48;2;217;217;218m[38;2;217;217;217m▄[48;2;218;218;218m[38;2;218;218;218m▄[48;2;218;218;218m[38;2;218;218;218m▄[48;2;219;219;219m[38;2;218;218;218m▄[48;2;220;220;220m[38;2;219;219;219m▄[48;2;223;222;222m[38;2;220;220;220m▄[48;2;226;224;221m[38;2;220;220;220m▄[48;2;227;221;217m[38;2;224;223;221m▄[48;2;238;233;226m[38;2;229;223;218m▄[48;2;249;246;237m[38;2;237;233;226m▄[48;2;233;226;221m[38;2;247;244;236m▄[48;2;229;224;220m[38;2;238;232;223m▄[48;2;223;223;222m[38;2;230;224;218m▄[48;2;222;222;222m[38;2;225;224;222m▄[48;2;222;222;222m[38;2;221;221;221m▄[48;2;222;222;222m[38;2;222;222;222m▄[48;2;222;222;222m[38;2;222;222;222m▄[48;2;223;223;223m[38;2;222;222;222m▄[48;2;220;220;222m[38;2;222;220;220m▄[48;2;215;216;218m[38;2;218;227;224m▄[48;2;211;205;206m[38;2;207;141;155m▄[48;2;208;122;139m[38;2;230;156;166m▄[48;2;232;159;168m[38;2;233;152;161m▄[48;2;235;159;166m[38;2;227;132;141m▄[48;2;228;133;143m[38;2;221;116;127m▄[48;2;219;109;122m[38;2;209;101;120m▄[48;2;213;106;124m[38;2;232;168;175m▄[48;2;236;155;169m[38;2;230;145;153m▄[48;2;246;157;172m[38;2;226;134;143m▄[48;2;207;140;138m[38;2;235;139;151m▄[48;2;135;142;96m[38;2;238;138;154m▄[48;2;115;157;79m[38;2;222;134;143m▄[48;2;118;166;79m[38;2;212;132;140m▄[48;2;113;163;92m[38;2;202;189;193m▄[48;2;136;169;133m[38;2;207;207;211m▄[48;2;194;195;197m[38;2;203;201;201m▄[48;2;206;203;206m[38;2;208;209;208m▄[48;2;210;210;210m[38;2;215;215;215m▄[48;2;216;215;215m[38;2;216;216;216m▄[48;2;218;216;218m[38;2;215;215;212m▄[48;2;210;209;211m[38;2;214;215;212m▄[48;2;209;210;209m[38;2;214;214;212m▄[48;2;215;214;215m[38;2;214;214;212m▄[48;2;214;214;214m[38;2;214;214;212m▄[48;2;214;214;214m[38;2;213;213;211m▄[48;2;214;214;214m[38;2;213;213;211m▄[48;2;212;212;212m[38;2;212;212;211m▄[48;2;211;211;211m[38;2;211;211;211m▄[48;2;210;210;210m[38;2;210;210;210m▄[48;2;210;210;210m[38;2;210;210;210m▄[48;2;210;210;210m[38;2;210;210;210m▄[48;2;210;210;210m[38;2;210;210;210m▄[48;2;210;210;210m[38;2;210;210;210m▄[48;2;209;209;209m[38;2;209;209;209m▄[48;2;208;208;208m[38;2;208;208;208m▄[48;2;209;209;209m[38;2;208;208;208m▄[48;2;208;208;208m[38;2;208;208;208m▄[48;2;208;208;208m[38;2;207;207;207m▄[48;2;207;207;207m[38;2;207;206;207m▄[48;2;206;206;206m[38;2;206;206;206m▄[0m
[48;2;216;216;216m[38;2;216;216;216m▄[48;2;216;216;216m[38;2;216;216;216m▄[48;2;216;216;216m[38;2;216;216;216m▄[48;2;217;217;217m[38;2;216;216;216m▄[48;2;217;217;217m[38;2;217;217;217m▄[48;2;217;217;217m[38;2;217;217;217m▄[48;2;217;217;217m[38;2;217;217;217m▄[48;2;217;217;217m[38;2;217;217;217m▄[48;2;218;218;218m[38;2;217;217;217m▄[48;2;219;219;219m[38;2;217;217;217m▄[48;2;218;218;219m[38;2;218;218;218m▄[48;2;226;226;224m[38;2;218;218;218m▄[48;2;232;229;224m[38;2;219;219;218m▄[48;2;228;223;217m[38;2;223;222;221m▄[48;2;236;229;222m[38;2;229;224;218m▄[48;2;247;244;236m[38;2;229;222;216m▄[48;2;241;237;229m[38;2;244;239;230m▄[48;2;229;222;215m[38;2;245;241;231m▄[48;2;230;226;221m[38;2;237;231;222m▄[48;2;226;225;222m[38;2;232;227;220m▄[48;2;221;221;221m[38;2;223;222;219m▄[48;2;222;221;221m[38;2;220;219;220m▄[48;2;223;227;226m[38;2;223;231;230m▄[48;2;217;201;205m[38;2;211;171;180m▄[48;2;215;132;147m[38;2;224;145;157m▄[48;2;237;168;174m[38;2;233;151;160m▄[48;2;227;130;141m[38;2;227;134;145m▄[48;2;231;142;150m[38;2;230;138;147m▄[48;2;215;107;122m[38;2;222;127;139m▄[48;2;223;149;160m[38;2;230;155;162m▄[48;2;234;152;158m[38;2;229;136;145m▄[48;2;228;133;143m[38;2;230;138;147m▄[48;2;230;139;148m[38;2;229;138;146m▄[48;2;228;138;146m[38;2;229;138;147m▄[48;2;228;137;146m[38;2;229;137;146m▄[48;2;231;140;149m[38;2;229;140;149m▄[48;2;231;124;138m[38;2;224;127;138m▄[48;2;214;130;142m[38;2;215;95;113m▄[48;2;203;203;201m[38;2;204;159;167m▄[48;2;214;215;212m[38;2;216;224;219m▄[48;2;217;216;215m[38;2;216;214;214m▄[48;2;216;216;216m[38;2;215;215;214m▄[48;2;215;215;215m[38;2;215;215;212m▄[48;2;215;215;211m[38;2;215;215;210m▄[48;2;215;215;210m[38;2;214;214;209m▄[48;2;214;214;210m[38;2;214;214;210m▄[48;2;214;214;212m[38;2;214;214;210m▄[48;2;214;214;213m[38;2;214;214;210m▄[48;2;213;213;210m[38;2;214;214;210m▄[48;2;213;213;210m[38;2;213;213;208m▄[48;2;213;213;209m[38;2;212;212;208m▄[48;2;211;211;209m[38;2;211;211;207m▄[48;2;210;210;209m[38;2;211;211;206m▄[48;2;210;210;208m[38;2;211;210;207m▄[48;2;210;210;210m[38;2;210;210;209m▄[48;2;211;211;211m[38;2;210;210;208m▄[48;2;209;209;209m[38;2;209;209;207m▄[48;2;209;209;209m[38;2;209;209;208m▄[48;2;209;209;209m[38;2;209;209;209m▄[48;2;208;208;208m[38;2;208;208;208m▄[48;2;208;208;208m[38;2;207;207;207m▄[48;2;207;207;207m[38;2;207;207;207m▄[48;2;206;206;206m[38;2;207;207;207m▄[48;2;206;206;206m[38;2;207;207;207m▄[0m
[48;2;216;216;216m[38;2;215;215;215m▄[48;2;216;216;216m[38;2;216;216;216m▄[48;2;215;215;215m[38;2;216;216;216m▄[48;2;216;216;216m[38;2;216;216;216m▄[48;2;217;217;217m[38;2;216;216;216m▄[48;2;217;217;217m[38;2;216;216;216m▄[48;2;217;217;217m[38;2;217;217;217m▄[48;2;217;217;217m[38;2;217;217;217m▄[48;2;217;217;217m[38;2;217;217;217m▄[48;2;217;217;217m[38;2;217;217;217m▄[48;2;217;217;217m[38;2;217;217;217m▄[48;2;217;217;217m[38;2;217;217;217m▄[48;2;217;217;217m[38;2;217;217;217m▄[48;2;217;217;218m[38;2;217;217;217m▄[48;2;224;222;218m[38;2;219;219;218m▄[48;2;233;227;219m[38;2;228;226;222m▄[48;2;235;227;217m[38;2;229;227;222m▄[48;2;242;236;225m[38;2;233;226;218m▄[48;2;247;243;232m[38;2;232;225;217m▄[48;2;239;234;223m[38;2;248;243;233m▄[48;2;236;230;220m[38;2;248;243;231m▄[48;2;227;223;219m[38;2;243;236;223m▄[48;2;225;234;230m[38;2;233;236;226m▄[48;2;210;161;171m[38;2;212;163;171m▄[48;2;228;151;161m[38;2;227;150;159m▄[48;2;232;143;152m[38;2;231;143;152m▄[48;2;228;136;146m[38;2;229;136;146m▄[48;2;228;135;144m[38;2;229;137;146m▄[48;2;233;154;161m[38;2;230;141;150m▄[48;2;231;146;154m[38;2;229;139;149m▄[48;2;229;136;145m[38;2;229;138;147m▄[48;2;230;138;147m[38;2;229;138;148m▄[48;2;229;138;146m[38;2;230;137;147m▄[48;2;230;138;146m[38;2;230;137;147m▄[48;2;230;138;146m[38;2;230;137;145m▄[48;2;230;140;148m[38;2;230;139;147m▄[48;2;225;129;140m[38;2;223;124;136m▄[48;2;223;107;122m[38;2;221;108;124m▄[48;2;203;125;141m[38;2;200;122;135m▄[48;2;209;215;212m[38;2;203;207;205m▄[48;2;217;215;212m[38;2;215;214;212m▄[48;2;216;216;213m[38;2;216;216;213m▄[48;2;215;215;212m[38;2;215;215;212m▄[48;2;215;215;210m[38;2;216;216;211m▄[48;2;214;214;209m[38;2;215;215;210m▄[48;2;214;214;210m[38;2;214;214;209m▄[48;2;214;214;209m[38;2;213;213;208m▄[48;2;214;214;209m[38;2;213;213;208m▄[48;2;214;213;209m[38;2;214;214;209m▄[48;2;214;214;208m[38;2;214;214;209m▄[48;2;213;214;206m[38;2;213;213;207m▄[48;2;211;212;206m[38;2;214;213;208m▄[48;2;210;210;205m[38;2;211;210;206m▄[48;2;210;209;205m[38;2;210;210;205m▄[48;2;209;210;205m[38;2;210;208;204m▄[48;2;209;209;206m[38;2;209;208;204m▄[48;2;208;208;204m[38;2;209;208;203m▄[48;2;208;208;205m[38;2;208;208;204m▄[48;2;208;208;206m[38;2;208;208;204m▄[48;2;208;208;206m[38;2;208;208;205m▄[48;2;207;207;207m[38;2;207;207;207m▄[48;2;207;207;207m[38;2;207;207;207m▄[48;2;206;206;206m[38;2;207;207;207m▄[48;2;205;205;205m[38;2;205;205;205m▄[0m
[48;2;215;215;215m[38;2;215;215;215m▄[48;2;216;216;216m[38;2;216;216;216m▄[48;2;216;216;216m[38;2;216;216;216m▄[48;2;216;216;215m[38;2;216;216;216m▄[48;2;216;216;215m[38;2;215;215;216m▄[48;2;217;217;217m[38;2;216;216;216m▄[48;2;217;217;217m[38;2;216;216;216m▄[48;2;216;216;216m[38;2;216;216;216m▄[48;2;216;216;216m[38;2;216;216;216m▄[48;2;216;216;216m[38;2;216;216;216m▄[48;2;217;217;217m[38;2;216;216;216m▄[48;2;217;217;217m[38;2;217;217;217m▄[48;2;217;217;217m[38;2;217;217;217m▄[48;2;217;217;217m[38;2;216;216;216m▄[48;2;217;217;217m[38;2;216;216;216m▄[48;2;216;215;218m[38;2;217;216;217m▄[48;2;216;215;218m[38;2;216;216;216m▄[48;2;217;217;216m[38;2;216;216;216m▄[48;2;222;219;216m[38;2;216;216;216m▄[48;2;226;221;214m[38;2;217;217;217m▄[48;2;240;234;225m[38;2;223;217;214m▄[48;2;250;246;234m[38;2;233;224;217m▄[48;2;241;242;231m[38;2;246;241;232m▄[48;2;226;194;188m[38;2;247;241;228m▄[48;2;232;161;158m[38;2;240;195;183m▄[48;2;232;148;157m[38;2;243;189;176m▄[48;2;228;131;144m[38;2;235;150;150m▄[48;2;229;137;146m[38;2;230;137;146m▄[48;2;229;137;147m[38;2;228;137;146m▄[48;2;230;137;148m[38;2;229;138;148m▄[48;2;230;137;148m[38;2;230;138;148m▄[48;2;230;137;147m[38;2;230;137;148m▄[48;2;230;137;146m[38;2;230;137;146m▄[48;2;230;137;146m[38;2;230;136;145m▄[48;2;230;137;146m[38;2;230;140;148m▄[48;2;230;140;148m[38;2;227;132;142m▄[48;2;221;116;130m[38;2;220;112;125m▄[48;2;220;108;123m[38;2;217;107;123m▄[48;2;198;130;142m[38;2;195;159;165m▄[48;2;201;209;204m[38;2;202;209;204m▄[48;2;214;212;209m[38;2;214;213;208m▄[48;2;216;216;212m[38;2;216;216;211m▄[48;2;216;216;211m[38;2;216;216;211m▄[48;2;216;216;211m[38;2;216;216;211m▄[48;2;215;215;211m[38;2;216;216;211m▄[48;2;215;215;210m[38;2;215;215;210m▄[48;2;213;213;208m[38;2;214;214;209m▄[48;2;213;214;207m[38;2;213;213;208m▄[48;2;213;213;208m[38;2;214;213;208m▄[48;2;214;214;208m[38;2;214;214;207m▄[48;2;214;214;208m[38;2;213;214;206m▄[48;2;213;214;208m[38;2;213;213;207m▄[48;2;213;212;207m[38;2;214;212;207m▄[48;2;211;209;205m[38;2;212;210;206m▄[48;2;210;208;204m[38;2;211;209;205m▄[48;2;209;208;203m[38;2;209;208;204m▄[48;2;209;209;204m[38;2;208;208;203m▄[48;2;208;208;203m[38;2;208;208;203m▄[48;2;208;208;203m[38;2;208;208;203m▄[48;2;207;207;204m[38;2;207;207;204m▄[48;2;207;207;207m[38;2;207;207;207m▄[48;2;207;207;207m[38;2;206;206;206m▄[48;2;206;206;206m[38;2;205;205;205m▄[48;2;204;204;204m[38;2;204;204;205m▄[0m
[48;2;215;215;215m[38;2;214;214;214m▄[48;2;215;215;215m[38;2;214;214;214m▄[48;2;216;216;216m[38;2;215;215;215m▄[48;2;216;216;216m[38;2;216;216;216m▄[48;2;215;215;215m[38;2;216;216;216m▄[48;2;215;215;215m[38;2;216;216;216m▄[48;2;216;216;216m[38;2;216;216;216m▄[48;2;216;216;216m[38;2;216;216;216m▄[48;2;216;216;216m[38;2;216;216;216m▄[48;2;216;216;216m[38;2;216;216;216m▄[48;2;216;216;216m[38;2;216;216;216m▄[48;2;217;217;217m[38;2;216;216;216m▄[48;2;216;216;216m[38;2;216;216;216m▄[48;2;216;216;216m[38;2;216;216;216m▄[48;2;216;216;216m[38;2;216;216;216m▄[48;2;216;216;216m[38;2;216;216;217m▄[48;2;216;216;216m[38;2;216;216;216m▄[48;2;216;216;216m[38;2;216;216;216m▄[48;2;216;216;216m[38;2;216;216;216m▄[48;2;216;216;216m[38;2;216;216;216m▄[48;2;215;215;215m[38;2;214;215;214m▄[48;2;225;221;216m[38;2;224;222;218m▄[48;2;236;226;216m[38;2;231;227;218m▄[48;2;239;233;224m[38;2;223;216;211m▄[48;2;250;247;229m[38;2;236;225;214m▄[48;2;253;252;223m[38;2;242;198;179m▄[48;2;241;200;173m[38;2;252;243;217m▄[48;2;236;155;143m[38;2;248;231;195m▄[48;2;233;145;147m[38;2;244;187;159m▄[48;2;229;138;147m[38;2;237;154;144m▄[48;2;230;136;146m[38;2;232;143;148m▄[48;2;230;137;147m[38;2;230;138;150m▄[48;2;230;139;147m[38;2;228;131;143m▄[48;2;231;140;148m[38;2;225;124;136m▄[48;2;229;136;146m[38;2;220;109;124m▄[48;2;219;111;125m[38;2;223;116;128m▄[48;2;226;116;129m[38;2;212;102;120m▄[48;2;213;136;146m[38;2;195;173;175m▄[48;2;194;197;192m[38;2;198;203;199m▄[48;2;205;205;201m[38;2;210;208;204m▄[48;2;214;214;210m[38;2;215;214;210m▄[48;2;215;215;209m[38;2;215;214;209m▄[48;2;215;215;210m[38;2;215;215;208m▄[48;2;215;216;210m[38;2;214;214;208m▄[48;2;214;215;210m[38;2;215;215;210m▄[48;2;215;215;210m[38;2;215;215;209m▄[48;2;215;215;209m[38;2;216;216;208m▄[48;2;215;214;209m[38;2;216;215;209m▄[48;2;216;214;209m[38;2;218;215;209m▄[48;2;215;214;207m[38;2;219;215;207m▄[48;2;215;214;207m[38;2;218;215;208m▄[48;2;215;213;207m[38;2;218;214;208m▄[48;2;214;213;206m[38;2;217;213;207m▄[48;2;213;210;207m[38;2;214;212;207m▄[48;2;211;209;205m[38;2;211;210;206m▄[48;2;210;208;205m[38;2;210;208;205m▄[48;2;209;208;203m[38;2;208;208;203m▄[48;2;208;208;203m[38;2;208;208;203m▄[48;2;208;208;203m[38;2;208;208;203m▄[48;2;207;207;203m[38;2;208;208;203m▄[48;2;206;206;205m[38;2;207;207;204m▄[48;2;205;205;206m[38;2;205;205;205m▄[48;2;204;204;204m[38;2;204;203;204m▄[48;2;203;203;204m[38;2;203;203;203m▄[0m
[48;2;214;214;214m[38;2;212;212;212m▄[48;2;214;214;214m[38;2;214;214;214m▄[48;2;215;215;215m[38;2;214;214;214m▄[48;2;215;215;215m[38;2;214;214;214m▄[48;2;215;215;215m[38;2;215;215;215m▄[48;2;215;215;215m[38;2;215;215;215m▄[48;2;215;215;216m[38;2;215;215;215m▄[48;2;216;216;216m[38;2;215;215;215m▄[48;2;216;216;216m[38;2;215;215;215m▄[48;2;216;216;216m[38;2;215;215;215m▄[48;2;216;216;216m[38;2;215;215;215m▄[48;2;216;216;216m[38;2;215;215;215m▄[48;2;214;214;215m[38;2;215;215;215m▄[48;2;215;215;215m[38;2;215;215;215m▄[48;2;216;216;216m[38;2;215;215;215m▄[48;2;217;217;217m[38;2;216;216;216m▄[48;2;216;216;216m[38;2;216;216;216m▄[48;2;216;216;216m[38;2;215;215;215m▄[48;2;216;216;216m[38;2;215;215;215m▄[48;2;216;216;216m[38;2;216;216;216m▄[48;2;216;216;217m[38;2;216;215;217m▄[48;2;216;216;216m[38;2;217;217;216m▄[48;2;216;215;215m[38;2;217;217;217m▄[48;2;215;213;214m[38;2;215;215;215m▄[48;2;236;234;224m[38;2;229;226;220m▄[48;2;237;207;194m[38;2;232;234;225m▄[48;2;238;174;150m[38;2;215;195;188m▄[48;2;253;223;188m[38;2;229;167;148m▄[48;2;254;250;216m[38;2;244;183;151m▄[48;2;249;228;187m[38;2;250;226;185m▄[48;2;240;181;144m[38;2;252;249;209m▄[48;2;237;158;140m[38;2;248;228;192m▄[48;2;229;132;134m[38;2;249;220;169m▄[48;2;222;113;125m[38;2;237;174;140m▄[48;2;222;110;124m[38;2;213;121;127m▄[48;2;213;98;116m[38;2;196;154;160m▄[48;2;195;142;151m[38;2;193;199;196m▄[48;2;195;201;195m[38;2;200;198;195m▄[48;2;205;202;199m[38;2;210;209;205m▄[48;2;213;213;208m[38;2;215;215;210m▄[48;2;215;214;209m[38;2;215;214;209m▄[48;2;214;214;209m[38;2;214;214;209m▄[48;2;215;214;209m[38;2;215;214;209m▄[48;2;215;214;208m[38;2;215;214;207m▄[48;2;215;213;209m[38;2;216;213;207m▄[48;2;217;214;208m[38;2;218;213;209m▄[48;2;219;215;209m[38;2;221;216;210m▄[48;2;222;217;210m[38;2;226;218;210m▄[48;2;226;218;212m[38;2;235;223;212m▄[48;2;226;218;211m[38;2;238;225;212m▄[48;2;224;216;210m[38;2;234;223;211m▄[48;2;220;214;208m[38;2;225;217;209m▄[48;2;218;214;208m[38;2;219;214;208m▄[48;2;216;212;208m[38;2;218;213;208m▄[48;2;213;210;207m[38;2;215;210;207m▄[48;2;210;208;205m[38;2;210;208;204m▄[48;2;208;208;203m[38;2;208;208;203m▄[48;2;208;208;202m[38;2;208;208;203m▄[48;2;207;208;202m[38;2;207;207;202m▄[48;2;207;207;202m[38;2;207;207;202m▄[48;2;207;207;202m[38;2;207;207;202m▄[48;2;206;206;203m[38;2;207;207;202m▄[48;2;203;203;203m[38;2;205;204;203m▄[48;2;203;203;203m[38;2;203;203;203m▄[0m
[48;2;212;212;212m[38;2;211;211;211m▄[48;2;213;213;213m[38;2;212;212;212m▄[48;2;213;213;214m[38;2;213;213;213m▄[48;2;214;214;214m[38;2;213;213;213m▄[48;2;215;215;215m[38;2;213;213;213m▄[48;2;215;215;215m[38;2;214;214;214m▄[48;2;214;214;214m[38;2;214;214;214m▄[48;2;215;215;215m[38;2;215;215;215m▄[48;2;215;215;215m[38;2;215;215;215m▄[48;2;215;215;215m[38;2;215;215;214m▄[48;2;215;215;215m[38;2;215;215;215m▄[48;2;215;215;215m[38;2;215;215;215m▄[48;2;215;215;215m[38;2;215;215;215m▄[48;2;215;215;215m[38;2;215;215;215m▄[48;2;215;215;215m[38;2;215;215;215m▄[48;2;216;216;216m[38;2;215;215;215m▄[48;2;216;216;216m[38;2;215;215;215m▄[48;2;216;216;216m[38;2;215;215;215m▄[48;2;215;215;215m[38;2;215;215;215m▄[48;2;216;216;216m[38;2;215;215;215m▄[48;2;216;216;215m[38;2;215;215;215m▄[48;2;216;216;216m[38;2;215;215;215m▄[48;2;216;216;216m[38;2;215;215;215m▄[48;2;215;215;215m[38;2;215;215;215m▄[48;2;214;214;214m[38;2;215;215;215m▄[48;2;215;213;213m[38;2;215;215;215m▄[48;2;214;218;218m[38;2;215;215;214m▄[48;2;208;211;210m[38;2;215;215;213m▄[48;2;211;201;196m[38;2;211;212;211m▄[48;2;230;213;198m[38;2;209;209;208m▄[48;2;242;229;212m[38;2;220;214;206m▄[48;2;251;248;231m[38;2;235;224;209m▄[48;2;253;253;233m[38;2;243;232;215m▄[48;2;250;243;219m[38;2;251;246;227m▄[48;2;244;237;208m[38;2;254;251;231m▄[48;2;236;229;203m[38;2;254;250;232m▄[48;2;225;214;197m[38;2;253;249;226m▄[48;2;216;210;203m[38;2;245;235;212m▄[48;2;214;211;208m[38;2;239;228;208m▄[48;2;213;212;208m[38;2;233;222;208m▄[48;2;214;213;207m[38;2;223;215;206m▄[48;2;214;213;209m[38;2;219;212;206m▄[48;2;214;213;209m[38;2;216;211;206m▄[48;2;215;213;207m[38;2;215;210;206m▄[48;2;217;213;207m[38;2;216;211;207m▄[48;2;218;214;207m[38;2;218;212;207m▄[48;2;222;216;210m[38;2;223;214;208m▄[48;2;229;219;210m[38;2;232;220;208m▄[48;2;245;234;220m[38;2;249;238;223m▄[48;2;254;250;239m[38;2;255;255;255m▄[48;2;247;236;218m[38;2;251;244;232m▄[48;2;231;220;210m[38;2;235;222;209m▄[48;2;220;215;210m[38;2;221;216;210m▄[48;2;218;213;207m[38;2;218;212;207m▄[48;2;213;211;206m[38;2;214;209;204m▄[48;2;210;208;204m[38;2;210;207;203m▄[48;2;209;207;203m[38;2;209;207;203m▄[48;2;208;207;202m[38;2;208;207;203m▄[48;2;207;207;202m[38;2;207;207;202m▄[48;2;208;208;203m[38;2;208;208;203m▄[48;2;207;207;202m[38;2;207;207;202m▄[48;2;206;207;204m[38;2;205;207;203m▄[48;2;204;205;203m[38;2;203;205;204m▄[48;2;202;203;204m[38;2;201;202;205m▄[0m
[48;2;210;210;210m[38;2;210;210;210m▄[48;2;211;211;211m[38;2;210;210;210m▄[48;2;211;211;211m[38;2;211;211;211m▄[48;2;212;212;212m[38;2;212;212;212m▄[48;2;213;213;213m[38;2;212;212;212m▄[48;2;213;213;213m[38;2;212;212;212m▄[48;2;214;214;214m[38;2;212;212;212m▄[48;2;214;214;214m[38;2;213;213;213m▄[48;2;214;214;214m[38;2;213;213;214m▄[48;2;214;214;214m[38;2;214;213;215m▄[48;2;214;214;214m[38;2;214;214;214m▄[48;2;215;214;215m[38;2;214;214;214m▄[48;2;214;214;214m[38;2;214;214;214m▄[48;2;214;214;214m[38;2;214;214;214m▄[48;2;214;214;214m[38;2;214;214;214m▄[48;2;214;214;214m[38;2;213;213;213m▄[48;2;215;215;215m[38;2;214;214;214m▄[48;2;215;215;215m[38;2;214;214;214m▄[48;2;215;215;215m[38;2;214;214;214m▄[48;2;215;215;215m[38;2;214;214;214m▄[48;2;214;214;214m[38;2;214;214;214m▄[48;2;214;214;214m[38;2;214;214;214m▄[48;2;215;215;214m[38;2;214;214;214m▄[48;2;215;215;215m[38;2;215;215;215m▄[48;2;215;215;215m[38;2;214;214;214m▄[48;2;214;214;214m[38;2;214;214;214m▄[48;2;214;214;214m[38;2;214;214;214m▄[48;2;215;215;215m[38;2;214;214;213m▄[48;2;215;215;215m[38;2;213;213;213m▄[48;2;214;214;214m[38;2;213;213;213m▄[48;2;214;214;213m[38;2;213;213;213m▄[48;2;215;213;212m[38;2;212;213;213m▄[48;2;218;216;211m[38;2;212;212;212m▄[48;2;232;224;212m[38;2;211;211;211m▄[48;2;244;236;214m[38;2;216;212;208m▄[48;2;253;248;225m[38;2;233;225;209m▄[48;2;253;251;236m[38;2;241;232;212m▄[48;2;254;253;242m[38;2;240;232;214m▄[48;2;252;251;236m[38;2;250;246;229m▄[48;2;253;249;232m[38;2;253;253;240m▄[48;2;245;238;220m[38;2;255;255;247m▄[48;2;241;232;212m[38;2;254;254;249m▄[48;2;237;227;207m[38;2;253;252;242m▄[48;2;234;224;205m[38;2;254;251;239m▄[48;2;233;222;205m[38;2;254;250;234m▄[48;2;234;223;206m[38;2;253;250;233m▄[48;2;235;225;207m[38;2;252;250;236m▄[48;2;243;232;209m[38;2;253;252;244m▄[48;2;253;247;230m[38;2;255;255;255m▄[48;2;255;255;255m[38;2;255;255;253m▄[48;2;252;245;234m[38;2;248;240;221m▄[48;2;234;223;209m[38;2;228;217;207m▄[48;2;221;214;209m[38;2;220;212;208m▄[48;2;217;212;206m[38;2;216;211;206m▄[48;2;212;210;204m[38;2;212;208;204m▄[48;2;209;208;203m[38;2;209;208;204m▄[48;2;209;207;203m[38;2;209;206;203m▄[48;2;208;207;202m[38;2;208;207;201m▄[48;2;207;207;202m[38;2;206;206;200m▄[48;2;207;207;202m[38;2;205;205;201m▄[48;2;206;207;201m[38;2;205;205;201m▄[48;2;204;206;202m[38;2;204;204;203m▄[48;2;202;204;203m[38;2;202;203;203m▄[48;2;201;203;204m[38;2;202;203;204m▄[0m
[48;2;210;210;210m[38;2;210;210;210m▄[48;2;210;210;210m[38;2;210;210;210m▄[48;2;211;211;211m[38;2;210;210;210m▄[48;2;211;211;211m[38;2;210;210;210m▄[48;2;210;210;210m[38;2;210;210;210m▄[48;2;211;211;211m[38;2;210;210;210m▄[48;2;211;211;211m[38;2;210;210;210m▄[48;2;212;212;212m[38;2;210;210;210m▄[48;2;212;212;213m[38;2;211;211;211m▄[48;2;212;212;213m[38;2;211;211;211m▄[48;2;212;212;212m[38;2;212;212;212m▄[48;2;213;213;213m[38;2;211;211;211m▄[48;2;213;213;213m[38;2;211;211;211m▄[48;2;213;213;213m[38;2;212;212;212m▄[48;2;213;213;214m[38;2;213;213;213m▄[48;2;213;213;214m[38;2;213;213;213m▄[48;2;213;213;213m[38;2;213;213;213m▄[48;2;213;213;213m[38;2;213;213;213m▄[48;2;213;213;213m[38;2;212;212;212m▄[48;2;213;213;213m[38;2;211;211;211m▄[48;2;213;214;214m[38;2;210;210;210m▄[48;2;214;214;214m[38;2;210;210;210m▄[48;2;213;213;214m[38;2;210;210;210m▄[48;2;214;214;214m[38;2;210;211;211m▄[48;2;213;213;213m[38;2;210;211;210m▄[48;2;213;213;213m[38;2;210;211;211m▄[48;2;213;213;213m[38;2;208;209;208m▄[48;2;213;213;213m[38;2;205;206;205m▄[48;2;214;214;214m[38;2;202;202;202m▄[48;2;213;214;213m[38;2;200;198;199m▄[48;2;212;212;213m[38;2;199;198;198m▄[48;2;212;212;213m[38;2;200;200;198m▄[48;2;212;212;213m[38;2;201;201;200m▄[48;2;212;212;213m[38;2;202;201;200m▄[48;2;211;211;211m[38;2;201;201;199m▄[48;2;213;211;209m[38;2;201;200;199m▄[48;2;218;214;210m[38;2;201;200;197m▄[48;2;216;210;206m[38;2;204;202;199m▄[48;2;225;217;206m[38;2;206;204;201m▄[48;2;236;228;211m[38;2;211;206;202m▄[48;2;244;237;216m[38;2;215;207;201m▄[48;2;249;244;226m[38;2;220;212;202m▄[48;2;253;252;238m[38;2;228;218;204m▄[48;2;255;255;243m[38;2;234;224;205m▄[48;2;255;254;246m[38;2;237;228;208m▄[48;2;255;255;250m[38;2;240;231;212m▄[48;2;255;255;252m[38;2;242;232;214m▄[48;2;255;255;253m[38;2;240;230;213m▄[48;2;254;252;243m[38;2;237;225;207m▄[48;2;251;246;224m[38;2;229;219;205m▄[48;2;233;224;208m[38;2;219;212;206m▄[48;2;221;213;206m[38;2;216;211;205m▄[48;2;217;211;205m[38;2;214;210;203m▄[48;2;214;208;204m[38;2;212;208;202m▄[48;2;211;207;203m[38;2;210;207;201m▄[48;2;209;207;203m[38;2;209;207;201m▄[48;2;208;207;202m[38;2;208;206;202m▄[48;2;207;205;201m[38;2;205;204;200m▄[48;2;209;209;205m[38;2;211;211;207m▄[48;2;212;212;209m[38;2;216;216;213m▄[48;2;203;203;201m[38;2;203;203;202m▄[48;2;203;203;202m[38;2;202;202;201m▄[48;2;203;203;203m[38;2;202;202;203m▄[48;2;202;202;203m[38;2;202;202;202m▄[0m
[48;2;210;210;210m[38;2;213;212;213m▄[48;2;210;210;210m[38;2;213;213;214m▄[48;2;211;211;211m[38;2;214;214;214m▄[48;2;211;211;211m[38;2;214;214;214m▄[48;2;212;212;212m[38;2;214;214;214m▄[48;2;212;212;212m[38;2;215;215;215m▄[48;2;213;212;213m[38;2;215;215;214m▄[48;2;213;213;213m[38;2;215;215;215m▄[48;2;213;213;213m[38;2;215;215;215m▄[48;2;213;213;213m[38;2;215;215;215m▄[48;2;213;213;213m[38;2;215;215;215m▄[48;2;214;214;214m[38;2;215;215;215m▄[48;2;213;213;213m[38;2;215;215;215m▄[48;2;214;214;214m[38;2;215;215;215m▄[48;2;214;214;214m[38;2;215;215;215m▄[48;2;215;215;215m[38;2;215;215;215m▄[48;2;214;214;215m[38;2;215;215;215m▄[48;2;214;214;215m[38;2;216;216;216m▄[48;2;214;214;214m[38;2;215;215;215m▄[48;2;212;212;213m[38;2;215;215;215m▄[48;2;212;212;212m[38;2;215;215;215m▄[48;2;209;209;211m[38;2;213;213;212m▄[48;2;207;206;207m[38;2;209;207;207m▄[48;2;205;203;203m[38;2;206;200;200m▄[48;2;204;198;198m[38;2;202;190;191m▄[48;2;200;193;193m[38;2;198;183;183m▄[48;2;199;187;188m[38;2;196;177;178m▄[48;2;197;182;183m[38;2;195;175;175m▄[48;2;193;179;179m[38;2;195;174;173m▄[48;2;191;177;177m[38;2;195;173;173m▄[48;2;191;176;175m[38;2;195;173;174m▄[48;2;190;175;175m[38;2;195;174;173m▄[48;2;190;175;175m[38;2;195;175;173m▄[48;2;191;176;175m[38;2;196;174;174m▄[48;2;190;176;175m[38;2;195;173;173m▄[48;2;191;177;175m[38;2;195;174;173m▄[48;2;192;178;177m[38;2;196;177;175m▄[48;2;194;181;179m[38;2;198;181;179m▄[48;2;197;186;184m[38;2;201;188;185m▄[48;2;200;193;190m[38;2;204;194;192m▄[48;2;204;198;195m[38;2;208;202;199m▄[48;2;207;202;200m[38;2;211;207;204m▄[48;2;210;205;202m[38;2;213;211;206m▄[48;2;212;208;203m[38;2;214;212;208m▄[48;2;213;208;203m[38;2;214;213;209m▄[48;2;214;209;203m[38;2;215;213;208m▄[48;2;216;209;203m[38;2;215;214;207m▄[48;2;218;211;205m[38;2;215;214;207m▄[48;2;217;211;206m[38;2;216;214;207m▄[48;2;215;211;206m[38;2;216;213;207m▄[48;2;216;211;205m[38;2;214;213;206m▄[48;2;214;210;204m[38;2;213;211;204m▄[48;2;213;209;203m[38;2;213;209;204m▄[48;2;212;208;202m[38;2;212;208;203m▄[48;2;211;207;201m[38;2;210;208;203m▄[48;2;209;206;201m[38;2;208;207;202m▄[48;2;208;207;201m[38;2;207;208;202m▄[48;2;206;206;201m[38;2;207;207;202m▄[48;2;205;205;201m[38;2;207;207;203m▄[48;2;205;205;202m[38;2;206;206;206m▄[48;2;202;202;202m[38;2;205;205;206m▄[48;2;203;203;203m[38;2;205;205;205m▄[48;2;203;203;203m[38;2;204;204;204m▄[48;2;203;203;203m[38;2;203;203;203m▄[0m
[48;2;215;215;215m[38;2;216;216;216m▄[48;2;215;215;215m[38;2;216;216;216m▄[48;2;215;215;215m[38;2;216;216;216m▄[48;2;215;215;215m[38;2;216;216;216m▄[48;2;215;215;215m[38;2;216;216;216m▄[48;2;215;215;215m[38;2;216;216;216m▄[48;2;216;216;216m[38;2;217;217;217m▄[48;2;216;216;216m[38;2;216;216;216m▄[48;2;216;216;216m[38;2;217;217;217m▄[48;2;216;216;216m[38;2;217;217;217m▄[48;2;217;217;217m[38;2;217;217;217m▄[48;2;217;217;217m[38;2;217;217;217m▄[48;2;216;216;216m[38;2;217;217;217m▄[48;2;216;216;216m[38;2;217;217;217m▄[48;2;217;217;217m[38;2;217;217;217m▄[48;2;217;217;217m[38;2;217;217;217m▄[48;2;216;216;216m[38;2;217;217;217m▄[48;2;216;216;216m[38;2;217;217;217m▄[48;2;216;216;216m[38;2;217;217;217m▄[48;2;216;216;217m[38;2;217;217;217m▄[48;2;216;216;216m[38;2;217;217;217m▄[48;2;216;216;216m[38;2;217;217;217m▄[48;2;216;215;215m[38;2;217;217;216m▄[48;2;215;214;214m[38;2;217;217;217m▄[48;2;214;212;212m[38;2;217;218;218m▄[48;2;213;210;209m[38;2;217;218;218m▄[48;2;211;208;207m[38;2;217;217;217m▄[48;2;210;205;205m[38;2;217;217;218m▄[48;2;209;203;202m[38;2;217;218;218m▄[48;2;209;203;202m[38;2;218;218;219m▄[48;2;209;202;201m[38;2;217;218;218m▄[48;2;208;202;201m[38;2;217;218;218m▄[48;2;208;201;200m[38;2;217;218;219m▄[48;2;207;200;199m[38;2;217;218;217m▄[48;2;207;200;199m[38;2;216;217;215m▄[48;2;208;202;200m[38;2;217;217;215m▄[48;2;210;204;201m[38;2;217;216;214m▄[48;2;212;207;205m[38;2;217;215;213m▄[48;2;213;209;207m[38;2;216;215;212m▄[48;2;214;212;208m[38;2;216;215;211m▄[48;2;215;213;209m[38;2;216;215;211m▄[48;2;216;214;210m[38;2;216;214;210m▄[48;2;216;214;210m[38;2;216;214;210m▄[48;2;216;214;210m[38;2;216;215;209m▄[48;2;216;215;209m[38;2;216;215;208m▄[48;2;216;215;208m[38;2;216;215;208m▄[48;2;216;215;208m[38;2;216;215;208m▄[48;2;216;215;208m[38;2;216;215;208m▄[48;2;216;215;208m[38;2;216;215;209m▄[48;2;216;215;208m[38;2;216;214;209m▄[48;2;215;214;207m[38;2;215;214;207m▄[48;2;214;213;206m[38;2;215;213;207m▄[48;2;213;211;207m[38;2;214;212;208m▄[48;2;211;209;205m[38;2;212;210;206m▄[48;2;211;209;205m[38;2;211;209;205m▄[48;2;210;208;204m[38;2;210;209;205m▄[48;2;208;208;203m[38;2;210;208;205m▄[48;2;207;207;202m[38;2;209;209;205m▄[48;2;207;207;204m[38;2;208;208;206m▄[48;2;208;208;207m[38;2;208;208;209m▄[48;2;207;207;207m[38;2;208;208;208m▄[48;2;207;207;207m[38;2;207;207;207m▄[48;2;207;207;207m[38;2;207;207;207m▄[48;2;206;206;206m[38;2;207;207;207m▄[0m
