[48;2;218;218;218m[38;2;218;218;218m▄[48;2;220;220;220m[38;2;219;219;219m▄[48;2;221;221;221m[38;2;221;221;221m▄[48;2;222;222;222m[38;2;222;222;222m▄[48;2;222;222;222m[38;2;222;222;222m▄[48;2;223;223;223m[38;2;223;223;223m▄[48;2;224;224;224m[38;2;223;223;223m▄[48;2;224;224;224m[38;2;224;224;224m▄[48;2;225;225;225m[38;2;225;225;225m▄[48;2;225;225;225m[38;2;224;224;224m▄[48;2;224;224;224m[38;2;224;224;224m▄[48;2;225;225;225m[38;2;224;224;224m▄[48;2;226;226;226m[38;2;225;225;225m▄[48;2;227;227;227m[38;2;225;225;225m▄[48;2;228;228;228m[38;2;226;226;226m▄[48;2;227;227;227m[38;2;228;228;228m▄[48;2;228;228;228m[38;2;228;228;228m▄[48;2;227;227;227m[38;2;227;227;227m▄[48;2;227;227;227m[38;2;227;227;227m▄[48;2;227;227;227m[38;2;226;226;226m▄[48;2;227;227;227m[38;2;227;227;227m▄[48;2;227;227;227m[38;2;227;227;227m▄[48;2;227;227;227m[38;2;227;227;227m▄[48;2;228;228;228m[38;2;227;227;227m▄[48;2;228;228;228m[38;2;227;227;227m▄[48;2;228;228;228m[38;2;226;226;226m▄[48;2;228;228;228m[38;2;226;226;226m▄[48;2;226;226;226m[38;2;225;225;225m▄[48;2;225;225;225m[38;2;224;224;224m▄[48;2;224;224;224m[38;2;224;224;224m▄[48;2;224;224;224m[38;2;224;224;224m▄[48;2;225;225;225m[38;2;224;224;224m▄[48;2;225;225;225m[38;2;224;224;224m▄[48;2;224;224;224m[38;2;223;223;223m▄[48;2;223;223;223m[38;2;223;223;223m▄[48;2;223;223;223m[38;2;223;223;223m▄[48;2;223;223;223m[38;2;223;223;223m▄[48;2;222;222;222m[38;2;222;222;222m▄[48;2;221;221;221m[38;2;221;221;221m▄[48;2;222;222;222m[38;2;220;220;220m▄[48;2;220;220;220m[38;2;219;219;219m▄[48;2;218;218;218m[38;2;218;218;218m▄[48;2;217;217;217m[38;2;217;217;217m▄[48;2;216;216;216m[38;2;216;216;216m▄[48;2;216;216;216m[38;2;216;216;216m▄[48;2;216;216;216m[38;2;216;216;216m▄[48;2;216;216;216m[38;2;216;216;216m▄[48;2;215;215;215m[38;2;215;215;215m▄[48;2;215;215;215m[38;2;215;215;215m▄[48;2;215;215;215m[38;2;215;215;215m▄[48;2;214;214;214m[38;2;214;214;214m▄[48;2;213;213;213m[38;2;213;213;213m▄[48;2;212;212;212m[38;2;212;212;212m▄[48;2;211;211;211m[38;2;211;211;211m▄[48;2;210;210;210m[38;2;210;210;210m▄[48;2;210;210;210m[38;2;210;210;210m▄[48;2;210;210;210m[38;2;210;210;210m▄[48;2;209;209;209m[38;2;210;210;210m▄[48;2;208;208;208m[38;2;209;209;209m▄[48;2;208;208;208m[38;2;208;208;208m▄[48;2;208;208;208m[38;2;208;208;208m▄[48;2;208;208;208m[38;2;208;208;208m▄[48;2;207;207;207m[38;2;207;207;207m▄[48;2;206;206;206m[38;2;205;205;205m▄[0m
[48;2;218;218;218m[38;2;217;217;217m▄[48;2;218;218;218m[38;2;217;217;217m▄[48;2;220;220;220m[38;2;220;220;220m▄[48;2;222;222;222m[38;2;222;222;222m▄[48;2;223;223;223m[38;2;222;222;222m▄[48;2;223;223;223m[38;2;223;223;223m▄[48;2;223;223;223m[38;2;223;223;223m▄[48;2;223;223;223m[38;2;223;223;223m▄[48;2;225;225;225m[38;2;223;223;223m▄[48;2;225;225;225m[38;2;224;224;224m▄[48;2;224;224;224m[38;2;224;224;224m▄[48;2;224;224;224m[38;2;224;224;224m▄[48;2;224;224;224m[38;2;224;224;224m▄[48;2;224;224;224m[38;2;224;224;224m▄[48;2;224;224;224m[38;2;224;224;224m▄[48;2;227;227;227m[38;2;224;224;224m▄[48;2;227;227;227m[38;2;225;225;225m▄[48;2;227;227;227m[38;2;225;225;225m▄[48;2;228;228;228m[38;2;225;225;225m▄[48;2;227;227;227m[38;2;226;226;226m▄[48;2;227;227;227m[38;2;227;227;227m▄[48;2;227;227;227m[38;2;225;225;225m▄[48;2;227;227;227m[38;2;225;225;225m▄[48;2;227;227;227m[38;2;225;225;225m▄[48;2;226;226;226m[38;2;225;225;225m▄[48;2;225;225;225m[38;2;224;224;224m▄[48;2;224;224;224m[38;2;224;224;224m▄[48;2;224;224;224m[38;2;225;225;225m▄[48;2;223;223;222m[38;2;231;228;232m▄[48;2;223;224;222m[38;2;231;227;232m▄[48;2;222;223;222m[38;2;231;228;232m▄[48;2;224;224;224m[38;2;223;224;223m▄[48;2;223;223;223m[38;2;223;223;223m▄[48;2;223;223;223m[38;2;222;223;222m▄[48;2;222;222;222m[38;2;228;226;228m▄[48;2;220;221;220m[38;2;230;226;232m▄[48;2;222;223;222m[38;2;224;223;224m▄[48;2;222;222;222m[38;2;221;221;221m▄[48;2;221;221;221m[38;2;221;221;221m▄[48;2;220;220;220m[38;2;220;220;220m▄[48;2;219;219;219m[38;2;219;219;219m▄[48;2;219;219;219m[38;2;218;218;218m▄[48;2;217;217;217m[38;2;216;216;216m▄[48;2;216;216;216m[38;2;216;216;216m▄[48;2;216;216;216m[38;2;216;216;216m▄[48;2;216;216;216m[38;2;216;216;216m▄[48;2;216;216;216m[38;2;216;216;216m▄[48;2;216;216;216m[38;2;216;216;216m▄[48;2;215;215;215m[38;2;214;214;214m▄[48;2;215;215;215m[38;2;214;214;214m▄[48;2;213;213;213m[38;2;213;213;213m▄[48;2;213;213;213m[38;2;212;212;212m▄[48;2;212;212;212m[38;2;212;212;212m▄[48;2;211;211;211m[38;2;211;211;211m▄[48;2;210;210;210m[38;2;210;210;210m▄[48;2;210;210;210m[38;2;210;210;210m▄[48;2;210;210;210m[38;2;210;210;210m▄[48;2;210;210;210m[38;2;209;209;210m▄[48;2;209;209;209m[38;2;208;208;208m▄[48;2;208;208;208m[38;2;208;208;208m▄[48;2;208;208;208m[38;2;208;208;208m▄[48;2;207;207;207m[38;2;207;207;207m▄[48;2;207;207;207m[38;2;207;207;207m▄[48;2;206;206;206m[38;2;207;207;207m▄[0m
[48;2;217;217;217m[38;2;217;217;217m▄[48;2;217;217;217m[38;2;218;218;218m▄[48;2;220;220;220m[38;2;220;220;220m▄[48;2;221;221;221m[38;2;221;221;221m▄[48;2;221;221;221m[38;2;221;221;221m▄[48;2;222;222;222m[38;2;222;222;222m▄[48;2;223;223;223m[38;2;223;223;223m▄[48;2;223;223;223m[38;2;223;223;223m▄[48;2;224;224;224m[38;2;224;224;224m▄[48;2;224;224;224m[38;2;224;224;224m▄[48;2;225;225;225m[38;2;224;224;224m▄[48;2;225;225;225m[38;2;224;224;224m▄[48;2;224;224;224m[38;2;224;224;224m▄[48;2;224;224;224m[38;2;224;224;224m▄[48;2;225;225;225m[38;2;224;224;224m▄[48;2;225;225;225m[38;2;224;224;224m▄[48;2;225;225;225m[38;2;224;224;224m▄[48;2;224;224;224m[38;2;224;224;224m▄[48;2;225;225;225m[38;2;224;224;224m▄[48;2;225;225;225m[38;2;224;224;224m▄[48;2;224;224;224m[38;2;224;224;224m▄[48;2;224;224;224m[38;2;224;224;224m▄[48;2;224;224;224m[38;2;224;224;224m▄[48;2;225;225;225m[38;2;225;225;225m▄[48;2;224;224;224m[38;2;224;224;224m▄[48;2;224;224;224m[38;2;224;224;224m▄[48;2;225;225;225m[38;2;226;225;225m▄[48;2;224;224;225m[38;2;218;220;221m▄[48;2;158;189;151m[38;2;138;182;118m▄[48;2;159;190;151m[38;2;151;194;97m▄[48;2;187;203;187m[38;2;131;177;89m▄[48;2;226;225;228m[38;2;147;180;136m▄[48;2;223;223;223m[38;2;231;228;232m▄[48;2;230;227;231m[38;2;196;207;197m▄[48;2;187;203;185m[38;2;115;168;82m▄[48;2;145;182;132m[38;2;107;163;78m▄[48;2;214;217;213m[38;2;199;207;200m▄[48;2;224;222;224m[38;2;222;221;221m▄[48;2;220;220;220m[38;2;220;220;219m▄[48;2;219;219;219m[38;2;220;220;220m▄[48;2;218;218;218m[38;2;217;217;217m▄[48;2;218;218;218m[38;2;217;217;217m▄[48;2;217;217;217m[38;2;216;216;216m▄[48;2;216;216;216m[38;2;216;216;216m▄[48;2;216;216;216m[38;2;216;216;216m▄[48;2;215;215;215m[38;2;215;215;215m▄[48;2;215;215;215m[38;2;215;215;215m▄[48;2;215;215;215m[38;2;215;215;215m▄[48;2;214;215;214m[38;2;214;214;214m▄[48;2;214;214;214m[38;2;214;214;214m▄[48;2;213;213;214m[38;2;214;214;214m▄[48;2;212;212;213m[38;2;212;212;212m▄[48;2;211;211;211m[38;2;212;212;212m▄[48;2;210;210;210m[38;2;210;210;210m▄[48;2;210;210;210m[38;2;210;210;210m▄[48;2;210;210;210m[38;2;210;210;210m▄[48;2;210;210;210m[38;2;210;210;210m▄[48;2;209;209;209m[38;2;210;210;210m▄[48;2;209;209;208m[38;2;209;209;209m▄[48;2;208;208;208m[38;2;208;208;208m▄[48;2;208;208;208m[38;2;208;208;208m▄[48;2;208;208;208m[38;2;207;207;207m▄[48;2;207;207;207m[38;2;207;207;207m▄[48;2;207;207;207m[38;2;207;207;207m▄[0m
[48;2;217;217;217m[38;2;217;217;217m▄[48;2;218;218;218m[38;2;217;217;217m▄[48;2;218;218;218m[38;2;217;217;217m▄[48;2;220;220;220m[38;2;219;219;219m▄[48;2;221;220;222m[38;2;220;220;221m▄[48;2;221;221;221m[38;2;221;221;221m▄[48;2;222;222;222m[38;2;222;222;222m▄[48;2;223;223;223m[38;2;222;222;222m▄[48;2;223;223;223m[38;2;223;223;223m▄[48;2;224;224;224m[38;2;223;223;223m▄[48;2;224;224;224m[38;2;224;224;224m▄[48;2;224;224;224m[38;2;224;224;224m▄[48;2;225;225;225m[38;2;223;223;223m▄[48;2;225;225;224m[38;2;224;224;224m▄[48;2;224;224;224m[38;2;224;224;224m▄[48;2;224;224;224m[38;2;224;224;224m▄[48;2;224;224;224m[38;2;224;224;224m▄[48;2;224;224;224m[38;2;224;224;224m▄[48;2;224;224;224m[38;2;224;224;224m▄[48;2;224;224;224m[38;2;224;224;224m▄[48;2;224;224;224m[38;2;224;224;224m▄[48;2;224;224;224m[38;2;224;224;224m▄[48;2;224;224;224m[38;2;224;224;224m▄[48;2;224;224;224m[38;2;224;224;224m▄[48;2;224;224;224m[38;2;224;224;224m▄[48;2;224;224;224m[38;2;224;224;224m▄[48;2;223;224;223m[38;2;223;223;222m▄[48;2;231;228;232m[38;2;229;226;228m▄[48;2;150;183;142m[38;2;202;214;206m▄[48;2;142;185;82m[38;2;123;178;96m▄[48;2;140;186;84m[38;2;124;181;73m▄[48;2;123;175;68m[38;2;110;164;69m▄[48;2;165;187;160m[38;2;105;160;75m▄[48;2;133;173;117m[38;2;99;152;89m▄[48;2;127;168;106m[38;2;160;183;156m▄[48;2;203;203;208m[38;2;156;184;143m▄[48;2;217;213;219m[38;2;153;182;143m▄[48;2;224;221;224m[38;2;177;195;177m▄[48;2;220;220;220m[38;2;221;220;223m▄[48;2;219;219;219m[38;2;223;221;223m▄[48;2;218;218;218m[38;2;217;217;217m▄[48;2;217;217;217m[38;2;217;217;217m▄[48;2;216;216;216m[38;2;216;216;216m▄[48;2;216;216;216m[38;2;216;216;216m▄[48;2;216;216;216m[38;2;216;216;216m▄[48;2;215;215;215m[38;2;215;215;215m▄[48;2;215;215;215m[38;2;215;215;215m▄[48;2;215;215;215m[38;2;215;215;215m▄[48;2;214;214;214m[38;2;214;214;214m▄[48;2;214;214;214m[38;2;213;213;213m▄[48;2;214;214;214m[38;2;213;213;213m▄[48;2;212;212;212m[38;2;212;212;212m▄[48;2;212;212;211m[38;2;211;211;211m▄[48;2;211;210;211m[38;2;210;210;210m▄[48;2;210;210;210m[38;2;210;210;210m▄[48;2;210;210;210m[38;2;210;210;210m▄[48;2;209;209;209m[38;2;210;210;210m▄[48;2;209;209;209m[38;2;209;209;209m▄[48;2;208;208;208m[38;2;207;207;207m▄[48;2;208;208;208m[38;2;208;208;208m▄[48;2;208;208;208m[38;2;208;208;208m▄[48;2;207;207;207m[38;2;207;207;207m▄[48;2;207;207;207m[38;2;206;206;206m▄[48;2;206;206;206m[38;2;206;206;206m▄[0m
[48;2;216;216;216m[38;2;216;216;216m▄[48;2;217;217;217m[38;2;216;216;216m▄[48;2;217;217;217m[38;2;217;217;217m▄[48;2;218;218;218m[38;2;218;218;218m▄[48;2;219;219;219m[38;2;218;218;218m▄[48;2;221;221;221m[38;2;219;219;219m▄[48;2;221;221;221m[38;2;220;220;220m▄[48;2;222;222;222m[38;2;221;221;221m▄[48;2;223;223;223m[38;2;222;222;222m▄[48;2;223;223;223m[38;2;222;222;222m▄[48;2;223;223;223m[38;2;223;223;223m▄[48;2;223;223;223m[38;2;223;223;223m▄[48;2;224;224;224m[38;2;224;224;224m▄[48;2;224;224;224m[38;2;224;224;224m▄[48;2;224;224;224m[38;2;224;223;224m▄[48;2;224;224;224m[38;2;224;224;224m▄[48;2;224;224;224m[38;2;224;224;224m▄[48;2;224;224;224m[38;2;224;224;224m▄[48;2;224;224;224m[38;2;224;224;224m▄[48;2;224;224;225m[38;2;224;223;224m▄[48;2;224;224;224m[38;2;224;224;224m▄[48;2;224;224;224m[38;2;224;223;224m▄[48;2;224;224;224m[38;2;223;223;224m▄[48;2;224;224;224m[38;2;223;223;223m▄[48;2;224;224;224m[38;2;223;222;222m▄[48;2;223;223;223m[38;2;224;225;225m▄[48;2;224;226;225m[38;2;222;221;222m▄[48;2;223;230;228m[38;2;208;147;160m▄[48;2;224;204;211m[38;2;218;137;149m▄[48;2;185;168;162m[38;2;230;139;152m▄[48;2;120;155;94m[38;2;219;119;138m▄[48;2;93;165;80m[38;2;185;118;128m▄[48;2;64;137;53m[38;2;172;134;125m▄[48;2;78;143;70m[38;2;104;151;83m▄[48;2;114;168;84m[38;2;91;162;64m▄[48;2;126;178;80m[38;2;116;177;71m▄[48;2;142;187;91m[38;2;130;185;72m▄[48;2;142;186;99m[38;2;128;180;68m▄[48;2;135;174;118m[38;2;118;164;97m▄[48;2;207;212;208m[38;2;198;203;199m▄[48;2;221;219;220m[38;2;219;217;218m▄[48;2;216;216;216m[38;2;216;216;215m▄[48;2;216;216;216m[38;2;216;216;216m▄[48;2;216;216;216m[38;2;216;216;216m▄[48;2;216;216;216m[38;2;215;215;215m▄[48;2;215;215;215m[38;2;215;215;215m▄[48;2;215;215;215m[38;2;215;215;215m▄[48;2;215;215;215m[38;2;214;214;214m▄[48;2;214;214;214m[38;2;214;214;214m▄[48;2;213;213;213m[38;2;213;213;213m▄[48;2;213;213;213m[38;2;212;212;212m▄[48;2;212;212;212m[38;2;212;212;212m▄[48;2;211;211;211m[38;2;211;211;211m▄[48;2;210;210;210m[38;2;210;210;210m▄[48;2;210;210;210m[38;2;210;210;210m▄[48;2;210;210;210m[38;2;210;210;210m▄[48;2;210;210;210m[38;2;210;210;210m▄[48;2;208;208;209m[38;2;208;208;208m▄[48;2;208;208;208m[38;2;208;208;208m▄[48;2;208;208;208m[38;2;208;208;208m▄[48;2;208;208;208m[38;2;207;207;207m▄[48;2;207;207;207m[38;2;207;207;207m▄[48;2;207;207;207m[38;2;207;207;207m▄[48;2;206;206;206m[38;2;205;205;205m▄[0m
[48;2;216;216;216m[38;2;216;216;216m▄[48;2;216;216;216m[38;2;216;216;216m▄[48;2;216;216;216m[38;2;216;216;216m▄[48;2;217;217;217m[38;2;216;216;216m▄[48;2;217;217;217m[38;2;217;217;217m▄[48;2;218;218;218m[38;2;218;218;217m▄[48;2;220;220;220m[38;2;218;218;218m▄[48;2;221;221;221m[38;2;220;220;220m▄[48;2;221;221;221m[38;2;221;221;221m▄[48;2;222;222;222m[38;2;221;221;221m▄[48;2;222;222;222m[38;2;221;221;221m▄[48;2;223;223;223m[38;2;222;222;222m▄[48;2;222;222;222m[38;2;222;222;222m▄[48;2;223;223;223m[38;2;222;222;222m▄[48;2;223;223;223m[38;2;223;223;223m▄[48;2;223;223;223m[38;2;223;223;223m▄[48;2;223;223;223m[38;2;223;223;223m▄[48;2;223;223;223m[38;2;223;223;223m▄[48;2;224;224;224m[38;2;223;223;223m▄[48;2;224;224;224m[38;2;223;223;223m▄[48;2;224;224;224m[38;2;224;224;224m▄[48;2;223;223;223m[38;2;223;223;223m▄[48;2;224;223;224m[38;2;223;223;223m▄[48;2;223;223;223m[38;2;222;221;221m▄[48;2;224;223;223m[38;2;225;231;230m▄[48;2;224;228;227m[38;2;212;183;191m▄[48;2;207;146;159m[38;2;219;138;151m▄[48;2;225;143;153m[38;2;234;151;160m▄[48;2;231;148;156m[38;2;227;129;142m▄[48;2;223;119;133m[38;2;212;98;120m▄[48;2;212;101;120m[38;2;221;140;155m▄[48;2;229;140;155m[38;2;232;150;157m▄[48;2;242;149;165m[38;2;225;127;138m▄[48;2;226;138;147m[38;2;230;130;143m▄[48;2;172;153;126m[38;2;246;151;165m▄[48;2;147;159;104m[38;2;245;154;169m▄[48;2;136;155;102m[38;2;216;140;157m▄[48;2;148;175;145m[38;2;205;203;209m▄[48;2;195;195;198m[38;2;206;205;205m▄[48;2;207;205;207m[38;2;211;211;211m▄[48;2;213;213;213m[38;2;216;216;216m▄[48;2;216;216;216m[38;2;216;216;216m▄[48;2;216;216;216m[38;2;216;216;217m▄[48;2;216;216;216m[38;2;216;216;216m▄[48;2;217;217;217m[38;2;216;215;215m▄[48;2;218;218;218m[38;2;216;216;216m▄[48;2;215;215;215m[38;2;214;214;214m▄[48;2;215;215;215m[38;2;214;214;214m▄[48;2;215;215;215m[38;2;214;214;214m▄[48;2;213;213;213m[38;2;212;212;212m▄[48;2;213;213;213m[38;2;212;212;212m▄[48;2;212;212;212m[38;2;211;211;211m▄[48;2;210;210;210m[38;2;210;210;210m▄[48;2;210;210;210m[38;2;210;210;210m▄[48;2;210;210;210m[38;2;211;211;211m▄[48;2;210;210;210m[38;2;209;209;209m▄[48;2;209;209;209m[38;2;210;210;210m▄[48;2;209;209;209m[38;2;209;209;209m▄[48;2;208;208;208m[38;2;208;208;208m▄[48;2;208;208;208m[38;2;208;208;208m▄[48;2;208;208;208m[38;2;207;207;207m▄[48;2;207;207;207m[38;2;207;207;207m▄[48;2;207;207;207m[38;2;206;206;206m▄[48;2;206;206;206m[38;2;205;205;205m▄[0m
[48;2;216;216;216m[38;2;215;215;215m▄[48;2;216;216;216m[38;2;216;216;216m▄[48;2;216;216;216m[38;2;216;216;216m▄[48;2;216;216;216m[38;2;216;216;216m▄[48;2;216;216;216m[38;2;216;216;216m▄[48;2;217;217;217m[38;2;217;217;217m▄[48;2;218;218;217m[38;2;217;217;217m▄[48;2;218;218;218m[38;2;218;218;218m▄[48;2;219;219;219m[38;2;218;218;218m▄[48;2;220;220;220m[38;2;219;219;219m▄[48;2;221;221;221m[38;2;219;219;219m▄[48;2;221;221;221m[38;2;220;220;220m▄[48;2;221;221;221m[38;2;220;220;221m▄[48;2;221;221;221m[38;2;221;221;221m▄[48;2;222;222;222m[38;2;221;221;221m▄[48;2;222;222;222m[38;2;221;221;221m▄[48;2;222;222;222m[38;2;221;221;221m▄[48;2;222;222;222m[38;2;221;221;221m▄[48;2;222;222;223m[38;2;221;221;222m▄[48;2;223;223;223m[38;2;222;222;222m▄[48;2;223;223;223m[38;2;222;222;222m▄[48;2;223;223;223m[38;2;221;222;222m▄[48;2;222;222;222m[38;2;221;221;221m▄[48;2;222;220;220m[38;2;222;221;221m▄[48;2;223;230;229m[38;2;220;221;222m▄[48;2;206;149;162m[38;2;210;141;155m▄[48;2;229;152;161m[38;2;230;144;152m▄[48;2;226;131;143m[38;2;227;129;142m▄[48;2;227;132;144m[38;2;225;129;142m▄[48;2;218;124;139m[38;2;229;144;155m▄[48;2;230;150;160m[38;2;228;134;147m▄[48;2;226;128;141m[38;2;226;131;143m▄[48;2;229;136;147m[38;2;228;131;143m▄[48;2;226;131;142m[38;2;227;128;140m▄[48;2;226;135;144m[38;2;231;144;152m▄[48;2;234;164;169m[38;2;221;144;151m▄[48;2;207;102;119m[38;2;218;103;121m▄[48;2;200;148;156m[38;2;211;113;130m▄[48;2;215;222;221m[38;2;208;206;207m▄[48;2;217;215;216m[38;2;217;218;217m▄[48;2;216;217;218m[38;2;214;211;206m▄[48;2;216;217;218m[38;2;213;206;195m▄[48;2;216;215;213m[38;2;213;204;191m▄[48;2;215;215;215m[38;2;212;200;184m▄[48;2;216;217;220m[38;2;212;203;190m▄[48;2;215;214;214m[38;2;215;216;216m▄[48;2;214;214;214m[38;2;214;214;214m▄[48;2;214;214;214m[38;2;214;214;214m▄[48;2;213;213;214m[38;2;213;213;213m▄[48;2;212;211;213m[38;2;212;212;213m▄[48;2;211;211;211m[38;2;211;211;211m▄[48;2;211;211;211m[38;2;211;211;211m▄[48;2;210;210;210m[38;2;210;210;210m▄[48;2;210;210;210m[38;2;210;210;210m▄[48;2;210;210;210m[38;2;210;210;210m▄[48;2;210;210;210m[38;2;209;209;209m▄[48;2;209;209;209m[38;2;208;208;208m▄[48;2;209;209;209m[38;2;209;209;209m▄[48;2;208;208;208m[38;2;208;208;208m▄[48;2;207;207;207m[38;2;207;207;207m▄[48;2;207;207;207m[38;2;207;207;207m▄[48;2;207;207;207m[38;2;207;207;207m▄[48;2;206;206;206m[38;2;206;206;206m▄[48;2;205;205;205m[38;2;205;205;205m▄[0m
[48;2;215;215;215m[38;2;215;215;215m▄[48;2;216;216;216m[38;2;215;215;215m▄[48;2;216;216;216m[38;2;216;216;216m▄[48;2;216;216;216m[38;2;216;216;216m▄[48;2;216;216;216m[38;2;216;216;216m▄[48;2;216;216;216m[38;2;216;216;216m▄[48;2;216;216;216m[38;2;216;216;216m▄[48;2;217;217;217m[38;2;216;216;216m▄[48;2;218;218;218m[38;2;217;217;217m▄[48;2;218;218;218m[38;2;217;217;217m▄[48;2;217;217;217m[38;2;217;217;217m▄[48;2;218;218;218m[38;2;217;217;217m▄[48;2;219;219;219m[38;2;218;218;218m▄[48;2;219;219;219m[38;2;219;219;219m▄[48;2;220;220;220m[38;2;219;219;219m▄[48;2;221;221;221m[38;2;219;219;219m▄[48;2;221;221;221m[38;2;220;220;220m▄[48;2;221;221;221m[38;2;220;220;220m▄[48;2;221;221;221m[38;2;220;220;220m▄[48;2;221;221;221m[38;2;221;221;221m▄[48;2;221;221;221m[38;2;221;221;221m▄[48;2;221;221;221m[38;2;221;221;221m▄[48;2;221;221;221m[38;2;221;220;220m▄[48;2;221;221;221m[38;2;220;218;218m▄[48;2;219;220;221m[38;2;222;229;228m▄[48;2;206;127;142m[38;2;203;144;157m▄[48;2;228;128;141m[38;2;203;87;107m▄[48;2;211;107;124m[38;2;214;110;125m▄[48;2;227;131;143m[38;2;229;126;139m▄[48;2;227;132;144m[38;2;227;130;143m▄[48;2;228;133;145m[38;2;226;128;141m▄[48;2;228;133;144m[38;2;227;129;142m▄[48;2;227;128;141m[38;2;226;130;142m▄[48;2;228;131;143m[38;2;224;130;141m▄[48;2;231;140;151m[38;2;227;132;144m▄[48;2;226;131;141m[38;2;230;130;140m▄[48;2;229;121;132m[38;2;225;107;122m▄[48;2;212;112;130m[38;2;197;121;137m▄[48;2;201;195;198m[38;2;200;206;205m▄[48;2;215;215;210m[38;2;214;212;213m▄[48;2;214;210;204m[38;2;215;216;217m▄[48;2;215;213;212m[38;2;215;215;215m▄[48;2;215;215;216m[38;2;214;213;212m▄[48;2;214;215;217m[38;2;213;214;216m▄[48;2;207;195;176m[38;2;212;211;210m▄[48;2;210;203;190m[38;2;206;193;173m▄[48;2;215;216;218m[38;2;214;215;218m▄[48;2;213;213;213m[38;2;213;212;212m▄[48;2;213;213;213m[38;2;213;212;212m▄[48;2;212;212;212m[38;2;215;215;215m▄[48;2;212;212;212m[38;2;212;212;212m▄[48;2;211;211;211m[38;2;211;211;211m▄[48;2;210;210;210m[38;2;210;210;210m▄[48;2;211;211;211m[38;2;211;211;211m▄[48;2;210;210;210m[38;2;210;210;210m▄[48;2;210;210;210m[38;2;210;210;210m▄[48;2;209;209;209m[38;2;209;209;209m▄[48;2;208;208;208m[38;2;208;208;208m▄[48;2;207;207;208m[38;2;207;207;207m▄[48;2;207;207;207m[38;2;207;207;207m▄[48;2;207;207;207m[38;2;207;207;207m▄[48;2;206;206;206m[38;2;205;205;205m▄[48;2;204;204;204m[38;2;204;204;204m▄[48;2;204;204;204m[38;2;204;204;204m▄[0m
[48;2;215;215;215m[38;2;215;215;215m▄[48;2;215;215;215m[38;2;215;215;215m▄[48;2;216;216;216m[38;2;215;215;215m▄[48;2;216;216;216m[38;2;216;216;216m▄[48;2;216;216;216m[38;2;215;215;215m▄[48;2;216;216;216m[38;2;216;216;216m▄[48;2;216;216;216m[38;2;216;216;216m▄[48;2;216;216;216m[38;2;216;216;216m▄[48;2;216;216;216m[38;2;216;216;216m▄[48;2;216;216;216m[38;2;216;216;216m▄[48;2;216;216;216m[38;2;216;216;216m▄[48;2;217;217;217m[38;2;217;217;217m▄[48;2;217;217;217m[38;2;217;217;217m▄[48;2;217;217;217m[38;2;217;217;217m▄[48;2;217;217;217m[38;2;217;217;217m▄[48;2;218;218;218m[38;2;217;217;217m▄[48;2;218;218;218m[38;2;217;217;217m▄[48;2;218;218;218m[38;2;218;217;217m▄[48;2;219;219;219m[38;2;218;218;218m▄[48;2;219;219;219m[38;2;216;218;218m▄[48;2;220;219;219m[38;2;216;219;219m▄[48;2;219;219;219m[38;2;218;217;217m▄[48;2;219;220;220m[38;2;217;211;212m▄[48;2;218;218;219m[38;2;217;214;214m▄[48;2;219;219;219m[38;2;218;222;222m▄[48;2;214;212;212m[38;2;220;233;230m▄[48;2;199;116;132m[38;2;203;156;166m▄[48;2;226;111;126m[38;2;218;98;115m▄[48;2;221;109;124m[38;2;218;104;121m▄[48;2;222;122;137m[38;2;206;98;116m▄[48;2;227;129;140m[38;2;231;133;145m▄[48;2;227;131;143m[38;2;228;125;139m▄[48;2;226;131;143m[38;2;227;123;137m▄[48;2;225;131;142m[38;2;220;113;129m▄[48;2;213;112;127m[38;2;208;94;114m▄[48;2;210;95;113m[38;2;209;78;102m▄[48;2;195;93;112m[38;2;189;115;132m▄[48;2;190;179;182m[38;2;195;210;207m▄[48;2;204;208;208m[38;2;209;199;199m▄[48;2;214;219;219m[38;2;216;186;187m▄[48;2;215;216;216m[38;2;215;211;211m▄[48;2;215;214;214m[38;2;217;220;221m▄[48;2;216;217;220m[38;2;206;198;187m▄[48;2;216;217;220m[38;2;197;180;155m▄[48;2;204;191;172m[38;2;206;193;178m▄[48;2;206;196;182m[38;2;211;211;211m▄[48;2;213;214;218m[38;2;208;205;200m▄[48;2;212;211;212m[38;2;212;212;213m▄[48;2;211;211;211m[38;2;210;210;209m▄[48;2;211;211;211m[38;2;210;210;210m▄[48;2;210;210;210m[38;2;210;210;210m▄[48;2;210;210;210m[38;2;211;211;211m▄[48;2;210;210;210m[38;2;212;212;212m▄[48;2;210;210;210m[38;2;209;209;210m▄[48;2;209;209;209m[38;2;208;208;208m▄[48;2;208;208;208m[38;2;208;208;208m▄[48;2;208;208;208m[38;2;208;208;208m▄[48;2;208;207;208m[38;2;208;207;208m▄[48;2;207;207;208m[38;2;207;207;207m▄[48;2;206;206;206m[38;2;206;206;206m▄[48;2;206;206;206m[38;2;206;206;206m▄[48;2;205;205;205m[38;2;205;205;205m▄[48;2;204;204;204m[38;2;204;204;204m▄[48;2;204;204;204m[38;2;203;203;203m▄[0m
[48;2;214;214;214m[38;2;214;214;214m▄[48;2;214;214;214m[38;2;215;215;215m▄[48;2;215;215;215m[38;2;215;215;215m▄[48;2;215;215;215m[38;2;215;215;215m▄[48;2;215;215;215m[38;2;215;215;215m▄[48;2;215;215;215m[38;2;215;215;215m▄[48;2;215;215;215m[38;2;215;215;215m▄[48;2;216;216;216m[38;2;216;216;216m▄[48;2;216;216;216m[38;2;216;216;216m▄[48;2;216;216;216m[38;2;216;216;216m▄[48;2;216;216;216m[38;2;216;216;216m▄[48;2;217;217;217m[38;2;216;216;216m▄[48;2;217;217;217m[38;2;216;216;216m▄[48;2;216;216;216m[38;2;216;216;216m▄[48;2;217;217;217m[38;2;216;216;216m▄[48;2;217;217;217m[38;2;217;216;216m▄[48;2;217;217;217m[38;2;216;217;217m▄[48;2;216;218;218m[38;2;219;215;215m▄[48;2;216;217;217m[38;2;241;207;209m▄[48;2;227;216;215m[38;2;253;235;234m▄[48;2;237;211;212m[38;2;232;169;175m▄[48;2;227;158;164m[38;2;218;127;136m▄[48;2;227;157;163m[38;2;217;120;131m▄[48;2;228;161;166m[38;2;223;135;145m▄[48;2;220;157;162m[38;2;238;171;178m▄[48;2;218;203;204m[38;2;221;134;144m▄[48;2;211;207;209m[38;2;217;210;211m▄[48;2;195;98;117m[38;2;206;200;203m▄[48;2;218;93;112m[38;2;193;128;143m▄[48;2;206;86;106m[38;2;192;107;124m▄[48;2;221;114;130m[38;2;192;129;141m▄[48;2;221;136;147m[38;2;218;147;153m▄[48;2;212;114;130m[38;2;218;145;150m▄[48;2;215;91;111m[38;2;196;120;135m▄[48;2;217;90;111m[38;2;188;112;130m▄[48;2;198;82;105m[38;2;188;168;173m▄[48;2;188;173;178m[38;2;199;210;208m▄[48;2;202;194;194m[38;2;214;147;155m▄[48;2;224;145;152m[38;2;236;165;173m▄[48;2;236;157;161m[38;2;223;156;164m▄[48;2;220;161;167m[38;2;218;140;146m▄[48;2;201;199;187m[38;2;199;195;185m▄[48;2;198;191;171m[38;2;214;173;179m▄[48;2;209;210;209m[38;2;223;145;151m▄[48;2;212;218;222m[38;2;215;185;188m▄[48;2;206;201;194m[38;2;206;204;197m▄[48;2;206;200;191m[38;2;209;207;206m▄[48;2;213;214;216m[38;2;212;212;212m▄[48;2;212;212;212m[38;2;211;211;211m▄[48;2;209;209;209m[38;2;210;210;210m▄[48;2;210;210;210m[38;2;210;210;210m▄[48;2;211;211;211m[38;2;209;209;209m▄[48;2;211;211;211m[38;2;209;209;209m▄[48;2;210;210;210m[38;2;209;209;209m▄[48;2;209;209;209m[38;2;209;209;209m▄[48;2;208;208;208m[38;2;209;209;209m▄[48;2;207;207;207m[38;2;207;207;207m▄[48;2;207;207;207m[38;2;207;207;207m▄[48;2;207;207;207m[38;2;206;206;206m▄[48;2;207;207;207m[38;2;206;206;206m▄[48;2;206;206;206m[38;2;206;205;206m▄[48;2;204;204;204m[38;2;204;204;204m▄[48;2;203;203;203m[38;2;203;203;203m▄[48;2;203;203;203m[38;2;203;203;203m▄[0m
[48;2;214;214;214m[38;2;213;213;213m▄[48;2;214;214;214m[38;2;214;214;214m▄[48;2;214;214;214m[38;2;214;214;214m▄[48;2;214;214;214m[38;2;214;214;214m▄[48;2;215;215;215m[38;2;215;215;215m▄[48;2;215;215;215m[38;2;215;215;215m▄[48;2;215;215;215m[38;2;215;215;215m▄[48;2;215;215;215m[38;2;215;215;215m▄[48;2;215;215;215m[38;2;215;215;215m▄[48;2;216;216;216m[38;2;215;215;215m▄[48;2;216;216;216m[38;2;216;216;216m▄[48;2;216;216;216m[38;2;216;216;216m▄[48;2;216;216;216m[38;2;216;216;216m▄[48;2;217;217;217m[38;2;217;217;217m▄[48;2;217;217;217m[38;2;217;217;217m▄[48;2;217;217;217m[38;2;216;218;218m▄[48;2;215;216;217m[38;2;219;207;209m▄[48;2;238;201;205m[38;2;247;211;213m▄[48;2;255;245;244m[38;2;244;227;229m▄[48;2;228;171;178m[38;2;196;93;109m▄[48;2;203;84;100m[38;2;216;135;148m▄[48;2;236;172;180m[38;2;229;164;174m▄[48;2;214;125;136m[38;2;189;98;112m▄[48;2;199;113;123m[38;2;204;129;140m▄[48;2;233;168;178m[38;2;243;185;193m▄[48;2;232;157;166m[38;2;208;115;129m▄[48;2;205;170;174m[38;2;201;111;124m▄[48;2;212;216;215m[38;2;217;143;154m▄[48;2;209;211;210m[38;2;210;125;137m▄[48;2;203;219;216m[38;2;208;142;153m▄[48;2;203;170;173m[38;2;205;134;145m▄[48;2;230;146;154m[38;2;207;104;118m▄[48;2;226;142;150m[38;2;202;110;124m▄[48;2;200;174;177m[38;2;197;142;149m▄[48;2;195;209;206m[38;2;211;135;145m▄[48;2;200;201;200m[38;2;214;140;150m▄[48;2;205;193;193m[38;2;199;117;128m▄[48;2;224;145;154m[38;2;230;159;168m▄[48;2;231;173;179m[38;2;226;167;173m▄[48;2;212;118;130m[38;2;207;119;131m▄[48;2;207;140;149m[38;2;209;126;136m▄[48;2;202;210;208m[38;2;200;158;161m▄[48;2;213;129;139m[38;2;207;121;133m▄[48;2;235;165;173m[38;2;206;106;122m▄[48;2;212;136;144m[38;2;200;157;161m▄[48;2;209;214;215m[38;2;203;210;209m▄[48;2;211;210;211m[38;2;211;209;210m▄[48;2;210;210;210m[38;2;210;210;211m▄[48;2;210;210;210m[38;2;210;210;211m▄[48;2;210;210;210m[38;2;210;210;210m▄[48;2;210;210;210m[38;2;210;210;210m▄[48;2;210;210;209m[38;2;210;209;211m▄[48;2;209;209;208m[38;2;208;208;210m▄[48;2;208;208;208m[38;2;209;209;209m▄[48;2;208;208;208m[38;2;208;208;208m▄[48;2;208;208;208m[38;2;208;208;208m▄[48;2;207;207;207m[38;2;207;207;207m▄[48;2;207;207;207m[38;2;207;207;207m▄[48;2;206;206;206m[38;2;206;206;206m▄[48;2;205;205;206m[38;2;205;205;205m▄[48;2;204;204;204m[38;2;204;204;204m▄[48;2;204;204;204m[38;2;204;204;204m▄[48;2;203;203;203m[38;2;203;203;203m▄[48;2;203;203;203m[38;2;203;203;203m▄[0m
[48;2;213;213;213m[38;2;212;212;212m▄[48;2;213;213;213m[38;2;212;212;212m▄[48;2;213;213;213m[38;2;212;212;213m▄[48;2;214;214;214m[38;2;212;212;212m▄[48;2;214;214;214m[38;2;213;214;213m▄[48;2;214;214;214m[38;2;213;213;213m▄[48;2;215;215;215m[38;2;214;214;214m▄[48;2;214;214;214m[38;2;214;214;214m▄[48;2;215;215;215m[38;2;215;215;215m▄[48;2;215;215;215m[38;2;215;215;215m▄[48;2;215;215;215m[38;2;215;215;215m▄[48;2;215;215;215m[38;2;215;215;215m▄[48;2;215;215;215m[38;2;215;215;215m▄[48;2;216;216;216m[38;2;216;216;216m▄[48;2;215;215;215m[38;2;215;215;215m▄[48;2;215;215;215m[38;2;215;215;215m▄[48;2;218;217;217m[38;2;215;217;217m▄[48;2;231;185;193m[38;2;213;206;207m▄[48;2;200;106;122m[38;2;194;151;160m▄[48;2;179;66;85m[38;2;185;91;108m▄[48;2;229;156;167m[38;2;229;141;154m▄[48;2;216;133;146m[38;2;203;117;134m▄[48;2;199;100;117m[38;2;235;160;170m▄[48;2;229;159;169m[38;2;180;84;103m▄[48;2;203;111;127m[38;2;179;81;101m▄[48;2;188;77;99m[38;2;220;135;149m▄[48;2;232;166;176m[38;2;202;113;130m▄[48;2;198;109;124m[38;2;168;54;77m▄[48;2;239;181;189m[38;2;239;170;179m▄[48;2;208;118;133m[38;2;169;59;83m▄[48;2;197;88;108m[38;2;211;126;142m▄[48;2;240;185;192m[38;2;216;142;153m▄[48;2;185;82;100m[38;2;172;60;83m▄[48;2;217;140;151m[38;2;235;169;180m▄[48;2;218;145;155m[38;2;179;86;105m▄[48;2;217;146;157m[38;2;177;78;97m▄[48;2;199;105;120m[38;2;186;89;109m▄[48;2;233;173;183m[38;2;239;170;182m▄[48;2;209;138;149m[38;2;190;104;121m▄[48;2;218;147;158m[38;2;203;112;126m▄[48;2;237;172;181m[38;2;214;132;144m▄[48;2;180;67;84m[38;2;166;57;80m▄[48;2;232;166;174m[38;2;236;161;170m▄[48;2;215;131;145m[38;2;178;75;95m▄[48;2;185;154;159m[38;2;178;74;94m▄[48;2;205;210;210m[38;2;198;161;167m▄[48;2;210;209;210m[38;2;212;219;217m▄[48;2;210;210;210m[38;2;209;208;209m▄[48;2;209;209;209m[38;2;209;209;209m▄[48;2;210;210;210m[38;2;209;208;209m▄[48;2;210;210;210m[38;2;210;210;210m▄[48;2;208;210;212m[38;2;208;209;211m▄[48;2;208;209;214m[38;2;208;208;213m▄[48;2;208;207;210m[38;2;208;207;210m▄[48;2;208;208;209m[38;2;208;208;209m▄[48;2;208;208;208m[38;2;208;208;207m▄[48;2;207;207;204m[38;2;207;208;202m▄[48;2;207;207;204m[38;2;206;207;204m▄[48;2;205;205;206m[38;2;205;205;206m▄[48;2;204;203;204m[38;2;203;203;203m▄[48;2;203;203;203m[38;2;203;203;203m▄[48;2;203;203;203m[38;2;202;202;202m▄[48;2;203;203;203m[38;2;202;202;202m▄[48;2;203;203;203m[38;2;202;202;202m▄[0m
[48;2;210;210;210m[38;2;210;210;210m▄[48;2;210;210;210m[38;2;210;210;210m▄[48;2;211;211;211m[38;2;210;210;210m▄[48;2;211;211;211m[38;2;210;210;210m▄[48;2;212;212;212m[38;2;210;210;210m▄[48;2;212;212;212m[38;2;212;212;212m▄[48;2;214;214;214m[38;2;213;213;213m▄[48;2;214;214;214m[38;2;212;212;212m▄[48;2;214;214;214m[38;2;213;213;213m▄[48;2;214;214;214m[38;2;214;214;214m▄[48;2;214;214;214m[38;2;214;214;214m▄[48;2;214;214;214m[38;2;214;214;214m▄[48;2;214;214;214m[38;2;214;214;214m▄[48;2;215;215;215m[38;2;214;214;214m▄[48;2;214;214;214m[38;2;214;214;214m▄[48;2;215;215;215m[38;2;214;214;214m▄[48;2;215;213;214m[38;2;213;211;212m▄[48;2;216;222;220m[38;2;210;208;196m▄[48;2;190;176;180m[38;2;184;140;151m▄[48;2;197;91;114m[38;2;203;89;113m▄[48;2;218;123;140m[38;2;200;95;117m▄[48;2;150;43;67m[38;2;169;113;126m▄[48;2;221;124;142m[38;2;178;80;103m▄[48;2;206;116;133m[38;2;237;135;152m▄[48;2;158;66;89m[38;2;164;63;85m▄[48;2;233;137;153m[38;2;185;80;102m▄[48;2;195;96;113m[38;2;212;108;127m▄[48;2;210;117;133m[38;2;177;74;98m▄[48;2;232;136;152m[38;2;213;114;131m▄[48;2;180;81;104m[38;2;183;81;105m▄[48;2;242;156;166m[38;2;190;87;109m▄[48;2;193;92;111m[38;2;205;106;125m▄[48;2;200;112;130m[38;2;168;71;94m▄[48;2;234;139;154m[38;2;197;100;118m▄[48;2;174;86;105m[38;2;209;113;130m▄[48;2;181;102;118m[38;2;183;86;107m▄[48;2;219;130;145m[38;2;181;82;103m▄[48;2;236;142;159m[38;2;197;95;115m▄[48;2;156;46;73m[38;2;153;53;78m▄[48;2;227;131;147m[38;2;193;87;108m▄[48;2;196;102;120m[38;2;199;93;114m▄[48;2;207;120;136m[38;2;171;65;88m▄[48;2;230;134;149m[38;2;204;102;121m▄[48;2;177;80;101m[38;2;182;75;98m▄[48;2;184;82;104m[38;2;174;99;116m▄[48;2;189;151;160m[38;2;192;196;196m▄[48;2;209;215;214m[38;2;203;203;203m▄[48;2;209;207;208m[38;2;209;208;208m▄[48;2;210;210;209m[38;2;208;208;208m▄[48;2;209;209;209m[38;2;208;208;208m▄[48;2;209;208;209m[38;2;207;207;208m▄[48;2;208;208;208m[38;2;207;207;207m▄[48;2;208;207;209m[38;2;207;207;207m▄[48;2;207;207;208m[38;2;210;210;210m▄[48;2;208;208;208m[38;2;207;207;204m▄[48;2;208;208;206m[38;2;207;207;203m▄[48;2;206;208;202m[38;2;206;207;203m▄[48;2;203;208;202m[38;2;204;206;203m▄[48;2;205;206;205m[38;2;203;205;204m▄[48;2;203;203;204m[38;2;202;203;204m▄[48;2;202;202;202m[38;2;203;202;203m▄[48;2;202;202;202m[38;2;202;202;202m▄[48;2;202;202;202m[38;2;201;202;202m▄[48;2;202;202;202m[38;2;202;202;201m▄[0m
[48;2;210;210;210m[38;2;209;209;209m▄[48;2;210;210;210m[38;2;210;210;210m▄[48;2;210;210;210m[38;2;210;210;210m▄[48;2;210;210;210m[38;2;210;210;210m▄[48;2;210;210;210m[38;2;210;210;210m▄[48;2;211;211;211m[38;2;210;210;210m▄[48;2;211;211;211m[38;2;210;210;210m▄[48;2;211;211;211m[38;2;210;210;210m▄[48;2;212;212;212m[38;2;210;210;210m▄[48;2;213;213;213m[38;2;211;211;211m▄[48;2;213;213;213m[38;2;211;211;211m▄[48;2;213;213;213m[38;2;211;211;211m▄[48;2;214;214;214m[38;2;211;211;211m▄[48;2;213;213;214m[38;2;211;211;212m▄[48;2;213;213;213m[38;2;211;211;211m▄[48;2;215;216;217m[38;2;212;212;212m▄[48;2;208;204;200m[38;2;212;211;211m▄[48;2;202;194;180m[38;2;193;177;159m▄[48;2;206;190;198m[38;2;208;204;195m▄[48;2;167;66;90m[38;2;203;185;185m▄[48;2;169;64;91m[38;2;188;161;159m▄[48;2;191;183;187m[38;2;188;178;161m▄[48;2;172;113;122m[38;2;203;192;181m▄[48;2;193;83;104m[38;2;162;81;102m▄[48;2;232;132;148m[38;2;191;78;102m▄[48;2;152;45;71m[38;2;234;136;152m▄[48;2;160;66;89m[38;2;194;102;120m▄[48;2;166;75;97m[38;2;162;68;90m▄[48;2;151;42;70m[38;2;179;84;106m▄[48;2;180;114;131m[38;2;180;113;128m▄[48;2;179;118;134m[38;2;176;118;133m▄[48;2;170;83;104m[38;2;177;98;117m▄[48;2;179;109;124m[38;2;178;92;113m▄[48;2;162;66;90m[38;2;182;98;117m▄[48;2;163;65;89m[38;2;179;92;112m▄[48;2;166;71;92m[38;2;179;94;112m▄[48;2;164;63;87m[38;2;188;104;122m▄[48;2;162;68;92m[38;2;182;93;112m▄[48;2;193;173;176m[38;2;186;172;176m▄[48;2;175;111;128m[38;2;200;203;194m▄[48;2;174;100;120m[38;2;190;181;166m▄[48;2;182;131;145m[38;2;189;185;168m▄[48;2;170;93;116m[38;2;195;193;184m▄[48;2;178;118;134m[38;2;193;196;190m▄[48;2;188;186;186m[38;2;193;189;179m▄[48;2;193;195;194m[38;2;203;203;203m▄[48;2;206;206;206m[38;2;207;208;208m▄[48;2;207;207;207m[38;2;207;207;207m▄[48;2;207;207;207m[38;2;208;208;208m▄[48;2;207;207;207m[38;2;206;206;206m▄[48;2;207;207;207m[38;2;206;206;206m▄[48;2;207;207;207m[38;2;206;206;206m▄[48;2;207;207;207m[38;2;205;205;206m▄[48;2;209;209;209m[38;2;204;204;204m▄[48;2;206;206;204m[38;2;204;204;204m▄[48;2;206;206;205m[38;2;204;203;204m▄[48;2;206;205;206m[38;2;203;203;204m▄[48;2;205;204;205m[38;2;203;203;203m▄[48;2;203;203;205m[38;2;203;203;203m▄[48;2;202;202;203m[38;2;202;202;202m▄[48;2;202;202;203m[38;2;202;202;202m▄[48;2;202;202;202m[38;2;202;202;202m▄[48;2;202;202;202m[38;2;202;202;202m▄[48;2;202;202;201m[38;2;202;202;202m▄[0m
[48;2;209;209;209m[38;2;211;211;211m▄[48;2;210;210;210m[38;2;212;212;212m▄[48;2;210;210;210m[38;2;212;212;212m▄[48;2;210;210;210m[38;2;213;213;213m▄[48;2;210;210;210m[38;2;213;213;213m▄[48;2;210;210;210m[38;2;213;213;214m▄[48;2;210;210;210m[38;2;214;214;214m▄[48;2;210;210;210m[38;2;214;214;214m▄[48;2;211;211;211m[38;2;214;214;214m▄[48;2;211;211;212m[38;2;214;214;215m▄[48;2;211;211;211m[38;2;215;214;215m▄[48;2;212;212;212m[38;2;215;215;215m▄[48;2;212;212;212m[38;2;215;215;215m▄[48;2;212;212;212m[38;2;215;215;214m▄[48;2;212;212;212m[38;2;215;215;215m▄[48;2;212;211;211m[38;2;215;215;215m▄[48;2;212;213;214m[38;2;214;214;214m▄[48;2;208;204;201m[38;2;215;215;217m▄[48;2;195;180;163m[38;2;214;215;219m▄[48;2;195;186;168m[38;2;212;213;214m▄[48;2;195;190;176m[38;2;212;213;216m▄[48;2;202;197;194m[38;2;212;213;214m▄[48;2;210;214;215m[38;2;212;211;211m▄[48;2;209;203;204m[38;2;212;215;215m▄[48;2;169;98;116m[38;2;211;212;212m▄[48;2;164;55;81m[38;2;189;155;164m▄[48;2;197;85;106m[38;2;168;103;120m▄[48;2;203;101;120m[38;2;163;84;105m▄[48;2;197;95;116m[38;2;165;86;106m▄[48;2;188;81;105m[38;2;168;99;118m▄[48;2;198;101;120m[38;2;164;79;100m▄[48;2;181;93;111m[38;2;169;71;93m▄[48;2;152;48;74m[38;2;183;79;104m▄[48;2;163;81;100m[38;2;186;89;111m▄[48;2;172;123;134m[38;2;185;86;110m▄[48;2;167;104;119m[38;2;195;94;114m▄[48;2;181;84;105m[38;2;199;97;118m▄[48;2;193;89;112m[38;2;158;57;83m▄[48;2;175;135;146m[38;2;187;175;178m▄[48;2;205;206;198m[38;2;204;208;209m▄[48;2;200;193;190m[38;2;209;209;210m▄[48;2;198;190;181m[38;2;207;208;211m▄[48;2;198;186;171m[38;2;206;208;211m▄[48;2;201;190;175m[38;2;206;207;209m▄[48;2;203;200;197m[38;2;206;207;208m▄[48;2;206;206;207m[38;2;207;207;207m▄[48;2;208;208;207m[38;2;209;208;209m▄[48;2;207;207;207m[38;2;208;208;208m▄[48;2;207;207;207m[38;2;208;208;208m▄[48;2;207;207;206m[38;2;208;208;208m▄[48;2;205;205;205m[38;2;209;209;209m▄[48;2;205;205;205m[38;2;206;206;207m▄[48;2;205;205;204m[38;2;207;207;207m▄[48;2;203;203;203m[38;2;207;206;207m▄[48;2;204;204;203m[38;2;206;206;207m▄[48;2;203;203;203m[38;2;206;206;206m▄[48;2;203;203;203m[38;2;205;205;205m▄[48;2;202;202;202m[38;2;204;204;204m▄[48;2;202;202;203m[38;2;203;203;203m▄[48;2;202;201;202m[38;2;203;203;203m▄[48;2;202;202;202m[38;2;203;203;203m▄[48;2;202;202;202m[38;2;202;202;203m▄[48;2;202;202;202m[38;2;202;202;202m▄[48;2;202;202;202m[38;2;203;203;202m▄[0m
[48;2;214;214;214m[38;2;216;216;216m▄[48;2;215;215;215m[38;2;216;216;216m▄[48;2;216;216;216m[38;2;217;217;216m▄[48;2;215;215;215m[38;2;217;217;217m▄[48;2;216;216;216m[38;2;217;217;218m▄[48;2;216;216;216m[38;2;217;217;217m▄[48;2;216;216;216m[38;2;217;217;217m▄[48;2;216;216;216m[38;2;217;217;217m▄[48;2;216;216;216m[38;2;217;217;217m▄[48;2;216;216;215m[38;2;217;217;217m▄[48;2;216;216;216m[38;2;217;217;217m▄[48;2;216;216;216m[38;2;217;217;217m▄[48;2;216;216;216m[38;2;217;217;217m▄[48;2;216;216;216m[38;2;218;218;218m▄[48;2;216;216;216m[38;2;218;218;218m▄[48;2;216;216;216m[38;2;217;217;217m▄[48;2;216;217;217m[38;2;217;217;217m▄[48;2;217;216;217m[38;2;216;216;216m▄[48;2;216;216;216m[38;2;215;215;215m▄[48;2;216;216;215m[38;2;214;214;214m▄[48;2;216;216;216m[38;2;213;213;213m▄[48;2;217;216;216m[38;2;212;212;213m▄[48;2;217;217;217m[38;2;212;212;212m▄[48;2;216;215;215m[38;2;211;211;211m▄[48;2;210;210;210m[38;2;209;209;209m▄[48;2;203;209;207m[38;2;207;206;206m▄[48;2;196;199;197m[38;2;205;201;202m▄[48;2;189;185;186m[38;2;200;197;197m▄[48;2;184;180;180m[38;2;196;193;194m▄[48;2;183;185;184m[38;2;194;189;191m▄[48;2;184;171;174m[38;2;194;190;191m▄[48;2;170;125;136m[38;2;195;196;195m▄[48;2;160;88;106m[38;2;194;193;193m▄[48;2;164;74;97m[38;2;189;179;181m▄[48;2;165;70;94m[38;2;187;172;175m▄[48;2;161;67;89m[38;2;191;179;181m▄[48;2;159;80;99m[38;2;193;193;192m▄[48;2;181;154;160m[38;2;190;193;191m▄[48;2;188;191;191m[38;2;198;196;198m▄[48;2;202;200;201m[38;2;205;204;205m▄[48;2;209;209;209m[38;2;207;207;207m▄[48;2;210;209;210m[38;2;209;209;209m▄[48;2;211;211;210m[38;2;211;211;211m▄[48;2;210;210;209m[38;2;210;210;210m▄[48;2;210;209;209m[38;2;210;210;210m▄[48;2;210;210;210m[38;2;210;210;210m▄[48;2;210;210;210m[38;2;210;210;210m▄[48;2;209;209;209m[38;2;209;209;209m▄[48;2;211;211;211m[38;2;211;211;211m▄[48;2;211;211;211m[38;2;211;211;211m▄[48;2;210;211;210m[38;2;209;209;209m▄[48;2;209;209;210m[38;2;210;210;210m▄[48;2;209;209;210m[38;2;210;210;210m▄[48;2;208;208;208m[38;2;210;210;209m▄[48;2;208;208;208m[38;2;210;209;210m▄[48;2;208;207;208m[38;2;209;209;209m▄[48;2;208;208;207m[38;2;209;208;209m▄[48;2;207;206;207m[38;2;208;208;208m▄[48;2;211;211;211m[38;2;216;216;216m▄[48;2;214;214;214m[38;2;220;220;220m▄[48;2;206;206;206m[38;2;209;208;209m▄[48;2;205;205;206m[38;2;208;208;208m▄[48;2;206;205;206m[38;2;208;208;208m▄[48;2;205;205;205m[38;2;207;207;207m▄[0m
[48;2;219;219;219m[38;2;223;223;223m▄[48;2;219;219;219m[38;2;224;224;224m▄[48;2;220;220;220m[38;2;224;224;224m▄[48;2;220;220;220m[38;2;224;224;224m▄[48;2;221;221;221m[38;2;224;224;224m▄[48;2;221;221;221m[38;2;224;224;224m▄[48;2;221;221;221m[38;2;224;224;224m▄[48;2;221;221;221m[38;2;224;224;224m▄[48;2;222;222;222m[38;2;225;225;225m▄[48;2;222;222;222m[38;2;224;224;224m▄[48;2;222;222;222m[38;2;224;224;224m▄[48;2;222;222;222m[38;2;224;224;224m▄[48;2;223;223;223m[38;2;224;224;224m▄[48;2;222;222;222m[38;2;224;224;224m▄[48;2;220;220;220m[38;2;224;224;224m▄[48;2;218;217;218m[38;2;222;222;222m▄[48;2;213;213;213m[38;2;219;219;219m▄[48;2;207;207;207m[38;2;214;214;214m▄[48;2;200;200;200m[38;2;209;209;209m▄[48;2;194;194;195m[38;2;204;204;204m▄[48;2;191;191;191m[38;2;203;203;203m▄[48;2;190;190;190m[38;2;202;202;202m▄[48;2;189;189;190m[38;2;200;200;200m▄[48;2;189;188;190m[38;2;195;196;195m▄[48;2;190;190;190m[38;2;190;190;190m▄[48;2;192;192;192m[38;2;187;187;187m▄[48;2;196;196;196m[38;2;185;185;186m▄[48;2;198;198;199m[38;2;185;185;185m▄[48;2;199;199;199m[38;2;185;185;186m▄[48;2;198;198;199m[38;2;186;186;187m▄[48;2;197;197;197m[38;2;187;187;187m▄[48;2;195;194;194m[38;2;186;186;186m▄[48;2;194;194;194m[38;2;186;186;186m▄[48;2;194;195;195m[38;2;186;185;185m▄[48;2;193;195;195m[38;2;186;185;187m▄[48;2;191;193;193m[38;2;185;185;186m▄[48;2;191;190;191m[38;2;184;184;184m▄[48;2;190;189;190m[38;2;186;186;186m▄[48;2;187;188;188m[38;2;190;190;190m▄[48;2;186;186;186m[38;2;194;194;194m▄[48;2;187;187;187m[38;2;194;194;194m▄[48;2;190;190;190m[38;2;194;194;194m▄[48;2;191;191;191m[38;2;194;194;194m▄[48;2;191;191;191m[38;2;195;195;195m▄[48;2;195;195;195m[38;2;197;197;197m▄[48;2;201;201;201m[38;2;203;204;203m▄[48;2;207;207;207m[38;2;210;210;210m▄[48;2;211;211;211m[38;2;214;214;214m▄[48;2;213;213;213m[38;2;215;215;215m▄[48;2;216;216;216m[38;2;216;216;216m▄[48;2;213;213;213m[38;2;215;215;215m▄[48;2;213;213;213m[38;2;215;215;215m▄[48;2;212;212;212m[38;2;215;215;215m▄[48;2;211;211;211m[38;2;214;214;214m▄[48;2;211;211;211m[38;2;214;214;214m▄[48;2;210;210;210m[38;2;213;213;213m▄[48;2;210;210;210m[38;2;212;212;212m▄[48;2;210;210;210m[38;2;212;212;212m▄[48;2;210;210;210m[38;2;211;211;212m▄[48;2;210;210;210m[38;2;210;210;210m▄[48;2;209;209;209m[38;2;211;211;210m▄[48;2;209;209;209m[38;2;210;210;210m▄[48;2;209;209;209m[38;2;210;210;210m▄[48;2;209;209;209m[38;2;210;210;210m▄[0m
[48;2;225;225;225m[38;2;228;228;228m▄[48;2;225;225;225m[38;2;228;228;228m▄[48;2;225;225;225m[38;2;227;227;227m▄[48;2;226;226;226m[38;2;228;228;228m▄[48;2;226;226;226m[38;2;228;228;228m▄[48;2;225;225;225m[38;2;228;228;228m▄[48;2;226;226;226m[38;2;228;228;228m▄[48;2;227;227;227m[38;2;228;228;228m▄[48;2;226;226;226m[38;2;228;228;228m▄[48;2;227;227;227m[38;2;228;228;228m▄[48;2;226;226;226m[38;2;227;227;227m▄[48;2;226;226;226m[38;2;227;227;227m▄[48;2;226;226;226m[38;2;227;227;227m▄[48;2;226;226;226m[38;2;227;227;227m▄[48;2;226;226;226m[38;2;227;227;227m▄[48;2;225;225;225m[38;2;228;228;228m▄[48;2;225;225;225m[38;2;227;227;227m▄[48;2;225;225;225m[38;2;227;227;227m▄[48;2;225;225;225m[38;2;227;227;227m▄[48;2;225;225;225m[38;2;227;227;227m▄[48;2;226;226;226m[38;2;227;227;227m▄[48;2;225;225;225m[38;2;227;227;227m▄[48;2;224;224;224m[38;2;227;227;227m▄[48;2;221;221;221m[38;2;227;227;227m▄[48;2;219;219;219m[38;2;227;227;227m▄[48;2;216;216;216m[38;2;227;227;227m▄[48;2;213;213;213m[38;2;227;227;227m▄[48;2;212;212;212m[38;2;227;227;227m▄[48;2;211;212;212m[38;2;226;226;226m▄[48;2;211;211;211m[38;2;225;225;225m▄[48;2;209;209;209m[38;2;226;226;226m▄[48;2;206;206;206m[38;2;226;226;226m▄[48;2;204;204;204m[38;2;225;225;225m▄[48;2;203;203;203m[38;2;225;225;225m▄[48;2;202;201;202m[38;2;224;224;224m▄[48;2;202;202;202m[38;2;224;224;223m▄[48;2;202;202;202m[38;2;223;223;223m▄[48;2;206;206;206m[38;2;224;223;223m▄[48;2;213;213;213m[38;2;223;223;223m▄[48;2;217;217;217m[38;2;222;222;222m▄[48;2;219;219;219m[38;2;222;222;222m▄[48;2;219;219;219m[38;2;221;221;221m▄[48;2;217;217;217m[38;2;220;220;220m▄[48;2;216;216;216m[38;2;218;218;218m▄[48;2;216;216;216m[38;2;218;218;218m▄[48;2;216;217;217m[38;2;217;217;217m▄[48;2;217;217;217m[38;2;217;217;217m▄[48;2;216;216;216m[38;2;217;217;217m▄[48;2;216;216;216m[38;2;217;217;217m▄[48;2;216;216;216m[38;2;217;217;217m▄[48;2;216;216;216m[38;2;216;216;216m▄[48;2;215;215;215m[38;2;216;216;216m▄[48;2;216;216;216m[38;2;216;216;216m▄[48;2;216;216;216m[38;2;216;216;216m▄[48;2;215;215;215m[38;2;216;216;216m▄[48;2;215;215;215m[38;2;216;216;216m▄[48;2;215;215;215m[38;2;216;216;216m▄[48;2;215;215;215m[38;2;215;215;215m▄[48;2;214;214;215m[38;2;215;215;215m▄[48;2;213;213;213m[38;2;215;215;215m▄[48;2;212;212;213m[38;2;214;214;214m▄[48;2;211;211;211m[38;2;214;214;214m▄[48;2;211;211;211m[38;2;214;214;214m▄[48;2;210;210;210m[38;2;213;213;213m▄[0m
