[48;2;219;219;219m[38;2;218;218;218m▄[48;2;221;221;221m[38;2;219;219;219m▄[48;2;222;222;222m[38;2;222;222;222m▄[48;2;222;222;222m[38;2;223;223;223m▄[48;2;223;223;223m[38;2;223;223;223m▄[48;2;223;223;223m[38;2;223;223;223m▄[48;2;224;224;224m[38;2;224;224;224m▄[48;2;225;225;225m[38;2;224;224;224m▄[48;2;225;225;225m[38;2;225;225;225m▄[48;2;225;225;225m[38;2;224;224;224m▄[48;2;225;225;225m[38;2;224;224;224m▄[48;2;225;225;225m[38;2;224;224;224m▄[48;2;227;227;227m[38;2;225;225;225m▄[48;2;227;227;227m[38;2;225;225;225m▄[48;2;227;227;227m[38;2;227;227;227m▄[48;2;227;227;227m[38;2;227;227;227m▄[48;2;227;227;227m[38;2;227;227;227m▄[48;2;227;227;227m[38;2;227;227;227m▄[48;2;227;227;227m[38;2;227;227;227m▄[48;2;228;228;228m[38;2;227;227;227m▄[48;2;227;227;227m[38;2;227;227;227m▄[48;2;227;227;227m[38;2;227;227;227m▄[48;2;227;227;227m[38;2;227;227;227m▄[48;2;227;227;227m[38;2;227;227;227m▄[48;2;227;227;227m[38;2;227;227;227m▄[48;2;227;227;227m[38;2;227;227;227m▄[48;2;228;228;228m[38;2;227;227;227m▄[48;2;227;227;227m[38;2;225;225;225m▄[48;2;225;225;225m[38;2;225;225;225m▄[48;2;224;224;224m[38;2;224;224;224m▄[48;2;224;224;224m[38;2;225;225;225m▄[48;2;225;225;225m[38;2;224;224;224m▄[48;2;225;225;225m[38;2;224;224;224m▄[48;2;225;225;225m[38;2;224;224;224m▄[48;2;224;224;224m[38;2;224;224;224m▄[48;2;223;223;223m[38;2;223;223;223m▄[48;2;223;223;223m[38;2;223;223;223m▄[48;2;222;222;222m[38;2;222;222;222m▄[48;2;221;221;221m[38;2;221;221;221m▄[48;2;221;221;221m[38;2;220;220;220m▄[48;2;221;221;221m[38;2;220;220;220m▄[48;2;219;219;219m[38;2;218;218;218m▄[48;2;217;217;217m[38;2;217;217;217m▄[48;2;216;216;216m[38;2;216;216;216m▄[48;2;216;216;216m[38;2;216;216;216m▄[48;2;216;216;216m[38;2;216;216;216m▄[48;2;216;216;216m[38;2;216;216;216m▄[48;2;216;216;216m[38;2;215;215;215m▄[48;2;216;216;216m[38;2;215;215;215m▄[48;2;215;215;215m[38;2;215;215;215m▄[48;2;214;214;214m[38;2;214;214;214m▄[48;2;213;213;213m[38;2;214;214;214m▄[48;2;213;213;213m[38;2;213;213;213m▄[48;2;212;212;212m[38;2;211;211;211m▄[48;2;211;211;211m[38;2;211;211;211m▄[48;2;211;211;211m[38;2;210;210;210m▄[48;2;210;210;210m[38;2;210;210;210m▄[48;2;210;210;210m[38;2;209;209;209m▄[48;2;209;209;209m[38;2;209;209;209m▄[48;2;209;209;209m[38;2;209;209;209m▄[48;2;208;208;208m[38;2;208;208;208m▄[48;2;208;208;208m[38;2;208;208;208m▄[48;2;208;208;208m[38;2;207;207;207m▄[48;2;206;206;206m[38;2;206;206;206m▄[0m
[48;2;217;217;217m[38;2;218;218;218m▄[48;2;219;219;219m[38;2;218;218;218m▄[48;2;221;221;221m[38;2;220;220;220m▄[48;2;222;222;222m[38;2;222;222;222m▄[48;2;223;223;223m[38;2;223;223;223m▄[48;2;223;223;223m[38;2;223;223;223m▄[48;2;223;223;223m[38;2;223;223;223m▄[48;2;224;224;224m[38;2;223;223;223m▄[48;2;224;224;224m[38;2;224;224;224m▄[48;2;225;225;225m[38;2;225;225;225m▄[48;2;225;225;225m[38;2;225;225;225m▄[48;2;225;225;225m[38;2;225;225;225m▄[48;2;224;224;224m[38;2;224;224;224m▄[48;2;224;224;224m[38;2;224;224;224m▄[48;2;226;226;226m[38;2;224;224;224m▄[48;2;227;227;227m[38;2;224;224;224m▄[48;2;227;227;227m[38;2;225;225;225m▄[48;2;228;228;228m[38;2;226;226;226m▄[48;2;227;227;227m[38;2;227;227;227m▄[48;2;227;227;227m[38;2;227;227;227m▄[48;2;227;227;227m[38;2;227;227;227m▄[48;2;227;227;227m[38;2;226;226;226m▄[48;2;227;227;227m[38;2;227;227;227m▄[48;2;227;227;227m[38;2;225;225;225m▄[48;2;227;227;227m[38;2;224;224;224m▄[48;2;226;226;226m[38;2;225;225;225m▄[48;2;225;225;225m[38;2;224;224;224m▄[48;2;225;225;225m[38;2;226;226;226m▄[48;2;223;223;222m[38;2;231;228;233m▄[48;2;223;223;222m[38;2;231;228;233m▄[48;2;223;224;223m[38;2;232;229;232m▄[48;2;225;225;225m[38;2;224;224;223m▄[48;2;224;224;224m[38;2;223;223;223m▄[48;2;224;224;224m[38;2;222;223;222m▄[48;2;223;223;223m[38;2;228;226;229m▄[48;2;221;222;221m[38;2;231;227;233m▄[48;2;223;223;223m[38;2;225;224;225m▄[48;2;223;223;223m[38;2;221;222;221m▄[48;2;221;221;221m[38;2;221;221;221m▄[48;2;221;221;221m[38;2;220;220;220m▄[48;2;219;219;219m[38;2;219;219;219m▄[48;2;217;217;217m[38;2;217;217;217m▄[48;2;216;216;216m[38;2;216;216;216m▄[48;2;216;216;216m[38;2;216;216;216m▄[48;2;216;216;216m[38;2;216;216;216m▄[48;2;216;216;216m[38;2;216;216;216m▄[48;2;216;216;216m[38;2;215;215;215m▄[48;2;216;216;216m[38;2;215;215;215m▄[48;2;215;215;215m[38;2;215;215;215m▄[48;2;215;215;215m[38;2;214;214;215m▄[48;2;214;214;214m[38;2;214;214;214m▄[48;2;213;213;213m[38;2;213;213;213m▄[48;2;213;213;213m[38;2;213;212;213m▄[48;2;211;211;211m[38;2;211;211;211m▄[48;2;210;210;210m[38;2;210;210;210m▄[48;2;210;210;210m[38;2;210;210;210m▄[48;2;210;210;210m[38;2;210;210;211m▄[48;2;210;210;210m[38;2;209;209;210m▄[48;2;209;209;209m[38;2;209;209;209m▄[48;2;209;209;209m[38;2;208;208;208m▄[48;2;209;209;209m[38;2;208;208;208m▄[48;2;208;208;208m[38;2;208;208;208m▄[48;2;207;207;207m[38;2;207;207;207m▄[48;2;207;207;207m[38;2;207;207;207m▄[0m
[48;2;218;218;218m[38;2;217;217;217m▄[48;2;218;218;218m[38;2;218;218;218m▄[48;2;220;220;220m[38;2;220;220;220m▄[48;2;222;222;222m[38;2;222;222;222m▄[48;2;223;223;223m[38;2;222;222;222m▄[48;2;223;223;223m[38;2;223;223;223m▄[48;2;223;223;223m[38;2;223;223;223m▄[48;2;223;223;223m[38;2;223;223;223m▄[48;2;224;224;224m[38;2;224;224;224m▄[48;2;224;224;224m[38;2;224;224;224m▄[48;2;225;225;225m[38;2;224;224;224m▄[48;2;225;225;225m[38;2;225;225;225m▄[48;2;225;225;225m[38;2;225;225;225m▄[48;2;225;225;225m[38;2;225;225;225m▄[48;2;225;225;225m[38;2;225;225;225m▄[48;2;225;225;225m[38;2;225;225;225m▄[48;2;225;225;225m[38;2;224;224;224m▄[48;2;225;225;225m[38;2;224;224;224m▄[48;2;225;225;225m[38;2;225;225;225m▄[48;2;225;225;225m[38;2;225;225;225m▄[48;2;226;226;226m[38;2;224;224;224m▄[48;2;224;224;224m[38;2;225;225;225m▄[48;2;225;225;225m[38;2;225;225;225m▄[48;2;225;225;225m[38;2;225;225;225m▄[48;2;225;225;225m[38;2;225;225;225m▄[48;2;224;224;224m[38;2;224;224;224m▄[48;2;225;225;225m[38;2;226;225;226m▄[48;2;224;224;224m[38;2;219;221;221m▄[48;2;159;187;151m[38;2;139;182;118m▄[48;2;160;190;152m[38;2;153;195;99m▄[48;2;187;203;188m[38;2;133;179;90m▄[48;2;227;225;229m[38;2;146;180;135m▄[48;2;224;224;223m[38;2;230;227;232m▄[48;2;230;227;231m[38;2;197;208;198m▄[48;2;188;203;185m[38;2;118;170;84m▄[48;2;145;181;133m[38;2;108;164;80m▄[48;2;214;217;214m[38;2;199;207;200m▄[48;2;224;223;224m[38;2;222;222;222m▄[48;2;220;221;220m[38;2;220;220;220m▄[48;2;220;220;220m[38;2;220;220;220m▄[48;2;219;219;219m[38;2;218;218;218m▄[48;2;218;218;218m[38;2;218;218;218m▄[48;2;217;217;217m[38;2;217;217;217m▄[48;2;216;216;216m[38;2;216;216;216m▄[48;2;216;216;216m[38;2;216;216;216m▄[48;2;216;216;216m[38;2;216;216;216m▄[48;2;215;215;215m[38;2;215;215;215m▄[48;2;215;215;215m[38;2;215;215;215m▄[48;2;215;215;215m[38;2;215;215;215m▄[48;2;215;215;215m[38;2;214;214;214m▄[48;2;214;213;214m[38;2;214;214;214m▄[48;2;213;213;214m[38;2;213;213;213m▄[48;2;213;213;213m[38;2;212;212;213m▄[48;2;211;211;211m[38;2;211;210;211m▄[48;2;211;211;211m[38;2;210;210;210m▄[48;2;210;210;210m[38;2;211;211;211m▄[48;2;211;210;211m[38;2;211;211;211m▄[48;2;210;210;210m[38;2;210;210;210m▄[48;2;208;208;208m[38;2;208;208;209m▄[48;2;209;209;209m[38;2;208;208;208m▄[48;2;208;208;208m[38;2;208;208;208m▄[48;2;208;208;208m[38;2;208;208;208m▄[48;2;208;208;208m[38;2;207;207;207m▄[48;2;207;207;207m[38;2;207;207;207m▄[0m
[48;2;217;217;217m[38;2;217;217;217m▄[48;2;218;218;218m[38;2;217;217;217m▄[48;2;218;218;218m[38;2;217;217;217m▄[48;2;220;220;220m[38;2;219;219;219m▄[48;2;221;221;221m[38;2;220;220;220m▄[48;2;222;222;222m[38;2;221;221;221m▄[48;2;222;222;222m[38;2;222;222;222m▄[48;2;223;223;223m[38;2;223;223;223m▄[48;2;223;223;223m[38;2;223;223;223m▄[48;2;224;224;224m[38;2;223;223;223m▄[48;2;224;224;224m[38;2;224;224;224m▄[48;2;224;224;224m[38;2;224;224;224m▄[48;2;224;224;224m[38;2;223;223;223m▄[48;2;225;225;225m[38;2;223;223;224m▄[48;2;224;224;224m[38;2;224;224;224m▄[48;2;224;224;224m[38;2;224;224;224m▄[48;2;224;224;224m[38;2;224;224;224m▄[48;2;224;224;224m[38;2;224;224;224m▄[48;2;224;224;224m[38;2;224;224;224m▄[48;2;224;224;224m[38;2;224;224;224m▄[48;2;225;225;225m[38;2;225;225;225m▄[48;2;225;225;225m[38;2;224;224;224m▄[48;2;224;224;224m[38;2;224;224;224m▄[48;2;225;225;225m[38;2;224;224;224m▄[48;2;224;224;224m[38;2;224;224;224m▄[48;2;224;224;224m[38;2;224;224;224m▄[48;2;223;224;223m[38;2;223;223;223m▄[48;2;230;227;232m[38;2;229;226;228m▄[48;2;152;183;142m[38;2;202;213;206m▄[48;2;142;187;83m[38;2;123;177;97m▄[48;2;142;186;84m[38;2;126;180;72m▄[48;2;123;176;69m[38;2;113;166;70m▄[48;2;165;188;161m[38;2;106;160;78m▄[48;2;134;174;118m[38;2;101;153;89m▄[48;2;125;169;106m[38;2;159;183;156m▄[48;2;203;204;209m[38;2;157;184;145m▄[48;2;218;213;220m[38;2;154;182;144m▄[48;2;224;221;225m[38;2;177;195;177m▄[48;2;220;220;220m[38;2;220;219;224m▄[48;2;219;219;219m[38;2;222;220;222m▄[48;2;218;218;218m[38;2;216;217;216m▄[48;2;217;217;217m[38;2;217;217;217m▄[48;2;216;216;216m[38;2;216;216;216m▄[48;2;216;216;216m[38;2;217;217;217m▄[48;2;216;216;216m[38;2;216;216;216m▄[48;2;216;216;216m[38;2;216;216;216m▄[48;2;215;215;215m[38;2;215;215;215m▄[48;2;215;215;215m[38;2;215;215;215m▄[48;2;215;215;215m[38;2;214;214;214m▄[48;2;214;214;214m[38;2;214;214;214m▄[48;2;214;214;214m[38;2;213;213;213m▄[48;2;212;212;212m[38;2;213;213;213m▄[48;2;213;213;213m[38;2;212;212;212m▄[48;2;211;211;211m[38;2;211;211;211m▄[48;2;210;210;210m[38;2;211;211;211m▄[48;2;211;211;211m[38;2;211;211;211m▄[48;2;210;210;210m[38;2;210;210;210m▄[48;2;210;210;210m[38;2;209;209;209m▄[48;2;208;208;209m[38;2;208;208;208m▄[48;2;208;208;208m[38;2;209;209;209m▄[48;2;208;208;208m[38;2;208;208;208m▄[48;2;207;207;207m[38;2;208;208;208m▄[48;2;207;207;207m[38;2;207;207;207m▄[48;2;206;206;206m[38;2;206;206;206m▄[0m
[48;2;216;216;216m[38;2;216;216;216m▄[48;2;216;216;216m[38;2;216;216;216m▄[48;2;217;217;217m[38;2;217;217;217m▄[48;2;218;218;218m[38;2;218;218;218m▄[48;2;220;220;220m[38;2;219;219;219m▄[48;2;221;221;221m[38;2;220;220;220m▄[48;2;221;221;221m[38;2;220;220;220m▄[48;2;222;222;222m[38;2;221;221;221m▄[48;2;223;223;223m[38;2;222;222;222m▄[48;2;223;223;223m[38;2;222;222;222m▄[48;2;223;223;223m[38;2;223;223;223m▄[48;2;223;223;223m[38;2;223;223;223m▄[48;2;223;223;223m[38;2;223;223;223m▄[48;2;224;224;224m[38;2;223;223;223m▄[48;2;224;224;224m[38;2;223;223;223m▄[48;2;224;224;224m[38;2;223;223;223m▄[48;2;224;224;224m[38;2;223;223;223m▄[48;2;225;225;224m[38;2;224;224;224m▄[48;2;224;224;225m[38;2;224;224;224m▄[48;2;224;224;224m[38;2;224;224;224m▄[48;2;224;224;224m[38;2;224;223;223m▄[48;2;224;224;224m[38;2;224;224;224m▄[48;2;224;224;224m[38;2;223;223;223m▄[48;2;224;224;224m[38;2;223;223;223m▄[48;2;224;224;224m[38;2;223;223;223m▄[48;2;223;223;223m[38;2;223;223;223m▄[48;2;224;224;224m[38;2;223;226;225m▄[48;2;223;228;226m[38;2;218;166;173m▄[48;2;227;209;215m[38;2;227;139;149m▄[48;2;188;172;167m[38;2;237;143;155m▄[48;2;122;156;96m[38;2;228;135;151m▄[48;2;97;165;81m[38;2;192;129;134m▄[48;2;67;138;55m[38;2;178;137;126m▄[48;2;81;147;72m[38;2;104;143;76m▄[48;2;114;170;84m[38;2;89;161;63m▄[48;2;125;178;79m[38;2;114;176;69m▄[48;2;141;187;90m[38;2;128;184;73m▄[48;2;143;187;101m[38;2;127;178;69m▄[48;2;136;174;121m[38;2;119;164;98m▄[48;2;207;212;208m[38;2;199;204;200m▄[48;2;220;219;220m[38;2;219;218;219m▄[48;2;216;216;216m[38;2;216;216;216m▄[48;2;216;216;216m[38;2;216;216;216m▄[48;2;217;217;217m[38;2;217;217;217m▄[48;2;216;216;216m[38;2;216;216;216m▄[48;2;216;216;216m[38;2;215;215;215m▄[48;2;215;215;215m[38;2;215;215;215m▄[48;2;215;215;215m[38;2;214;214;214m▄[48;2;214;214;214m[38;2;214;214;214m▄[48;2;213;213;213m[38;2;213;213;213m▄[48;2;213;213;213m[38;2;212;212;212m▄[48;2;212;212;212m[38;2;212;212;212m▄[48;2;210;210;210m[38;2;211;211;211m▄[48;2;210;210;210m[38;2;210;210;210m▄[48;2;211;211;211m[38;2;210;210;210m▄[48;2;210;210;210m[38;2;210;210;210m▄[48;2;209;209;209m[38;2;209;209;209m▄[48;2;208;208;208m[38;2;209;209;209m▄[48;2;208;208;208m[38;2;208;208;208m▄[48;2;208;208;208m[38;2;208;208;208m▄[48;2;208;208;208m[38;2;207;207;207m▄[48;2;207;207;207m[38;2;207;207;207m▄[48;2;207;207;207m[38;2;207;207;207m▄[48;2;206;206;206m[38;2;206;206;206m▄[0m
[48;2;216;216;216m[38;2;216;216;216m▄[48;2;216;216;216m[38;2;216;216;216m▄[48;2;216;216;216m[38;2;216;216;216m▄[48;2;217;217;217m[38;2;216;216;216m▄[48;2;217;217;217m[38;2;217;217;217m▄[48;2;219;219;219m[38;2;217;217;217m▄[48;2;220;220;220m[38;2;218;218;218m▄[48;2;221;221;222m[38;2;220;220;220m▄[48;2;221;221;221m[38;2;221;221;221m▄[48;2;221;221;221m[38;2;221;221;221m▄[48;2;222;222;222m[38;2;221;221;221m▄[48;2;223;223;223m[38;2;222;222;222m▄[48;2;222;222;222m[38;2;222;222;222m▄[48;2;223;223;223m[38;2;222;222;222m▄[48;2;224;224;224m[38;2;223;223;223m▄[48;2;223;223;223m[38;2;223;223;223m▄[48;2;223;223;223m[38;2;223;223;223m▄[48;2;224;224;224m[38;2;223;223;223m▄[48;2;223;223;223m[38;2;223;223;223m▄[48;2;223;223;223m[38;2;223;223;223m▄[48;2;223;223;223m[38;2;223;223;223m▄[48;2;223;223;223m[38;2;223;223;223m▄[48;2;223;223;224m[38;2;223;223;223m▄[48;2;223;223;223m[38;2;223;223;223m▄[48;2;223;222;222m[38;2;223;221;221m▄[48;2;224;230;229m[38;2;225;234;232m▄[48;2;217;186;192m[38;2;210;145;156m▄[48;2;227;129;141m[38;2;220;116;129m▄[48;2;236;142;152m[38;2;227;137;147m▄[48;2;235;140;150m[38;2;225;138;148m▄[48;2;223;124;135m[38;2;220;142;152m▄[48;2;233;150;160m[38;2;238;168;174m▄[48;2;251;171;181m[38;2;235;154;162m▄[48;2;219;127;137m[38;2;229;138;149m▄[48;2;171;146;119m[38;2;240;136;152m▄[48;2;149;156;103m[38;2;249;153;168m▄[48;2;136;154;104m[38;2;217;139;157m▄[48;2;149;175;148m[38;2;205;204;210m▄[48;2;196;195;199m[38;2;207;206;206m▄[48;2;209;207;209m[38;2;212;212;212m▄[48;2;214;214;214m[38;2;216;216;216m▄[48;2;217;217;217m[38;2;216;216;215m▄[48;2;217;217;217m[38;2;216;216;217m▄[48;2;216;216;216m[38;2;216;216;216m▄[48;2;216;216;216m[38;2;215;215;215m▄[48;2;216;216;216m[38;2;215;215;215m▄[48;2;215;215;215m[38;2;214;214;214m▄[48;2;215;214;215m[38;2;214;214;214m▄[48;2;214;214;214m[38;2;214;214;214m▄[48;2;213;213;213m[38;2;212;212;213m▄[48;2;213;213;213m[38;2;212;212;212m▄[48;2;212;212;212m[38;2;212;212;212m▄[48;2;210;210;210m[38;2;211;211;211m▄[48;2;210;210;210m[38;2;211;211;211m▄[48;2;210;210;210m[38;2;211;211;211m▄[48;2;211;211;211m[38;2;210;210;210m▄[48;2;210;210;210m[38;2;210;210;210m▄[48;2;209;209;209m[38;2;209;209;209m▄[48;2;209;209;209m[38;2;209;209;209m▄[48;2;209;209;208m[38;2;208;208;208m▄[48;2;208;208;208m[38;2;207;207;208m▄[48;2;207;207;207m[38;2;207;207;207m▄[48;2;207;207;207m[38;2;207;206;207m▄[48;2;206;206;206m[38;2;206;206;205m▄[0m
[48;2;216;216;216m[38;2;216;216;216m▄[48;2;216;216;216m[38;2;216;216;216m▄[48;2;216;216;216m[38;2;216;216;216m▄[48;2;216;216;216m[38;2;216;216;216m▄[48;2;217;217;217m[38;2;217;217;217m▄[48;2;217;217;217m[38;2;217;217;217m▄[48;2;218;218;218m[38;2;217;217;217m▄[48;2;218;218;218m[38;2;218;218;218m▄[48;2;219;219;219m[38;2;218;218;218m▄[48;2;220;220;220m[38;2;219;219;219m▄[48;2;221;221;221m[38;2;220;220;220m▄[48;2;221;221;221m[38;2;220;220;220m▄[48;2;221;221;221m[38;2;220;220;220m▄[48;2;222;222;222m[38;2;222;222;222m▄[48;2;222;222;222m[38;2;222;222;222m▄[48;2;222;222;222m[38;2;222;222;222m▄[48;2;223;223;223m[38;2;222;222;222m▄[48;2;222;222;222m[38;2;222;222;222m▄[48;2;223;223;223m[38;2;222;222;222m▄[48;2;222;222;222m[38;2;222;222;222m▄[48;2;223;223;223m[38;2;222;222;222m▄[48;2;223;223;223m[38;2;222;222;222m▄[48;2;223;223;223m[38;2;222;222;222m▄[48;2;222;221;221m[38;2;222;222;222m▄[48;2;224;230;229m[38;2;220;223;223m▄[48;2;213;181;187m[38;2;209;135;147m▄[48;2;220;124;137m[38;2;233;124;138m▄[48;2;232;132;145m[38;2;229;117;132m▄[48;2;235;131;144m[38;2;213;98;116m▄[48;2;226;137;147m[38;2;224;141;149m▄[48;2;236;166;173m[38;2;241;168;173m▄[48;2;236;154;162m[38;2;235;154;161m▄[48;2;238;159;167m[38;2;237;159;165m▄[48;2;229;144;153m[38;2;228;143;152m▄[48;2;223;128;139m[38;2;223;134;144m▄[48;2;239;166;172m[38;2;220;133;145m▄[48;2;209;104;119m[38;2;219;102;121m▄[48;2;201;149;157m[38;2;211;112;129m▄[48;2;214;222;220m[38;2;208;205;206m▄[48;2;216;215;216m[38;2;216;216;214m▄[48;2;216;217;218m[38;2;215;211;206m▄[48;2;216;217;218m[38;2;213;206;196m▄[48;2;216;215;213m[38;2;212;204;192m▄[48;2;216;215;215m[38;2;212;199;184m▄[48;2;216;217;220m[38;2;212;203;190m▄[48;2;214;214;214m[38;2;215;216;217m▄[48;2;214;214;214m[38;2;214;214;214m▄[48;2;214;214;214m[38;2;214;214;213m▄[48;2;213;213;213m[38;2;213;213;214m▄[48;2;212;212;213m[38;2;213;213;213m▄[48;2;212;212;212m[38;2;211;212;212m▄[48;2;211;211;211m[38;2;211;211;211m▄[48;2;211;211;211m[38;2;211;211;211m▄[48;2;211;211;211m[38;2;211;211;211m▄[48;2;210;210;210m[38;2;211;211;211m▄[48;2;210;210;210m[38;2;210;210;211m▄[48;2;209;209;209m[38;2;208;208;209m▄[48;2;209;209;209m[38;2;209;209;209m▄[48;2;208;208;210m[38;2;209;209;209m▄[48;2;207;207;208m[38;2;208;208;208m▄[48;2;207;207;207m[38;2;207;207;207m▄[48;2;207;207;208m[38;2;207;207;207m▄[48;2;205;205;206m[38;2;206;205;206m▄[48;2;205;205;205m[38;2;204;204;205m▄[0m
[48;2;215;215;215m[38;2;215;215;215m▄[48;2;216;216;216m[38;2;215;215;215m▄[48;2;216;216;216m[38;2;216;216;216m▄[48;2;216;216;216m[38;2;216;216;216m▄[48;2;216;216;216m[38;2;216;216;216m▄[48;2;216;216;216m[38;2;216;216;216m▄[48;2;216;216;216m[38;2;216;216;216m▄[48;2;217;217;217m[38;2;216;216;216m▄[48;2;217;217;217m[38;2;216;216;216m▄[48;2;218;218;218m[38;2;217;217;217m▄[48;2;218;218;218m[38;2;217;217;217m▄[48;2;219;219;219m[38;2;218;218;218m▄[48;2;219;219;219m[38;2;218;218;218m▄[48;2;219;219;219m[38;2;219;219;219m▄[48;2;221;221;221m[38;2;220;220;220m▄[48;2;221;221;221m[38;2;220;220;220m▄[48;2;221;221;221m[38;2;220;220;220m▄[48;2;221;221;221m[38;2;220;220;220m▄[48;2;221;221;221m[38;2;220;220;220m▄[48;2;220;220;220m[38;2;221;221;221m▄[48;2;221;221;221m[38;2;221;221;221m▄[48;2;222;222;222m[38;2;221;221;221m▄[48;2;221;221;221m[38;2;221;220;220m▄[48;2;222;222;222m[38;2;220;218;219m▄[48;2;218;219;220m[38;2;222;229;228m▄[48;2;206;123;138m[38;2;202;143;155m▄[48;2;230;116;132m[38;2;205;85;105m▄[48;2;211;102;121m[38;2;220;113;130m▄[48;2;209;96;115m[38;2;215;97;116m▄[48;2;205;97;113m[38;2;219;108;124m▄[48;2;219;129;142m[38;2;216;104;122m▄[48;2;240;162;169m[38;2;209;112;128m▄[48;2;239;162;167m[38;2;233;152;159m▄[48;2;226;139;148m[38;2;235;141;151m▄[48;2;205;98;116m[38;2;230;117;131m▄[48;2;218;106;123m[38;2;232;124;136m▄[48;2;231;118;133m[38;2;227;107;125m▄[48;2;211;104;121m[38;2;196;116;131m▄[48;2;201;192;194m[38;2;199;203;203m▄[48;2;214;214;209m[38;2;214;212;213m▄[48;2;214;210;204m[38;2;215;216;217m▄[48;2;214;213;212m[38;2;214;215;215m▄[48;2;214;215;215m[38;2;214;213;212m▄[48;2;214;215;217m[38;2;215;215;217m▄[48;2;208;196;178m[38;2;213;212;211m▄[48;2;211;203;192m[38;2;206;193;173m▄[48;2;215;216;218m[38;2;215;216;219m▄[48;2;213;213;212m[38;2;213;213;212m▄[48;2;213;213;213m[38;2;211;211;212m▄[48;2;212;212;212m[38;2;211;211;211m▄[48;2;211;211;211m[38;2;211;211;211m▄[48;2;210;210;210m[38;2;211;211;211m▄[48;2;211;211;211m[38;2;211;211;211m▄[48;2;211;211;211m[38;2;210;210;210m▄[48;2;210;210;210m[38;2;210;210;210m▄[48;2;209;209;210m[38;2;209;209;209m▄[48;2;208;208;209m[38;2;210;210;210m▄[48;2;208;208;208m[38;2;209;209;209m▄[48;2;208;208;208m[38;2;208;208;208m▄[48;2;207;208;207m[38;2;207;207;207m▄[48;2;207;207;207m[38;2;207;207;207m▄[48;2;206;206;206m[38;2;206;206;206m▄[48;2;205;205;205m[38;2;204;204;204m▄[48;2;204;204;204m[38;2;204;204;204m▄[0m
[48;2;215;215;215m[38;2;214;214;214m▄[48;2;215;215;215m[38;2;215;215;215m▄[48;2;216;216;216m[38;2;215;215;215m▄[48;2;216;216;216m[38;2;215;215;215m▄[48;2;216;216;216m[38;2;215;215;215m▄[48;2;216;216;216m[38;2;217;217;217m▄[48;2;216;216;216m[38;2;217;217;217m▄[48;2;217;217;217m[38;2;217;217;217m▄[48;2;217;217;217m[38;2;216;216;216m▄[48;2;216;216;216m[38;2;216;216;216m▄[48;2;216;216;216m[38;2;216;216;216m▄[48;2;217;217;217m[38;2;217;217;217m▄[48;2;217;217;217m[38;2;217;217;217m▄[48;2;218;218;218m[38;2;217;217;217m▄[48;2;219;219;219m[38;2;217;217;217m▄[48;2;219;219;219m[38;2;217;217;217m▄[48;2;219;219;219m[38;2;218;218;218m▄[48;2;218;218;218m[38;2;217;217;217m▄[48;2;219;219;219m[38;2;218;218;218m▄[48;2;219;217;217m[38;2;218;225;224m▄[48;2;220;218;218m[38;2;218;223;222m▄[48;2;220;220;220m[38;2;218;217;217m▄[48;2;219;221;221m[38;2;218;212;212m▄[48;2;219;219;219m[38;2;217;214;214m▄[48;2;220;219;219m[38;2;217;221;221m▄[48;2;214;212;213m[38;2;221;233;231m▄[48;2;194;108;127m[38;2;201;152;164m▄[48;2;226;110;128m[38;2;218;95;115m▄[48;2;213;92;112m[38;2;221;104;122m▄[48;2;215;105;124m[38;2;209;95;116m▄[48;2;233;129;141m[38;2;232;128;140m▄[48;2;219;111;126m[38;2;230;121;135m▄[48;2;205;95;112m[38;2;203;82;103m▄[48;2;206;92;112m[38;2;208;85;107m▄[48;2;216;102;121m[38;2;210;90;112m▄[48;2;214;96;115m[38;2;211;75;100m▄[48;2;195;90;112m[38;2;189;113;130m▄[48;2;189;176;180m[38;2;196;210;208m▄[48;2;203;208;208m[38;2;209;199;201m▄[48;2;214;220;219m[38;2;216;186;188m▄[48;2;215;216;215m[38;2;215;211;211m▄[48;2;214;214;213m[38;2;217;219;221m▄[48;2;216;217;220m[38;2;207;199;188m▄[48;2;217;218;221m[38;2;198;180;156m▄[48;2;204;191;172m[38;2;206;193;178m▄[48;2;205;195;181m[38;2;211;211;211m▄[48;2;213;214;218m[38;2;207;204;200m▄[48;2;212;212;212m[38;2;212;212;213m▄[48;2;212;211;212m[38;2;211;211;211m▄[48;2;211;211;211m[38;2;211;211;211m▄[48;2;211;211;211m[38;2;211;211;211m▄[48;2;210;210;210m[38;2;210;210;210m▄[48;2;210;210;210m[38;2;211;211;211m▄[48;2;210;210;210m[38;2;209;209;209m▄[48;2;209;209;209m[38;2;208;208;208m▄[48;2;209;209;209m[38;2;208;208;208m▄[48;2;208;208;208m[38;2;208;208;208m▄[48;2;208;208;208m[38;2;208;208;208m▄[48;2;208;208;208m[38;2;207;207;207m▄[48;2;207;207;207m[38;2;207;207;207m▄[48;2;207;207;207m[38;2;206;206;206m▄[48;2;206;206;206m[38;2;205;205;205m▄[48;2;204;204;204m[38;2;204;204;204m▄[48;2;204;204;204m[38;2;204;204;204m▄[0m
[48;2;214;214;214m[38;2;214;214;214m▄[48;2;215;215;215m[38;2;215;215;215m▄[48;2;215;215;215m[38;2;214;214;214m▄[48;2;215;215;215m[38;2;215;215;215m▄[48;2;216;216;216m[38;2;216;215;217m▄[48;2;216;216;216m[38;2;215;215;216m▄[48;2;216;216;216m[38;2;215;215;215m▄[48;2;217;217;217m[38;2;216;216;216m▄[48;2;217;217;217m[38;2;217;217;217m▄[48;2;217;217;217m[38;2;216;216;216m▄[48;2;216;216;216m[38;2;216;216;216m▄[48;2;217;217;217m[38;2;216;216;216m▄[48;2;217;217;217m[38;2;217;217;217m▄[48;2;216;216;216m[38;2;216;216;216m▄[48;2;217;217;217m[38;2;216;216;216m▄[48;2;217;217;217m[38;2;216;216;216m▄[48;2;217;216;216m[38;2;217;221;220m▄[48;2;217;221;220m[38;2;215;204;205m▄[48;2;217;219;219m[38;2;217;136;148m▄[48;2;216;180;184m[38;2;233;168;174m▄[48;2;223;161;167m[38;2;227;150;159m▄[48;2;226;157;164m[38;2;220;132;141m▄[48;2;228;160;165m[38;2;219;125;136m▄[48;2;229;163;167m[38;2;227;142;154m▄[48;2;223;162;167m[38;2;243;183;188m▄[48;2;218;204;205m[38;2;221;140;149m▄[48;2;211;208;209m[38;2;217;212;212m▄[48;2;196;98;116m[38;2;207;200;203m▄[48;2;220;92;113m[38;2;193;128;143m▄[48;2;206;82;104m[38;2;193;107;125m▄[48;2;216;103;120m[38;2;189;128;140m▄[48;2;195;96;115m[38;2;233;201;202m▄[48;2;202;96;116m[38;2;238;209;207m▄[48;2;218;90;112m[38;2;196;124;139m▄[48;2;217;84;107m[38;2;187;109;127m▄[48;2;198;78;102m[38;2;187;167;172m▄[48;2;189;172;177m[38;2;198;209;208m▄[48;2;203;195;194m[38;2;211;144;150m▄[48;2;224;144;151m[38;2;237;167;176m▄[48;2;236;155;162m[38;2;224;157;166m▄[48;2;220;161;167m[38;2;217;138;145m▄[48;2;203;200;189m[38;2;199;195;185m▄[48;2;200;191;173m[38;2;214;175;180m▄[48;2;209;211;209m[38;2;221;142;149m▄[48;2;213;219;223m[38;2;213;179;183m▄[48;2;206;201;194m[38;2;205;203;196m▄[48;2;206;200;191m[38;2;209;207;206m▄[48;2;212;213;214m[38;2;211;211;212m▄[48;2;211;210;210m[38;2;211;211;211m▄[48;2;211;211;211m[38;2;211;211;211m▄[48;2;211;211;211m[38;2;211;211;211m▄[48;2;211;211;211m[38;2;210;210;210m▄[48;2;210;210;210m[38;2;209;209;209m▄[48;2;209;209;209m[38;2;208;208;208m▄[48;2;209;209;209m[38;2;208;208;208m▄[48;2;208;208;208m[38;2;208;208;208m▄[48;2;207;207;207m[38;2;208;208;208m▄[48;2;207;207;207m[38;2;207;207;207m▄[48;2;207;207;207m[38;2;207;206;207m▄[48;2;207;207;207m[38;2;206;206;206m▄[48;2;206;206;206m[38;2;205;205;205m▄[48;2;205;205;205m[38;2;204;204;204m▄[48;2;204;204;204m[38;2;204;204;204m▄[48;2;203;203;203m[38;2;203;203;203m▄[0m
[48;2;214;214;214m[38;2;213;213;213m▄[48;2;214;214;214m[38;2;214;214;214m▄[48;2;215;215;215m[38;2;214;214;214m▄[48;2;215;215;215m[38;2;214;214;214m▄[48;2;215;215;216m[38;2;215;215;215m▄[48;2;216;216;216m[38;2;214;214;214m▄[48;2;216;216;216m[38;2;214;214;214m▄[48;2;216;216;216m[38;2;216;216;216m▄[48;2;216;216;216m[38;2;216;216;216m▄[48;2;216;216;216m[38;2;215;215;215m▄[48;2;216;216;216m[38;2;216;216;216m▄[48;2;216;216;216m[38;2;216;216;216m▄[48;2;216;216;216m[38;2;216;216;216m▄[48;2;216;216;216m[38;2;216;216;216m▄[48;2;217;217;217m[38;2;216;216;216m▄[48;2;217;217;217m[38;2;218;222;221m▄[48;2;216;218;218m[38;2;211;195;198m▄[48;2;213;137;148m[38;2;212;130;143m▄[48;2;241;198;204m[38;2;239;196;203m▄[48;2;216;140;150m[38;2;195;89;106m▄[48;2;206;91;106m[38;2;221;142;152m▄[48;2;240;180;186m[38;2;234;174;182m▄[48;2;219;134;145m[38;2;196;110;124m▄[48;2;206;122;132m[38;2;210;140;151m▄[48;2;237;190;196m[38;2;248;214;218m▄[48;2;233;169;175m[38;2;221;169;175m▄[48;2;207;174;177m[38;2;204;136;143m▄[48;2;213;216;215m[38;2;216;158;165m▄[48;2;210;215;213m[38;2;238;200;202m▄[48;2;197;209;207m[38;2;235;210;210m▄[48;2;217;204;202m[38;2;232;195;198m▄[48;2;254;227;227m[38;2;243;196;200m▄[48;2;252;222;222m[38;2;239;192;195m▄[48;2;215;207;205m[38;2;199;147;152m▄[48;2;193;202;200m[38;2;211;128;140m▄[48;2;200;201;201m[38;2;214;137;147m▄[48;2;205;193;194m[38;2;199;114;125m▄[48;2;224;142;151m[38;2;230;157;166m▄[48;2;232;174;180m[38;2;227;167;174m▄[48;2;211;114;127m[38;2;208;116;130m▄[48;2;204;133;143m[38;2;206;120;131m▄[48;2;201;210;209m[38;2;197;155;159m▄[48;2;214;128;137m[38;2;207;116;129m▄[48;2;236;159;167m[38;2;206;98;114m▄[48;2;211;128;137m[38;2;200;154;160m▄[48;2;209;215;216m[38;2;202;210;210m▄[48;2;210;210;211m[38;2;210;209;210m▄[48;2;211;210;210m[38;2;210;210;211m▄[48;2;211;211;211m[38;2;211;211;212m▄[48;2;211;210;211m[38;2;211;210;211m▄[48;2;210;210;211m[38;2;210;210;212m▄[48;2;210;210;210m[38;2;210;209;212m▄[48;2;209;209;209m[38;2;209;208;210m▄[48;2;208;208;208m[38;2;208;208;208m▄[48;2;209;209;209m[38;2;209;209;209m▄[48;2;208;208;208m[38;2;208;208;208m▄[48;2;208;208;208m[38;2;208;208;207m▄[48;2;207;207;207m[38;2;207;207;206m▄[48;2;206;206;206m[38;2;207;206;207m▄[48;2;206;206;206m[38;2;205;205;205m▄[48;2;204;204;204m[38;2;204;204;204m▄[48;2;204;204;204m[38;2;203;203;203m▄[48;2;204;204;204m[38;2;203;203;204m▄[48;2;203;203;203m[38;2;203;203;203m▄[0m
[48;2;212;212;212m[38;2;211;211;211m▄[48;2;213;213;213m[38;2;212;212;212m▄[48;2;214;213;214m[38;2;212;212;212m▄[48;2;214;214;214m[38;2;213;213;213m▄[48;2;214;214;214m[38;2;213;213;214m▄[48;2;215;215;215m[38;2;214;214;214m▄[48;2;214;214;214m[38;2;214;214;214m▄[48;2;214;214;214m[38;2;215;215;215m▄[48;2;215;215;215m[38;2;215;215;215m▄[48;2;215;215;215m[38;2;215;215;215m▄[48;2;215;215;215m[38;2;215;215;215m▄[48;2;215;215;215m[38;2;215;215;215m▄[48;2;216;216;216m[38;2;215;215;215m▄[48;2;216;216;216m[38;2;216;216;216m▄[48;2;215;215;215m[38;2;215;215;215m▄[48;2;216;216;216m[38;2;216;215;215m▄[48;2;216;216;216m[38;2;217;219;218m▄[48;2;199;117;132m[38;2;214;206;208m▄[48;2;196;91;110m[38;2;196;153;162m▄[48;2;185;73;94m[38;2;190;95;113m▄[48;2;235;166;177m[38;2;234;154;166m▄[48;2;221;146;157m[38;2;208;132;146m▄[48;2;204;119;131m[38;2;240;177;185m▄[48;2;239;193;198m[38;2;196;133;142m▄[48;2;253;238;240m[38;2;217;182;189m▄[48;2;240;225;226m[38;2;244;209;214m▄[48;2;235;195;199m[38;2;230;165;175m▄[48;2;235;190;195m[38;2;227;174;181m▄[48;2;253;252;251m[38;2;251;248;245m▄[48;2;246;210;213m[38;2;227;170;178m▄[48;2;241;188;195m[38;2;246;223;224m▄[48;2;255;255;255m[38;2;231;203;207m▄[48;2;212;133;143m[38;2;177;64;86m▄[48;2;213;131;142m[38;2;236;168;178m▄[48;2;216;139;151m[38;2;179;82;101m▄[48;2;216;141;153m[38;2;175;69;90m▄[48;2;199;102;117m[38;2;184;84;105m▄[48;2;232;172;180m[38;2;241;172;181m▄[48;2;210;137;149m[38;2;191;104;122m▄[48;2;218;148;159m[38;2;204;111;129m▄[48;2;238;173;182m[38;2;216;133;146m▄[48;2;180;64;83m[38;2;167;56;78m▄[48;2;232;166;174m[38;2;236;163;172m▄[48;2;216;132;145m[38;2;179;75;95m▄[48;2;186;156;161m[38;2;178;72;92m▄[48;2;205;210;211m[38;2;198;160;167m▄[48;2;210;209;210m[38;2;212;218;217m▄[48;2;210;210;211m[38;2;209;208;207m▄[48;2;210;210;211m[38;2;209;209;210m▄[48;2;210;210;210m[38;2;210;210;210m▄[48;2;210;210;211m[38;2;210;210;211m▄[48;2;208;210;214m[38;2;206;209;212m▄[48;2;208;209;216m[38;2;208;208;214m▄[48;2;208;208;210m[38;2;209;208;210m▄[48;2;208;208;208m[38;2;208;208;208m▄[48;2;208;208;208m[38;2;208;208;206m▄[48;2;207;207;202m[38;2;206;207;201m▄[48;2;207;207;203m[38;2;205;207;202m▄[48;2;206;205;206m[38;2;205;205;204m▄[48;2;204;204;204m[38;2;204;204;204m▄[48;2;204;204;203m[38;2;203;203;203m▄[48;2;203;203;203m[38;2;202;202;202m▄[48;2;203;203;203m[38;2;203;203;203m▄[48;2;203;203;203m[38;2;203;203;203m▄[0m
[48;2;210;210;210m[38;2;210;210;210m▄[48;2;210;210;210m[38;2;210;210;210m▄[48;2;211;211;211m[38;2;210;210;210m▄[48;2;212;212;213m[38;2;210;210;210m▄[48;2;213;213;213m[38;2;212;212;212m▄[48;2;213;213;213m[38;2;212;212;212m▄[48;2;214;214;214m[38;2;213;213;213m▄[48;2;214;214;214m[38;2;213;213;213m▄[48;2;215;215;215m[38;2;214;214;214m▄[48;2;215;215;215m[38;2;215;215;215m▄[48;2;214;214;214m[38;2;215;214;215m▄[48;2;215;215;215m[38;2;214;214;214m▄[48;2;214;214;214m[38;2;214;214;214m▄[48;2;214;214;214m[38;2;214;214;214m▄[48;2;215;215;215m[38;2;215;215;215m▄[48;2;215;215;215m[38;2;215;215;215m▄[48;2;216;214;215m[38;2;214;212;212m▄[48;2;217;223;221m[38;2;210;209;196m▄[48;2;193;176;182m[38;2;184;140;152m▄[48;2;200;98;120m[38;2;205;95;117m▄[48;2;221;131;147m[38;2;202;101;122m▄[48;2;153;48;74m[38;2;172;118;132m▄[48;2;224;133;151m[38;2;180;88;110m▄[48;2;211;130;145m[38;2;235;146;160m▄[48;2;165;89;108m[38;2;179;87;107m▄[48;2;234;187;193m[38;2;226;180;186m▄[48;2;236;198;200m[38;2;244;214;216m▄[48;2;241;213;214m[38;2;226;188;193m▄[48;2;251;229;229m[38;2;240;212;213m▄[48;2;227;186;191m[38;2;228;194;197m▄[48;2;255;247;243m[38;2;208;133;146m▄[48;2;194;111;126m[38;2;199;96;115m▄[48;2;197;106;125m[38;2;168;70;93m▄[48;2;236;141;155m[38;2;198;101;119m▄[48;2;171;78;98m[38;2;209;110;128m▄[48;2;178;90;109m[38;2;182;83;104m▄[48;2;220;130;145m[38;2;181;82;104m▄[48;2;239;145;160m[38;2;197;95;115m▄[48;2;157;44;71m[38;2;152;50;75m▄[48;2;228;130;147m[38;2;194;86;109m▄[48;2;199;101;120m[38;2;201;94;115m▄[48;2;207;121;137m[38;2;171;66;88m▄[48;2;232;136;151m[38;2;206;103;122m▄[48;2;177;80;101m[38;2;182;76;99m▄[48;2;184;83;105m[38;2;173;98;116m▄[48;2;190;153;161m[38;2;193;197;196m▄[48;2;208;215;214m[38;2;203;203;203m▄[48;2;209;207;208m[38;2;209;209;209m▄[48;2;210;209;210m[38;2;209;209;209m▄[48;2;209;210;210m[38;2;208;208;208m▄[48;2;209;209;210m[38;2;208;208;208m▄[48;2;208;207;210m[38;2;208;208;208m▄[48;2;208;207;210m[38;2;208;207;208m▄[48;2;208;207;208m[38;2;207;207;207m▄[48;2;208;208;208m[38;2;207;207;205m▄[48;2;208;208;206m[38;2;207;207;205m▄[48;2;206;207;202m[38;2;206;207;203m▄[48;2;203;208;202m[38;2;204;207;203m▄[48;2;204;206;203m[38;2;202;205;204m▄[48;2;203;204;204m[38;2;202;202;206m▄[48;2;203;203;203m[38;2;203;202;204m▄[48;2;203;203;203m[38;2;203;203;203m▄[48;2;203;203;203m[38;2;203;203;203m▄[48;2;203;203;203m[38;2;203;203;203m▄[0m
[48;2;210;210;210m[38;2;209;209;209m▄[48;2;210;210;210m[38;2;210;210;210m▄[48;2;210;210;210m[38;2;210;210;210m▄[48;2;210;210;210m[38;2;210;210;210m▄[48;2;211;211;211m[38;2;210;210;210m▄[48;2;211;211;211m[38;2;210;210;210m▄[48;2;211;211;211m[38;2;210;210;210m▄[48;2;212;212;212m[38;2;210;210;210m▄[48;2;213;213;213m[38;2;211;211;211m▄[48;2;214;214;214m[38;2;211;211;211m▄[48;2;214;213;214m[38;2;211;211;211m▄[48;2;214;214;214m[38;2;212;212;212m▄[48;2;214;214;214m[38;2;212;212;212m▄[48;2;214;214;214m[38;2;212;212;212m▄[48;2;214;213;213m[38;2;212;212;212m▄[48;2;215;216;217m[38;2;213;213;213m▄[48;2;209;205;200m[38;2;213;212;212m▄[48;2;203;196;181m[38;2;193;178;160m▄[48;2;207;190;199m[38;2;209;206;198m▄[48;2;168;66;90m[38;2;203;185;187m▄[48;2;168;66;92m[38;2;189;162;161m▄[48;2;193;186;190m[38;2;189;181;165m▄[48;2;175;119;129m[38;2;200;188;178m▄[48;2;193;87;108m[38;2;186;121;136m▄[48;2;250;194;199m[38;2;233;196;198m▄[48;2;226;177;184m[38;2;253;228;229m▄[48;2;222;172;181m[38;2;237;199;203m▄[48;2;218;175;181m[38;2;217;174;181m▄[48;2;220;166;174m[38;2;229;186;191m▄[48;2;216;184;187m[38;2;187;122;135m▄[48;2;178;116;130m[38;2;173;115;129m▄[48;2;168;82;103m[38;2;176;97;116m▄[48;2;178;108;124m[38;2;176;91;112m▄[48;2;162;65;89m[38;2;182;97;116m▄[48;2;161;64;88m[38;2;179;90;110m▄[48;2;165;70;92m[38;2;179;93;113m▄[48;2;163;61;86m[38;2;188;104;124m▄[48;2;161;66;89m[38;2;182;92;113m▄[48;2;194;174;178m[38;2;186;171;176m▄[48;2;177;111;130m[38;2;200;204;194m▄[48;2;175;101;122m[38;2;191;183;165m▄[48;2;182;130;146m[38;2;191;187;169m▄[48;2;171;93;115m[38;2;196;194;184m▄[48;2;179;117;134m[38;2;195;198;190m▄[48;2;189;187;187m[38;2;194;190;181m▄[48;2;194;196;195m[38;2;204;203;203m▄[48;2;207;206;206m[38;2;207;207;208m▄[48;2;208;208;208m[38;2;207;207;207m▄[48;2;208;208;208m[38;2;207;207;207m▄[48;2;208;208;208m[38;2;207;207;207m▄[48;2;207;207;207m[38;2;207;207;207m▄[48;2;207;207;208m[38;2;206;206;206m▄[48;2;207;207;207m[38;2;206;206;206m▄[48;2;207;207;207m[38;2;206;206;206m▄[48;2;206;206;206m[38;2;204;204;204m▄[48;2;206;206;206m[38;2;204;204;204m▄[48;2;205;204;205m[38;2;204;204;204m▄[48;2;204;204;204m[38;2;203;203;203m▄[48;2;203;203;205m[38;2;203;203;203m▄[48;2;203;203;204m[38;2;203;202;204m▄[48;2;203;202;204m[38;2;202;201;202m▄[48;2;203;203;203m[38;2;202;202;202m▄[48;2;202;202;202m[38;2;202;202;202m▄[48;2;202;202;202m[38;2;201;201;201m▄[0m
[48;2;210;210;210m[38;2;211;211;211m▄[48;2;209;209;209m[38;2;212;212;212m▄[48;2;210;210;210m[38;2;212;212;212m▄[48;2;210;210;210m[38;2;213;213;213m▄[48;2;210;210;210m[38;2;213;213;214m▄[48;2;211;211;211m[38;2;213;213;214m▄[48;2;211;211;211m[38;2;214;214;214m▄[48;2;211;211;211m[38;2;214;214;214m▄[48;2;211;211;211m[38;2;214;214;214m▄[48;2;211;211;212m[38;2;215;214;215m▄[48;2;211;211;211m[38;2;214;214;214m▄[48;2;212;212;212m[38;2;215;215;215m▄[48;2;212;212;212m[38;2;215;215;215m▄[48;2;212;212;212m[38;2;215;215;215m▄[48;2;213;213;212m[38;2;215;215;215m▄[48;2;212;212;212m[38;2;215;215;215m▄[48;2;214;214;216m[38;2;215;215;214m▄[48;2;209;206;202m[38;2;216;216;217m▄[48;2;196;182;165m[38;2;215;217;220m▄[48;2;196;186;168m[38;2;213;214;215m▄[48;2;197;192;178m[38;2;214;214;217m▄[48;2;203;199;196m[38;2;212;213;214m▄[48;2;209;212;213m[38;2;212;211;211m▄[48;2;213;212;211m[38;2;211;211;212m▄[48;2;213;174;181m[38;2;209;209;209m▄[48;2;219;172;180m[38;2;208;189;193m▄[48;2;237;195;198m[38;2;213;181;187m▄[48;2;240;208;208m[38;2;202;147;159m▄[48;2;207;130;142m[38;2;162;82;101m▄[48;2;185;75;96m[38;2;169;101;118m▄[48;2;199;102;122m[38;2;167;79;100m▄[48;2;180;92;110m[38;2;171;71;93m▄[48;2;151;47;73m[38;2;184;80;104m▄[48;2;162;79;100m[38;2;187;89;112m▄[48;2;173;122;134m[38;2;187;86;109m▄[48;2;167;103;119m[38;2;196;94;116m▄[48;2;181;84;106m[38;2;200;97;119m▄[48;2;193;89;112m[38;2;158;56;83m▄[48;2;175;136;147m[38;2;187;175;179m▄[48;2;205;205;198m[38;2;205;208;209m▄[48;2;201;194;190m[38;2;209;209;211m▄[48;2;200;191;182m[38;2;207;209;212m▄[48;2;199;187;172m[38;2;207;209;212m▄[48;2;202;191;176m[38;2;207;208;211m▄[48;2;204;201;198m[38;2;207;208;208m▄[48;2;206;207;208m[38;2;208;208;208m▄[48;2;208;208;207m[38;2;209;209;209m▄[48;2;207;207;207m[38;2;209;208;209m▄[48;2;207;207;207m[38;2;208;208;208m▄[48;2;207;207;207m[38;2;208;208;208m▄[48;2;206;206;206m[38;2;207;207;207m▄[48;2;206;206;206m[38;2;207;207;207m▄[48;2;205;205;205m[38;2;208;208;208m▄[48;2;204;204;204m[38;2;207;207;207m▄[48;2;204;204;204m[38;2;207;207;207m▄[48;2;204;204;204m[38;2;206;206;206m▄[48;2;203;203;203m[38;2;206;206;206m▄[48;2;203;203;203m[38;2;205;205;205m▄[48;2;203;202;203m[38;2;204;204;204m▄[48;2;202;202;204m[38;2;202;202;202m▄[48;2;202;202;203m[38;2;203;203;203m▄[48;2;202;202;202m[38;2;203;202;203m▄[48;2;202;202;202m[38;2;203;203;203m▄[48;2;202;202;202m[38;2;203;203;203m▄[0m
[48;2;214;214;214m[38;2;217;217;217m▄[48;2;215;215;215m[38;2;217;217;217m▄[48;2;216;216;216m[38;2;217;217;217m▄[48;2;216;216;216m[38;2;217;217;217m▄[48;2;216;216;216m[38;2;217;217;217m▄[48;2;216;216;216m[38;2;217;217;217m▄[48;2;216;216;216m[38;2;218;218;218m▄[48;2;216;216;216m[38;2;218;218;218m▄[48;2;216;216;216m[38;2;218;218;218m▄[48;2;216;216;216m[38;2;218;218;218m▄[48;2;216;216;216m[38;2;218;218;218m▄[48;2;217;217;217m[38;2;217;217;217m▄[48;2;216;216;216m[38;2;218;218;218m▄[48;2;216;216;216m[38;2;218;218;218m▄[48;2;216;216;216m[38;2;218;218;218m▄[48;2;216;216;216m[38;2;217;217;217m▄[48;2;216;216;216m[38;2;217;217;217m▄[48;2;216;216;216m[38;2;216;216;216m▄[48;2;217;216;216m[38;2;215;215;215m▄[48;2;217;216;216m[38;2;214;214;214m▄[48;2;217;216;216m[38;2;213;213;213m▄[48;2;217;217;217m[38;2;212;212;213m▄[48;2;217;217;217m[38;2;212;212;212m▄[48;2;217;216;216m[38;2;211;211;211m▄[48;2;211;211;211m[38;2;209;209;210m▄[48;2;201;204;203m[38;2;208;207;207m▄[48;2;192;192;194m[38;2;205;203;204m▄[48;2;185;181;182m[38;2;200;198;198m▄[48;2;185;181;181m[38;2;196;192;193m▄[48;2;185;185;185m[38;2;196;189;193m▄[48;2;185;173;176m[38;2;195;191;193m▄[48;2;172;125;137m[38;2;195;196;195m▄[48;2;161;88;108m[38;2;193;193;193m▄[48;2;164;75;98m[38;2;188;179;181m▄[48;2;166;70;94m[38;2;187;172;176m▄[48;2;160;66;90m[38;2;190;179;181m▄[48;2;158;79;101m[38;2;192;193;192m▄[48;2;181;155;161m[38;2;190;193;192m▄[48;2;188;191;191m[38;2;198;197;198m▄[48;2;202;201;201m[38;2;206;205;206m▄[48;2;209;209;209m[38;2;208;208;208m▄[48;2;210;210;210m[38;2;210;210;210m▄[48;2;210;210;209m[38;2;211;211;211m▄[48;2;210;210;209m[38;2;210;210;210m▄[48;2;210;210;210m[38;2;210;210;210m▄[48;2;210;210;210m[38;2;211;211;211m▄[48;2;210;210;210m[38;2;210;210;210m▄[48;2;210;210;210m[38;2;210;210;210m▄[48;2;210;210;210m[38;2;210;210;210m▄[48;2;210;210;210m[38;2;211;211;211m▄[48;2;209;209;209m[38;2;211;210;211m▄[48;2;209;209;209m[38;2;210;210;211m▄[48;2;209;209;209m[38;2;210;210;210m▄[48;2;208;208;209m[38;2;210;210;210m▄[48;2;208;208;208m[38;2;210;210;210m▄[48;2;208;208;208m[38;2;210;210;210m▄[48;2;208;208;208m[38;2;209;210;210m▄[48;2;207;207;207m[38;2;209;209;208m▄[48;2;211;211;211m[38;2;216;216;216m▄[48;2;214;214;214m[38;2;220;220;220m▄[48;2;206;206;206m[38;2;209;208;209m▄[48;2;206;206;206m[38;2;208;208;208m▄[48;2;206;206;206m[38;2;208;208;208m▄[48;2;205;205;205m[38;2;208;208;208m▄[0m
[48;2;220;220;220m[38;2;223;223;223m▄[48;2;220;220;220m[38;2;223;223;223m▄[48;2;221;221;221m[38;2;224;224;224m▄[48;2;221;221;221m[38;2;224;224;224m▄[48;2;221;221;221m[38;2;224;224;224m▄[48;2;221;221;221m[38;2;224;224;224m▄[48;2;221;221;221m[38;2;224;224;224m▄[48;2;221;221;221m[38;2;224;224;224m▄[48;2;222;222;222m[38;2;224;224;224m▄[48;2;222;222;222m[38;2;224;224;224m▄[48;2;222;222;222m[38;2;224;224;224m▄[48;2;222;222;222m[38;2;224;224;224m▄[48;2;222;222;222m[38;2;224;224;224m▄[48;2;222;222;222m[38;2;224;224;224m▄[48;2;221;221;221m[38;2;224;224;224m▄[48;2;219;219;219m[38;2;223;223;223m▄[48;2;215;215;215m[38;2;221;221;221m▄[48;2;208;208;209m[38;2;217;217;217m▄[48;2;201;201;202m[38;2;212;212;212m▄[48;2;196;195;196m[38;2;207;207;207m▄[48;2;192;192;192m[38;2;204;204;204m▄[48;2;190;190;191m[38;2;203;203;203m▄[48;2;190;190;190m[38;2;202;202;202m▄[48;2;189;188;190m[38;2;197;197;197m▄[48;2;189;189;189m[38;2;191;191;191m▄[48;2;192;192;192m[38;2;188;188;188m▄[48;2;196;196;196m[38;2;185;185;185m▄[48;2;198;198;198m[38;2;185;184;184m▄[48;2;199;199;199m[38;2;185;186;186m▄[48;2;199;199;199m[38;2;188;187;188m▄[48;2;197;197;197m[38;2;188;187;188m▄[48;2;195;193;194m[38;2;186;186;186m▄[48;2;194;193;194m[38;2;185;185;185m▄[48;2;193;195;195m[38;2;185;185;185m▄[48;2;192;195;195m[38;2;185;184;185m▄[48;2;190;192;192m[38;2;184;184;184m▄[48;2;189;189;190m[38;2;184;184;185m▄[48;2;190;189;189m[38;2;186;186;186m▄[48;2;188;188;188m[38;2;190;190;190m▄[48;2;186;186;186m[38;2;195;195;195m▄[48;2;188;187;188m[38;2;196;195;197m▄[48;2;189;189;190m[38;2;195;194;195m▄[48;2;192;192;192m[38;2;195;195;195m▄[48;2;192;192;192m[38;2;196;196;196m▄[48;2;195;195;195m[38;2;199;199;199m▄[48;2;202;202;202m[38;2;205;205;205m▄[48;2;208;208;208m[38;2;210;210;210m▄[48;2;211;211;212m[38;2;213;213;213m▄[48;2;213;213;213m[38;2;215;215;215m▄[48;2;214;214;213m[38;2;215;214;215m▄[48;2;213;213;214m[38;2;215;215;215m▄[48;2;213;213;213m[38;2;215;215;215m▄[48;2;212;212;212m[38;2;214;214;214m▄[48;2;212;212;212m[38;2;214;214;214m▄[48;2;211;211;211m[38;2;214;214;214m▄[48;2;210;210;210m[38;2;213;213;213m▄[48;2;210;210;210m[38;2;213;213;213m▄[48;2;210;210;210m[38;2;213;213;213m▄[48;2;210;210;210m[38;2;211;211;212m▄[48;2;210;210;210m[38;2;210;210;210m▄[48;2;209;209;210m[38;2;210;210;210m▄[48;2;210;210;210m[38;2;210;210;211m▄[48;2;209;209;209m[38;2;210;210;210m▄[48;2;209;209;209m[38;2;210;210;210m▄[0m
[48;2;225;225;225m[38;2;228;228;228m▄[48;2;225;225;225m[38;2;228;228;228m▄[48;2;225;225;225m[38;2;227;227;227m▄[48;2;226;226;226m[38;2;229;229;229m▄[48;2;226;226;226m[38;2;228;228;228m▄[48;2;226;226;226m[38;2;228;228;228m▄[48;2;225;225;225m[38;2;228;228;228m▄[48;2;225;225;225m[38;2;228;228;228m▄[48;2;226;226;226m[38;2;229;229;229m▄[48;2;226;226;226m[38;2;229;229;229m▄[48;2;227;227;227m[38;2;228;228;228m▄[48;2;227;227;227m[38;2;228;228;228m▄[48;2;226;226;226m[38;2;228;228;228m▄[48;2;226;226;226m[38;2;228;228;228m▄[48;2;226;226;226m[38;2;227;227;227m▄[48;2;225;225;225m[38;2;227;227;227m▄[48;2;225;225;225m[38;2;227;227;227m▄[48;2;225;225;225m[38;2;227;227;227m▄[48;2;225;225;225m[38;2;227;227;227m▄[48;2;225;225;225m[38;2;227;227;227m▄[48;2;226;226;226m[38;2;227;227;227m▄[48;2;226;226;226m[38;2;227;227;227m▄[48;2;225;225;225m[38;2;227;227;227m▄[48;2;223;223;223m[38;2;227;227;227m▄[48;2;219;219;219m[38;2;227;227;227m▄[48;2;217;217;217m[38;2;228;228;228m▄[48;2;214;214;214m[38;2;228;228;228m▄[48;2;213;213;213m[38;2;228;228;228m▄[48;2;212;212;212m[38;2;227;227;227m▄[48;2;212;211;212m[38;2;226;226;225m▄[48;2;210;210;210m[38;2;226;226;226m▄[48;2;207;207;207m[38;2;226;226;226m▄[48;2;204;204;204m[38;2;225;225;225m▄[48;2;202;202;202m[38;2;225;225;225m▄[48;2;202;202;202m[38;2;224;224;224m▄[48;2;202;202;202m[38;2;224;224;224m▄[48;2;202;203;202m[38;2;223;223;223m▄[48;2;207;207;207m[38;2;224;224;224m▄[48;2;212;212;212m[38;2;223;223;223m▄[48;2;216;216;217m[38;2;222;222;222m▄[48;2;219;219;219m[38;2;222;222;222m▄[48;2;219;219;219m[38;2;221;221;221m▄[48;2;219;219;219m[38;2;220;220;220m▄[48;2;218;218;218m[38;2;219;219;219m▄[48;2;218;218;218m[38;2;218;218;218m▄[48;2;218;218;218m[38;2;217;217;217m▄[48;2;217;217;217m[38;2;217;217;217m▄[48;2;216;216;216m[38;2;217;217;217m▄[48;2;216;216;216m[38;2;216;216;216m▄[48;2;216;215;216m[38;2;216;216;216m▄[48;2;215;215;215m[38;2;216;216;216m▄[48;2;215;215;215m[38;2;216;216;216m▄[48;2;215;215;215m[38;2;216;216;216m▄[48;2;215;215;215m[38;2;216;216;216m▄[48;2;215;215;215m[38;2;216;216;216m▄[48;2;215;215;215m[38;2;215;215;215m▄[48;2;214;214;214m[38;2;215;215;215m▄[48;2;215;215;215m[38;2;215;215;215m▄[48;2;214;214;215m[38;2;215;215;215m▄[48;2;213;213;214m[38;2;215;215;215m▄[48;2;213;212;213m[38;2;215;215;215m▄[48;2;212;212;212m[38;2;214;214;214m▄[48;2;211;211;211m[38;2;214;214;214m▄[48;2;211;211;211m[38;2;214;214;214m▄[0m
