[48;2;219;219;219m[38;2;218;218;218m▄[48;2;221;221;221m[38;2;218;218;218m▄[48;2;222;222;222m[38;2;220;220;220m▄[48;2;222;222;222m[38;2;222;222;222m▄[48;2;222;222;222m[38;2;223;223;223m▄[48;2;223;223;223m[38;2;223;223;223m▄[48;2;224;224;224m[38;2;224;224;224m▄[48;2;225;225;225m[38;2;224;224;224m▄[48;2;225;225;225m[38;2;225;225;225m▄[48;2;225;225;225m[38;2;225;225;225m▄[48;2;225;225;225m[38;2;225;225;225m▄[48;2;225;225;225m[38;2;224;224;224m▄[48;2;226;226;226m[38;2;226;226;226m▄[48;2;227;227;227m[38;2;227;227;227m▄[48;2;228;228;228m[38;2;227;227;227m▄[48;2;227;227;227m[38;2;227;227;227m▄[48;2;227;227;227m[38;2;227;227;227m▄[48;2;227;227;227m[38;2;227;227;227m▄[48;2;227;227;227m[38;2;227;227;227m▄[48;2;228;228;228m[38;2;226;226;226m▄[48;2;229;229;229m[38;2;227;227;227m▄[48;2;228;228;228m[38;2;227;227;227m▄[48;2;227;227;227m[38;2;227;227;227m▄[48;2;227;227;227m[38;2;227;227;227m▄[48;2;227;227;227m[38;2;227;227;227m▄[48;2;227;227;227m[38;2;227;227;227m▄[48;2;227;227;227m[38;2;227;227;227m▄[48;2;227;227;227m[38;2;227;227;227m▄[48;2;228;228;228m[38;2;226;226;226m▄[48;2;225;225;225m[38;2;224;224;224m▄[48;2;225;225;225m[38;2;225;225;225m▄[48;2;226;226;226m[38;2;224;224;224m▄[48;2;226;226;226m[38;2;224;224;224m▄[48;2;224;224;224m[38;2;224;224;224m▄[48;2;223;223;223m[38;2;223;223;223m▄[48;2;223;223;223m[38;2;223;223;223m▄[48;2;223;223;223m[38;2;223;223;223m▄[48;2;222;222;222m[38;2;223;223;223m▄[48;2;221;221;221m[38;2;222;222;222m▄[48;2;221;221;221m[38;2;221;221;221m▄[48;2;219;219;219m[38;2;220;220;220m▄[48;2;218;218;218m[38;2;218;218;218m▄[48;2;217;217;217m[38;2;217;217;217m▄[48;2;216;216;216m[38;2;217;217;217m▄[48;2;216;216;216m[38;2;216;216;216m▄[48;2;217;217;217m[38;2;217;217;217m▄[48;2;216;216;216m[38;2;216;216;216m▄[48;2;216;216;216m[38;2;216;216;216m▄[48;2;216;216;216m[38;2;215;215;215m▄[48;2;215;215;215m[38;2;215;215;215m▄[48;2;214;214;214m[38;2;213;213;213m▄[48;2;213;213;213m[38;2;212;212;212m▄[48;2;212;212;212m[38;2;211;211;211m▄[48;2;211;211;211m[38;2;211;211;211m▄[48;2;211;211;211m[38;2;211;211;211m▄[48;2;211;211;211m[38;2;210;210;210m▄[48;2;209;209;209m[38;2;209;209;209m▄[48;2;209;209;209m[38;2;208;208;208m▄[48;2;209;209;209m[38;2;208;208;208m▄[48;2;208;208;208m[38;2;208;208;208m▄[48;2;208;208;208m[38;2;207;207;207m▄[48;2;207;207;207m[38;2;207;207;207m▄[48;2;206;206;206m[38;2;205;205;205m▄[48;2;205;205;205m[38;2;204;204;204m▄[0m
[48;2;218;218;218m[38;2;217;217;217m▄[48;2;218;218;218m[38;2;218;218;218m▄[48;2;220;220;220m[38;2;218;218;218m▄[48;2;221;221;221m[38;2;220;220;220m▄[48;2;222;222;222m[38;2;221;221;221m▄[48;2;222;222;222m[38;2;222;222;222m▄[48;2;223;223;223m[38;2;223;223;223m▄[48;2;224;224;224m[38;2;224;224;224m▄[48;2;224;224;224m[38;2;224;224;224m▄[48;2;225;225;225m[38;2;224;224;224m▄[48;2;225;225;225m[38;2;225;225;225m▄[48;2;224;224;224m[38;2;224;224;224m▄[48;2;224;224;224m[38;2;224;224;224m▄[48;2;225;225;225m[38;2;224;224;224m▄[48;2;226;226;226m[38;2;224;224;224m▄[48;2;227;227;227m[38;2;225;225;225m▄[48;2;227;227;227m[38;2;227;227;227m▄[48;2;227;227;227m[38;2;227;227;227m▄[48;2;226;226;226m[38;2;227;227;227m▄[48;2;227;227;227m[38;2;226;226;226m▄[48;2;226;226;226m[38;2;226;226;226m▄[48;2;227;227;227m[38;2;227;227;227m▄[48;2;227;227;227m[38;2;226;226;226m▄[48;2;227;227;227m[38;2;227;227;227m▄[48;2;226;226;226m[38;2;226;226;226m▄[48;2;227;227;227m[38;2;226;226;226m▄[48;2;227;227;227m[38;2;225;225;225m▄[48;2;227;227;227m[38;2;225;225;225m▄[48;2;225;225;225m[38;2;223;224;223m▄[48;2;224;224;224m[38;2;222;223;222m▄[48;2;225;225;225m[38;2;224;224;223m▄[48;2;224;224;224m[38;2;225;225;225m▄[48;2;224;224;224m[38;2;224;224;224m▄[48;2;224;224;224m[38;2;224;224;224m▄[48;2;224;224;224m[38;2;222;223;222m▄[48;2;223;223;223m[38;2;222;222;222m▄[48;2;222;222;222m[38;2;223;222;223m▄[48;2;222;222;222m[38;2;222;222;222m▄[48;2;222;222;222m[38;2;221;221;221m▄[48;2;221;221;221m[38;2;220;220;220m▄[48;2;218;218;218m[38;2;218;218;218m▄[48;2;217;217;217m[38;2;217;217;217m▄[48;2;217;217;217m[38;2;216;216;216m▄[48;2;216;216;216m[38;2;216;216;216m▄[48;2;216;216;216m[38;2;216;216;216m▄[48;2;216;216;216m[38;2;216;216;216m▄[48;2;216;216;216m[38;2;215;215;215m▄[48;2;216;216;216m[38;2;215;215;215m▄[48;2;215;215;215m[38;2;215;215;215m▄[48;2;215;215;215m[38;2;214;214;215m▄[48;2;213;213;213m[38;2;213;213;213m▄[48;2;213;213;213m[38;2;212;212;212m▄[48;2;211;211;211m[38;2;211;211;211m▄[48;2;210;210;210m[38;2;211;211;211m▄[48;2;211;211;211m[38;2;210;210;210m▄[48;2;210;210;210m[38;2;210;210;210m▄[48;2;209;209;209m[38;2;209;209;209m▄[48;2;208;208;208m[38;2;208;208;208m▄[48;2;208;208;208m[38;2;209;209;209m▄[48;2;208;208;208m[38;2;208;208;208m▄[48;2;207;207;207m[38;2;207;207;207m▄[48;2;207;207;207m[38;2;207;207;207m▄[48;2;204;204;204m[38;2;205;205;205m▄[48;2;203;203;203m[38;2;204;204;204m▄[0m
[48;2;217;217;217m[38;2;217;217;217m▄[48;2;218;218;218m[38;2;217;217;217m▄[48;2;218;218;218m[38;2;217;217;217m▄[48;2;220;220;220m[38;2;220;220;220m▄[48;2;221;221;221m[38;2;221;221;221m▄[48;2;222;222;222m[38;2;222;222;222m▄[48;2;223;223;223m[38;2;223;223;223m▄[48;2;223;223;223m[38;2;223;223;223m▄[48;2;224;224;224m[38;2;223;223;223m▄[48;2;224;224;224m[38;2;225;225;225m▄[48;2;225;225;225m[38;2;225;225;225m▄[48;2;225;225;225m[38;2;225;225;225m▄[48;2;225;225;225m[38;2;225;225;225m▄[48;2;225;225;225m[38;2;225;225;225m▄[48;2;225;225;225m[38;2;225;225;225m▄[48;2;225;225;225m[38;2;225;225;225m▄[48;2;225;225;225m[38;2;225;225;225m▄[48;2;226;226;226m[38;2;224;224;224m▄[48;2;226;226;226m[38;2;224;224;224m▄[48;2;226;226;226m[38;2;224;224;224m▄[48;2;227;227;227m[38;2;226;226;226m▄[48;2;226;226;226m[38;2;226;226;226m▄[48;2;225;225;225m[38;2;225;225;225m▄[48;2;226;226;226m[38;2;224;224;224m▄[48;2;225;225;225m[38;2;224;224;224m▄[48;2;225;225;225m[38;2;224;224;224m▄[48;2;225;224;225m[38;2;223;224;223m▄[48;2;223;224;223m[38;2;228;226;229m▄[48;2;230;227;230m[38;2;196;210;193m▄[48;2;234;230;235m[38;2;175;198;170m▄[48;2;230;228;230m[38;2;203;212;205m▄[48;2;223;223;222m[38;2;230;227;231m▄[48;2;223;223;223m[38;2;225;225;224m▄[48;2;223;223;223m[38;2;225;224;227m▄[48;2;232;228;233m[38;2;175;196;169m▄[48;2;226;224;227m[38;2;202;212;199m▄[48;2;221;222;222m[38;2;226;224;227m▄[48;2;222;222;222m[38;2;221;221;221m▄[48;2;221;221;221m[38;2;221;221;221m▄[48;2;220;220;220m[38;2;219;219;219m▄[48;2;217;217;217m[38;2;218;218;218m▄[48;2;218;218;218m[38;2;218;218;218m▄[48;2;217;217;217m[38;2;217;217;217m▄[48;2;216;216;216m[38;2;217;217;217m▄[48;2;217;217;217m[38;2;217;217;217m▄[48;2;216;216;216m[38;2;216;216;216m▄[48;2;215;215;215m[38;2;216;216;216m▄[48;2;215;215;215m[38;2;215;215;215m▄[48;2;215;215;215m[38;2;215;215;215m▄[48;2;214;214;214m[38;2;214;214;214m▄[48;2;213;213;213m[38;2;214;214;214m▄[48;2;212;212;212m[38;2;212;212;212m▄[48;2;212;212;212m[38;2;211;211;211m▄[48;2;211;211;211m[38;2;211;211;211m▄[48;2;210;210;210m[38;2;211;211;211m▄[48;2;210;210;210m[38;2;211;211;211m▄[48;2;209;209;209m[38;2;209;209;209m▄[48;2;208;208;208m[38;2;208;208;208m▄[48;2;208;208;208m[38;2;208;208;208m▄[48;2;208;208;208m[38;2;208;208;207m▄[48;2;207;207;207m[38;2;207;207;207m▄[48;2;207;207;207m[38;2;207;207;207m▄[48;2;204;204;204m[38;2;204;204;204m▄[48;2;204;203;205m[38;2;204;204;204m▄[0m
[48;2;217;217;217m[38;2;216;216;216m▄[48;2;217;217;217m[38;2;216;216;216m▄[48;2;217;217;217m[38;2;217;217;217m▄[48;2;219;219;219m[38;2;218;218;218m▄[48;2;221;221;221m[38;2;219;219;219m▄[48;2;221;221;221m[38;2;221;221;221m▄[48;2;222;222;222m[38;2;222;222;222m▄[48;2;223;223;223m[38;2;223;223;223m▄[48;2;223;223;223m[38;2;223;223;223m▄[48;2;223;223;223m[38;2;223;223;223m▄[48;2;224;224;224m[38;2;224;224;224m▄[48;2;224;224;224m[38;2;224;224;224m▄[48;2;225;225;225m[38;2;224;224;224m▄[48;2;225;225;225m[38;2;224;224;224m▄[48;2;224;224;224m[38;2;225;225;225m▄[48;2;225;225;225m[38;2;224;224;224m▄[48;2;225;225;225m[38;2;225;225;225m▄[48;2;225;225;225m[38;2;224;224;224m▄[48;2;224;224;224m[38;2;225;225;225m▄[48;2;224;224;224m[38;2;225;225;225m▄[48;2;224;224;224m[38;2;224;224;224m▄[48;2;225;225;225m[38;2;224;224;224m▄[48;2;224;224;224m[38;2;224;224;224m▄[48;2;224;224;224m[38;2;224;224;224m▄[48;2;225;225;225m[38;2;224;224;224m▄[48;2;224;224;224m[38;2;224;224;224m▄[48;2;223;223;222m[38;2;223;223;222m▄[48;2;231;228;233m[38;2;231;229;232m▄[48;2;161;191;152m[38;2;186;201;185m▄[48;2;142;188;94m[38;2;135;181;85m▄[48;2;137;182;99m[38;2;138;183;77m▄[48;2;164;189;156m[38;2;127;175;82m▄[48;2;234;228;239m[38;2;164;188;159m▄[48;2;165;192;155m[38;2;117;164;94m▄[48;2;101;160;64m[38;2;174;190;170m▄[48;2;172;194;166m[38;2;211;209;216m▄[48;2;226;223;227m[38;2;222;220;223m▄[48;2;218;219;218m[38;2;224;223;224m▄[48;2;221;221;221m[38;2;220;220;220m▄[48;2;219;219;219m[38;2;219;219;219m▄[48;2;217;217;217m[38;2;217;217;217m▄[48;2;218;218;218m[38;2;217;217;217m▄[48;2;217;217;217m[38;2;217;217;217m▄[48;2;217;217;217m[38;2;217;217;217m▄[48;2;217;217;217m[38;2;216;216;216m▄[48;2;216;216;216m[38;2;216;216;216m▄[48;2;215;215;215m[38;2;215;215;215m▄[48;2;215;215;215m[38;2;215;215;215m▄[48;2;215;215;215m[38;2;214;214;214m▄[48;2;214;214;214m[38;2;214;214;214m▄[48;2;213;213;213m[38;2;213;213;213m▄[48;2;212;212;212m[38;2;213;213;213m▄[48;2;212;212;212m[38;2;212;212;212m▄[48;2;211;211;211m[38;2;211;211;211m▄[48;2;211;211;211m[38;2;211;211;211m▄[48;2;210;210;210m[38;2;210;210;210m▄[48;2;209;209;209m[38;2;209;209;209m▄[48;2;208;208;208m[38;2;208;208;208m▄[48;2;208;208;208m[38;2;207;207;207m▄[48;2;207;207;208m[38;2;207;207;208m▄[48;2;207;207;207m[38;2;207;207;207m▄[48;2;206;206;206m[38;2;206;206;206m▄[48;2;204;204;204m[38;2;204;204;204m▄[48;2;203;203;204m[38;2;204;204;204m▄[0m
[48;2;216;216;216m[38;2;216;216;216m▄[48;2;216;216;216m[38;2;216;216;216m▄[48;2;217;217;217m[38;2;216;216;216m▄[48;2;218;218;218m[38;2;217;217;217m▄[48;2;218;218;218m[38;2;218;218;218m▄[48;2;220;220;220m[38;2;219;219;219m▄[48;2;221;221;221m[38;2;221;221;221m▄[48;2;222;222;222m[38;2;222;222;222m▄[48;2;223;223;223m[38;2;222;222;222m▄[48;2;223;223;223m[38;2;222;222;222m▄[48;2;223;223;223m[38;2;222;222;222m▄[48;2;223;223;223m[38;2;223;223;223m▄[48;2;224;224;224m[38;2;224;224;224m▄[48;2;223;223;224m[38;2;223;223;223m▄[48;2;224;224;224m[38;2;224;224;224m▄[48;2;224;224;224m[38;2;224;224;224m▄[48;2;225;225;225m[38;2;225;225;225m▄[48;2;225;225;225m[38;2;225;225;225m▄[48;2;225;225;225m[38;2;224;224;224m▄[48;2;225;224;225m[38;2;224;224;224m▄[48;2;225;225;225m[38;2;224;224;224m▄[48;2;225;225;225m[38;2;224;224;224m▄[48;2;224;224;224m[38;2;224;224;224m▄[48;2;224;224;224m[38;2;224;224;224m▄[48;2;224;224;224m[38;2;223;223;223m▄[48;2;224;224;224m[38;2;223;223;223m▄[48;2;224;224;224m[38;2;224;225;225m▄[48;2;225;225;225m[38;2;223;225;225m▄[48;2;224;229;233m[38;2;222;187;193m▄[48;2;145;183;132m[38;2;223;166;176m▄[48;2;114;178;72m[38;2;166;150;127m▄[48;2;105;167;71m[38;2;120;147;98m▄[48;2;82;145;63m[38;2;90;140;73m▄[48;2;120;162;112m[38;2;85;156;70m▄[48;2;155;185;140m[38;2;108;171;72m▄[48;2;147;183;126m[38;2;137;188;81m▄[48;2;161;187;154m[38;2;144;192;84m▄[48;2;207;212;208m[38;2;121;167;98m▄[48;2;222;221;222m[38;2;206;209;208m▄[48;2;217;217;217m[38;2;220;219;219m▄[48;2;217;217;217m[38;2;216;216;216m▄[48;2;217;217;217m[38;2;216;216;216m▄[48;2;217;217;217m[38;2;217;217;217m▄[48;2;217;217;217m[38;2;217;217;217m▄[48;2;216;216;216m[38;2;216;216;216m▄[48;2;216;216;216m[38;2;216;216;216m▄[48;2;215;215;215m[38;2;215;215;215m▄[48;2;215;215;215m[38;2;214;214;215m▄[48;2;214;214;214m[38;2;214;213;214m▄[48;2;213;213;213m[38;2;213;213;213m▄[48;2;213;213;213m[38;2;212;212;212m▄[48;2;211;211;211m[38;2;210;210;210m▄[48;2;211;211;211m[38;2;211;211;211m▄[48;2;211;211;211m[38;2;211;211;211m▄[48;2;211;211;211m[38;2;211;211;211m▄[48;2;210;210;210m[38;2;210;210;210m▄[48;2;209;209;209m[38;2;209;209;209m▄[48;2;209;209;209m[38;2;208;208;209m▄[48;2;208;208;208m[38;2;208;208;208m▄[48;2;208;208;208m[38;2;207;207;207m▄[48;2;207;207;207m[38;2;206;206;206m▄[48;2;206;206;206m[38;2;205;205;205m▄[48;2;205;205;205m[38;2;205;204;205m▄[48;2;205;205;205m[38;2;204;204;205m▄[0m
[48;2;216;216;216m[38;2;216;216;216m▄[48;2;216;216;216m[38;2;216;216;216m▄[48;2;216;216;216m[38;2;216;216;216m▄[48;2;216;216;216m[38;2;216;216;216m▄[48;2;218;218;218m[38;2;217;217;217m▄[48;2;219;219;219m[38;2;217;217;217m▄[48;2;219;219;219m[38;2;218;218;218m▄[48;2;220;220;220m[38;2;219;219;219m▄[48;2;221;221;221m[38;2;221;221;221m▄[48;2;222;222;222m[38;2;221;221;221m▄[48;2;222;222;222m[38;2;222;222;222m▄[48;2;223;223;223m[38;2;222;222;222m▄[48;2;223;223;223m[38;2;223;222;223m▄[48;2;223;223;223m[38;2;223;223;223m▄[48;2;224;224;224m[38;2;223;223;223m▄[48;2;223;223;223m[38;2;223;223;223m▄[48;2;224;224;224m[38;2;223;223;223m▄[48;2;224;224;224m[38;2;223;223;223m▄[48;2;224;224;224m[38;2;223;223;223m▄[48;2;224;224;224m[38;2;223;223;223m▄[48;2;224;224;224m[38;2;223;223;223m▄[48;2;223;223;223m[38;2;223;223;223m▄[48;2;223;223;223m[38;2;223;223;223m▄[48;2;224;224;224m[38;2;223;223;223m▄[48;2;223;223;223m[38;2;223;222;223m▄[48;2;223;222;223m[38;2;224;226;225m▄[48;2;224;227;227m[38;2;220;215;216m▄[48;2;220;172;177m[38;2;216;124;137m▄[48;2;234;137;145m[38;2;229;132;142m▄[48;2;241;140;150m[38;2;225;125;137m▄[48;2;236;128;145m[38;2;222;131;140m▄[48;2;232;145;163m[38;2;240;165;171m▄[48;2;223;152;157m[38;2;240;151;163m▄[48;2;133;132;92m[38;2;232;131;147m▄[48;2;112;163;82m[38;2;227;149;155m▄[48;2;123;173;79m[38;2;198;140;142m▄[48;2;125;170;92m[38;2;193;195;199m▄[48;2;162;182;155m[38;2;209;206;213m▄[48;2;209;208;210m[38;2;210;210;211m▄[48;2;216;216;216m[38;2;216;216;216m▄[48;2;216;216;216m[38;2;216;216;216m▄[48;2;217;217;217m[38;2;216;216;217m▄[48;2;217;217;217m[38;2;217;217;216m▄[48;2;216;216;216m[38;2;216;216;216m▄[48;2;216;216;216m[38;2;216;216;216m▄[48;2;216;215;216m[38;2;215;215;215m▄[48;2;215;215;215m[38;2;215;214;215m▄[48;2;215;215;215m[38;2;214;214;214m▄[48;2;213;213;213m[38;2;213;213;213m▄[48;2;213;213;213m[38;2;213;213;213m▄[48;2;212;212;212m[38;2;212;212;212m▄[48;2;211;211;211m[38;2;211;211;211m▄[48;2;211;211;211m[38;2;211;211;211m▄[48;2;211;211;211m[38;2;211;211;211m▄[48;2;210;210;210m[38;2;210;210;210m▄[48;2;209;209;209m[38;2;209;208;210m▄[48;2;209;209;209m[38;2;209;209;209m▄[48;2;209;209;209m[38;2;209;209;208m▄[48;2;208;208;208m[38;2;208;208;208m▄[48;2;207;207;207m[38;2;207;207;207m▄[48;2;207;207;207m[38;2;206;206;206m▄[48;2;205;205;205m[38;2;205;205;205m▄[48;2;204;204;204m[38;2;204;204;204m▄[48;2;204;204;204m[38;2;203;203;203m▄[0m
[48;2;216;216;216m[38;2;215;215;215m▄[48;2;216;216;216m[38;2;216;216;216m▄[48;2;216;216;216m[38;2;216;216;216m▄[48;2;216;216;216m[38;2;216;216;216m▄[48;2;216;216;216m[38;2;217;217;217m▄[48;2;217;217;217m[38;2;216;216;216m▄[48;2;218;218;218m[38;2;217;217;217m▄[48;2;218;218;218m[38;2;218;218;218m▄[48;2;219;219;219m[38;2;218;218;218m▄[48;2;220;220;220m[38;2;218;218;218m▄[48;2;221;221;221m[38;2;219;219;219m▄[48;2;222;222;222m[38;2;221;221;221m▄[48;2;222;222;222m[38;2;221;221;221m▄[48;2;222;222;222m[38;2;221;221;221m▄[48;2;222;222;222m[38;2;222;222;222m▄[48;2;223;223;223m[38;2;222;222;222m▄[48;2;223;223;223m[38;2;222;222;222m▄[48;2;223;223;223m[38;2;222;222;222m▄[48;2;223;223;223m[38;2;223;223;223m▄[48;2;223;223;223m[38;2;223;223;223m▄[48;2;223;223;223m[38;2;223;223;223m▄[48;2;223;223;223m[38;2;222;222;222m▄[48;2;223;223;223m[38;2;222;222;222m▄[48;2;222;222;222m[38;2;223;222;222m▄[48;2;224;223;223m[38;2;225;228;227m▄[48;2;227;231;230m[38;2;221;208;212m▄[48;2;214;161;171m[38;2;221;126;140m▄[48;2;225;126;140m[38;2;236;126;140m▄[48;2;233;136;148m[38;2;220;100;118m▄[48;2;220;128;141m[38;2;213;136;150m▄[48;2;217;145;156m[38;2;253;255;255m▄[48;2;231;142;151m[38;2;223;167;176m▄[48;2;241;162;170m[38;2;225;130;143m▄[48;2;223;131;142m[38;2;224;134;145m▄[48;2;243;156;166m[38;2;225;144;154m▄[48;2;228;133;145m[38;2;219;112;125m▄[48;2;201;153;160m[38;2;213;111;126m▄[48;2;212;219;217m[38;2;209;204;206m▄[48;2;217;216;217m[38;2;218;218;217m▄[48;2;216;217;219m[38;2;215;210;204m▄[48;2;216;216;216m[38;2;214;208;197m▄[48;2;217;216;216m[38;2;214;204;190m▄[48;2;217;218;220m[38;2;213;203;190m▄[48;2;216;216;216m[38;2;216;215;215m▄[48;2;216;216;216m[38;2;215;215;215m▄[48;2;215;215;215m[38;2;215;215;215m▄[48;2;215;215;215m[38;2;215;215;215m▄[48;2;214;214;214m[38;2;214;214;214m▄[48;2;213;213;213m[38;2;213;213;213m▄[48;2;213;213;213m[38;2;212;212;212m▄[48;2;212;212;212m[38;2;211;211;211m▄[48;2;211;211;211m[38;2;211;211;211m▄[48;2;211;211;211m[38;2;211;211;211m▄[48;2;210;210;210m[38;2;211;211;211m▄[48;2;210;210;209m[38;2;209;209;209m▄[48;2;209;209;209m[38;2;209;209;209m▄[48;2;209;209;209m[38;2;208;208;208m▄[48;2;209;209;209m[38;2;208;208;208m▄[48;2;208;208;208m[38;2;207;207;207m▄[48;2;207;207;207m[38;2;207;207;207m▄[48;2;206;206;206m[38;2;206;206;206m▄[48;2;205;205;205m[38;2;205;205;205m▄[48;2;204;204;204m[38;2;204;204;204m▄[48;2;203;203;203m[38;2;203;203;203m▄[0m
[48;2;215;215;215m[38;2;215;215;215m▄[48;2;215;215;215m[38;2;216;216;216m▄[48;2;217;217;217m[38;2;216;216;216m▄[48;2;217;217;217m[38;2;216;216;216m▄[48;2;216;216;216m[38;2;216;216;216m▄[48;2;216;216;216m[38;2;216;216;216m▄[48;2;217;217;217m[38;2;217;217;217m▄[48;2;217;217;217m[38;2;217;217;217m▄[48;2;217;217;217m[38;2;216;216;216m▄[48;2;218;218;218m[38;2;217;217;217m▄[48;2;218;218;218m[38;2;217;217;217m▄[48;2;219;219;219m[38;2;218;218;218m▄[48;2;219;219;219m[38;2;218;218;218m▄[48;2;220;220;220m[38;2;219;219;219m▄[48;2;221;221;221m[38;2;219;219;219m▄[48;2;222;222;222m[38;2;220;220;220m▄[48;2;221;221;221m[38;2;220;220;220m▄[48;2;222;222;222m[38;2;221;221;221m▄[48;2;222;222;222m[38;2;221;221;221m▄[48;2;222;222;222m[38;2;221;221;221m▄[48;2;222;222;222m[38;2;221;221;221m▄[48;2;222;222;222m[38;2;220;220;220m▄[48;2;222;222;222m[38;2;221;220;220m▄[48;2;222;221;221m[38;2;221;219;219m▄[48;2;224;228;227m[38;2;222;220;220m▄[48;2;211;194;198m[38;2;220;220;220m▄[48;2;219;112;129m[38;2;199;116;132m▄[48;2;222;111;129m[38;2;213;99;118m▄[48;2;210;100;119m[38;2;222;106;125m▄[48;2;203;93;113m[38;2;218;105;122m▄[48;2;225;181;190m[38;2;217;106;122m▄[48;2;255;255;255m[38;2;216;151;164m▄[48;2;238;214;218m[38;2;240;225;230m▄[48;2;205;110;127m[38;2;214;116;133m▄[48;2;214;104;123m[38;2;230;120;134m▄[48;2;230;119;134m[38;2;223;110;126m▄[48;2;214;108;125m[38;2;196;123;136m▄[48;2;202;190;193m[38;2;202;205;205m▄[48;2;216;216;213m[38;2;216;215;216m▄[48;2;215;212;207m[38;2;216;216;217m▄[48;2;215;215;214m[38;2;215;215;214m▄[48;2;214;216;217m[38;2;216;218;220m▄[48;2;211;202;190m[38;2;215;216;216m▄[48;2;212;201;188m[38;2;207;193;174m▄[48;2;216;217;219m[38;2;216;217;218m▄[48;2;215;214;214m[38;2;215;214;214m▄[48;2;214;214;214m[38;2;213;213;213m▄[48;2;213;213;213m[38;2;212;212;213m▄[48;2;212;212;212m[38;2;211;211;211m▄[48;2;211;211;211m[38;2;210;210;210m▄[48;2;211;211;211m[38;2;211;211;211m▄[48;2;211;211;211m[38;2;211;211;211m▄[48;2;211;211;211m[38;2;210;210;210m▄[48;2;211;211;211m[38;2;211;211;211m▄[48;2;210;210;210m[38;2;209;209;209m▄[48;2;209;209;209m[38;2;209;209;209m▄[48;2;208;208;208m[38;2;208;208;208m▄[48;2;208;208;208m[38;2;208;208;208m▄[48;2;207;207;207m[38;2;207;207;207m▄[48;2;207;207;207m[38;2;207;207;207m▄[48;2;205;205;205m[38;2;205;205;205m▄[48;2;204;204;204m[38;2;204;204;204m▄[48;2;204;204;204m[38;2;203;203;203m▄[48;2;203;203;203m[38;2;203;203;203m▄[0m
[48;2;215;215;215m[38;2;214;214;214m▄[48;2;216;216;216m[38;2;214;214;214m▄[48;2;215;215;215m[38;2;215;215;215m▄[48;2;215;215;215m[38;2;216;216;216m▄[48;2;217;217;217m[38;2;216;216;216m▄[48;2;217;217;217m[38;2;216;216;216m▄[48;2;217;217;217m[38;2;216;216;216m▄[48;2;217;217;217m[38;2;217;217;217m▄[48;2;217;217;217m[38;2;217;217;217m▄[48;2;216;216;216m[38;2;217;217;217m▄[48;2;216;216;216m[38;2;217;217;217m▄[48;2;217;217;217m[38;2;217;217;217m▄[48;2;217;217;217m[38;2;217;217;217m▄[48;2;217;217;217m[38;2;216;216;216m▄[48;2;217;217;217m[38;2;217;217;217m▄[48;2;218;218;218m[38;2;217;217;217m▄[48;2;219;219;219m[38;2;217;217;217m▄[48;2;220;220;220m[38;2;218;218;218m▄[48;2;219;219;219m[38;2;218;217;217m▄[48;2;220;219;219m[38;2;218;221;221m▄[48;2;220;219;219m[38;2;217;220;220m▄[48;2;219;223;223m[38;2;220;202;203m▄[48;2;219;225;225m[38;2;224;194;196m▄[48;2;219;225;224m[38;2;224;189;192m▄[48;2;219;225;224m[38;2;221;184;187m▄[48;2;223;231;229m[38;2;218;200;202m▄[48;2;206;188;193m[38;2;217;225;225m▄[48;2;211;103;120m[38;2;201;120;135m▄[48;2;224;105;123m[38;2;224;96;113m▄[48;2;211;97;118m[38;2;210;92;112m▄[48;2;233;131;143m[38;2;227;118;133m▄[48;2;224;115;128m[38;2;208;100;120m▄[48;2;195;81;104m[38;2;204;83;105m▄[48;2;203;87;109m[38;2;219;94;115m▄[48;2;211;95;115m[38;2;212;78;101m▄[48;2;194;83;104m[38;2;190;112;128m▄[48;2;191;184;187m[38;2;199;208;207m▄[48;2;208;215;215m[38;2;218;172;175m▄[48;2;215;218;217m[38;2;225;164;168m▄[48;2;216;218;218m[38;2;217;204;206m▄[48;2;217;218;220m[38;2;206;200;187m▄[48;2;212;207;203m[38;2;201;194;174m▄[48;2;204;188;167m[38;2;210;210;205m▄[48;2;209;202;192m[38;2;212;212;210m▄[48;2;213;215;216m[38;2;208;204;197m▄[48;2;213;213;213m[38;2;213;213;214m▄[48;2;212;212;213m[38;2;212;212;212m▄[48;2;212;212;212m[38;2;212;212;212m▄[48;2;211;211;211m[38;2;210;210;210m▄[48;2;211;211;211m[38;2;210;210;210m▄[48;2;211;211;211m[38;2;211;211;211m▄[48;2;211;211;211m[38;2;210;210;210m▄[48;2;210;210;210m[38;2;209;209;210m▄[48;2;209;209;209m[38;2;209;209;209m▄[48;2;209;209;209m[38;2;208;208;208m▄[48;2;208;208;208m[38;2;208;208;208m▄[48;2;208;208;208m[38;2;208;207;208m▄[48;2;207;207;207m[38;2;207;207;207m▄[48;2;207;207;207m[38;2;207;207;207m▄[48;2;206;206;206m[38;2;205;205;205m▄[48;2;204;204;204m[38;2;204;204;204m▄[48;2;204;204;204m[38;2;204;204;204m▄[48;2;203;203;203m[38;2;203;203;203m▄[48;2;203;203;203m[38;2;203;203;203m▄[0m
[48;2;214;214;214m[38;2;214;214;214m▄[48;2;215;215;215m[38;2;214;214;214m▄[48;2;215;215;215m[38;2;215;215;215m▄[48;2;215;215;215m[38;2;215;215;215m▄[48;2;215;215;215m[38;2;215;215;215m▄[48;2;215;215;215m[38;2;215;215;215m▄[48;2;216;216;216m[38;2;216;216;216m▄[48;2;217;217;217m[38;2;215;215;215m▄[48;2;216;216;216m[38;2;216;216;216m▄[48;2;217;217;217m[38;2;217;217;217m▄[48;2;217;217;217m[38;2;217;217;217m▄[48;2;217;217;217m[38;2;217;217;217m▄[48;2;217;217;217m[38;2;217;217;217m▄[48;2;217;217;217m[38;2;216;216;216m▄[48;2;217;217;217m[38;2;217;217;217m▄[48;2;216;216;216m[38;2;217;217;217m▄[48;2;217;217;217m[38;2;217;217;217m▄[48;2;217;216;216m[38;2;216;218;218m▄[48;2;216;221;220m[38;2;218;211;211m▄[48;2;220;207;208m[38;2;240;184;191m▄[48;2;235;189;192m[38;2;239;197;202m▄[48;2;236;178;182m[38;2;214;115;126m▄[48;2;226;143;151m[38;2;233;160;168m▄[48;2;226;137;146m[38;2;221;133;144m▄[48;2;232;155;162m[38;2;209;123;132m▄[48;2;230;151;159m[38;2;243;187;192m▄[48;2;218;184;186m[38;2;221;151;159m▄[48;2;209;203;205m[38;2;213;215;214m▄[48;2;199;115;130m[38;2;209;210;211m▄[48;2;199;88;110m[38;2;198;201;203m▄[48;2;194;105;123m[38;2;203;170;172m▄[48;2;207;132;141m[38;2;236;157;163m▄[48;2;212;131;141m[38;2;222;148;156m▄[48;2;199;91;112m[38;2;195;190;191m▄[48;2;191;108;126m[38;2;196;200;200m▄[48;2;192;191;191m[38;2;204;208;206m▄[48;2;208;173;175m[38;2;221;149;156m▄[48;2;234;161;168m[38;2;233;175;181m▄[48;2;233;162;171m[38;2;211;117;130m▄[48;2;214;164;163m[38;2;208;177;178m▄[48;2;203;198;186m[38;2;210;178;183m▄[48;2;220;175;183m[38;2;233;144;153m▄[48;2;217;193;197m[38;2;220;138;147m▄[48;2;208;205;197m[38;2;210;205;205m▄[48;2;210;206;202m[38;2;211;213;213m▄[48;2;212;212;213m[38;2;211;210;210m▄[48;2;212;212;211m[38;2;211;211;211m▄[48;2;211;211;211m[38;2;211;211;211m▄[48;2;211;211;211m[38;2;211;211;211m▄[48;2;211;211;211m[38;2;211;211;211m▄[48;2;211;211;211m[38;2;210;209;210m▄[48;2;209;209;209m[38;2;208;208;208m▄[48;2;209;209;209m[38;2;208;209;208m▄[48;2;209;209;209m[38;2;209;209;209m▄[48;2;208;208;208m[38;2;208;208;208m▄[48;2;208;208;208m[38;2;208;207;208m▄[48;2;207;207;207m[38;2;208;208;208m▄[48;2;207;207;207m[38;2;207;207;207m▄[48;2;207;207;207m[38;2;206;206;206m▄[48;2;205;205;205m[38;2;204;204;204m▄[48;2;204;204;203m[38;2;203;203;203m▄[48;2;203;203;203m[38;2;203;203;203m▄[48;2;203;203;203m[38;2;203;203;203m▄[48;2;203;203;203m[38;2;203;203;203m▄[0m
[48;2;213;213;213m[38;2;212;212;212m▄[48;2;214;214;214m[38;2;212;212;212m▄[48;2;214;214;214m[38;2;213;213;213m▄[48;2;215;215;215m[38;2;215;215;215m▄[48;2;215;215;215m[38;2;215;215;215m▄[48;2;215;215;215m[38;2;214;214;214m▄[48;2;215;215;215m[38;2;215;215;215m▄[48;2;216;216;216m[38;2;215;215;216m▄[48;2;216;216;216m[38;2;216;216;216m▄[48;2;216;216;216m[38;2;216;216;216m▄[48;2;217;217;216m[38;2;216;216;216m▄[48;2;216;216;216m[38;2;216;216;216m▄[48;2;216;216;216m[38;2;216;216;216m▄[48;2;217;217;217m[38;2;216;216;216m▄[48;2;217;217;217m[38;2;216;216;216m▄[48;2;217;217;217m[38;2;217;216;217m▄[48;2;217;216;216m[38;2;217;216;217m▄[48;2;217;225;224m[38;2;217;220;219m▄[48;2;217;179;184m[38;2;218;205;207m▄[48;2;242;191;196m[38;2;212;131;144m▄[48;2;218;152;160m[38;2;188;88;104m▄[48;2;208;111;123m[38;2;214;133;144m▄[48;2;238;179;186m[38;2;229;160;169m▄[48;2;197;108;121m[38;2;206;113;129m▄[48;2;216;148;156m[38;2;223;152;163m▄[48;2;238;179;187m[38;2;190;90;107m▄[48;2;200;104;118m[38;2;214;132;143m▄[48;2;214;147;158m[38;2;210;131;144m▄[48;2;215;141;152m[38;2;226;158;169m▄[48;2;209;150;159m[38;2;215;131;145m▄[48;2;205;139;147m[38;2;198;100;118m▄[48;2;207;109;121m[38;2;232;170;179m▄[48;2;202;124;134m[38;2;188;87;104m▄[48;2;205;151;159m[38;2;226;157;168m▄[48;2;219;147;157m[38;2;208;129;142m▄[48;2;204;127;139m[38;2;202;112;127m▄[48;2;228;156;164m[38;2;230;166;175m▄[48;2;226;170;177m[38;2;211;145;157m▄[48;2;210;117;130m[38;2;227;164;173m▄[48;2;206;144;153m[38;2;213;125;140m▄[48;2;204;143;150m[38;2;200;107;123m▄[48;2;211;112;125m[38;2;233;162;173m▄[48;2;204;144;152m[38;2;185;125;136m▄[48;2;205;211;211m[38;2;204;206;206m▄[48;2;210;209;209m[38;2;212;211;211m▄[48;2;210;210;210m[38;2;210;210;210m▄[48;2;211;211;211m[38;2;211;211;211m▄[48;2;211;211;211m[38;2;211;211;211m▄[48;2;210;210;211m[38;2;210;210;210m▄[48;2;211;211;210m[38;2;209;210;211m▄[48;2;210;210;211m[38;2;209;211;215m▄[48;2;209;209;211m[38;2;210;209;215m▄[48;2;208;208;209m[38;2;209;208;211m▄[48;2;208;208;207m[38;2;208;208;208m▄[48;2;208;208;208m[38;2;208;208;208m▄[48;2;208;208;207m[38;2;208;208;205m▄[48;2;208;208;206m[38;2;207;207;203m▄[48;2;207;207;206m[38;2;207;207;203m▄[48;2;205;205;205m[38;2;205;204;202m▄[48;2;204;204;204m[38;2;204;204;204m▄[48;2;204;204;204m[38;2;203;203;203m▄[48;2;203;203;203m[38;2;203;203;203m▄[48;2;202;202;202m[38;2;203;203;202m▄[48;2;202;201;202m[38;2;202;201;204m▄[0m
[48;2;211;211;211m[38;2;210;210;210m▄[48;2;212;212;212m[38;2;211;211;211m▄[48;2;213;213;213m[38;2;211;211;211m▄[48;2;213;213;213m[38;2;211;211;211m▄[48;2;213;213;213m[38;2;213;213;213m▄[48;2;214;214;214m[38;2;214;214;214m▄[48;2;215;215;215m[38;2;214;214;214m▄[48;2;215;215;215m[38;2;214;214;214m▄[48;2;215;215;215m[38;2;214;214;214m▄[48;2;215;215;215m[38;2;215;215;215m▄[48;2;215;215;215m[38;2;215;215;215m▄[48;2;215;215;215m[38;2;215;215;215m▄[48;2;216;216;216m[38;2;215;215;215m▄[48;2;216;216;216m[38;2;215;215;215m▄[48;2;216;216;216m[38;2;216;216;216m▄[48;2;216;215;216m[38;2;216;216;216m▄[48;2;216;215;216m[38;2;215;216;215m▄[48;2;216;215;215m[38;2;216;216;216m▄[48;2;216;218;218m[38;2;216;215;214m▄[48;2;214;211;212m[38;2;209;211;206m▄[48;2;183;121;135m[38;2;187;111;129m▄[48;2;221;131;145m[38;2;229;126;142m▄[48;2;196;106;123m[38;2;160;69;91m▄[48;2;231;155;165m[38;2;206;112;129m▄[48;2;184;91;110m[38;2;214;126;141m▄[48;2;188;97;114m[38;2;166;65;90m▄[48;2;228;149;162m[38;2;233;139;153m▄[48;2;169;60;83m[38;2;197;106;123m▄[48;2;231;157;168m[38;2;233;145;157m▄[48;2;179;78;100m[38;2;191;97;117m▄[48;2;221;137;150m[38;2;225;134;148m▄[48;2;194;100;120m[38;2;198;102;121m▄[48;2;208;119;135m[38;2;204;113;131m▄[48;2;211;132;145m[38;2;217;125;141m▄[48;2;167;67;88m[38;2;185;99;118m▄[48;2;187;89;109m[38;2;206;121;137m▄[48;2;241;167;178m[38;2;228;137;151m▄[48;2;185;94;114m[38;2;158;47;73m▄[48;2;218;134;148m[38;2;227;130;145m▄[48;2;185;90;109m[38;2;194;102;119m▄[48;2;216;130;144m[38;2;224;136;149m▄[48;2;198;107;125m[38;2;199;104;121m▄[48;2;179;68;92m[38;2;176;80;101m▄[48;2;196;147;158m[38;2;193;169;175m▄[48;2;213;220;219m[38;2;208;213;212m▄[48;2;210;209;209m[38;2;210;209;210m▄[48;2;211;211;211m[38;2;211;211;211m▄[48;2;211;211;211m[38;2;211;211;211m▄[48;2;211;211;211m[38;2;211;210;210m▄[48;2;209;210;212m[38;2;210;210;210m▄[48;2;208;211;216m[38;2;208;209;211m▄[48;2;208;209;215m[38;2;208;208;212m▄[48;2;209;208;213m[38;2;209;208;212m▄[48;2;208;208;209m[38;2;208;207;209m▄[48;2;208;208;208m[38;2;208;208;208m▄[48;2;208;208;207m[38;2;208;208;206m▄[48;2;207;207;203m[38;2;205;207;202m▄[48;2;206;207;201m[38;2;204;206;201m▄[48;2;203;204;200m[38;2;202;205;202m▄[48;2;202;202;203m[38;2;202;203;202m▄[48;2;203;203;203m[38;2;202;202;202m▄[48;2;203;202;203m[38;2;202;202;203m▄[48;2;202;202;202m[38;2;201;201;202m▄[48;2;202;201;202m[38;2;201;201;201m▄[0m
[48;2;210;210;210m[38;2;210;210;210m▄[48;2;210;210;210m[38;2;210;210;210m▄[48;2;210;210;210m[38;2;210;210;210m▄[48;2;210;210;210m[38;2;210;210;210m▄[48;2;211;211;211m[38;2;210;210;210m▄[48;2;211;211;211m[38;2;211;211;211m▄[48;2;213;213;213m[38;2;212;212;212m▄[48;2;213;213;213m[38;2;212;212;212m▄[48;2;213;213;214m[38;2;212;213;212m▄[48;2;214;214;214m[38;2;213;213;213m▄[48;2;214;214;214m[38;2;214;214;214m▄[48;2;215;215;215m[38;2;214;214;215m▄[48;2;215;215;215m[38;2;214;214;214m▄[48;2;215;215;215m[38;2;215;215;215m▄[48;2;215;215;215m[38;2;215;215;215m▄[48;2;215;215;215m[38;2;215;215;215m▄[48;2;215;215;215m[38;2;215;215;214m▄[48;2;217;218;219m[38;2;217;218;220m▄[48;2;209;202;196m[38;2;207;200;193m▄[48;2;209;204;198m[38;2;204;196;181m▄[48;2;181;100;121m[38;2;205;186;192m▄[48;2;187;70;93m[38;2;178;120;133m▄[48;2;182;144;157m[38;2;192;178;170m▄[48;2;173;101;120m[38;2;194;174;166m▄[48;2;226;125;141m[38;2;168;69;93m▄[48;2;190;91;113m[38;2;226;122;140m▄[48;2;164;58;83m[38;2;204;113;130m▄[48;2;180;86;108m[38;2;168;86;105m▄[48;2;170;65;91m[38;2;162;65;90m▄[48;2;182;93;113m[38;2;185;121;137m▄[48;2;178;92;112m[38;2;183;136;148m▄[48;2;186;94;115m[38;2;178;101;119m▄[48;2;169;77;99m[38;2;187;114;130m▄[48;2;180;81;104m[38;2;173;87;106m▄[48;2;181;85;107m[38;2;174;86;108m▄[48;2;159;56;82m[38;2;186;102;123m▄[48;2;171;72;95m[38;2;177;91;112m▄[48;2;180;120;134m[38;2;194;187;189m▄[48;2;178;84;106m[38;2;196;182;178m▄[48;2;178;87;111m[38;2;192;177;169m▄[48;2;173;80;104m[38;2;194;181;176m▄[48;2;183;83;107m[38;2;192;177;180m▄[48;2;184;138;150m[38;2;194;196;189m▄[48;2;194;199;198m[38;2;200;199;198m▄[48;2;205;203;204m[38;2;208;208;209m▄[48;2;210;210;210m[38;2;209;209;209m▄[48;2;210;210;210m[38;2;209;209;209m▄[48;2;209;209;209m[38;2;209;209;209m▄[48;2;209;209;209m[38;2;208;208;208m▄[48;2;209;209;209m[38;2;208;208;208m▄[48;2;208;207;209m[38;2;208;208;208m▄[48;2;208;207;209m[38;2;207;207;207m▄[48;2;208;208;209m[38;2;207;207;207m▄[48;2;208;208;208m[38;2;207;207;207m▄[48;2;207;207;204m[38;2;206;206;203m▄[48;2;207;207;202m[38;2;207;206;201m▄[48;2;205;207;202m[38;2;206;206;202m▄[48;2;203;205;201m[38;2;203;205;204m▄[48;2;202;205;205m[38;2;203;204;204m▄[48;2;203;203;204m[38;2;203;203;203m▄[48;2;203;202;203m[38;2;202;202;202m▄[48;2;202;202;202m[38;2;202;202;202m▄[48;2;201;201;201m[38;2;201;201;201m▄[48;2;201;201;201m[38;2;201;201;201m▄[0m
[48;2;210;210;210m[38;2;209;209;209m▄[48;2;210;210;210m[38;2;209;209;209m▄[48;2;210;210;210m[38;2;210;210;210m▄[48;2;210;210;210m[38;2;210;210;210m▄[48;2;210;210;210m[38;2;211;211;211m▄[48;2;210;210;210m[38;2;211;211;211m▄[48;2;211;211;211m[38;2;211;211;211m▄[48;2;211;211;211m[38;2;212;212;212m▄[48;2;211;211;211m[38;2;211;212;212m▄[48;2;211;211;211m[38;2;212;212;212m▄[48;2;212;212;212m[38;2;212;212;212m▄[48;2;213;213;213m[38;2;213;213;213m▄[48;2;213;213;213m[38;2;213;213;213m▄[48;2;213;213;214m[38;2;213;213;214m▄[48;2;213;213;214m[38;2;213;213;213m▄[48;2;213;213;213m[38;2;213;213;213m▄[48;2;214;214;214m[38;2;214;214;213m▄[48;2;214;214;214m[38;2;214;213;214m▄[48;2;214;214;217m[38;2;214;213;214m▄[48;2;201;190;179m[38;2;214;216;218m▄[48;2;199;189;171m[38;2;211;210;211m▄[48;2;198;194;177m[38;2;210;209;210m▄[48;2;197;190;181m[38;2;211;212;215m▄[48;2;211;214;212m[38;2;211;209;210m▄[48;2;198;174;181m[38;2;214;218;217m▄[48;2;168;81;102m[38;2;204;196;198m▄[48;2;195;87;110m[38;2;180;130;144m▄[48;2;204;100;121m[38;2;174;101;122m▄[48;2;197;102;123m[38;2;175;95;117m▄[48;2;191;86;109m[38;2;176;108;126m▄[48;2;195;102;122m[38;2;173;93;114m▄[48;2;179;93;114m[38;2;177;79;102m▄[48;2;161;61;88m[38;2;184;82;107m▄[48;2;179;109;127m[38;2;186;93;115m▄[48;2;179;123;138m[38;2;190;92;115m▄[48;2;177;91;111m[38;2;193;99;118m▄[48;2;194;97;118m[38;2;165;69;92m▄[48;2;180;144;152m[38;2;191;177;181m▄[48;2;206;209;198m[38;2;209;211;213m▄[48;2;200;192;183m[38;2;210;210;213m▄[48;2;198;191;176m[38;2;208;210;212m▄[48;2;200;193;177m[38;2;208;207;210m▄[48;2;204;198;191m[38;2;207;208;209m▄[48;2;207;207;207m[38;2;207;207;207m▄[48;2;208;208;208m[38;2;207;207;207m▄[48;2;209;209;209m[38;2;208;208;208m▄[48;2;208;208;208m[38;2;208;208;208m▄[48;2;208;208;208m[38;2;207;207;207m▄[48;2;208;208;208m[38;2;207;207;207m▄[48;2;208;207;207m[38;2;207;207;207m▄[48;2;207;207;207m[38;2;206;206;206m▄[48;2;207;207;207m[38;2;206;206;206m▄[48;2;206;206;206m[38;2;206;206;206m▄[48;2;205;205;205m[38;2;205;205;205m▄[48;2;205;205;202m[38;2;204;204;204m▄[48;2;204;204;201m[38;2;204;204;204m▄[48;2;203;203;202m[38;2;204;204;204m▄[48;2;203;203;203m[38;2;203;203;203m▄[48;2;203;203;203m[38;2;203;203;203m▄[48;2;203;203;203m[38;2;203;203;203m▄[48;2;202;202;202m[38;2;202;201;202m▄[48;2;201;201;201m[38;2;201;201;202m▄[48;2;200;200;200m[38;2;201;201;201m▄[48;2;201;201;201m[38;2;201;201;201m▄[0m
[48;2;212;212;212m[38;2;216;216;216m▄[48;2;213;213;213m[38;2;216;216;216m▄[48;2;213;213;213m[38;2;216;216;216m▄[48;2;214;213;214m[38;2;216;216;216m▄[48;2;214;214;214m[38;2;217;217;217m▄[48;2;214;214;214m[38;2;216;216;216m▄[48;2;214;214;215m[38;2;216;216;216m▄[48;2;215;215;215m[38;2;217;217;217m▄[48;2;215;215;215m[38;2;217;217;216m▄[48;2;215;215;215m[38;2;217;217;217m▄[48;2;216;216;216m[38;2;217;217;217m▄[48;2;216;216;216m[38;2;217;217;217m▄[48;2;215;215;215m[38;2;217;217;217m▄[48;2;215;215;216m[38;2;217;217;217m▄[48;2;216;216;216m[38;2;217;217;217m▄[48;2;216;216;216m[38;2;217;217;217m▄[48;2;216;216;216m[38;2;217;217;217m▄[48;2;216;216;216m[38;2;217;217;217m▄[48;2;216;216;216m[38;2;217;217;217m▄[48;2;216;216;216m[38;2;216;216;216m▄[48;2;216;216;216m[38;2;215;215;215m▄[48;2;215;215;215m[38;2;216;216;216m▄[48;2;217;217;215m[38;2;210;206;208m▄[48;2;221;223;222m[38;2;161;133;139m▄[48;2;219;219;220m[38;2;179;163;166m▄[48;2;219;223;221m[38;2;164;140;145m▄[48;2;214;222;220m[38;2;175;155;160m▄[48;2;208;212;211m[38;2;163;142;145m▄[48;2;201;204;202m[38;2;169;149;152m▄[48;2;200;206;204m[38;2;156;133;139m▄[48;2;197;194;194m[38;2;143;117;123m▄[48;2;177;139;149m[38;2;195;200;199m▄[48;2;169;105;122m[38;2;193;198;197m▄[48;2;171;95;114m[38;2;158;137;142m▄[48;2;172;92;111m[38;2;155;127;132m▄[48;2;168;103;118m[38;2;165;151;151m▄[48;2;187;167;171m[38;2;155;137;142m▄[48;2;196;201;200m[38;2;175;159;163m▄[48;2;212;213;213m[38;2;161;137;142m▄[48;2;211;212;211m[38;2;202;199;201m▄[48;2;210;209;209m[38;2;214;215;215m▄[48;2;210;210;210m[38;2;211;210;211m▄[48;2;210;210;210m[38;2;211;211;211m▄[48;2;210;209;210m[38;2;211;211;211m▄[48;2;210;209;210m[38;2;210;210;211m▄[48;2;209;210;210m[38;2;210;210;210m▄[48;2;210;210;210m[38;2;210;210;210m▄[48;2;210;210;209m[38;2;210;210;210m▄[48;2;209;208;209m[38;2;210;210;210m▄[48;2;208;208;209m[38;2;210;210;210m▄[48;2;208;208;208m[38;2;210;210;211m▄[48;2;208;208;208m[38;2;209;209;210m▄[48;2;208;208;208m[38;2;209;209;209m▄[48;2;207;207;207m[38;2;209;209;209m▄[48;2;207;207;207m[38;2;209;209;209m▄[48;2;207;207;207m[38;2;209;208;209m▄[48;2;207;207;207m[38;2;208;208;208m▄[48;2;206;206;206m[38;2;208;208;208m▄[48;2;205;205;205m[38;2;207;207;207m▄[48;2;204;204;204m[38;2;206;206;206m▄[48;2;204;204;204m[38;2;207;206;207m▄[48;2;203;203;203m[38;2;206;206;206m▄[48;2;202;202;202m[38;2;207;207;207m▄[48;2;202;202;202m[38;2;205;205;205m▄[0m
[48;2;218;218;218m[38;2;223;223;223m▄[48;2;219;219;219m[38;2;223;223;223m▄[48;2;219;219;219m[38;2;224;224;224m▄[48;2;220;220;220m[38;2;224;224;224m▄[48;2;220;220;220m[38;2;224;224;224m▄[48;2;220;220;220m[38;2;224;224;224m▄[48;2;220;220;220m[38;2;224;224;224m▄[48;2;221;221;221m[38;2;224;224;224m▄[48;2;221;221;221m[38;2;224;224;224m▄[48;2;221;221;221m[38;2;224;224;224m▄[48;2;221;221;221m[38;2;224;224;224m▄[48;2;221;221;221m[38;2;224;224;224m▄[48;2;221;221;221m[38;2;225;225;225m▄[48;2;221;222;221m[38;2;225;225;225m▄[48;2;222;222;222m[38;2;224;224;224m▄[48;2;222;222;222m[38;2;224;224;224m▄[48;2;220;220;220m[38;2;224;224;224m▄[48;2;217;217;217m[38;2;224;224;224m▄[48;2;211;212;212m[38;2;221;221;221m▄[48;2;204;204;205m[38;2;222;223;222m▄[48;2;200;201;201m[38;2;207;203;204m▄[48;2;202;204;204m[38;2;184;170;174m▄[48;2;194;192;194m[38;2;180;166;167m▄[48;2;137;104;111m[38;2;178;163;165m▄[48;2;159;140;142m[38;2;179;164;167m▄[48;2;138;108;114m[38;2;177;164;168m▄[48;2;154;131;137m[38;2;170;156;158m▄[48;2;150;123;129m[38;2;169;156;158m▄[48;2;162;139;144m[38;2;170;155;157m▄[48;2;153;130;135m[38;2;180;167;171m▄[48;2;138;108;114m[38;2;184;174;176m▄[48;2;190;182;183m[38;2;164;148;149m▄[48;2;197;197;198m[38;2;177;169;171m▄[48;2;148;125;129m[38;2;171;155;159m▄[48;2;141;111;117m[38;2;172;154;159m▄[48;2;161;140;145m[38;2;167;150;154m▄[48;2;148;119;126m[38;2;165;147;150m▄[48;2;166;148;150m[38;2;192;185;186m▄[48;2;147;120;125m[38;2;183;172;175m▄[48;2;172;158;160m[38;2;176;160;163m▄[48;2;192;190;191m[38;2;178;163;166m▄[48;2;201;204;205m[38;2;172;156;159m▄[48;2;200;201;201m[38;2;185;174;177m▄[48;2;202;202;203m[38;2;212;212;212m▄[48;2;208;208;208m[38;2;214;214;214m▄[48;2;211;211;211m[38;2;215;216;216m▄[48;2;213;213;213m[38;2;216;216;216m▄[48;2;214;214;214m[38;2;215;215;215m▄[48;2;213;213;213m[38;2;215;215;215m▄[48;2;213;213;213m[38;2;215;215;215m▄[48;2;213;213;213m[38;2;215;215;215m▄[48;2;212;212;212m[38;2;215;215;215m▄[48;2;211;211;211m[38;2;214;214;214m▄[48;2;210;210;210m[38;2;213;213;213m▄[48;2;210;210;210m[38;2;212;212;212m▄[48;2;210;210;211m[38;2;212;212;212m▄[48;2;210;210;210m[38;2;212;212;212m▄[48;2;209;209;209m[38;2;210;210;210m▄[48;2;213;213;213m[38;2;217;217;217m▄[48;2;216;216;216m[38;2;222;222;222m▄[48;2;209;209;209m[38;2;210;210;210m▄[48;2;208;208;208m[38;2;209;209;208m▄[48;2;208;208;208m[38;2;209;209;209m▄[48;2;208;208;208m[38;2;210;210;210m▄[0m
[48;2;225;225;225m[38;2;228;228;228m▄[48;2;225;225;225m[38;2;228;228;228m▄[48;2;226;226;226m[38;2;228;228;228m▄[48;2;227;227;227m[38;2;229;229;229m▄[48;2;226;226;226m[38;2;229;229;229m▄[48;2;225;225;225m[38;2;229;229;229m▄[48;2;226;226;226m[38;2;229;229;229m▄[48;2;226;226;226m[38;2;229;229;229m▄[48;2;226;226;226m[38;2;229;229;229m▄[48;2;226;226;226m[38;2;229;229;229m▄[48;2;226;226;226m[38;2;229;229;229m▄[48;2;227;227;227m[38;2;228;228;228m▄[48;2;227;227;227m[38;2;228;228;228m▄[48;2;227;227;227m[38;2;228;228;228m▄[48;2;226;226;226m[38;2;228;228;228m▄[48;2;226;226;226m[38;2;228;228;228m▄[48;2;226;226;226m[38;2;228;228;228m▄[48;2;227;227;227m[38;2;228;228;228m▄[48;2;226;226;226m[38;2;228;228;228m▄[48;2;230;231;231m[38;2;228;228;228m▄[48;2;217;211;213m[38;2;228;229;229m▄[48;2;185;166;170m[38;2;233;234;234m▄[48;2;179;159;162m[38;2;233;235;235m▄[48;2;191;174;177m[38;2;231;232;232m▄[48;2;201;187;190m[38;2;229;230;230m▄[48;2;205;195;198m[38;2;230;231;231m▄[48;2;180;162;165m[38;2;233;235;235m▄[48;2;190;172;175m[38;2;230;231;231m▄[48;2;193;175;180m[38;2;228;229;229m▄[48;2;191;176;179m[38;2;227;228;228m▄[48;2;203;191;193m[38;2;227;228;228m▄[48;2;186;167;171m[38;2;230;232;232m▄[48;2;203;192;196m[38;2;227;228;228m▄[48;2;192;176;180m[38;2;227;228;228m▄[48;2;189;172;175m[38;2;228;229;229m▄[48;2;188;171;173m[38;2;228;229;229m▄[48;2;191;177;180m[38;2;228;229;229m▄[48;2;210;203;205m[38;2;224;225;225m▄[48;2;191;176;180m[38;2;225;226;226m▄[48;2;203;193;196m[38;2;225;226;226m▄[48;2;190;173;176m[38;2;226;227;227m▄[48;2;182;162;166m[38;2;228;230;230m▄[48;2;199;187;190m[38;2;224;225;225m▄[48;2;221;221;221m[38;2;218;218;218m▄[48;2;217;217;217m[38;2;218;218;218m▄[48;2;217;217;217m[38;2;217;217;217m▄[48;2;216;216;217m[38;2;217;217;217m▄[48;2;216;216;216m[38;2;217;217;217m▄[48;2;216;216;216m[38;2;216;216;216m▄[48;2;215;215;215m[38;2;216;216;216m▄[48;2;215;215;215m[38;2;216;216;216m▄[48;2;215;215;215m[38;2;216;216;216m▄[48;2;215;215;215m[38;2;216;216;216m▄[48;2;215;215;215m[38;2;216;216;216m▄[48;2;214;214;214m[38;2;215;215;215m▄[48;2;214;214;214m[38;2;215;215;215m▄[48;2;214;214;214m[38;2;215;215;215m▄[48;2;214;214;213m[38;2;215;215;215m▄[48;2;212;212;213m[38;2;215;215;215m▄[48;2;212;213;213m[38;2;215;214;215m▄[48;2;211;211;211m[38;2;214;214;215m▄[48;2;211;211;211m[38;2;213;213;213m▄[48;2;211;211;211m[38;2;213;213;213m▄[48;2;210;210;210m[38;2;212;212;212m▄[0m
[48;2;230;230;230m[38;2;231;231;231m▄[48;2;230;230;230m[38;2;231;231;231m▄[48;2;230;230;230m[38;2;231;231;231m▄[48;2;230;230;230m[38;2;232;232;232m▄[48;2;230;230;230m[38;2;231;231;231m▄[48;2;229;229;229m[38;2;230;230;230m▄[48;2;230;230;230m[38;2;230;230;230m▄[48;2;230;230;230m[38;2;231;231;231m▄[48;2;230;230;230m[38;2;230;230;230m▄[48;2;230;230;230m[38;2;231;231;231m▄[48;2;230;230;230m[38;2;231;231;231m▄[48;2;230;230;230m[38;2;231;231;231m▄[48;2;230;230;230m[38;2;231;231;231m▄[48;2;231;231;231m[38;2;230;230;230m▄[48;2;230;230;230m[38;2;231;231;231m▄[48;2;230;230;230m[38;2;230;230;230m▄[48;2;229;229;229m[38;2;230;230;230m▄[48;2;230;230;230m[38;2;230;230;230m▄[48;2;230;230;230m[38;2;230;230;230m▄[48;2;229;229;229m[38;2;229;229;229m▄[48;2;229;229;229m[38;2;229;229;229m▄[48;2;228;228;228m[38;2;230;230;230m▄[48;2;227;227;227m[38;2;229;229;229m▄[48;2;227;227;227m[38;2;229;229;229m▄[48;2;227;227;227m[38;2;228;228;228m▄[48;2;227;227;226m[38;2;227;227;227m▄[48;2;226;226;226m[38;2;228;228;228m▄[48;2;227;227;227m[38;2;227;227;227m▄[48;2;227;227;227m[38;2;227;227;227m▄[48;2;227;227;227m[38;2;227;227;227m▄[48;2;225;225;225m[38;2;227;227;227m▄[48;2;225;225;225m[38;2;227;227;227m▄[48;2;224;224;224m[38;2;225;225;225m▄[48;2;224;223;223m[38;2;224;224;224m▄[48;2;224;224;224m[38;2;224;224;224m▄[48;2;223;223;223m[38;2;225;225;225m▄[48;2;222;222;222m[38;2;224;224;224m▄[48;2;223;223;223m[38;2;223;223;223m▄[48;2;223;222;222m[38;2;223;223;223m▄[48;2;222;222;222m[38;2;223;223;223m▄[48;2;222;221;222m[38;2;223;223;223m▄[48;2;221;221;221m[38;2;222;222;222m▄[48;2;221;221;221m[38;2;222;222;222m▄[48;2;221;221;221m[38;2;221;221;221m▄[48;2;220;220;220m[38;2;220;220;220m▄[48;2;219;219;219m[38;2;220;220;220m▄[48;2;218;218;218m[38;2;218;218;218m▄[48;2;217;217;217m[38;2;217;217;217m▄[48;2;216;216;216m[38;2;217;217;217m▄[48;2;216;216;216m[38;2;216;216;216m▄[48;2;216;216;216m[38;2;216;216;216m▄[48;2;216;216;216m[38;2;216;216;216m▄[48;2;216;216;216m[38;2;216;216;216m▄[48;2;216;216;216m[38;2;216;216;216m▄[48;2;216;216;216m[38;2;216;216;216m▄[48;2;215;215;215m[38;2;216;216;216m▄[48;2;215;215;215m[38;2;216;216;216m▄[48;2;215;215;215m[38;2;215;215;215m▄[48;2;215;215;215m[38;2;216;216;216m▄[48;2;215;215;216m[38;2;216;216;216m▄[48;2;215;215;215m[38;2;216;216;216m▄[48;2;215;215;215m[38;2;216;216;216m▄[48;2;215;215;215m[38;2;215;215;215m▄[48;2;215;215;215m[38;2;215;215;215m▄[0m
