[48;2;220;220;220m[38;2;218;218;218m▄[48;2;222;222;222m[38;2;221;221;221m▄[48;2;223;223;223m[38;2;222;222;222m▄[48;2;223;223;223m[38;2;223;223;223m▄[48;2;223;223;223m[38;2;223;223;223m▄[48;2;223;223;223m[38;2;223;223;223m▄[48;2;224;224;224m[38;2;224;224;224m▄[48;2;224;224;224m[38;2;224;224;224m▄[48;2;224;224;224m[38;2;224;224;224m▄[48;2;224;224;224m[38;2;224;224;224m▄[48;2;224;224;224m[38;2;224;224;224m▄[48;2;224;224;224m[38;2;224;224;224m▄[48;2;226;226;226m[38;2;226;226;226m▄[48;2;228;228;228m[38;2;227;227;227m▄[48;2;228;228;228m[38;2;227;227;227m▄[48;2;228;228;228m[38;2;228;228;228m▄[48;2;227;227;227m[38;2;227;227;227m▄[48;2;227;227;227m[38;2;227;227;227m▄[48;2;228;228;228m[38;2;227;227;227m▄[48;2;228;228;228m[38;2;227;227;227m▄[48;2;227;227;227m[38;2;227;227;227m▄[48;2;227;227;227m[38;2;227;227;227m▄[48;2;228;228;228m[38;2;227;227;227m▄[48;2;227;227;227m[38;2;227;227;227m▄[48;2;227;227;227m[38;2;227;227;227m▄[48;2;228;228;228m[38;2;226;226;226m▄[48;2;226;226;226m[38;2;226;226;226m▄[48;2;226;226;226m[38;2;224;224;224m▄[48;2;225;225;225m[38;2;224;224;224m▄[48;2;224;224;224m[38;2;224;224;224m▄[48;2;225;225;225m[38;2;224;224;224m▄[48;2;225;225;225m[38;2;224;224;224m▄[48;2;226;226;226m[38;2;224;224;224m▄[48;2;225;225;225m[38;2;224;224;224m▄[48;2;223;223;223m[38;2;223;223;223m▄[48;2;223;223;223m[38;2;223;223;223m▄[48;2;223;223;223m[38;2;223;223;223m▄[48;2;222;222;222m[38;2;222;222;222m▄[48;2;222;222;222m[38;2;222;222;222m▄[48;2;222;222;222m[38;2;221;221;221m▄[48;2;220;220;220m[38;2;220;220;220m▄[48;2;219;219;219m[38;2;218;218;218m▄[48;2;217;217;217m[38;2;217;217;217m▄[48;2;217;217;217m[38;2;216;216;216m▄[48;2;216;216;216m[38;2;216;216;216m▄[48;2;216;216;216m[38;2;216;216;216m▄[48;2;217;217;217m[38;2;216;216;216m▄[48;2;216;216;216m[38;2;216;216;216m▄[48;2;215;215;216m[38;2;216;216;216m▄[48;2;215;215;215m[38;2;215;215;215m▄[48;2;215;215;215m[38;2;214;214;214m▄[48;2;214;214;214m[38;2;214;214;214m▄[48;2;213;213;213m[38;2;213;213;213m▄[48;2;211;211;211m[38;2;211;211;211m▄[48;2;210;210;210m[38;2;210;210;210m▄[48;2;211;211;211m[38;2;210;210;210m▄[48;2;211;211;211m[38;2;211;211;211m▄[48;2;211;211;212m[38;2;211;211;211m▄[48;2;210;209;210m[38;2;209;209;209m▄[48;2;208;209;208m[38;2;208;208;208m▄[48;2;208;208;208m[38;2;209;209;209m▄[48;2;208;208;208m[38;2;208;208;208m▄[48;2;207;207;207m[38;2;207;207;207m▄[48;2;207;207;207m[38;2;206;206;206m▄[0m
[48;2;218;218;218m[38;2;217;217;217m▄[48;2;220;220;220m[38;2;219;219;219m▄[48;2;221;221;221m[38;2;220;220;220m▄[48;2;222;222;222m[38;2;221;221;221m▄[48;2;223;223;223m[38;2;222;222;222m▄[48;2;223;223;223m[38;2;223;223;223m▄[48;2;223;223;223m[38;2;223;223;223m▄[48;2;224;224;224m[38;2;223;223;223m▄[48;2;224;224;224m[38;2;224;224;224m▄[48;2;224;224;224m[38;2;224;224;224m▄[48;2;224;224;224m[38;2;224;224;224m▄[48;2;224;224;224m[38;2;224;224;224m▄[48;2;225;225;225m[38;2;224;224;224m▄[48;2;226;226;226m[38;2;225;225;225m▄[48;2;225;225;225m[38;2;224;224;224m▄[48;2;227;227;227m[38;2;224;224;224m▄[48;2;226;226;226m[38;2;224;224;224m▄[48;2;227;227;227m[38;2;226;226;226m▄[48;2;227;227;227m[38;2;227;227;227m▄[48;2;227;227;227m[38;2;227;227;227m▄[48;2;227;227;227m[38;2;228;228;228m▄[48;2;227;227;227m[38;2;227;227;227m▄[48;2;227;227;227m[38;2;226;226;226m▄[48;2;227;227;227m[38;2;225;225;225m▄[48;2;225;225;225m[38;2;224;224;224m▄[48;2;224;224;224m[38;2;224;224;224m▄[48;2;224;224;224m[38;2;224;224;224m▄[48;2;224;224;224m[38;2;226;225;226m▄[48;2;225;225;225m[38;2;223;223;224m▄[48;2;225;225;224m[38;2;224;224;226m▄[48;2;222;223;222m[38;2;233;229;234m▄[48;2;224;224;224m[38;2;226;225;225m▄[48;2;224;224;224m[38;2;222;223;222m▄[48;2;223;223;223m[38;2;223;223;223m▄[48;2;222;223;222m[38;2;227;226;229m▄[48;2;223;223;223m[38;2;224;223;226m▄[48;2;222;222;222m[38;2;225;224;225m▄[48;2;222;222;222m[38;2;221;222;221m▄[48;2;221;221;221m[38;2;221;221;221m▄[48;2;221;221;221m[38;2;220;220;220m▄[48;2;220;220;220m[38;2;219;219;219m▄[48;2;217;217;217m[38;2;217;217;217m▄[48;2;217;217;217m[38;2;217;217;217m▄[48;2;216;216;216m[38;2;216;216;216m▄[48;2;216;216;216m[38;2;216;216;216m▄[48;2;217;217;217m[38;2;217;217;217m▄[48;2;215;215;215m[38;2;216;216;216m▄[48;2;216;216;216m[38;2;216;216;216m▄[48;2;215;215;215m[38;2;215;215;215m▄[48;2;215;215;215m[38;2;215;215;215m▄[48;2;214;214;214m[38;2;215;215;215m▄[48;2;213;213;213m[38;2;213;213;213m▄[48;2;212;212;212m[38;2;213;213;213m▄[48;2;210;210;210m[38;2;211;211;211m▄[48;2;210;210;210m[38;2;211;210;211m▄[48;2;210;210;210m[38;2;210;210;210m▄[48;2;210;210;210m[38;2;210;210;210m▄[48;2;210;210;210m[38;2;210;210;210m▄[48;2;209;209;209m[38;2;209;209;209m▄[48;2;209;209;209m[38;2;209;209;209m▄[48;2;209;209;209m[38;2;209;209;209m▄[48;2;208;208;208m[38;2;208;208;208m▄[48;2;207;207;207m[38;2;207;207;207m▄[48;2;207;207;207m[38;2;207;207;207m▄[0m
[48;2;217;217;217m[38;2;217;217;217m▄[48;2;219;219;219m[38;2;219;219;219m▄[48;2;221;221;221m[38;2;220;220;220m▄[48;2;221;221;221m[38;2;221;221;221m▄[48;2;222;222;222m[38;2;222;222;222m▄[48;2;222;222;222m[38;2;223;223;223m▄[48;2;223;223;223m[38;2;223;223;223m▄[48;2;224;224;224m[38;2;224;224;224m▄[48;2;223;223;223m[38;2;224;224;224m▄[48;2;224;224;224m[38;2;224;224;224m▄[48;2;225;225;225m[38;2;225;225;225m▄[48;2;225;225;225m[38;2;224;224;224m▄[48;2;224;224;224m[38;2;224;224;224m▄[48;2;224;224;224m[38;2;224;224;224m▄[48;2;224;224;224m[38;2;224;224;224m▄[48;2;224;224;224m[38;2;224;224;224m▄[48;2;224;224;224m[38;2;224;224;224m▄[48;2;225;225;225m[38;2;224;224;224m▄[48;2;226;226;226m[38;2;224;224;224m▄[48;2;226;226;226m[38;2;224;224;224m▄[48;2;226;226;226m[38;2;224;224;224m▄[48;2;225;225;225m[38;2;224;224;224m▄[48;2;224;224;224m[38;2;224;224;224m▄[48;2;224;224;224m[38;2;225;225;225m▄[48;2;224;224;224m[38;2;224;224;224m▄[48;2;224;224;224m[38;2;224;224;224m▄[48;2;227;226;227m[38;2;227;226;226m▄[48;2;217;220;217m[38;2;214;218;217m▄[48;2;137;178;124m[38;2;142;186;119m▄[48;2;150;186;135m[38;2;155;197;96m▄[48;2;167;193;164m[38;2;134;183;86m▄[48;2;218;220;220m[38;2;134;177;118m▄[48;2;226;225;225m[38;2;226;225;229m▄[48;2;230;227;231m[38;2;185;202;184m▄[48;2;173;196;169m[38;2;112;167;76m▄[48;2;116;167;99m[38;2;120;168;98m▄[48;2;203;211;203m[38;2;200;206;201m▄[48;2;226;224;226m[38;2;221;220;220m▄[48;2;220;220;220m[38;2;219;220;219m▄[48;2;220;220;220m[38;2;221;221;221m▄[48;2;219;218;220m[38;2;219;219;218m▄[48;2;218;218;218m[38;2;217;217;217m▄[48;2;217;217;217m[38;2;217;217;217m▄[48;2;216;216;216m[38;2;216;216;216m▄[48;2;216;216;216m[38;2;217;217;217m▄[48;2;217;217;217m[38;2;216;216;216m▄[48;2;216;216;216m[38;2;216;216;216m▄[48;2;216;216;215m[38;2;216;215;217m▄[48;2;215;215;215m[38;2;215;215;215m▄[48;2;215;215;214m[38;2;215;215;215m▄[48;2;214;214;215m[38;2;214;214;214m▄[48;2;213;213;214m[38;2;213;213;213m▄[48;2;213;213;213m[38;2;213;213;213m▄[48;2;211;211;212m[38;2;211;211;211m▄[48;2;211;210;211m[38;2;211;211;211m▄[48;2;210;210;210m[38;2;210;210;210m▄[48;2;210;210;210m[38;2;210;210;210m▄[48;2;210;210;210m[38;2;210;210;210m▄[48;2;209;208;209m[38;2;209;209;209m▄[48;2;208;208;208m[38;2;209;209;209m▄[48;2;208;208;208m[38;2;209;209;209m▄[48;2;208;208;208m[38;2;208;208;208m▄[48;2;207;207;207m[38;2;207;207;207m▄[48;2;207;207;207m[38;2;207;207;207m▄[0m
[48;2;217;217;217m[38;2;217;217;217m▄[48;2;218;218;218m[38;2;217;217;217m▄[48;2;219;219;219m[38;2;218;218;218m▄[48;2;220;220;220m[38;2;219;219;219m▄[48;2;221;221;221m[38;2;221;221;221m▄[48;2;222;222;222m[38;2;222;222;222m▄[48;2;223;223;223m[38;2;223;223;223m▄[48;2;223;223;223m[38;2;223;223;223m▄[48;2;223;223;223m[38;2;223;223;223m▄[48;2;224;224;224m[38;2;223;223;223m▄[48;2;223;223;223m[38;2;224;224;224m▄[48;2;224;224;224m[38;2;223;223;223m▄[48;2;225;225;225m[38;2;223;223;223m▄[48;2;224;224;224m[38;2;223;223;223m▄[48;2;225;225;225m[38;2;224;224;224m▄[48;2;225;225;225m[38;2;224;224;224m▄[48;2;224;224;224m[38;2;224;224;224m▄[48;2;224;224;224m[38;2;224;224;224m▄[48;2;224;224;224m[38;2;224;224;224m▄[48;2;224;224;224m[38;2;224;224;224m▄[48;2;224;224;224m[38;2;224;224;224m▄[48;2;224;224;224m[38;2;224;224;224m▄[48;2;225;225;225m[38;2;224;224;224m▄[48;2;224;224;224m[38;2;224;224;224m▄[48;2;224;224;224m[38;2;224;224;224m▄[48;2;224;224;224m[38;2;224;224;224m▄[48;2;223;224;223m[38;2;223;222;222m▄[48;2;230;227;232m[38;2;229;228;229m▄[48;2;150;182;140m[38;2;207;221;214m▄[48;2;140;185;81m[38;2;125;179;103m▄[48;2;139;185;85m[38;2;118;180;73m▄[48;2;124;178;68m[38;2;103;164;70m▄[48;2;153;182;145m[38;2;98;159;71m▄[48;2;126;171;108m[38;2;100;152;89m▄[48;2;139;175;123m[38;2;156;182;148m▄[48;2;209;206;216m[38;2;145;181;125m▄[48;2;212;211;214m[38;2;145;180;129m▄[48;2;225;221;225m[38;2;161;187;158m▄[48;2;223;222;223m[38;2;211;214;213m▄[48;2;218;219;218m[38;2;225;223;225m▄[48;2;218;218;218m[38;2;217;217;217m▄[48;2;217;217;217m[38;2;217;217;217m▄[48;2;217;217;217m[38;2;217;217;217m▄[48;2;217;217;217m[38;2;217;217;217m▄[48;2;217;217;217m[38;2;216;216;216m▄[48;2;216;216;216m[38;2;216;216;216m▄[48;2;216;216;216m[38;2;216;216;216m▄[48;2;215;215;216m[38;2;215;215;215m▄[48;2;215;215;215m[38;2;215;215;215m▄[48;2;214;214;214m[38;2;214;214;214m▄[48;2;214;214;214m[38;2;214;214;214m▄[48;2;213;213;213m[38;2;213;213;213m▄[48;2;212;212;212m[38;2;211;211;211m▄[48;2;211;211;211m[38;2;210;210;210m▄[48;2;210;210;210m[38;2;210;210;210m▄[48;2;210;210;210m[38;2;210;210;210m▄[48;2;210;210;210m[38;2;210;210;210m▄[48;2;210;210;210m[38;2;210;210;210m▄[48;2;209;209;209m[38;2;208;208;208m▄[48;2;209;209;209m[38;2;208;208;208m▄[48;2;209;209;208m[38;2;208;208;208m▄[48;2;208;208;208m[38;2;208;208;208m▄[48;2;207;207;207m[38;2;207;207;207m▄[48;2;206;206;206m[38;2;205;205;205m▄[0m
[48;2;216;216;216m[38;2;216;216;216m▄[48;2;217;217;217m[38;2;217;217;217m▄[48;2;217;217;217m[38;2;218;218;218m▄[48;2;218;218;218m[38;2;218;218;218m▄[48;2;220;220;220m[38;2;218;218;218m▄[48;2;221;221;221m[38;2;220;220;221m▄[48;2;222;221;222m[38;2;221;221;221m▄[48;2;222;222;222m[38;2;221;221;221m▄[48;2;223;223;223m[38;2;222;222;222m▄[48;2;223;223;223m[38;2;222;222;222m▄[48;2;223;223;223m[38;2;223;223;223m▄[48;2;223;223;223m[38;2;223;223;223m▄[48;2;223;223;223m[38;2;223;223;223m▄[48;2;223;223;223m[38;2;223;223;223m▄[48;2;224;224;224m[38;2;223;223;223m▄[48;2;224;224;224m[38;2;224;224;224m▄[48;2;224;224;224m[38;2;224;224;224m▄[48;2;225;225;225m[38;2;223;223;223m▄[48;2;224;224;224m[38;2;223;223;224m▄[48;2;224;224;224m[38;2;224;224;224m▄[48;2;224;224;224m[38;2;224;224;224m▄[48;2;224;224;224m[38;2;224;224;224m▄[48;2;224;224;224m[38;2;224;223;224m▄[48;2;224;224;224m[38;2;224;224;224m▄[48;2;224;224;224m[38;2;223;222;222m▄[48;2;223;222;223m[38;2;225;229;228m▄[48;2;225;229;228m[38;2;219;207;210m▄[48;2;221;222;222m[38;2;212;137;153m▄[48;2;223;189;199m[38;2;227;145;157m▄[48;2;195;159;163m[38;2;233;139;152m▄[48;2;132;150;106m[38;2;226;112;138m▄[48;2;102;163;89m[38;2;200;113;134m▄[48;2;67;132;54m[38;2;195;140;142m▄[48;2;75;144;67m[38;2;119;150;93m▄[48;2;112;168;79m[38;2;92;160;65m▄[48;2;127;178;76m[38;2;118;180;74m▄[48;2;143;187;89m[38;2;129;182;73m▄[48;2;149;192;97m[38;2;125;175;70m▄[48;2;121;170;98m[38;2;123;166;104m▄[48;2;194;206;196m[38;2;196;203;198m▄[48;2;223;221;223m[38;2;219;217;219m▄[48;2;216;216;216m[38;2;216;217;216m▄[48;2;216;216;216m[38;2;217;217;217m▄[48;2;217;217;217m[38;2;217;217;217m▄[48;2;217;217;217m[38;2;216;216;216m▄[48;2;216;216;216m[38;2;216;216;216m▄[48;2;216;216;216m[38;2;215;215;215m▄[48;2;215;215;215m[38;2;215;215;215m▄[48;2;215;215;215m[38;2;214;214;215m▄[48;2;214;214;213m[38;2;213;213;213m▄[48;2;213;213;213m[38;2;213;213;213m▄[48;2;212;212;213m[38;2;212;212;212m▄[48;2;211;211;211m[38;2;211;211;211m▄[48;2;210;210;210m[38;2;210;210;210m▄[48;2;210;210;210m[38;2;210;210;210m▄[48;2;210;210;210m[38;2;210;210;210m▄[48;2;211;211;211m[38;2;210;210;210m▄[48;2;209;209;209m[38;2;209;209;209m▄[48;2;208;208;209m[38;2;208;208;209m▄[48;2;209;209;209m[38;2;208;208;209m▄[48;2;208;208;208m[38;2;208;208;208m▄[48;2;208;208;208m[38;2;208;208;208m▄[48;2;207;207;207m[38;2;207;207;207m▄[48;2;207;207;207m[38;2;206;206;206m▄[0m
[48;2;216;216;216m[38;2;216;216;216m▄[48;2;216;216;216m[38;2;216;216;216m▄[48;2;217;217;217m[38;2;216;216;216m▄[48;2;217;217;217m[38;2;217;217;217m▄[48;2;217;217;217m[38;2;217;217;217m▄[48;2;219;219;219m[38;2;218;218;218m▄[48;2;221;220;221m[38;2;219;219;219m▄[48;2;221;221;221m[38;2;220;220;220m▄[48;2;222;222;222m[38;2;221;221;221m▄[48;2;222;222;222m[38;2;221;221;221m▄[48;2;223;223;223m[38;2;221;221;221m▄[48;2;222;222;222m[38;2;222;222;222m▄[48;2;223;223;223m[38;2;222;222;223m▄[48;2;223;223;223m[38;2;223;223;223m▄[48;2;223;223;223m[38;2;222;222;222m▄[48;2;223;223;223m[38;2;223;223;223m▄[48;2;223;223;223m[38;2;223;223;223m▄[48;2;224;224;224m[38;2;224;224;224m▄[48;2;223;223;223m[38;2;223;223;223m▄[48;2;223;223;223m[38;2;223;223;223m▄[48;2;223;223;223m[38;2;223;223;223m▄[48;2;223;223;223m[38;2;223;223;223m▄[48;2;223;223;223m[38;2;223;223;223m▄[48;2;223;223;223m[38;2;223;221;222m▄[48;2;224;225;224m[38;2;225;233;231m▄[48;2;222;219;220m[38;2;211;168;178m▄[48;2;210;135;151m[38;2;227;149;160m▄[48;2;234;157;167m[38;2;232;147;156m▄[48;2;232;144;155m[38;2;229;134;145m▄[48;2;223;115;130m[38;2;214;104;124m▄[48;2;210;106;123m[38;2;225;149;160m▄[48;2;231;150;161m[38;2;233;148;156m▄[48;2;241;149;162m[38;2;229;135;144m▄[48;2;232;138;150m[38;2;233;141;149m▄[48;2;182;139;122m[38;2;242;143;156m▄[48;2;154;145;102m[38;2;241;135;150m▄[48;2;143;161;116m[38;2;230;141;157m▄[48;2;160;183;161m[38;2;208;201;206m▄[48;2;200;197;202m[38;2;207;209;208m▄[48;2;208;206;208m[38;2;212;212;212m▄[48;2;214;214;214m[38;2;217;217;217m▄[48;2;217;217;217m[38;2;217;217;217m▄[48;2;217;217;217m[38;2;216;216;216m▄[48;2;216;216;216m[38;2;216;216;216m▄[48;2;216;216;216m[38;2;216;216;216m▄[48;2;216;216;216m[38;2;215;215;215m▄[48;2;215;215;215m[38;2;215;215;215m▄[48;2;215;215;215m[38;2;214;214;214m▄[48;2;215;214;215m[38;2;214;214;214m▄[48;2;213;213;214m[38;2;213;213;213m▄[48;2;213;213;213m[38;2;213;213;213m▄[48;2;212;212;212m[38;2;212;212;212m▄[48;2;211;211;211m[38;2;211;211;211m▄[48;2;210;211;211m[38;2;210;210;210m▄[48;2;211;211;211m[38;2;210;210;210m▄[48;2;210;211;211m[38;2;210;210;210m▄[48;2;210;210;210m[38;2;209;209;209m▄[48;2;210;210;210m[38;2;209;209;209m▄[48;2;208;208;209m[38;2;208;208;208m▄[48;2;208;208;208m[38;2;208;208;208m▄[48;2;208;208;208m[38;2;208;208;208m▄[48;2;207;207;208m[38;2;207;207;207m▄[48;2;207;207;207m[38;2;207;207;207m▄[48;2;206;206;206m[38;2;206;206;206m▄[0m
[48;2;216;216;216m[38;2;216;216;216m▄[48;2;216;216;216m[38;2;216;216;216m▄[48;2;216;216;216m[38;2;216;216;216m▄[48;2;216;216;216m[38;2;216;216;216m▄[48;2;217;217;217m[38;2;217;217;217m▄[48;2;217;217;217m[38;2;217;217;217m▄[48;2;218;218;218m[38;2;217;217;217m▄[48;2;218;218;218m[38;2;218;218;218m▄[48;2;219;219;219m[38;2;218;218;218m▄[48;2;220;220;220m[38;2;219;219;219m▄[48;2;221;221;221m[38;2;220;219;220m▄[48;2;221;221;221m[38;2;220;220;220m▄[48;2;222;222;222m[38;2;221;221;221m▄[48;2;222;222;222m[38;2;221;221;221m▄[48;2;222;222;222m[38;2;221;221;221m▄[48;2;222;222;222m[38;2;221;221;221m▄[48;2;223;223;223m[38;2;221;221;221m▄[48;2;222;222;222m[38;2;222;222;222m▄[48;2;222;222;222m[38;2;222;222;222m▄[48;2;223;223;223m[38;2;222;222;222m▄[48;2;223;223;223m[38;2;222;222;222m▄[48;2;223;223;223m[38;2;222;222;222m▄[48;2;223;223;222m[38;2;222;222;222m▄[48;2;223;222;222m[38;2;223;224;223m▄[48;2;222;224;224m[38;2;219;215;217m▄[48;2;211;145;158m[38;2;213;144;157m▄[48;2;234;157;165m[38;2;233;151;159m▄[48;2;228;134;145m[38;2;228;135;145m▄[48;2;229;136;146m[38;2;229;136;148m▄[48;2;223;131;144m[38;2;234;153;162m▄[48;2;233;153;163m[38;2;231;140;151m▄[48;2;230;135;146m[38;2;232;140;150m▄[48;2;233;142;150m[38;2;233;140;149m▄[48;2;233;142;150m[38;2;234;142;150m▄[48;2;232;143;149m[38;2;234;144;149m▄[48;2;232;144;149m[38;2;236;146;152m▄[48;2;225;110;123m[38;2;231;127;135m▄[48;2;206;141;151m[38;2;216;120;131m▄[48;2;214;221;220m[38;2;209;206;208m▄[48;2;218;216;217m[38;2;218;219;218m▄[48;2;217;217;217m[38;2;217;217;216m▄[48;2;216;216;216m[38;2;216;216;216m▄[48;2;216;216;216m[38;2;216;216;216m▄[48;2;216;216;216m[38;2;216;216;216m▄[48;2;216;216;216m[38;2;215;215;215m▄[48;2;216;216;216m[38;2;215;215;215m▄[48;2;215;215;215m[38;2;214;214;214m▄[48;2;215;215;215m[38;2;215;214;215m▄[48;2;214;214;214m[38;2;214;214;214m▄[48;2;213;213;213m[38;2;213;212;213m▄[48;2;213;213;213m[38;2;212;211;212m▄[48;2;211;211;211m[38;2;211;211;211m▄[48;2;211;211;211m[38;2;211;211;211m▄[48;2;210;210;210m[38;2;210;210;210m▄[48;2;211;211;211m[38;2;211;211;211m▄[48;2;210;210;210m[38;2;210;210;210m▄[48;2;209;209;209m[38;2;208;208;208m▄[48;2;209;209;209m[38;2;209;209;209m▄[48;2;208;208;208m[38;2;208;208;208m▄[48;2;208;208;208m[38;2;208;208;208m▄[48;2;208;208;208m[38;2;207;207;207m▄[48;2;207;207;207m[38;2;207;207;207m▄[48;2;207;207;207m[38;2;207;207;207m▄[48;2;205;205;205m[38;2;205;205;205m▄[0m
[48;2;215;215;215m[38;2;215;215;215m▄[48;2;216;216;216m[38;2;215;215;215m▄[48;2;216;216;216m[38;2;216;216;216m▄[48;2;216;216;216m[38;2;216;216;216m▄[48;2;216;216;216m[38;2;216;216;216m▄[48;2;216;216;216m[38;2;216;216;216m▄[48;2;216;216;216m[38;2;216;216;216m▄[48;2;218;218;218m[38;2;216;216;216m▄[48;2;217;217;217m[38;2;216;216;216m▄[48;2;217;217;217m[38;2;217;217;217m▄[48;2;218;218;217m[38;2;218;218;218m▄[48;2;219;218;219m[38;2;218;218;218m▄[48;2;220;220;220m[38;2;219;219;219m▄[48;2;220;220;221m[38;2;219;219;219m▄[48;2;220;220;221m[38;2;219;219;220m▄[48;2;220;220;220m[38;2;220;220;220m▄[48;2;221;221;221m[38;2;221;221;221m▄[48;2;222;222;222m[38;2;221;221;221m▄[48;2;224;224;224m[38;2;223;223;223m▄[48;2;222;222;222m[38;2;222;222;222m▄[48;2;222;222;222m[38;2;221;221;221m▄[48;2;222;222;222m[38;2;221;221;221m▄[48;2;222;222;222m[38;2;223;223;223m▄[48;2;222;222;222m[38;2;225;226;225m▄[48;2;219;216;218m[38;2;221;228;227m▄[48;2;213;143;157m[38;2;209;150;163m▄[48;2;233;152;161m[38;2;229;145;156m▄[48;2;228;134;145m[38;2;229;136;147m▄[48;2;229;138;148m[38;2;230;139;148m▄[48;2;230;141;150m[38;2;230;136;146m▄[48;2;231;139;149m[38;2;232;138;148m▄[48;2;233;140;149m[38;2;233;141;149m▄[48;2;234;142;149m[38;2;234;144;149m▄[48;2;234;144;150m[38;2;234;145;149m▄[48;2;234;147;150m[38;2;237;151;151m▄[48;2;235;150;152m[38;2;238;155;153m▄[48;2;232;133;137m[38;2;239;149;141m▄[48;2;220;126;134m[38;2;219;148;148m▄[48;2;206;199;199m[38;2;204;206;202m▄[48;2;217;219;217m[38;2;215;214;211m▄[48;2;217;217;214m[38;2;215;215;212m▄[48;2;216;216;215m[38;2;215;215;212m▄[48;2;216;216;216m[38;2;215;215;214m▄[48;2;216;216;216m[38;2;216;216;216m▄[48;2;216;216;216m[38;2;216;216;216m▄[48;2;215;215;215m[38;2;215;215;215m▄[48;2;214;214;214m[38;2;214;214;214m▄[48;2;214;214;214m[38;2;214;214;214m▄[48;2;213;213;213m[38;2;212;212;212m▄[48;2;213;213;213m[38;2;213;212;213m▄[48;2;211;211;212m[38;2;211;211;211m▄[48;2;210;210;210m[38;2;211;211;211m▄[48;2;210;210;210m[38;2;211;211;211m▄[48;2;211;211;211m[38;2;211;211;211m▄[48;2;210;210;210m[38;2;210;210;210m▄[48;2;210;210;210m[38;2;209;209;209m▄[48;2;209;209;209m[38;2;209;209;209m▄[48;2;209;208;209m[38;2;209;209;209m▄[48;2;208;208;208m[38;2;208;208;208m▄[48;2;207;207;207m[38;2;207;207;207m▄[48;2;207;207;207m[38;2;207;207;207m▄[48;2;207;207;207m[38;2;207;207;207m▄[48;2;206;206;206m[38;2;205;205;205m▄[48;2;205;205;205m[38;2;204;204;204m▄[0m
[48;2;215;215;215m[38;2;215;215;215m▄[48;2;215;215;215m[38;2;215;215;215m▄[48;2;216;216;216m[38;2;215;215;215m▄[48;2;216;216;216m[38;2;215;215;215m▄[48;2;216;216;216m[38;2;216;216;216m▄[48;2;216;216;216m[38;2;216;216;216m▄[48;2;216;216;216m[38;2;217;217;217m▄[48;2;217;217;217m[38;2;217;217;217m▄[48;2;216;216;216m[38;2;216;216;216m▄[48;2;216;216;216m[38;2;216;216;216m▄[48;2;217;217;217m[38;2;216;216;216m▄[48;2;217;217;217m[38;2;216;216;216m▄[48;2;217;217;217m[38;2;216;216;216m▄[48;2;217;217;217m[38;2;217;217;217m▄[48;2;218;218;218m[38;2;220;221;220m▄[48;2;220;220;220m[38;2;220;219;219m▄[48;2;220;219;219m[38;2;218;223;221m▄[48;2;219;218;218m[38;2;217;222;221m▄[48;2;221;220;220m[38;2;218;219;219m▄[48;2;222;221;221m[38;2;219;227;226m▄[48;2;220;219;219m[38;2;218;222;222m▄[48;2;220;221;221m[38;2;219;218;218m▄[48;2;221;225;224m[38;2;220;201;205m▄[48;2;223;209;214m[38;2;233;124;155m▄[48;2;223;216;219m[38;2;229;167;188m▄[48;2;215;200;204m[38;2;218;236;232m▄[48;2;230;169;175m[38;2;215;158;168m▄[48;2;232;139;149m[38;2;232;142;152m▄[48;2;232;136;147m[38;2;231;140;150m▄[48;2;232;137;147m[38;2;230;137;146m▄[48;2;231;138;147m[38;2;229;139;147m▄[48;2;232;140;148m[38;2;234;144;151m▄[48;2;234;141;149m[38;2;233;142;148m▄[48;2;236;145;151m[38;2;232;141;147m▄[48;2;238;150;151m[38;2;230;133;137m▄[48;2;241;165;152m[38;2;242;150;140m▄[48;2;254;232;207m[38;2;242;204;186m▄[48;2;238;224;214m[38;2;224;225;217m▄[48;2;236;237;233m[38;2;229;227;222m▄[48;2;239;238;236m[38;2;238;239;238m▄[48;2;236;236;234m[38;2;239;239;238m▄[48;2;228;228;224m[38;2;240;240;237m▄[48;2;221;221;219m[38;2;242;241;239m▄[48;2;215;215;216m[38;2;232;231;230m▄[48;2;215;215;215m[38;2;219;219;218m▄[48;2;215;215;215m[38;2;214;214;214m▄[48;2;214;214;214m[38;2;214;214;214m▄[48;2;213;213;213m[38;2;213;213;213m▄[48;2;213;213;213m[38;2;212;212;212m▄[48;2;212;212;212m[38;2;211;211;211m▄[48;2;211;211;211m[38;2;211;211;211m▄[48;2;211;211;211m[38;2;211;211;211m▄[48;2;211;211;211m[38;2;211;211;211m▄[48;2;210;210;210m[38;2;210;210;210m▄[48;2;209;209;209m[38;2;209;209;209m▄[48;2;208;208;208m[38;2;208;208;208m▄[48;2;208;208;208m[38;2;208;208;208m▄[48;2;208;208;208m[38;2;208;208;208m▄[48;2;208;208;208m[38;2;207;208;207m▄[48;2;207;207;207m[38;2;207;207;207m▄[48;2;207;207;207m[38;2;207;207;207m▄[48;2;206;206;207m[38;2;206;206;206m▄[48;2;204;204;205m[38;2;205;205;205m▄[48;2;204;204;204m[38;2;204;204;204m▄[0m
[48;2;215;215;215m[38;2;214;214;214m▄[48;2;215;215;215m[38;2;215;215;215m▄[48;2;215;215;215m[38;2;215;215;215m▄[48;2;215;215;215m[38;2;215;215;215m▄[48;2;216;216;216m[38;2;215;215;215m▄[48;2;216;216;217m[38;2;215;215;215m▄[48;2;217;217;217m[38;2;216;216;216m▄[48;2;217;217;217m[38;2;216;216;216m▄[48;2;216;216;216m[38;2;216;216;216m▄[48;2;216;216;216m[38;2;217;217;217m▄[48;2;216;216;216m[38;2;216;216;216m▄[48;2;216;216;216m[38;2;218;218;218m▄[48;2;216;216;216m[38;2;216;216;216m▄[48;2;218;218;218m[38;2;217;217;217m▄[48;2;219;217;218m[38;2;217;217;217m▄[48;2;217;222;221m[38;2;219;221;221m▄[48;2;220;183;194m[38;2;218;196;204m▄[48;2;223;180;193m[38;2;216;152;166m▄[48;2;217;216;216m[38;2;223;139;151m▄[48;2;217;171;177m[38;2;235;174;179m▄[48;2;225;158;167m[38;2;225;142;153m▄[48;2;228;155;164m[38;2;218;129;142m▄[48;2;228;149;161m[38;2;219;121;134m▄[48;2;230;126;146m[38;2;227;146;157m▄[48;2;222;139;154m[38;2;239;168;175m▄[48;2;219;216;216m[38;2;218;136;147m▄[48;2;209;192;198m[38;2;216;219;218m▄[48;2;211;117;133m[38;2;208;187;192m▄[48;2;230;129;141m[38;2;202;124;139m▄[48;2;232;134;145m[38;2;206;118;133m▄[48;2;220;110;125m[38;2;200;126;141m▄[48;2;221;114;129m[38;2;209;138;150m▄[48;2;224;122;134m[38;2;218;122;137m▄[48;2;225;115;128m[38;2;211;116;129m▄[48;2;228;119;128m[38;2;207;131;142m▄[48;2;224;125;131m[38;2;200;180;177m▄[48;2;208;183;177m[38;2;203;206;199m▄[48;2;205;207;198m[38;2;213;208;205m▄[48;2;223;204;202m[38;2;237;182;191m▄[48;2;235;183;189m[38;2;220;154;163m▄[48;2;216;203;203m[38;2;211;183;186m▄[48;2;218;220;217m[38;2;208;212;209m▄[48;2;234;233;232m[38;2;213;211;210m▄[48;2;235;234;232m[38;2;217;216;216m▄[48;2;230;230;228m[38;2;240;240;239m▄[48;2;216;216;215m[38;2;225;225;222m▄[48;2;214;213;214m[38;2;211;211;210m▄[48;2;213;213;213m[38;2;213;213;213m▄[48;2;212;212;212m[38;2;211;211;211m▄[48;2;211;211;211m[38;2;210;210;210m▄[48;2;210;210;210m[38;2;210;210;210m▄[48;2;210;210;210m[38;2;210;210;210m▄[48;2;209;209;209m[38;2;210;210;210m▄[48;2;209;209;209m[38;2;209;209;209m▄[48;2;209;209;209m[38;2;208;208;208m▄[48;2;209;209;209m[38;2;209;209;209m▄[48;2;208;208;208m[38;2;208;208;208m▄[48;2;208;208;208m[38;2;208;208;208m▄[48;2;208;208;208m[38;2;207;207;208m▄[48;2;207;207;207m[38;2;207;207;207m▄[48;2;206;206;206m[38;2;206;206;206m▄[48;2;206;206;206m[38;2;206;206;206m▄[48;2;204;204;204m[38;2;203;203;203m▄[48;2;203;203;203m[38;2;203;203;203m▄[0m
[48;2;214;214;214m[38;2;214;214;214m▄[48;2;214;214;214m[38;2;214;214;214m▄[48;2;214;214;214m[38;2;214;214;214m▄[48;2;215;215;215m[38;2;215;215;215m▄[48;2;215;215;215m[38;2;214;214;214m▄[48;2;215;215;215m[38;2;215;215;215m▄[48;2;216;216;215m[38;2;215;215;215m▄[48;2;215;215;215m[38;2;215;215;215m▄[48;2;215;215;215m[38;2;215;215;215m▄[48;2;216;216;216m[38;2;216;216;216m▄[48;2;217;217;217m[38;2;216;216;216m▄[48;2;219;219;219m[38;2;216;216;216m▄[48;2;215;215;215m[38;2;216;216;216m▄[48;2;217;217;217m[38;2;216;215;216m▄[48;2;216;216;216m[38;2;216;217;217m▄[48;2;217;221;220m[38;2;218;220;221m▄[48;2;214;210;210m[38;2;211;157;168m▄[48;2;221;141;153m[38;2;233;170;179m▄[48;2;242;204;208m[38;2;228;168;178m▄[48;2;210;118;132m[38;2;194;88;107m▄[48;2;212;102;120m[38;2;231;156;168m▄[48;2;238;170;180m[38;2;226;150;163m▄[48;2;211;117;131m[38;2;194;109;124m▄[48;2;206;115;130m[38;2;211;126;143m▄[48;2;236;167;178m[38;2;237;152;170m▄[48;2;232;129;151m[38;2;217;112;134m▄[48;2;216;180;190m[38;2;202;123;138m▄[48;2;211;230;226m[38;2;210;144;155m▄[48;2;208;221;216m[38;2;205;132;143m▄[48;2;201;208;205m[38;2;207;157;163m▄[48;2;195;205;201m[38;2;212;210;207m▄[48;2;228;183;188m[38;2;213;179;181m▄[48;2;222;161;170m[38;2;196;181;182m▄[48;2;189;193;188m[38;2;209;203;201m▄[48;2;199;206;200m[38;2;226;172;180m▄[48;2;205;208;202m[38;2;229;172;181m▄[48;2;205;208;204m[38;2;217;207;208m▄[48;2;226;204;206m[38;2;234;194;200m▄[48;2;230;171;178m[38;2;227;157;168m▄[48;2;209;163;167m[38;2;210;162;167m▄[48;2;194;186;186m[38;2;212;194;194m▄[48;2;205;208;204m[38;2;204;204;202m▄[48;2;212;211;210m[38;2;211;210;209m▄[48;2;218;218;216m[38;2;220;219;219m▄[48;2;237;238;234m[38;2;237;236;234m▄[48;2;240;239;236m[38;2;234;234;231m▄[48;2;222;221;219m[38;2;222;221;220m▄[48;2;212;212;211m[38;2;210;210;210m▄[48;2;210;210;210m[38;2;210;210;210m▄[48;2;210;210;210m[38;2;210;210;210m▄[48;2;210;210;210m[38;2;210;210;210m▄[48;2;210;210;210m[38;2;210;209;210m▄[48;2;210;210;210m[38;2;209;208;210m▄[48;2;209;209;209m[38;2;208;208;208m▄[48;2;208;208;208m[38;2;209;209;209m▄[48;2;208;208;208m[38;2;208;208;208m▄[48;2;208;208;208m[38;2;207;207;207m▄[48;2;208;208;208m[38;2;207;207;207m▄[48;2;206;206;206m[38;2;207;207;207m▄[48;2;206;206;206m[38;2;205;205;206m▄[48;2;204;204;204m[38;2;204;203;205m▄[48;2;204;204;204m[38;2;204;204;204m▄[48;2;203;203;203m[38;2;204;204;204m▄[48;2;203;203;203m[38;2;203;203;203m▄[0m
[48;2;212;212;212m[38;2;211;211;211m▄[48;2;214;214;214m[38;2;212;212;213m▄[48;2;214;214;214m[38;2;213;213;213m▄[48;2;214;214;214m[38;2;213;213;213m▄[48;2;214;214;214m[38;2;214;214;214m▄[48;2;214;214;214m[38;2;214;214;214m▄[48;2;215;215;215m[38;2;215;215;215m▄[48;2;215;215;215m[38;2;215;215;215m▄[48;2;215;215;215m[38;2;215;215;215m▄[48;2;215;215;215m[38;2;215;215;215m▄[48;2;216;216;216m[38;2;215;215;215m▄[48;2;216;216;216m[38;2;215;215;215m▄[48;2;215;214;215m[38;2;215;215;215m▄[48;2;215;217;217m[38;2;215;216;215m▄[48;2;218;210;212m[38;2;216;213;214m▄[48;2;228;131;159m[38;2;218;161;178m▄[48;2;227;118;151m[38;2;211;181;191m▄[48;2;210;114;132m[38;2;203;181;186m▄[48;2;197;89;110m[38;2;189;126;140m▄[48;2;189;78;100m[38;2;197;94;114m▄[48;2;238;167;178m[38;2;228;139;154m▄[48;2;205;112;128m[38;2;213;126;142m▄[48;2;206;104;122m[38;2;232;145;160m▄[48;2;231;147;162m[38;2;183;81;103m▄[48;2;207;98;122m[38;2;187;85;109m▄[48;2;192;72;96m[38;2;220;124;141m▄[48;2;225;140;155m[38;2;216;141;155m▄[48;2;209;109;126m[38;2;183;106;122m▄[48;2;233;159;168m[38;2;235;157;168m▄[48;2;205;107;122m[38;2;190;114;128m▄[48;2;213;165;172m[38;2;225;169;178m▄[48;2;239;172;180m[38;2;217;149;159m▄[48;2;204;189;191m[38;2;205;183;187m▄[48;2;235;173;183m[38;2;232;125;145m▄[48;2;207;156;164m[38;2;193;185;186m▄[48;2;209;154;166m[38;2;194;207;204m▄[48;2;209;173;180m[38;2;215;179;185m▄[48;2;239;188;195m[38;2;240;138;156m▄[48;2;218;144;157m[38;2;207;145;154m▄[48;2;219;153;164m[38;2;209;167;175m▄[48;2;236;161;173m[38;2;232;164;175m▄[48;2;206;197;199m[38;2;219;211;212m▄[48;2;220;225;223m[38;2;226;204;207m▄[48;2;226;228;226m[38;2;231;192;198m▄[48;2;227;228;227m[38;2;225;222;220m▄[48;2;215;214;214m[38;2;226;227;226m▄[48;2;209;209;209m[38;2;210;210;210m▄[48;2;210;210;210m[38;2;211;211;211m▄[48;2;210;210;210m[38;2;210;210;210m▄[48;2;210;210;211m[38;2;210;210;210m▄[48;2;210;210;210m[38;2;210;210;210m▄[48;2;209;209;212m[38;2;209;209;211m▄[48;2;210;209;214m[38;2;210;208;213m▄[48;2;208;208;209m[38;2;209;208;211m▄[48;2;209;208;209m[38;2;209;209;209m▄[48;2;208;208;208m[38;2;208;208;208m▄[48;2;207;207;207m[38;2;208;208;206m▄[48;2;207;207;207m[38;2;208;208;207m▄[48;2;206;206;206m[38;2;206;206;206m▄[48;2;204;204;204m[38;2;204;204;204m▄[48;2;204;204;204m[38;2;204;204;204m▄[48;2;204;204;204m[38;2;203;203;203m▄[48;2;203;203;203m[38;2;203;203;203m▄[48;2;203;203;203m[38;2;203;203;203m▄[0m
[48;2;211;211;211m[38;2;210;210;210m▄[48;2;211;211;211m[38;2;210;210;210m▄[48;2;212;211;212m[38;2;210;210;211m▄[48;2;213;212;213m[38;2;212;212;212m▄[48;2;213;213;212m[38;2;212;212;212m▄[48;2;214;213;215m[38;2;212;212;212m▄[48;2;215;214;215m[38;2;213;213;213m▄[48;2;214;214;214m[38;2;214;214;214m▄[48;2;214;214;214m[38;2;215;214;215m▄[48;2;215;215;215m[38;2;213;213;213m▄[48;2;213;213;213m[38;2;221;221;220m▄[48;2;214;214;214m[38;2;217;217;217m▄[48;2;214;215;214m[38;2;213;213;213m▄[48;2;215;214;214m[38;2;218;218;218m▄[48;2;215;216;216m[38;2;221;221;221m▄[48;2;210;219;217m[38;2;217;215;216m▄[48;2;204;208;205m[38;2;212;209;210m▄[48;2;209;222;219m[38;2;218;225;222m▄[48;2;190;160;169m[38;2;188;127;144m▄[48;2;215;115;135m[38;2;228;110;134m▄[48;2;204;103;123m[38;2;190;89;110m▄[48;2;160;47;74m[38;2;174;112;127m▄[48;2;234;133;151m[38;2;207;106;126m▄[48;2;190;97;116m[38;2;234;131;150m▄[48;2;171;80;104m[38;2;165;63;87m▄[48;2;237;136;159m[38;2;219;115;139m▄[48;2;210;187;189m[38;2;232;172;184m▄[48;2;223;182;187m[38;2;207;113;132m▄[48;2;225;123;140m[38;2;231;134;151m▄[48;2;198;175;178m[38;2;221;163;173m▄[48;2;232;124;142m[38;2;222;144;155m▄[48;2;211;146;157m[38;2;220;125;144m▄[48;2;215;154;167m[38;2;190;134;147m▄[48;2;229;104;129m[38;2;198;157;165m▄[48;2;213;160;168m[38;2;205;117;136m▄[48;2;214;173;181m[38;2;201;151;162m▄[48;2;232;167;179m[38;2;219;195;199m▄[48;2;231;113;136m[38;2;213;116;136m▄[48;2;198;172;174m[38;2;216;217;215m▄[48;2;228;170;181m[38;2;224;165;177m▄[48;2;235;182;188m[38;2;221;112;134m▄[48;2;222;180;188m[38;2;209;177;182m▄[48;2;220;189;194m[38;2;232;200;205m▄[48;2;226;201;204m[38;2;214;173;183m▄[48;2;210;210;210m[38;2;205;211;209m▄[48;2;210;210;210m[38;2;208;207;207m▄[48;2;210;210;210m[38;2;210;210;210m▄[48;2;210;210;210m[38;2;210;210;210m▄[48;2;210;210;210m[38;2;209;209;209m▄[48;2;209;209;210m[38;2;208;208;209m▄[48;2;210;210;210m[38;2;209;209;209m▄[48;2;209;209;210m[38;2;209;209;209m▄[48;2;209;208;210m[38;2;208;208;208m▄[48;2;209;208;210m[38;2;208;208;208m▄[48;2;208;208;209m[38;2;207;207;207m▄[48;2;208;208;208m[38;2;208;208;208m▄[48;2;207;207;203m[38;2;207;207;204m▄[48;2;204;206;202m[38;2;205;206;203m▄[48;2;204;205;205m[38;2;203;205;204m▄[48;2;204;204;205m[38;2;203;204;205m▄[48;2;203;203;204m[38;2;203;203;204m▄[48;2;203;203;203m[38;2;203;203;203m▄[48;2;203;203;203m[38;2;203;203;203m▄[48;2;203;203;203m[38;2;203;203;203m▄[0m
[48;2;210;210;210m[38;2;210;210;210m▄[48;2;210;210;210m[38;2;210;210;210m▄[48;2;210;210;210m[38;2;210;210;210m▄[48;2;210;210;210m[38;2;210;210;210m▄[48;2;212;212;212m[38;2;210;210;210m▄[48;2;211;211;211m[38;2;210;210;210m▄[48;2;211;211;211m[38;2;210;210;210m▄[48;2;213;213;213m[38;2;211;211;211m▄[48;2;213;213;213m[38;2;212;212;212m▄[48;2;213;213;213m[38;2;212;212;212m▄[48;2;216;216;216m[38;2;211;211;211m▄[48;2;214;214;214m[38;2;212;212;212m▄[48;2;214;214;214m[38;2;212;212;213m▄[48;2;214;214;214m[38;2;213;213;213m▄[48;2;215;215;215m[38;2;212;212;212m▄[48;2;214;214;214m[38;2;212;212;212m▄[48;2;215;214;214m[38;2;217;217;217m▄[48;2;217;224;222m[38;2;221;222;222m▄[48;2;189;142;153m[38;2;219;218;218m▄[48;2;171;46;74m[38;2;199;159;169m▄[48;2;176;76;100m[38;2;196;162;170m▄[48;2;206;201;202m[38;2;205;211;210m▄[48;2;190;124;139m[38;2;202;181;187m▄[48;2;222;106;130m[38;2;178;101;121m▄[48;2;212;96;120m[38;2;219;97;125m▄[48;2;174;102;118m[38;2;228;132;152m▄[48;2;201;181;184m[38;2;207;189;192m▄[48;2;192;180;181m[38;2;203;198;199m▄[48;2;195;151;159m[38;2;207;167;176m▄[48;2;199;181;183m[38;2;204;205;204m▄[48;2;199;203;202m[38;2;203;208;207m▄[48;2;191;184;185m[38;2;216;195;200m▄[48;2;193;203;200m[38;2;214;165;176m▄[48;2;207;213;212m[38;2;222;183;190m▄[48;2;204;203;203m[38;2;212;154;167m▄[48;2;210;204;205m[38;2;216;150;166m▄[48;2;210;208;209m[38;2;217;194;200m▄[48;2;208;201;201m[38;2;213;218;216m▄[48;2;213;213;212m[38;2;214;213;213m▄[48;2;205;198;199m[38;2;211;212;211m▄[48;2;214;196;199m[38;2;209;211;211m▄[48;2;208;215;211m[38;2;199;203;202m▄[48;2;209;120;141m[38;2;198;125;144m▄[48;2;205;135;152m[38;2;193;119;138m▄[48;2;201;174;182m[38;2;198;199;199m▄[48;2;209;214;213m[38;2;207;207;207m▄[48;2;209;208;208m[38;2;208;208;208m▄[48;2;210;210;210m[38;2;209;209;209m▄[48;2;209;209;209m[38;2;209;209;209m▄[48;2;208;208;208m[38;2;208;208;208m▄[48;2;208;208;208m[38;2;208;207;208m▄[48;2;208;208;209m[38;2;207;207;207m▄[48;2;208;208;208m[38;2;207;207;207m▄[48;2;207;207;207m[38;2;207;207;207m▄[48;2;207;207;207m[38;2;206;206;206m▄[48;2;207;207;207m[38;2;205;205;205m▄[48;2;207;206;208m[38;2;205;205;206m▄[48;2;205;205;206m[38;2;204;204;205m▄[48;2;204;204;205m[38;2;204;203;204m▄[48;2;203;203;204m[38;2;203;203;203m▄[48;2;203;202;203m[38;2;202;202;202m▄[48;2;202;202;203m[38;2;202;202;202m▄[48;2;203;203;203m[38;2;203;203;203m▄[48;2;203;203;204m[38;2;203;203;204m▄[0m
[48;2;209;209;209m[38;2;211;211;211m▄[48;2;210;210;210m[38;2;211;211;211m▄[48;2;210;210;210m[38;2;211;211;211m▄[48;2;210;210;210m[38;2;211;211;211m▄[48;2;210;210;210m[38;2;211;211;212m▄[48;2;210;210;210m[38;2;212;212;213m▄[48;2;210;210;210m[38;2;213;213;213m▄[48;2;210;210;210m[38;2;213;213;213m▄[48;2;211;211;211m[38;2;214;213;214m▄[48;2;211;211;211m[38;2;213;213;214m▄[48;2;211;211;211m[38;2;213;213;214m▄[48;2;211;211;211m[38;2;214;214;214m▄[48;2;212;212;212m[38;2;214;214;214m▄[48;2;212;212;212m[38;2;214;214;215m▄[48;2;215;215;215m[38;2;221;221;222m▄[48;2;213;213;213m[38;2;215;215;215m▄[48;2;212;212;212m[38;2;214;214;214m▄[48;2;218;218;218m[38;2;214;214;214m▄[48;2;213;214;214m[38;2;213;213;213m▄[48;2;213;220;218m[38;2;215;213;214m▄[48;2;210;216;215m[38;2;220;219;219m▄[48;2;206;204;205m[38;2;220;220;220m▄[48;2;218;222;220m[38;2;217;216;215m▄[48;2;212;221;218m[38;2;212;210;211m▄[48;2;196;178;182m[38;2;213;217;216m▄[48;2;208;112;134m[38;2;202;207;204m▄[48;2;221;95;127m[38;2;189;169;174m▄[48;2;224;140;161m[38;2;196;157;167m▄[48;2;217;128;149m[38;2;195;160;168m▄[48;2;210;108;134m[38;2;181;155;161m▄[48;2;221;130;153m[38;2;194;144;157m▄[48;2;214;152;166m[38;2;216;150;169m▄[48;2;199;173;178m[38;2;218;158;172m▄[48;2;208;216;212m[38;2;233;179;192m▄[48;2;210;223;220m[38;2;227;189;197m▄[48;2;223;239;235m[38;2;213;168;181m▄[48;2;210;212;212m[38;2;194;192;192m▄[48;2;206;206;204m[38;2;198;196;196m▄[48;2;210;211;211m[38;2;202;201;201m▄[48;2;210;210;212m[38;2;205;206;206m▄[48;2;208;207;208m[38;2;208;208;208m▄[48;2;206;207;207m[38;2;208;208;209m▄[48;2;200;204;203m[38;2;209;208;208m▄[48;2;196;200;198m[38;2;207;206;206m▄[48;2;199;200;200m[38;2;207;207;207m▄[48;2;206;206;206m[38;2;209;210;209m▄[48;2;208;208;208m[38;2;209;209;209m▄[48;2;207;207;208m[38;2;209;209;209m▄[48;2;208;208;208m[38;2;208;208;209m▄[48;2;207;207;207m[38;2;208;208;208m▄[48;2;207;207;207m[38;2;208;207;208m▄[48;2;207;207;207m[38;2;207;207;207m▄[48;2;206;206;206m[38;2;207;207;207m▄[48;2;206;206;206m[38;2;207;207;207m▄[48;2;204;204;204m[38;2;206;206;206m▄[48;2;203;203;204m[38;2;206;205;206m▄[48;2;204;204;204m[38;2;205;204;205m▄[48;2;203;203;203m[38;2;203;203;203m▄[48;2;203;203;203m[38;2;203;203;203m▄[48;2;203;203;203m[38;2;202;202;203m▄[48;2;202;202;203m[38;2;202;202;203m▄[48;2;202;202;202m[38;2;203;202;203m▄[48;2;202;202;202m[38;2;202;202;203m▄[48;2;202;202;202m[38;2;203;203;203m▄[0m
[48;2;214;214;214m[38;2;216;216;216m▄[48;2;214;214;214m[38;2;216;216;216m▄[48;2;214;214;214m[38;2;216;216;216m▄[48;2;215;215;215m[38;2;216;216;216m▄[48;2;215;215;215m[38;2;216;216;216m▄[48;2;216;216;216m[38;2;216;216;216m▄[48;2;216;216;215m[38;2;216;216;216m▄[48;2;215;215;215m[38;2;216;216;216m▄[48;2;215;215;215m[38;2;217;217;217m▄[48;2;215;215;215m[38;2;217;217;217m▄[48;2;216;216;216m[38;2;217;217;217m▄[48;2;216;216;216m[38;2;217;217;217m▄[48;2;216;216;216m[38;2;217;217;217m▄[48;2;216;216;216m[38;2;217;217;216m▄[48;2;217;217;218m[38;2;217;217;217m▄[48;2;216;216;216m[38;2;217;217;217m▄[48;2;216;216;216m[38;2;218;218;218m▄[48;2;216;216;216m[38;2;217;217;217m▄[48;2;217;217;217m[38;2;220;220;220m▄[48;2;221;221;221m[38;2;219;219;219m▄[48;2;218;218;218m[38;2;215;215;215m▄[48;2;222;222;222m[38;2;215;215;215m▄[48;2;218;218;218m[38;2;216;216;216m▄[48;2;212;212;212m[38;2;214;214;213m▄[48;2;211;210;209m[38;2;212;212;212m▄[48;2;204;199;199m[38;2;212;210;209m▄[48;2;191;188;188m[38;2;212;207;206m▄[48;2;182;180;178m[38;2;204;196;196m▄[48;2;191;189;186m[38;2;211;206;205m▄[48;2;188;185;182m[38;2;209;203;202m▄[48;2;180;177;173m[38;2;206;196;195m▄[48;2;185;167;168m[38;2;196;190;187m▄[48;2;186;136;146m[38;2;194;192;189m▄[48;2;193;114;133m[38;2;193;193;190m▄[48;2;192;100;122m[38;2;196;194;192m▄[48;2;188;103;125m[38;2;200;200;197m▄[48;2;189;176;176m[38;2;204;197;198m▄[48;2;192;182;182m[38;2;206;201;200m▄[48;2;197;190;189m[38;2;207;204;202m▄[48;2;203;199;199m[38;2;209;207;207m▄[48;2;208;206;207m[38;2;211;211;211m▄[48;2;210;210;210m[38;2;214;214;214m▄[48;2;211;211;210m[38;2;215;215;215m▄[48;2;211;211;212m[38;2;215;215;215m▄[48;2;211;211;212m[38;2;214;214;215m▄[48;2;210;210;210m[38;2;214;214;214m▄[48;2;210;210;210m[38;2;213;213;213m▄[48;2;210;210;210m[38;2;212;212;212m▄[48;2;210;210;210m[38;2;211;211;211m▄[48;2;210;210;210m[38;2;211;211;211m▄[48;2;210;210;210m[38;2;210;210;210m▄[48;2;209;209;209m[38;2;210;209;210m▄[48;2;208;208;208m[38;2;210;210;210m▄[48;2;208;208;209m[38;2;209;209;210m▄[48;2;207;207;208m[38;2;209;209;209m▄[48;2;208;207;208m[38;2;209;209;209m▄[48;2;207;207;207m[38;2;209;209;209m▄[48;2;206;206;207m[38;2;208;208;208m▄[48;2;210;210;211m[38;2;215;215;215m▄[48;2;213;213;213m[38;2;220;220;220m▄[48;2;205;205;205m[38;2;208;208;209m▄[48;2;204;204;205m[38;2;207;207;207m▄[48;2;204;203;205m[38;2;207;207;207m▄[48;2;204;204;204m[38;2;207;207;207m▄[0m
[48;2;218;218;218m[38;2;222;222;222m▄[48;2;218;218;218m[38;2;223;223;222m▄[48;2;219;219;219m[38;2;223;223;223m▄[48;2;219;219;219m[38;2;223;223;223m▄[48;2;220;220;220m[38;2;223;223;223m▄[48;2;219;219;219m[38;2;223;223;223m▄[48;2;219;219;219m[38;2;223;223;223m▄[48;2;219;219;219m[38;2;223;223;223m▄[48;2;220;220;220m[38;2;223;223;223m▄[48;2;220;220;220m[38;2;224;224;224m▄[48;2;221;221;221m[38;2;224;224;224m▄[48;2;220;220;220m[38;2;223;223;223m▄[48;2;220;220;220m[38;2;223;223;223m▄[48;2;219;219;219m[38;2;221;221;221m▄[48;2;218;218;218m[38;2;220;221;221m▄[48;2;215;215;215m[38;2;219;219;219m▄[48;2;211;210;211m[38;2;215;215;215m▄[48;2;204;204;204m[38;2;209;209;209m▄[48;2;198;198;198m[38;2;201;201;201m▄[48;2;195;195;195m[38;2;196;196;196m▄[48;2;192;192;192m[38;2;194;194;194m▄[48;2;191;191;191m[38;2;195;195;195m▄[48;2;190;190;190m[38;2;192;192;192m▄[48;2;191;191;191m[38;2;207;207;207m▄[48;2;192;192;192m[38;2;195;195;195m▄[48;2;199;199;199m[38;2;191;191;191m▄[48;2;214;214;214m[38;2;192;192;192m▄[48;2;204;204;205m[38;2;195;195;195m▄[48;2;202;202;202m[38;2;198;198;198m▄[48;2;206;206;206m[38;2;199;198;199m▄[48;2;216;216;216m[38;2;199;199;199m▄[48;2;203;203;203m[38;2;201;201;201m▄[48;2;203;201;202m[38;2;201;202;202m▄[48;2;205;203;203m[38;2;201;201;202m▄[48;2;207;206;206m[38;2;202;201;202m▄[48;2;206;205;206m[38;2;202;201;202m▄[48;2;203;203;204m[38;2;200;200;201m▄[48;2;199;200;200m[38;2;199;199;200m▄[48;2;195;196;196m[38;2;200;200;200m▄[48;2;195;195;195m[38;2;200;200;200m▄[48;2;198;198;198m[38;2;200;200;201m▄[48;2;205;205;205m[38;2;201;200;201m▄[48;2;210;210;210m[38;2;202;202;202m▄[48;2;212;212;212m[38;2;203;203;203m▄[48;2;212;212;212m[38;2;207;207;207m▄[48;2;214;214;214m[38;2;212;212;212m▄[48;2;215;215;215m[38;2;216;216;215m▄[48;2;215;215;214m[38;2;216;216;216m▄[48;2;214;214;214m[38;2;216;216;216m▄[48;2;214;214;214m[38;2;216;216;216m▄[48;2;213;213;213m[38;2;215;215;215m▄[48;2;212;211;212m[38;2;215;215;215m▄[48;2;212;212;212m[38;2;214;214;214m▄[48;2;211;211;211m[38;2;214;214;214m▄[48;2;211;211;211m[38;2;213;213;213m▄[48;2;211;211;211m[38;2;212;212;212m▄[48;2;210;210;210m[38;2;211;211;211m▄[48;2;211;211;211m[38;2;211;211;211m▄[48;2;210;210;210m[38;2;211;211;211m▄[48;2;210;210;210m[38;2;210;210;210m▄[48;2;208;208;209m[38;2;210;210;210m▄[48;2;208;208;209m[38;2;210;210;210m▄[48;2;208;208;208m[38;2;209;209;209m▄[48;2;209;209;209m[38;2;210;210;210m▄[0m
[48;2;224;224;224m[38;2;226;226;226m▄[48;2;224;223;225m[38;2;225;225;226m▄[48;2;224;224;224m[38;2;226;226;226m▄[48;2;224;224;224m[38;2;227;227;227m▄[48;2;224;224;224m[38;2;226;226;226m▄[48;2;224;224;224m[38;2;225;225;225m▄[48;2;225;225;225m[38;2;226;226;226m▄[48;2;224;224;224m[38;2;226;226;226m▄[48;2;224;224;224m[38;2;227;227;227m▄[48;2;224;224;224m[38;2;227;227;227m▄[48;2;225;225;225m[38;2;227;227;227m▄[48;2;226;226;226m[38;2;227;227;227m▄[48;2;225;225;225m[38;2;227;227;227m▄[48;2;225;225;226m[38;2;228;227;228m▄[48;2;225;225;226m[38;2;228;227;228m▄[48;2;225;225;225m[38;2;227;227;227m▄[48;2;225;225;224m[38;2;228;228;228m▄[48;2;224;224;224m[38;2;227;227;227m▄[48;2;222;222;223m[38;2;227;227;227m▄[48;2;221;221;222m[38;2;227;227;227m▄[48;2;222;222;222m[38;2;226;226;226m▄[48;2;222;222;222m[38;2;226;226;226m▄[48;2;221;221;221m[38;2;225;225;225m▄[48;2;220;220;220m[38;2;225;225;225m▄[48;2;214;214;214m[38;2;226;226;226m▄[48;2;212;212;212m[38;2;226;226;226m▄[48;2;212;212;212m[38;2;225;225;225m▄[48;2;212;212;212m[38;2;225;225;225m▄[48;2;212;212;212m[38;2;224;224;224m▄[48;2;212;212;212m[38;2;224;224;224m▄[48;2;212;212;212m[38;2;223;223;223m▄[48;2;211;211;211m[38;2;223;223;223m▄[48;2;210;211;212m[38;2;222;222;222m▄[48;2;211;211;212m[38;2;222;222;222m▄[48;2;211;211;213m[38;2;222;222;221m▄[48;2;213;213;213m[38;2;222;222;222m▄[48;2;216;216;216m[38;2;222;222;222m▄[48;2;219;219;219m[38;2;222;222;222m▄[48;2;220;220;220m[38;2;222;222;222m▄[48;2;219;219;219m[38;2;222;222;222m▄[48;2;219;219;219m[38;2;221;221;221m▄[48;2;218;218;218m[38;2;221;221;221m▄[48;2;216;216;216m[38;2;220;220;220m▄[48;2;215;215;215m[38;2;220;220;220m▄[48;2;216;216;216m[38;2;218;218;218m▄[48;2;216;216;216m[38;2;217;217;217m▄[48;2;216;216;216m[38;2;217;217;217m▄[48;2;216;216;216m[38;2;216;216;216m▄[48;2;216;216;216m[38;2;216;216;216m▄[48;2;216;216;216m[38;2;216;216;216m▄[48;2;216;216;216m[38;2;216;216;216m▄[48;2;216;216;216m[38;2;216;216;216m▄[48;2;216;216;216m[38;2;216;216;216m▄[48;2;216;216;216m[38;2;215;215;215m▄[48;2;215;215;215m[38;2;216;216;216m▄[48;2;215;215;215m[38;2;216;216;216m▄[48;2;214;214;214m[38;2;215;215;215m▄[48;2;214;214;214m[38;2;215;215;215m▄[48;2;213;213;214m[38;2;215;215;215m▄[48;2;212;212;212m[38;2;214;214;214m▄[48;2;211;211;211m[38;2;214;214;214m▄[48;2;210;210;210m[38;2;213;213;213m▄[48;2;210;210;210m[38;2;212;212;212m▄[48;2;210;210;210m[38;2;211;211;211m▄[0m
