[48;2;219;219;219m[38;2;218;218;218m▄[48;2;221;221;221m[38;2;219;219;219m▄[48;2;221;221;221m[38;2;220;220;220m▄[48;2;222;222;222m[38;2;222;222;222m▄[48;2;222;222;222m[38;2;223;223;223m▄[48;2;223;223;223m[38;2;223;223;223m▄[48;2;224;224;224m[38;2;224;224;224m▄[48;2;224;224;224m[38;2;224;224;224m▄[48;2;224;224;224m[38;2;225;225;225m▄[48;2;224;224;224m[38;2;224;224;224m▄[48;2;225;225;225m[38;2;224;224;224m▄[48;2;225;225;225m[38;2;224;224;224m▄[48;2;226;226;226m[38;2;226;226;226m▄[48;2;227;227;227m[38;2;227;227;227m▄[48;2;228;228;228m[38;2;227;227;227m▄[48;2;227;227;227m[38;2;227;227;227m▄[48;2;227;227;227m[38;2;227;227;227m▄[48;2;227;227;227m[38;2;227;227;227m▄[48;2;227;227;227m[38;2;227;227;227m▄[48;2;228;228;228m[38;2;226;226;226m▄[48;2;228;228;228m[38;2;226;226;226m▄[48;2;228;228;228m[38;2;227;227;227m▄[48;2;227;227;227m[38;2;227;227;227m▄[48;2;227;227;227m[38;2;227;227;227m▄[48;2;227;227;227m[38;2;227;227;227m▄[48;2;227;227;227m[38;2;227;227;227m▄[48;2;227;227;227m[38;2;227;227;227m▄[48;2;227;227;227m[38;2;227;227;227m▄[48;2;228;228;228m[38;2;226;226;226m▄[48;2;225;225;225m[38;2;224;224;224m▄[48;2;224;224;224m[38;2;224;224;224m▄[48;2;226;226;226m[38;2;224;224;224m▄[48;2;226;226;226m[38;2;224;224;224m▄[48;2;224;224;224m[38;2;224;224;224m▄[48;2;223;223;223m[38;2;223;223;223m▄[48;2;223;223;223m[38;2;223;223;223m▄[48;2;223;223;223m[38;2;223;223;223m▄[48;2;222;222;222m[38;2;223;223;223m▄[48;2;221;221;221m[38;2;222;222;222m▄[48;2;222;222;222m[38;2;221;221;221m▄[48;2;219;219;219m[38;2;219;219;219m▄[48;2;218;218;218m[38;2;217;217;217m▄[48;2;217;217;217m[38;2;217;217;217m▄[48;2;216;216;216m[38;2;216;216;216m▄[48;2;216;216;216m[38;2;216;216;216m▄[48;2;217;217;217m[38;2;217;217;217m▄[48;2;216;216;216m[38;2;216;216;216m▄[48;2;216;216;216m[38;2;216;216;216m▄[48;2;215;215;215m[38;2;215;215;215m▄[48;2;215;215;215m[38;2;215;215;215m▄[48;2;214;214;214m[38;2;214;214;214m▄[48;2;213;213;213m[38;2;213;213;213m▄[48;2;212;212;212m[38;2;212;212;212m▄[48;2;211;211;211m[38;2;211;211;211m▄[48;2;211;211;211m[38;2;211;211;211m▄[48;2;211;211;211m[38;2;210;210;210m▄[48;2;209;209;209m[38;2;209;209;209m▄[48;2;209;209;209m[38;2;208;208;208m▄[48;2;209;209;209m[38;2;208;208;208m▄[48;2;208;208;208m[38;2;208;208;208m▄[48;2;207;207;207m[38;2;207;207;207m▄[48;2;207;207;207m[38;2;207;207;207m▄[48;2;206;206;206m[38;2;205;205;205m▄[48;2;204;204;204m[38;2;204;204;204m▄[0m
[48;2;218;218;218m[38;2;217;217;217m▄[48;2;218;218;218m[38;2;218;218;218m▄[48;2;220;220;220m[38;2;218;218;218m▄[48;2;221;221;221m[38;2;220;220;220m▄[48;2;222;222;222m[38;2;222;222;222m▄[48;2;222;222;222m[38;2;222;222;222m▄[48;2;223;223;223m[38;2;223;223;223m▄[48;2;224;224;224m[38;2;223;223;223m▄[48;2;224;224;224m[38;2;224;224;224m▄[48;2;225;225;225m[38;2;224;224;224m▄[48;2;224;224;224m[38;2;224;224;224m▄[48;2;224;224;224m[38;2;224;224;224m▄[48;2;224;224;224m[38;2;224;224;224m▄[48;2;226;226;226m[38;2;224;224;224m▄[48;2;226;226;226m[38;2;224;224;224m▄[48;2;227;227;227m[38;2;226;226;226m▄[48;2;227;227;227m[38;2;227;227;227m▄[48;2;227;227;227m[38;2;227;227;227m▄[48;2;226;226;226m[38;2;226;226;226m▄[48;2;227;227;227m[38;2;226;226;226m▄[48;2;227;227;227m[38;2;227;227;227m▄[48;2;227;227;227m[38;2;227;227;227m▄[48;2;226;226;226m[38;2;226;226;226m▄[48;2;226;226;226m[38;2;227;227;227m▄[48;2;226;226;226m[38;2;226;226;226m▄[48;2;227;227;227m[38;2;226;226;226m▄[48;2;227;227;227m[38;2;225;225;225m▄[48;2;227;227;227m[38;2;225;225;225m▄[48;2;225;225;225m[38;2;223;224;223m▄[48;2;224;224;224m[38;2;222;223;221m▄[48;2;225;225;225m[38;2;223;224;223m▄[48;2;224;224;224m[38;2;225;225;225m▄[48;2;224;224;224m[38;2;224;224;224m▄[48;2;224;224;224m[38;2;224;224;224m▄[48;2;224;224;224m[38;2;222;223;221m▄[48;2;223;223;223m[38;2;223;223;222m▄[48;2;223;223;223m[38;2;223;223;223m▄[48;2;222;222;222m[38;2;222;222;222m▄[48;2;222;222;222m[38;2;221;221;221m▄[48;2;220;220;220m[38;2;221;221;221m▄[48;2;218;218;218m[38;2;218;218;218m▄[48;2;217;217;217m[38;2;217;217;217m▄[48;2;217;217;217m[38;2;216;216;216m▄[48;2;216;216;216m[38;2;216;216;216m▄[48;2;216;216;216m[38;2;216;216;216m▄[48;2;216;216;216m[38;2;216;216;216m▄[48;2;215;215;215m[38;2;215;215;215m▄[48;2;216;216;216m[38;2;215;215;215m▄[48;2;215;215;215m[38;2;215;215;215m▄[48;2;215;215;215m[38;2;215;215;215m▄[48;2;214;214;214m[38;2;213;213;213m▄[48;2;213;213;213m[38;2;213;213;213m▄[48;2;211;211;211m[38;2;212;212;212m▄[48;2;210;210;210m[38;2;210;210;210m▄[48;2;211;211;211m[38;2;211;211;211m▄[48;2;210;210;210m[38;2;210;210;210m▄[48;2;209;209;209m[38;2;209;209;209m▄[48;2;208;208;208m[38;2;208;208;208m▄[48;2;208;208;208m[38;2;209;209;209m▄[48;2;208;208;208m[38;2;208;208;208m▄[48;2;207;207;207m[38;2;207;207;207m▄[48;2;207;207;207m[38;2;207;207;207m▄[48;2;204;204;204m[38;2;205;205;205m▄[48;2;204;204;204m[38;2;204;204;204m▄[0m
[48;2;217;217;217m[38;2;217;217;217m▄[48;2;217;217;217m[38;2;217;217;217m▄[48;2;218;218;218m[38;2;217;217;217m▄[48;2;220;220;220m[38;2;220;220;220m▄[48;2;221;221;221m[38;2;221;221;221m▄[48;2;222;222;222m[38;2;222;222;222m▄[48;2;223;223;223m[38;2;223;223;223m▄[48;2;223;223;223m[38;2;223;223;223m▄[48;2;224;224;224m[38;2;223;223;223m▄[48;2;224;224;224m[38;2;224;224;224m▄[48;2;225;225;225m[38;2;224;224;224m▄[48;2;225;225;225m[38;2;225;225;225m▄[48;2;225;225;225m[38;2;225;225;225m▄[48;2;225;225;225m[38;2;225;225;225m▄[48;2;225;225;225m[38;2;225;225;225m▄[48;2;225;225;225m[38;2;225;225;225m▄[48;2;225;225;225m[38;2;224;224;224m▄[48;2;226;226;226m[38;2;224;224;224m▄[48;2;226;226;226m[38;2;224;224;224m▄[48;2;225;225;225m[38;2;224;224;224m▄[48;2;227;227;227m[38;2;225;225;225m▄[48;2;227;227;227m[38;2;226;226;226m▄[48;2;226;226;226m[38;2;225;225;225m▄[48;2;225;225;225m[38;2;224;224;224m▄[48;2;225;225;225m[38;2;224;224;224m▄[48;2;225;225;225m[38;2;224;224;224m▄[48;2;224;224;224m[38;2;223;224;223m▄[48;2;223;224;223m[38;2;228;226;229m▄[48;2;230;227;231m[38;2;192;207;189m▄[48;2;234;230;235m[38;2;171;195;166m▄[48;2;230;228;230m[38;2;200;210;201m▄[48;2;223;224;223m[38;2;229;227;230m▄[48;2;223;223;223m[38;2;225;225;224m▄[48;2;224;224;223m[38;2;225;224;227m▄[48;2;232;228;233m[38;2;171;194;165m▄[48;2;227;225;228m[38;2;199;211;195m▄[48;2;222;222;222m[38;2;227;225;227m▄[48;2;222;222;222m[38;2;221;221;221m▄[48;2;221;221;221m[38;2;221;221;221m▄[48;2;220;220;220m[38;2;219;219;219m▄[48;2;218;218;218m[38;2;218;218;218m▄[48;2;217;217;217m[38;2;218;218;218m▄[48;2;216;216;216m[38;2;217;217;217m▄[48;2;216;216;216m[38;2;217;217;217m▄[48;2;217;217;217m[38;2;217;217;217m▄[48;2;216;216;216m[38;2;216;216;216m▄[48;2;216;216;216m[38;2;216;216;216m▄[48;2;215;215;215m[38;2;215;215;215m▄[48;2;215;215;215m[38;2;215;215;215m▄[48;2;214;214;215m[38;2;214;214;214m▄[48;2;213;213;213m[38;2;214;214;214m▄[48;2;213;213;213m[38;2;212;212;212m▄[48;2;212;212;212m[38;2;211;211;211m▄[48;2;211;211;211m[38;2;211;211;211m▄[48;2;210;210;210m[38;2;211;211;211m▄[48;2;210;210;210m[38;2;211;211;211m▄[48;2;209;209;209m[38;2;209;209;209m▄[48;2;209;209;209m[38;2;208;208;208m▄[48;2;208;208;208m[38;2;208;208;208m▄[48;2;208;208;208m[38;2;207;207;207m▄[48;2;207;207;207m[38;2;207;207;207m▄[48;2;207;207;207m[38;2;207;207;207m▄[48;2;204;204;204m[38;2;205;205;205m▄[48;2;204;203;205m[38;2;204;204;204m▄[0m
[48;2;217;217;217m[38;2;216;216;216m▄[48;2;217;217;217m[38;2;216;216;216m▄[48;2;217;217;217m[38;2;217;217;217m▄[48;2;219;219;219m[38;2;218;218;218m▄[48;2;221;221;221m[38;2;219;219;219m▄[48;2;221;221;221m[38;2;221;221;221m▄[48;2;222;222;222m[38;2;222;222;222m▄[48;2;223;223;223m[38;2;223;223;223m▄[48;2;223;223;223m[38;2;223;223;223m▄[48;2;224;224;224m[38;2;223;223;223m▄[48;2;224;224;224m[38;2;223;224;223m▄[48;2;224;224;224m[38;2;223;223;223m▄[48;2;225;225;225m[38;2;224;224;224m▄[48;2;225;225;225m[38;2;224;224;224m▄[48;2;224;224;224m[38;2;224;224;224m▄[48;2;225;225;225m[38;2;224;224;224m▄[48;2;224;224;224m[38;2;224;224;224m▄[48;2;225;225;225m[38;2;224;224;224m▄[48;2;224;224;224m[38;2;224;224;224m▄[48;2;224;224;224m[38;2;224;224;224m▄[48;2;224;224;224m[38;2;224;224;224m▄[48;2;224;224;224m[38;2;224;224;224m▄[48;2;224;224;224m[38;2;224;224;224m▄[48;2;224;224;224m[38;2;224;224;224m▄[48;2;224;224;224m[38;2;224;224;224m▄[48;2;224;224;224m[38;2;224;224;224m▄[48;2;222;223;222m[38;2;222;223;222m▄[48;2;231;228;233m[38;2;232;228;232m▄[48;2;159;189;150m[38;2;185;200;183m▄[48;2;142;188;94m[38;2;134;180;83m▄[48;2;135;181;96m[38;2;138;182;77m▄[48;2;161;188;151m[38;2;127;176;80m▄[48;2;233;228;238m[38;2;162;188;156m▄[48;2;163;191;153m[38;2;116;164;94m▄[48;2;100;159;63m[38;2;174;189;171m▄[48;2;170;193;164m[38;2;211;208;215m▄[48;2;227;224;228m[38;2;222;219;222m▄[48;2;218;219;218m[38;2;225;224;225m▄[48;2;221;221;221m[38;2;220;220;220m▄[48;2;219;219;219m[38;2;219;219;219m▄[48;2;217;217;217m[38;2;217;217;217m▄[48;2;217;217;217m[38;2;217;217;217m▄[48;2;217;217;217m[38;2;217;217;217m▄[48;2;217;217;217m[38;2;217;217;217m▄[48;2;217;217;217m[38;2;216;216;216m▄[48;2;216;216;216m[38;2;216;216;216m▄[48;2;215;215;215m[38;2;215;215;215m▄[48;2;215;215;215m[38;2;215;215;215m▄[48;2;215;215;215m[38;2;214;214;214m▄[48;2;214;214;214m[38;2;214;214;214m▄[48;2;213;213;213m[38;2;213;213;213m▄[48;2;212;212;212m[38;2;213;213;213m▄[48;2;211;211;211m[38;2;211;211;211m▄[48;2;211;211;211m[38;2;211;211;211m▄[48;2;211;211;211m[38;2;211;211;211m▄[48;2;210;210;210m[38;2;210;210;210m▄[48;2;209;209;209m[38;2;209;209;209m▄[48;2;208;208;208m[38;2;208;208;208m▄[48;2;208;208;208m[38;2;207;207;207m▄[48;2;207;207;208m[38;2;207;207;208m▄[48;2;207;207;207m[38;2;207;207;207m▄[48;2;207;207;206m[38;2;206;206;206m▄[48;2;204;204;205m[38;2;204;204;204m▄[48;2;203;203;204m[38;2;204;204;204m▄[0m
[48;2;216;216;216m[38;2;216;216;216m▄[48;2;216;216;216m[38;2;216;216;216m▄[48;2;217;217;217m[38;2;216;216;216m▄[48;2;218;218;218m[38;2;217;217;217m▄[48;2;218;218;218m[38;2;218;218;218m▄[48;2;220;220;220m[38;2;219;219;219m▄[48;2;221;221;221m[38;2;220;220;221m▄[48;2;222;222;222m[38;2;222;222;222m▄[48;2;223;223;223m[38;2;222;222;222m▄[48;2;223;223;223m[38;2;222;222;222m▄[48;2;223;223;223m[38;2;222;222;222m▄[48;2;223;223;223m[38;2;223;223;223m▄[48;2;224;224;224m[38;2;223;223;223m▄[48;2;223;223;224m[38;2;223;223;223m▄[48;2;224;224;224m[38;2;224;224;224m▄[48;2;224;224;224m[38;2;224;224;224m▄[48;2;225;225;225m[38;2;225;225;225m▄[48;2;225;225;226m[38;2;225;225;225m▄[48;2;224;224;224m[38;2;224;224;224m▄[48;2;224;224;225m[38;2;224;224;224m▄[48;2;224;224;224m[38;2;224;224;224m▄[48;2;225;225;225m[38;2;224;224;224m▄[48;2;225;225;225m[38;2;224;224;224m▄[48;2;224;224;224m[38;2;224;224;224m▄[48;2;224;224;224m[38;2;223;223;223m▄[48;2;224;224;224m[38;2;223;223;223m▄[48;2;224;224;224m[38;2;224;225;225m▄[48;2;225;225;225m[38;2;222;224;224m▄[48;2;225;229;233m[38;2;222;185;191m▄[48;2;145;183;132m[38;2;223;165;175m▄[48;2;113;177;71m[38;2;167;150;128m▄[48;2;104;168;70m[38;2;121;147;99m▄[48;2;81;146;61m[38;2;91;141;74m▄[48;2;119;161;110m[38;2;83;156;69m▄[48;2;153;184;139m[38;2;108;170;71m▄[48;2;146;183;123m[38;2;136;188;81m▄[48;2;158;187;149m[38;2;144;193;83m▄[48;2;205;211;206m[38;2;119;166;94m▄[48;2;223;221;223m[38;2;204;208;205m▄[48;2;217;217;217m[38;2;220;219;220m▄[48;2;217;217;217m[38;2;216;216;216m▄[48;2;216;216;216m[38;2;216;216;216m▄[48;2;216;216;216m[38;2;216;216;216m▄[48;2;217;217;217m[38;2;217;217;217m▄[48;2;216;216;216m[38;2;216;216;216m▄[48;2;216;216;216m[38;2;216;216;216m▄[48;2;215;215;215m[38;2;215;215;215m▄[48;2;215;215;215m[38;2;215;215;215m▄[48;2;214;214;214m[38;2;214;214;214m▄[48;2;213;213;213m[38;2;213;213;213m▄[48;2;213;213;213m[38;2;212;212;212m▄[48;2;211;211;211m[38;2;211;211;211m▄[48;2;211;211;211m[38;2;211;211;211m▄[48;2;211;211;211m[38;2;211;211;211m▄[48;2;211;211;211m[38;2;211;211;211m▄[48;2;210;210;210m[38;2;209;209;209m▄[48;2;208;208;208m[38;2;209;209;209m▄[48;2;208;208;208m[38;2;208;208;208m▄[48;2;208;208;208m[38;2;208;208;208m▄[48;2;208;208;208m[38;2;207;207;207m▄[48;2;207;207;207m[38;2;207;207;207m▄[48;2;206;206;206m[38;2;205;205;206m▄[48;2;205;205;205m[38;2;204;204;205m▄[48;2;204;204;204m[38;2;204;204;204m▄[0m
[48;2;216;216;216m[38;2;216;216;216m▄[48;2;216;216;216m[38;2;216;216;216m▄[48;2;216;216;216m[38;2;216;216;216m▄[48;2;216;216;216m[38;2;216;216;216m▄[48;2;217;217;217m[38;2;217;217;217m▄[48;2;218;218;218m[38;2;217;217;217m▄[48;2;219;219;219m[38;2;218;218;218m▄[48;2;220;220;220m[38;2;219;219;219m▄[48;2;221;221;221m[38;2;221;221;221m▄[48;2;222;222;222m[38;2;221;221;221m▄[48;2;222;222;222m[38;2;222;222;222m▄[48;2;223;223;223m[38;2;222;222;222m▄[48;2;223;223;223m[38;2;222;222;222m▄[48;2;223;223;223m[38;2;223;223;223m▄[48;2;224;224;224m[38;2;223;223;223m▄[48;2;224;224;224m[38;2;223;223;223m▄[48;2;224;224;224m[38;2;223;223;223m▄[48;2;224;224;224m[38;2;223;223;223m▄[48;2;224;224;224m[38;2;223;223;223m▄[48;2;224;224;224m[38;2;223;223;223m▄[48;2;224;224;224m[38;2;223;223;223m▄[48;2;224;224;224m[38;2;223;223;223m▄[48;2;224;224;224m[38;2;223;223;223m▄[48;2;223;223;223m[38;2;223;223;223m▄[48;2;223;223;223m[38;2;223;222;222m▄[48;2;223;222;222m[38;2;224;227;226m▄[48;2;224;227;227m[38;2;220;213;215m▄[48;2;220;170;175m[38;2;217;124;137m▄[48;2;234;137;145m[38;2;229;132;142m▄[48;2;241;140;150m[38;2;225;125;137m▄[48;2;236;129;145m[38;2;222;132;140m▄[48;2;232;146;163m[38;2;239;165;171m▄[48;2;225;153;158m[38;2;239;151;163m▄[48;2;135;132;92m[38;2;232;132;147m▄[48;2;113;163;82m[38;2;228;149;155m▄[48;2;123;172;78m[38;2;199;139;141m▄[48;2;124;169;92m[38;2;193;194;198m▄[48;2;161;182;154m[38;2;209;206;213m▄[48;2;208;208;209m[38;2;210;210;211m▄[48;2;216;216;216m[38;2;216;216;216m▄[48;2;216;216;216m[38;2;216;216;216m▄[48;2;217;217;217m[38;2;216;216;216m▄[48;2;217;217;217m[38;2;217;217;216m▄[48;2;216;216;216m[38;2;216;216;216m▄[48;2;216;216;216m[38;2;216;216;216m▄[48;2;216;216;216m[38;2;215;215;215m▄[48;2;215;215;215m[38;2;215;215;215m▄[48;2;215;215;215m[38;2;214;214;214m▄[48;2;213;213;213m[38;2;213;213;213m▄[48;2;213;213;213m[38;2;213;213;213m▄[48;2;212;212;212m[38;2;212;212;212m▄[48;2;211;211;211m[38;2;211;211;211m▄[48;2;211;211;211m[38;2;211;211;211m▄[48;2;211;211;211m[38;2;211;211;211m▄[48;2;210;210;210m[38;2;211;211;211m▄[48;2;209;209;209m[38;2;209;208;210m▄[48;2;209;209;209m[38;2;209;209;209m▄[48;2;209;209;209m[38;2;208;208;208m▄[48;2;208;208;208m[38;2;208;208;208m▄[48;2;207;207;207m[38;2;207;207;207m▄[48;2;207;207;207m[38;2;206;206;206m▄[48;2;205;205;205m[38;2;205;205;205m▄[48;2;204;204;204m[38;2;204;204;204m▄[48;2;204;204;204m[38;2;203;203;203m▄[0m
[48;2;216;216;216m[38;2;215;215;215m▄[48;2;216;216;216m[38;2;216;216;216m▄[48;2;216;216;216m[38;2;216;216;216m▄[48;2;216;216;216m[38;2;216;216;216m▄[48;2;216;216;216m[38;2;216;216;216m▄[48;2;217;217;217m[38;2;216;216;216m▄[48;2;218;218;218m[38;2;217;217;217m▄[48;2;218;218;218m[38;2;218;218;218m▄[48;2;219;219;219m[38;2;218;218;218m▄[48;2;220;220;220m[38;2;219;219;219m▄[48;2;221;221;221m[38;2;219;219;219m▄[48;2;222;222;222m[38;2;221;221;221m▄[48;2;222;222;222m[38;2;221;221;221m▄[48;2;222;222;222m[38;2;221;221;221m▄[48;2;222;222;222m[38;2;221;221;221m▄[48;2;223;223;223m[38;2;222;222;222m▄[48;2;223;223;223m[38;2;222;222;222m▄[48;2;222;222;222m[38;2;222;222;222m▄[48;2;223;223;223m[38;2;223;223;223m▄[48;2;223;223;223m[38;2;223;223;223m▄[48;2;223;223;223m[38;2;223;223;223m▄[48;2;223;223;223m[38;2;222;222;222m▄[48;2;223;223;223m[38;2;223;223;223m▄[48;2;222;222;222m[38;2;223;222;222m▄[48;2;223;222;222m[38;2;224;228;227m▄[48;2;223;228;227m[38;2;215;201;204m▄[48;2;213;158;168m[38;2;221;124;139m▄[48;2;225;126;140m[38;2;236;127;141m▄[48;2;233;136;148m[38;2;219;100;119m▄[48;2;220;128;140m[38;2;213;136;149m▄[48;2;218;146;156m[38;2;253;255;255m▄[48;2;231;141;151m[38;2;223;168;176m▄[48;2;240;162;170m[38;2;224;131;142m▄[48;2;222;132;142m[38;2;223;134;144m▄[48;2;242;155;165m[38;2;224;144;154m▄[48;2;228;134;146m[38;2;219;112;126m▄[48;2;202;150;158m[38;2;213;110;125m▄[48;2;212;219;217m[38;2;209;202;204m▄[48;2;217;216;216m[38;2;217;218;217m▄[48;2;216;217;218m[38;2;214;210;204m▄[48;2;216;216;216m[38;2;214;207;196m▄[48;2;217;216;216m[38;2;214;205;191m▄[48;2;217;219;221m[38;2;213;203;189m▄[48;2;216;216;217m[38;2;215;215;215m▄[48;2;216;216;216m[38;2;215;215;216m▄[48;2;215;215;215m[38;2;215;215;215m▄[48;2;215;215;215m[38;2;215;215;215m▄[48;2;214;214;214m[38;2;214;214;214m▄[48;2;213;213;213m[38;2;213;213;213m▄[48;2;213;213;213m[38;2;212;212;212m▄[48;2;212;212;212m[38;2;211;211;211m▄[48;2;211;211;211m[38;2;211;211;211m▄[48;2;211;211;211m[38;2;211;211;211m▄[48;2;210;210;210m[38;2;211;211;211m▄[48;2;210;210;210m[38;2;209;209;209m▄[48;2;209;209;209m[38;2;209;209;209m▄[48;2;209;209;209m[38;2;208;208;209m▄[48;2;208;208;208m[38;2;208;208;208m▄[48;2;208;208;208m[38;2;207;207;207m▄[48;2;207;207;207m[38;2;207;207;207m▄[48;2;206;206;206m[38;2;206;206;206m▄[48;2;205;205;205m[38;2;204;205;204m▄[48;2;204;204;204m[38;2;204;204;204m▄[48;2;203;203;203m[38;2;203;203;203m▄[0m
[48;2;215;215;215m[38;2;215;215;215m▄[48;2;215;215;215m[38;2;216;216;216m▄[48;2;217;217;217m[38;2;216;216;216m▄[48;2;216;216;216m[38;2;215;215;215m▄[48;2;216;216;216m[38;2;216;216;216m▄[48;2;216;216;216m[38;2;217;217;217m▄[48;2;217;217;217m[38;2;217;217;217m▄[48;2;217;217;217m[38;2;217;217;217m▄[48;2;217;217;217m[38;2;216;216;216m▄[48;2;218;218;218m[38;2;217;217;217m▄[48;2;219;219;219m[38;2;217;217;217m▄[48;2;219;219;219m[38;2;218;218;218m▄[48;2;219;219;219m[38;2;218;218;218m▄[48;2;219;219;220m[38;2;219;219;219m▄[48;2;221;221;221m[38;2;219;219;219m▄[48;2;222;222;222m[38;2;220;220;220m▄[48;2;222;222;222m[38;2;221;221;221m▄[48;2;222;222;222m[38;2;221;221;221m▄[48;2;222;222;222m[38;2;221;221;221m▄[48;2;222;222;222m[38;2;221;221;221m▄[48;2;222;222;222m[38;2;221;221;221m▄[48;2;222;222;222m[38;2;220;220;220m▄[48;2;222;222;222m[38;2;221;220;220m▄[48;2;222;221;221m[38;2;221;219;219m▄[48;2;224;228;227m[38;2;222;220;220m▄[48;2;211;192;197m[38;2;220;219;219m▄[48;2;218;111;128m[38;2;199;115;131m▄[48;2;222;112;129m[38;2;212;100;118m▄[48;2;210;100;119m[38;2;222;106;124m▄[48;2;203;93;112m[38;2;218;105;123m▄[48;2;225;181;190m[38;2;217;106;122m▄[48;2;255;255;255m[38;2;216;151;164m▄[48;2;238;214;218m[38;2;240;226;230m▄[48;2;204;111;127m[38;2;214;117;133m▄[48;2;214;104;121m[38;2;230;120;134m▄[48;2;230;119;134m[38;2;224;111;127m▄[48;2;214;107;124m[38;2;196;120;135m▄[48;2;201;188;192m[38;2;202;204;204m▄[48;2;216;217;213m[38;2;216;215;216m▄[48;2;215;212;207m[38;2;216;216;217m▄[48;2;215;215;214m[38;2;215;215;214m▄[48;2;214;216;217m[38;2;216;217;219m▄[48;2;212;203;193m[38;2;216;217;219m▄[48;2;211;200;186m[38;2;206;192;172m▄[48;2;216;217;219m[38;2;215;216;217m▄[48;2;214;214;214m[38;2;215;215;214m▄[48;2;214;214;214m[38;2;213;213;214m▄[48;2;213;213;213m[38;2;213;212;213m▄[48;2;212;212;212m[38;2;211;211;211m▄[48;2;211;211;211m[38;2;210;210;210m▄[48;2;211;211;211m[38;2;211;211;211m▄[48;2;211;211;211m[38;2;211;211;211m▄[48;2;211;211;211m[38;2;210;210;210m▄[48;2;211;211;211m[38;2;210;210;210m▄[48;2;209;209;209m[38;2;209;209;209m▄[48;2;208;208;208m[38;2;209;209;209m▄[48;2;208;208;208m[38;2;208;208;208m▄[48;2;208;208;208m[38;2;208;208;208m▄[48;2;207;207;207m[38;2;207;207;207m▄[48;2;207;207;207m[38;2;207;207;207m▄[48;2;205;205;205m[38;2;204;204;204m▄[48;2;204;204;204m[38;2;204;204;204m▄[48;2;203;203;203m[38;2;203;203;203m▄[48;2;203;203;203m[38;2;203;203;203m▄[0m
[48;2;215;215;215m[38;2;214;214;214m▄[48;2;216;216;216m[38;2;215;215;215m▄[48;2;215;215;215m[38;2;215;215;215m▄[48;2;215;215;215m[38;2;215;215;215m▄[48;2;217;217;217m[38;2;215;215;215m▄[48;2;217;217;217m[38;2;216;216;216m▄[48;2;217;217;217m[38;2;216;216;216m▄[48;2;217;217;217m[38;2;217;217;217m▄[48;2;216;216;216m[38;2;217;217;217m▄[48;2;216;216;216m[38;2;216;216;216m▄[48;2;216;216;216m[38;2;217;217;217m▄[48;2;216;216;216m[38;2;217;217;217m▄[48;2;217;217;217m[38;2;217;217;217m▄[48;2;217;217;217m[38;2;216;216;216m▄[48;2;217;217;217m[38;2;217;217;217m▄[48;2;218;218;218m[38;2;217;217;217m▄[48;2;219;219;219m[38;2;217;217;217m▄[48;2;220;220;220m[38;2;218;218;218m▄[48;2;219;219;219m[38;2;218;216;217m▄[48;2;220;219;219m[38;2;219;224;223m▄[48;2;220;219;219m[38;2;218;221;220m▄[48;2;220;225;224m[38;2;217;195;197m▄[48;2;220;226;226m[38;2;222;190;192m▄[48;2;219;225;224m[38;2;223;188;191m▄[48;2;219;224;224m[38;2;221;185;188m▄[48;2;223;231;229m[38;2;219;202;204m▄[48;2;205;187;192m[38;2;217;225;224m▄[48;2;211;103;120m[38;2;201;117;133m▄[48;2;224;105;123m[38;2;224;96;113m▄[48;2;211;98;118m[38;2;210;92;113m▄[48;2;233;131;143m[38;2;227;119;133m▄[48;2;224;115;129m[38;2;207;100;119m▄[48;2;195;82;105m[38;2;204;83;104m▄[48;2;204;87;109m[38;2;219;95;115m▄[48;2;211;96;116m[38;2;212;79;102m▄[48;2;195;83;104m[38;2;190;110;126m▄[48;2;191;181;185m[38;2;198;208;206m▄[48;2;207;215;214m[38;2;217;173;176m▄[48;2;215;218;217m[38;2;225;164;167m▄[48;2;216;218;218m[38;2;217;203;206m▄[48;2;217;218;220m[38;2;206;201;189m▄[48;2;213;208;205m[38;2;201;193;172m▄[48;2;203;188;167m[38;2;209;209;202m▄[48;2;208;200;189m[38;2;213;212;212m▄[48;2;214;215;217m[38;2;208;203;196m▄[48;2;213;213;213m[38;2;212;213;214m▄[48;2;213;213;213m[38;2;212;212;212m▄[48;2;212;212;213m[38;2;212;212;212m▄[48;2;211;211;211m[38;2;210;210;210m▄[48;2;211;211;211m[38;2;210;210;210m▄[48;2;211;211;211m[38;2;211;211;211m▄[48;2;211;211;211m[38;2;210;210;210m▄[48;2;210;210;210m[38;2;209;209;209m▄[48;2;209;209;209m[38;2;208;208;209m▄[48;2;208;208;208m[38;2;208;208;208m▄[48;2;208;208;208m[38;2;208;208;208m▄[48;2;208;208;208m[38;2;207;207;207m▄[48;2;207;207;207m[38;2;207;207;207m▄[48;2;207;207;207m[38;2;207;207;207m▄[48;2;206;206;206m[38;2;205;205;205m▄[48;2;204;204;204m[38;2;204;204;204m▄[48;2;204;204;204m[38;2;203;203;203m▄[48;2;203;203;203m[38;2;203;203;203m▄[48;2;203;203;203m[38;2;203;203;203m▄[0m
[48;2;214;214;214m[38;2;214;214;214m▄[48;2;214;214;214m[38;2;214;214;214m▄[48;2;214;214;214m[38;2;215;215;215m▄[48;2;215;215;215m[38;2;215;215;215m▄[48;2;215;215;215m[38;2;215;215;215m▄[48;2;215;215;215m[38;2;215;215;215m▄[48;2;216;216;216m[38;2;215;215;215m▄[48;2;216;216;216m[38;2;215;215;215m▄[48;2;217;217;216m[38;2;216;216;215m▄[48;2;217;217;217m[38;2;217;217;217m▄[48;2;217;217;217m[38;2;217;217;217m▄[48;2;216;216;216m[38;2;217;217;217m▄[48;2;216;216;216m[38;2;217;217;217m▄[48;2;216;216;216m[38;2;216;216;216m▄[48;2;217;217;217m[38;2;217;217;217m▄[48;2;217;217;217m[38;2;217;217;217m▄[48;2;217;217;217m[38;2;217;217;217m▄[48;2;217;216;216m[38;2;217;220;219m▄[48;2;217;222;221m[38;2;216;205;206m▄[48;2;216;197;197m[38;2;226;157;165m▄[48;2;225;163;169m[38;2;233;183;188m▄[48;2;230;160;166m[38;2;210;109;120m▄[48;2;222;136;144m[38;2;232;159;167m▄[48;2;225;137;145m[38;2;221;131;142m▄[48;2;232;156;162m[38;2;210;125;134m▄[48;2;229;150;158m[38;2;243;186;192m▄[48;2;218;185;188m[38;2;220;150;158m▄[48;2;208;201;203m[38;2;212;217;216m▄[48;2;199;113;129m[38;2;209;210;212m▄[48;2;200;87;110m[38;2;198;200;203m▄[48;2;193;105;122m[38;2;203;169;172m▄[48;2;205;131;139m[38;2;236;158;164m▄[48;2;211;131;140m[38;2;221;149;155m▄[48;2;199;90;111m[38;2;194;189;189m▄[48;2;191;107;125m[38;2;195;200;200m▄[48;2;191;189;190m[38;2;205;210;209m▄[48;2;207;175;176m[38;2;220;149;156m▄[48;2;234;160;166m[38;2;233;175;181m▄[48;2;232;163;170m[38;2;212;119;131m▄[48;2;214;162;162m[38;2;208;174;175m▄[48;2;201;198;184m[38;2;209;182;185m▄[48;2;219;177;182m[38;2;232;144;153m▄[48;2;217;192;196m[38;2;220;138;146m▄[48;2;208;205;197m[38;2;209;202;202m▄[48;2;209;205;200m[38;2;212;213;214m▄[48;2;212;212;213m[38;2;211;210;210m▄[48;2;211;211;211m[38;2;211;211;211m▄[48;2;211;211;211m[38;2;211;211;211m▄[48;2;211;211;211m[38;2;211;211;211m▄[48;2;211;211;211m[38;2;211;211;211m▄[48;2;211;211;211m[38;2;210;210;210m▄[48;2;209;209;209m[38;2;208;208;208m▄[48;2;209;209;209m[38;2;209;209;209m▄[48;2;209;209;209m[38;2;209;209;209m▄[48;2;208;208;208m[38;2;208;208;208m▄[48;2;208;208;208m[38;2;207;207;208m▄[48;2;207;207;207m[38;2;207;207;207m▄[48;2;207;207;207m[38;2;207;207;207m▄[48;2;207;207;207m[38;2;206;206;206m▄[48;2;205;205;205m[38;2;204;204;204m▄[48;2;204;204;204m[38;2;203;203;203m▄[48;2;202;202;202m[38;2;203;203;203m▄[48;2;203;203;203m[38;2;203;203;203m▄[48;2;203;203;203m[38;2;203;203;203m▄[0m
[48;2;213;213;213m[38;2;212;212;212m▄[48;2;214;214;214m[38;2;212;212;212m▄[48;2;214;214;214m[38;2;213;213;213m▄[48;2;215;215;215m[38;2;215;215;215m▄[48;2;215;215;215m[38;2;215;215;215m▄[48;2;215;215;215m[38;2;215;215;215m▄[48;2;215;215;215m[38;2;215;215;215m▄[48;2;216;216;216m[38;2;215;215;215m▄[48;2;216;216;216m[38;2;216;216;216m▄[48;2;216;216;216m[38;2;216;216;216m▄[48;2;216;216;216m[38;2;216;216;216m▄[48;2;217;217;217m[38;2;216;216;216m▄[48;2;216;216;216m[38;2;216;216;216m▄[48;2;217;217;217m[38;2;216;216;216m▄[48;2;217;217;217m[38;2;217;217;216m▄[48;2;217;217;217m[38;2;217;216;217m▄[48;2;217;215;215m[38;2;217;216;216m▄[48;2;219;227;226m[38;2;218;222;221m▄[48;2;209;162;169m[38;2;214;196;199m▄[48;2;234;179;185m[38;2;201;112;126m▄[48;2;215;142;151m[38;2;185;80;97m▄[48;2;206;108;119m[38;2;215;135;145m▄[48;2;237;178;185m[38;2;228;158;167m▄[48;2;197;108;120m[38;2;206;112;127m▄[48;2;215;148;156m[38;2;224;154;165m▄[48;2;239;180;188m[38;2;190;89;106m▄[48;2;199;104;117m[38;2;214;132;143m▄[48;2;214;148;157m[38;2;210;131;144m▄[48;2;214;141;152m[38;2;225;158;168m▄[48;2;208;152;160m[38;2;215;131;145m▄[48;2;205;139;147m[38;2;198;100;117m▄[48;2;207;108;120m[38;2;231;170;179m▄[48;2;202;125;135m[38;2;187;86;104m▄[48;2;204;152;160m[38;2;226;156;167m▄[48;2;218;147;156m[38;2;210;131;144m▄[48;2;204;129;140m[38;2;204;113;127m▄[48;2;226;154;162m[38;2;229;164;173m▄[48;2;227;172;178m[38;2;212;148;158m▄[48;2;209;116;129m[38;2;224;161;170m▄[48;2;206;143;152m[38;2;216;130;144m▄[48;2;204;145;153m[38;2;197;102;118m▄[48;2;211;112;125m[38;2;233;165;174m▄[48;2;204;140;148m[38;2;186;123;135m▄[48;2;205;210;210m[38;2;203;205;205m▄[48;2;210;209;209m[38;2;211;210;210m▄[48;2;210;210;210m[38;2;211;210;210m▄[48;2;211;211;211m[38;2;211;211;211m▄[48;2;211;211;211m[38;2;211;211;211m▄[48;2;210;210;210m[38;2;211;210;210m▄[48;2;211;211;210m[38;2;209;210;211m▄[48;2;210;210;210m[38;2;209;211;215m▄[48;2;209;209;211m[38;2;210;209;214m▄[48;2;209;208;209m[38;2;209;208;211m▄[48;2;208;208;208m[38;2;208;208;208m▄[48;2;208;208;208m[38;2;208;208;208m▄[48;2;208;208;207m[38;2;208;208;204m▄[48;2;207;207;205m[38;2;207;207;202m▄[48;2;206;206;207m[38;2;207;207;203m▄[48;2;205;205;205m[38;2;204;204;203m▄[48;2;204;204;204m[38;2;204;204;203m▄[48;2;204;204;204m[38;2;203;203;203m▄[48;2;203;203;203m[38;2;202;202;202m▄[48;2;203;203;203m[38;2;202;202;202m▄[48;2;201;201;202m[38;2;202;201;204m▄[0m
[48;2;211;211;211m[38;2;210;210;210m▄[48;2;211;211;211m[38;2;210;210;210m▄[48;2;213;212;213m[38;2;211;211;211m▄[48;2;212;212;212m[38;2;212;212;212m▄[48;2;213;213;213m[38;2;213;213;213m▄[48;2;214;214;214m[38;2;214;214;214m▄[48;2;215;215;215m[38;2;213;213;213m▄[48;2;215;215;215m[38;2;214;214;214m▄[48;2;215;215;215m[38;2;215;215;215m▄[48;2;215;215;215m[38;2;215;215;215m▄[48;2;215;215;215m[38;2;215;215;215m▄[48;2;216;216;216m[38;2;215;215;215m▄[48;2;215;215;215m[38;2;215;215;215m▄[48;2;216;216;216m[38;2;215;215;215m▄[48;2;216;216;216m[38;2;215;215;215m▄[48;2;216;216;216m[38;2;216;216;216m▄[48;2;216;216;216m[38;2;216;216;216m▄[48;2;216;215;215m[38;2;216;216;216m▄[48;2;217;219;219m[38;2;216;215;214m▄[48;2;212;206;208m[38;2;207;209;204m▄[48;2;181;114;129m[38;2;188;110;127m▄[48;2;222;132;146m[38;2;227;127;142m▄[48;2;198;107;125m[38;2;158;66;88m▄[48;2;233;157;167m[38;2;210;117;133m▄[48;2;182;89;109m[38;2;210;123;138m▄[48;2;189;97;114m[38;2;168;68;92m▄[48;2;227;149;161m[38;2;233;141;154m▄[48;2;167;59;82m[38;2;196;106;123m▄[48;2;231;157;167m[38;2;234;147;159m▄[48;2;179;78;101m[38;2;190;96;116m▄[48;2;220;136;150m[38;2;227;138;151m▄[48;2;194;102;120m[38;2;196;102;120m▄[48;2;206;116;133m[38;2;205;116;133m▄[48;2;213;134;147m[38;2;217;125;140m▄[48;2;166;67;88m[38;2;183;98;116m▄[48;2;186;87;107m[38;2;205;121;137m▄[48;2;241;167;178m[38;2;230;141;155m▄[48;2;187;98;117m[38;2;158;47;73m▄[48;2;217;132;146m[38;2;227;131;145m▄[48;2;186;93;111m[38;2;194;103;119m▄[48;2;213;124;140m[38;2;224;137;151m▄[48;2;202;112;129m[38;2;200;106;123m▄[48;2;177;66;89m[38;2;176;78;100m▄[48;2;195;142;154m[38;2;193;162;169m▄[48;2;212;219;218m[38;2;208;213;212m▄[48;2;210;208;209m[38;2;210;209;209m▄[48;2;211;211;211m[38;2;211;211;211m▄[48;2;211;211;211m[38;2;211;211;211m▄[48;2;211;211;211m[38;2;211;211;211m▄[48;2;209;210;212m[38;2;210;210;210m▄[48;2;208;212;216m[38;2;208;209;211m▄[48;2;208;209;215m[38;2;207;208;212m▄[48;2;209;208;213m[38;2;209;208;212m▄[48;2;208;208;210m[38;2;208;207;209m▄[48;2;208;208;208m[38;2;208;208;208m▄[48;2;208;208;207m[38;2;208;208;206m▄[48;2;207;208;202m[38;2;205;207;201m▄[48;2;206;207;201m[38;2;204;207;201m▄[48;2;203;204;200m[38;2;202;205;203m▄[48;2;202;203;203m[38;2;202;203;203m▄[48;2;203;203;203m[38;2;203;202;202m▄[48;2;203;202;203m[38;2;202;202;203m▄[48;2;202;202;203m[38;2;201;201;202m▄[48;2;202;202;202m[38;2;201;201;201m▄[0m
[48;2;210;210;210m[38;2;210;210;210m▄[48;2;210;210;210m[38;2;210;210;210m▄[48;2;210;210;210m[38;2;210;210;210m▄[48;2;210;210;210m[38;2;210;210;210m▄[48;2;211;211;211m[38;2;210;210;210m▄[48;2;211;211;211m[38;2;210;210;210m▄[48;2;212;212;212m[38;2;212;212;212m▄[48;2;213;213;213m[38;2;212;212;212m▄[48;2;214;214;214m[38;2;212;212;212m▄[48;2;214;214;214m[38;2;213;213;213m▄[48;2;215;215;215m[38;2;214;214;214m▄[48;2;215;215;215m[38;2;214;214;215m▄[48;2;215;215;215m[38;2;215;215;215m▄[48;2;215;215;215m[38;2;215;215;215m▄[48;2;215;215;215m[38;2;214;214;214m▄[48;2;215;215;215m[38;2;215;215;215m▄[48;2;215;215;214m[38;2;215;214;214m▄[48;2;217;218;220m[38;2;217;219;221m▄[48;2;208;202;194m[38;2;205;196;188m▄[48;2;207;201;195m[38;2;205;199;185m▄[48;2;179;94;115m[38;2;202;178;188m▄[48;2;187;73;95m[38;2;176;115;129m▄[48;2;181;143;156m[38;2;193;180;172m▄[48;2;173;96;116m[38;2;191;168;161m▄[48;2;228;129;144m[38;2;170;68;93m▄[48;2;185;86;107m[38;2;229;125;142m▄[48;2;167;61;85m[38;2;198;109;125m▄[48;2;180;86;108m[38;2;165;85;104m▄[48;2;173;68;93m[38;2;160;62;86m▄[48;2;182;93;112m[38;2;184;121;135m▄[48;2;177;90;109m[38;2;182;136;147m▄[48;2;187;95;115m[38;2;177;101;119m▄[48;2;168;76;98m[38;2;187;116;131m▄[48;2;181;84;105m[38;2;171;85;104m▄[48;2;181;87;108m[38;2;172;84;105m▄[48;2;158;56;82m[38;2;186;103;123m▄[48;2;171;72;95m[38;2;176;89;110m▄[48;2;178;115;129m[38;2;194;187;188m▄[48;2;178;83;106m[38;2;194;179;177m▄[48;2;179;85;109m[38;2;191;173;167m▄[48;2;172;79;102m[38;2;193;179;176m▄[48;2;183;81;104m[38;2;190;173;177m▄[48;2;182;130;143m[38;2;194;195;189m▄[48;2;193;199;197m[38;2;199;198;197m▄[48;2;205;203;204m[38;2;208;208;209m▄[48;2;210;210;210m[38;2;209;209;208m▄[48;2;210;210;210m[38;2;209;209;209m▄[48;2;209;209;209m[38;2;209;209;209m▄[48;2;209;209;209m[38;2;208;208;208m▄[48;2;209;209;209m[38;2;208;207;208m▄[48;2;208;207;209m[38;2;208;208;208m▄[48;2;208;207;209m[38;2;207;207;207m▄[48;2;208;208;209m[38;2;207;207;207m▄[48;2;208;208;208m[38;2;207;207;207m▄[48;2;207;207;204m[38;2;206;206;203m▄[48;2;207;207;202m[38;2;206;206;201m▄[48;2;205;207;202m[38;2;205;206;202m▄[48;2;203;206;201m[38;2;203;205;204m▄[48;2;202;205;205m[38;2;202;203;203m▄[48;2;202;203;204m[38;2;203;203;203m▄[48;2;203;202;203m[38;2;202;202;202m▄[48;2;202;202;202m[38;2;201;202;201m▄[48;2;201;201;201m[38;2;201;201;201m▄[48;2;201;201;201m[38;2;201;201;201m▄[0m
[48;2;210;210;210m[38;2;209;209;209m▄[48;2;210;210;210m[38;2;209;209;209m▄[48;2;210;210;210m[38;2;210;210;210m▄[48;2;210;210;210m[38;2;210;210;210m▄[48;2;210;210;210m[38;2;210;210;210m▄[48;2;210;210;210m[38;2;210;210;210m▄[48;2;210;210;210m[38;2;211;211;211m▄[48;2;211;211;211m[38;2;212;212;212m▄[48;2;211;211;211m[38;2;211;212;212m▄[48;2;211;211;211m[38;2;212;212;212m▄[48;2;212;212;212m[38;2;212;212;212m▄[48;2;213;213;213m[38;2;213;213;213m▄[48;2;213;213;213m[38;2;214;214;214m▄[48;2;213;213;213m[38;2;213;213;213m▄[48;2;213;213;213m[38;2;213;213;213m▄[48;2;213;213;213m[38;2;214;214;214m▄[48;2;214;214;214m[38;2;213;213;213m▄[48;2;214;214;214m[38;2;214;213;214m▄[48;2;213;213;215m[38;2;214;214;214m▄[48;2;199;188;174m[38;2;214;215;218m▄[48;2;199;189;173m[38;2;210;208;208m▄[48;2;198;194;176m[38;2;209;208;209m▄[48;2;196;189;179m[38;2;211;212;215m▄[48;2;211;214;212m[38;2;211;209;210m▄[48;2;194;166;175m[38;2;214;219;217m▄[48;2;169;78;100m[38;2;201;189;192m▄[48;2;199;92;113m[38;2;176;121;136m▄[48;2;203;101;120m[38;2;173;96;117m▄[48;2;197;104;123m[38;2;174;91;112m▄[48;2;192;88;110m[38;2;174;102;121m▄[48;2;195;105;124m[38;2;172;90;111m▄[48;2;178;93;113m[38;2;177;79;102m▄[48;2;160;61;87m[38;2;183;83;107m▄[48;2;178;109;126m[38;2;185;95;116m▄[48;2;178;123;137m[38;2;188;95;116m▄[48;2;175;90;109m[38;2;195;103;120m▄[48;2;195;99;119m[38;2;165;67;90m▄[48;2;179;142;150m[38;2;189;172;176m▄[48;2;206;209;197m[38;2;209;212;214m▄[48;2;200;192;181m[38;2;210;210;213m▄[48;2;198;190;175m[38;2;208;209;212m▄[48;2;201;193;177m[38;2;207;207;208m▄[48;2;204;196;189m[38;2;208;208;209m▄[48;2;206;206;207m[38;2;207;207;207m▄[48;2;208;208;208m[38;2;207;207;207m▄[48;2;209;209;209m[38;2;207;207;207m▄[48;2;208;208;208m[38;2;207;207;207m▄[48;2;208;208;208m[38;2;207;207;207m▄[48;2;208;208;207m[38;2;207;207;207m▄[48;2;207;207;207m[38;2;207;206;207m▄[48;2;207;206;207m[38;2;206;206;206m▄[48;2;207;207;207m[38;2;206;206;206m▄[48;2;206;206;206m[38;2;206;206;206m▄[48;2;205;205;204m[38;2;204;204;204m▄[48;2;204;204;201m[38;2;204;204;203m▄[48;2;204;204;201m[38;2;204;204;204m▄[48;2;203;203;202m[38;2;204;203;203m▄[48;2;203;203;203m[38;2;203;203;203m▄[48;2;203;203;203m[38;2;203;203;203m▄[48;2;203;203;203m[38;2;203;203;203m▄[48;2;202;202;202m[38;2;202;202;202m▄[48;2;202;201;202m[38;2;201;201;202m▄[48;2;200;200;200m[38;2;201;201;201m▄[48;2;201;201;201m[38;2;201;201;201m▄[0m
[48;2;212;212;212m[38;2;216;216;216m▄[48;2;213;213;213m[38;2;216;216;216m▄[48;2;213;213;213m[38;2;216;216;216m▄[48;2;214;213;214m[38;2;216;216;216m▄[48;2;214;214;214m[38;2;217;217;217m▄[48;2;214;214;214m[38;2;216;216;216m▄[48;2;215;214;215m[38;2;216;216;216m▄[48;2;215;215;215m[38;2;216;216;216m▄[48;2;215;215;215m[38;2;217;217;216m▄[48;2;215;215;215m[38;2;217;217;217m▄[48;2;216;216;216m[38;2;217;217;217m▄[48;2;216;216;216m[38;2;217;217;217m▄[48;2;215;215;215m[38;2;217;217;217m▄[48;2;215;215;216m[38;2;217;217;217m▄[48;2;216;216;216m[38;2;217;217;217m▄[48;2;216;216;216m[38;2;217;217;217m▄[48;2;216;216;216m[38;2;217;217;217m▄[48;2;216;216;216m[38;2;217;217;217m▄[48;2;216;216;216m[38;2;217;217;217m▄[48;2;216;216;216m[38;2;216;216;217m▄[48;2;216;216;216m[38;2;216;215;215m▄[48;2;215;215;215m[38;2;216;216;217m▄[48;2;217;217;215m[38;2;210;206;207m▄[48;2;222;224;223m[38;2;165;138;143m▄[48;2;219;219;220m[38;2;182;167;170m▄[48;2;219;224;222m[38;2;166;144;148m▄[48;2;214;222;219m[38;2;178;161;164m▄[48;2;207;210;209m[38;2;165;147;148m▄[48;2;200;201;200m[38;2;170;154;155m▄[48;2;200;205;203m[38;2;158;137;141m▄[48;2;196;191;191m[38;2;147;124;128m▄[48;2;175;132;142m[38;2;194;201;200m▄[48;2;167;100;117m[38;2;192;196;195m▄[48;2;171;93;111m[38;2;159;138;143m▄[48;2;172;89;109m[38;2;155;128;133m▄[48;2;168;97;114m[38;2;167;153;154m▄[48;2;185;160;165m[38;2;157;142;145m▄[48;2;196;202;201m[38;2;177;163;166m▄[48;2;212;213;214m[38;2;165;143;148m▄[48;2;211;211;211m[38;2;202;200;201m▄[48;2;210;209;209m[38;2;215;216;216m▄[48;2;210;210;210m[38;2;211;211;211m▄[48;2;210;210;210m[38;2;211;211;211m▄[48;2;210;210;210m[38;2;211;211;211m▄[48;2;210;210;210m[38;2;210;210;210m▄[48;2;209;209;210m[38;2;210;210;211m▄[48;2;210;210;210m[38;2;210;210;211m▄[48;2;210;210;210m[38;2;210;210;210m▄[48;2;209;208;209m[38;2;210;210;210m▄[48;2;208;208;209m[38;2;210;210;210m▄[48;2;208;208;208m[38;2;210;210;211m▄[48;2;208;208;208m[38;2;209;209;210m▄[48;2;207;207;208m[38;2;209;209;209m▄[48;2;207;207;207m[38;2;209;209;209m▄[48;2;207;207;207m[38;2;209;209;209m▄[48;2;207;207;207m[38;2;209;209;209m▄[48;2;207;206;207m[38;2;208;208;208m▄[48;2;206;206;206m[38;2;208;208;208m▄[48;2;204;204;204m[38;2;207;207;207m▄[48;2;204;204;204m[38;2;207;207;207m▄[48;2;204;204;204m[38;2;207;207;207m▄[48;2;203;203;203m[38;2;207;207;207m▄[48;2;202;202;202m[38;2;206;206;206m▄[48;2;202;202;202m[38;2;205;205;205m▄[0m
[48;2;218;218;218m[38;2;222;222;222m▄[48;2;218;218;218m[38;2;223;223;223m▄[48;2;219;219;219m[38;2;223;223;223m▄[48;2;219;219;219m[38;2;224;224;224m▄[48;2;220;220;220m[38;2;224;224;224m▄[48;2;220;220;220m[38;2;224;224;224m▄[48;2;220;220;220m[38;2;224;224;224m▄[48;2;220;220;220m[38;2;224;224;224m▄[48;2;221;221;221m[38;2;224;224;224m▄[48;2;221;221;221m[38;2;224;224;224m▄[48;2;221;221;221m[38;2;224;224;224m▄[48;2;221;221;221m[38;2;224;224;224m▄[48;2;221;221;221m[38;2;224;224;224m▄[48;2;221;221;221m[38;2;224;224;224m▄[48;2;222;222;222m[38;2;224;224;224m▄[48;2;222;222;221m[38;2;224;224;224m▄[48;2;219;219;219m[38;2;224;224;224m▄[48;2;216;216;216m[38;2;224;224;224m▄[48;2;211;211;211m[38;2;221;221;221m▄[48;2;204;204;204m[38;2;220;221;221m▄[48;2;200;200;201m[38;2;205;201;202m▄[48;2;202;205;205m[38;2;186;174;176m▄[48;2;191;189;191m[38;2;182;170;170m▄[48;2;132;98;104m[38;2;178;164;165m▄[48;2;159;139;141m[38;2;178;163;166m▄[48;2;132;102;107m[38;2;174;161;165m▄[48;2;153;130;135m[38;2;171;158;159m▄[48;2;147;120;125m[38;2;169;156;158m▄[48;2;160;138;141m[38;2;169;155;157m▄[48;2;150;127;131m[38;2;178;167;169m▄[48;2;134;103;109m[38;2;182;173;174m▄[48;2;190;183;183m[38;2;165;150;150m▄[48;2;198;198;197m[38;2;177;170;172m▄[48;2;146;123;127m[38;2;169;155;157m▄[48;2;137;107;113m[38;2;171;155;158m▄[48;2;158;139;143m[38;2;168;153;155m▄[48;2;145;115;123m[38;2;164;146;149m▄[48;2;164;147;149m[38;2;189;183;184m▄[48;2;143;114;119m[38;2;182;172;175m▄[48;2;170;157;159m[38;2;174;159;162m▄[48;2;192;190;190m[38;2;178;165;166m▄[48;2;202;205;205m[38;2;174;161;164m▄[48;2;200;202;202m[38;2;185;175;177m▄[48;2;202;202;203m[38;2;210;210;210m▄[48;2;208;208;208m[38;2;213;213;213m▄[48;2;210;211;211m[38;2;215;215;216m▄[48;2;213;213;213m[38;2;215;216;216m▄[48;2;214;214;214m[38;2;215;215;215m▄[48;2;213;213;213m[38;2;215;215;215m▄[48;2;213;213;213m[38;2;215;215;215m▄[48;2;212;212;212m[38;2;215;215;215m▄[48;2;212;212;211m[38;2;215;215;214m▄[48;2;211;211;211m[38;2;214;214;214m▄[48;2;210;210;210m[38;2;213;213;213m▄[48;2;210;210;210m[38;2;212;212;212m▄[48;2;210;210;210m[38;2;212;212;212m▄[48;2;210;210;210m[38;2;212;212;212m▄[48;2;209;209;209m[38;2;210;210;210m▄[48;2;213;213;213m[38;2;217;217;217m▄[48;2;216;216;216m[38;2;222;222;222m▄[48;2;209;209;209m[38;2;211;211;210m▄[48;2;208;208;208m[38;2;209;209;209m▄[48;2;208;208;208m[38;2;209;209;209m▄[48;2;208;208;208m[38;2;210;210;210m▄[0m
[48;2;225;225;225m[38;2;228;228;228m▄[48;2;225;225;225m[38;2;228;228;228m▄[48;2;226;226;226m[38;2;228;228;228m▄[48;2;227;227;227m[38;2;228;228;228m▄[48;2;226;226;226m[38;2;229;229;229m▄[48;2;226;226;226m[38;2;229;229;229m▄[48;2;226;226;226m[38;2;228;228;228m▄[48;2;226;226;226m[38;2;229;229;229m▄[48;2;227;227;227m[38;2;229;229;229m▄[48;2;226;226;226m[38;2;229;229;229m▄[48;2;226;226;226m[38;2;228;228;228m▄[48;2;227;227;227m[38;2;228;228;228m▄[48;2;227;227;227m[38;2;228;228;228m▄[48;2;227;227;227m[38;2;229;229;229m▄[48;2;227;227;227m[38;2;228;228;228m▄[48;2;226;226;226m[38;2;228;228;228m▄[48;2;226;226;226m[38;2;228;228;228m▄[48;2;226;226;226m[38;2;227;227;227m▄[48;2;226;226;226m[38;2;228;228;228m▄[48;2;231;232;232m[38;2;228;228;228m▄[48;2;213;207;209m[38;2;228;228;228m▄[48;2;181;160;164m[38;2;231;233;233m▄[48;2;176;155;157m[38;2;232;234;234m▄[48;2;189;171;174m[38;2;229;230;230m▄[48;2;197;184;187m[38;2;228;229;229m▄[48;2;202;191;194m[38;2;229;230;230m▄[48;2;176;156;159m[38;2;231;233;233m▄[48;2;186;168;171m[38;2;228;229;229m▄[48;2;189;171;173m[38;2;227;228;228m▄[48;2;188;173;177m[38;2;226;227;227m▄[48;2;199;187;190m[38;2;227;227;227m▄[48;2;181;161;164m[38;2;229;231;231m▄[48;2;200;188;192m[38;2;227;228;227m▄[48;2;189;172;175m[38;2;226;227;227m▄[48;2;184;167;169m[38;2;227;228;228m▄[48;2;183;166;168m[38;2;227;228;228m▄[48;2;187;171;174m[38;2;227;229;228m▄[48;2;209;201;203m[38;2;224;224;224m▄[48;2;188;173;176m[38;2;224;225;225m▄[48;2;200;189;192m[38;2;225;226;226m▄[48;2;187;169;172m[38;2;225;226;226m▄[48;2;176;156;159m[38;2;227;229;229m▄[48;2;194;181;184m[38;2;224;225;225m▄[48;2;220;220;220m[38;2;218;218;218m▄[48;2;217;217;217m[38;2;217;217;217m▄[48;2;217;217;217m[38;2;217;217;217m▄[48;2;216;216;216m[38;2;217;217;217m▄[48;2;216;216;216m[38;2;217;217;217m▄[48;2;216;216;216m[38;2;216;216;216m▄[48;2;216;216;216m[38;2;216;216;216m▄[48;2;215;215;215m[38;2;216;216;216m▄[48;2;215;215;215m[38;2;216;216;216m▄[48;2;215;215;215m[38;2;216;216;216m▄[48;2;215;215;215m[38;2;216;216;216m▄[48;2;214;214;214m[38;2;215;215;215m▄[48;2;214;214;214m[38;2;215;215;215m▄[48;2;214;214;214m[38;2;215;215;215m▄[48;2;213;213;213m[38;2;215;215;215m▄[48;2;212;212;212m[38;2;215;215;215m▄[48;2;212;212;212m[38;2;215;214;215m▄[48;2;211;211;211m[38;2;214;214;214m▄[48;2;211;211;211m[38;2;213;213;213m▄[48;2;211;211;211m[38;2;213;213;213m▄[48;2;210;210;210m[38;2;212;212;212m▄[0m
[48;2;230;230;230m[38;2;231;231;231m▄[48;2;230;230;230m[38;2;231;231;231m▄[48;2;230;230;230m[38;2;231;231;231m▄[48;2;230;230;230m[38;2;231;231;231m▄[48;2;230;230;230m[38;2;230;230;230m▄[48;2;229;229;229m[38;2;230;230;230m▄[48;2;230;230;230m[38;2;231;231;231m▄[48;2;230;230;230m[38;2;230;230;230m▄[48;2;230;230;230m[38;2;230;230;230m▄[48;2;230;230;230m[38;2;231;231;231m▄[48;2;230;230;230m[38;2;231;231;231m▄[48;2;230;230;230m[38;2;231;231;231m▄[48;2;230;230;230m[38;2;231;231;231m▄[48;2;231;231;231m[38;2;231;231;231m▄[48;2;230;230;230m[38;2;230;230;230m▄[48;2;230;230;230m[38;2;231;231;231m▄[48;2;229;229;229m[38;2;230;230;230m▄[48;2;229;229;229m[38;2;230;230;230m▄[48;2;229;229;229m[38;2;230;230;230m▄[48;2;229;229;229m[38;2;229;229;229m▄[48;2;229;229;229m[38;2;229;229;229m▄[48;2;229;229;229m[38;2;230;230;230m▄[48;2;227;227;227m[38;2;229;229;229m▄[48;2;227;227;227m[38;2;229;229;229m▄[48;2;227;227;227m[38;2;227;227;227m▄[48;2;227;227;227m[38;2;227;227;227m▄[48;2;226;226;226m[38;2;227;227;227m▄[48;2;227;227;227m[38;2;227;227;227m▄[48;2;227;227;227m[38;2;227;227;227m▄[48;2;226;226;226m[38;2;227;227;227m▄[48;2;225;225;225m[38;2;227;227;227m▄[48;2;225;225;225m[38;2;227;227;227m▄[48;2;224;224;224m[38;2;225;225;225m▄[48;2;223;223;223m[38;2;224;224;224m▄[48;2;224;224;224m[38;2;224;224;224m▄[48;2;223;223;223m[38;2;225;225;225m▄[48;2;222;222;222m[38;2;224;224;224m▄[48;2;223;223;223m[38;2;223;223;223m▄[48;2;223;223;223m[38;2;223;223;223m▄[48;2;222;222;222m[38;2;223;223;223m▄[48;2;222;222;222m[38;2;222;222;222m▄[48;2;222;221;221m[38;2;222;222;222m▄[48;2;221;221;221m[38;2;222;222;222m▄[48;2;221;221;221m[38;2;221;221;221m▄[48;2;220;220;220m[38;2;220;220;220m▄[48;2;219;219;219m[38;2;219;219;219m▄[48;2;217;217;217m[38;2;218;218;218m▄[48;2;217;217;217m[38;2;217;217;217m▄[48;2;216;216;216m[38;2;217;217;217m▄[48;2;216;216;216m[38;2;216;216;216m▄[48;2;216;216;216m[38;2;216;216;216m▄[48;2;216;216;216m[38;2;216;216;216m▄[48;2;216;216;216m[38;2;216;216;216m▄[48;2;216;216;216m[38;2;216;216;216m▄[48;2;216;216;216m[38;2;216;216;216m▄[48;2;215;215;215m[38;2;216;216;216m▄[48;2;215;215;215m[38;2;216;216;216m▄[48;2;215;215;215m[38;2;216;216;216m▄[48;2;215;215;215m[38;2;216;216;216m▄[48;2;215;215;215m[38;2;216;216;216m▄[48;2;215;215;215m[38;2;216;216;216m▄[48;2;215;215;215m[38;2;216;216;216m▄[48;2;215;215;215m[38;2;215;215;215m▄[48;2;215;215;215m[38;2;215;215;215m▄[0m
