[48;2;218;218;218m[38;2;217;217;217m▄[48;2;219;219;219m[38;2;218;218;218m▄[48;2;221;221;221m[38;2;220;220;220m▄[48;2;222;222;222m[38;2;222;222;222m▄[48;2;222;222;222m[38;2;222;222;222m▄[48;2;223;223;223m[38;2;223;223;223m▄[48;2;223;223;223m[38;2;223;223;223m▄[48;2;224;224;224m[38;2;224;224;224m▄[48;2;225;225;225m[38;2;224;224;224m▄[48;2;224;224;224m[38;2;224;224;224m▄[48;2;225;225;225m[38;2;224;224;224m▄[48;2;225;225;225m[38;2;224;224;224m▄[48;2;225;225;225m[38;2;225;225;225m▄[48;2;227;227;227m[38;2;227;227;227m▄[48;2;228;228;228m[38;2;227;227;227m▄[48;2;228;228;228m[38;2;228;228;228m▄[48;2;227;227;227m[38;2;227;227;227m▄[48;2;228;228;228m[38;2;227;227;227m▄[48;2;228;228;228m[38;2;227;227;227m▄[48;2;227;227;227m[38;2;227;227;227m▄[48;2;228;228;228m[38;2;226;226;226m▄[48;2;228;228;228m[38;2;226;226;226m▄[48;2;227;227;227m[38;2;227;227;227m▄[48;2;227;227;227m[38;2;227;227;227m▄[48;2;227;227;227m[38;2;226;226;226m▄[48;2;227;227;227m[38;2;227;227;227m▄[48;2;227;227;227m[38;2;227;227;227m▄[48;2;227;227;227m[38;2;227;227;227m▄[48;2;227;227;227m[38;2;225;225;225m▄[48;2;224;224;224m[38;2;224;224;224m▄[48;2;224;224;224m[38;2;224;224;224m▄[48;2;224;224;224m[38;2;224;224;224m▄[48;2;227;227;227m[38;2;225;225;225m▄[48;2;225;225;225m[38;2;224;224;224m▄[48;2;223;223;223m[38;2;223;223;223m▄[48;2;223;223;223m[38;2;223;223;223m▄[48;2;223;223;223m[38;2;223;223;223m▄[48;2;222;222;222m[38;2;222;222;222m▄[48;2;221;221;221m[38;2;221;221;221m▄[48;2;221;221;221m[38;2;221;221;221m▄[48;2;219;219;219m[38;2;219;219;219m▄[48;2;218;218;218m[38;2;218;218;218m▄[48;2;218;218;218m[38;2;217;217;217m▄[48;2;216;216;216m[38;2;216;216;216m▄[48;2;216;216;216m[38;2;216;216;216m▄[48;2;217;217;217m[38;2;217;217;217m▄[48;2;215;215;215m[38;2;215;215;215m▄[48;2;215;215;215m[38;2;215;215;215m▄[48;2;215;215;215m[38;2;215;215;215m▄[48;2;214;214;214m[38;2;214;214;214m▄[48;2;213;213;213m[38;2;213;213;213m▄[48;2;213;213;213m[38;2;213;213;213m▄[48;2;212;212;212m[38;2;211;211;211m▄[48;2;211;211;211m[38;2;211;211;211m▄[48;2;211;211;211m[38;2;211;211;211m▄[48;2;210;210;210m[38;2;210;210;210m▄[48;2;209;209;209m[38;2;208;208;208m▄[48;2;208;208;208m[38;2;208;208;208m▄[48;2;208;208;208m[38;2;208;208;208m▄[48;2;207;207;207m[38;2;207;207;207m▄[48;2;207;207;207m[38;2;207;207;207m▄[48;2;206;206;206m[38;2;206;206;206m▄[48;2;205;205;205m[38;2;205;205;205m▄[48;2;203;203;205m[38;2;203;203;203m▄[0m
[48;2;217;217;217m[38;2;217;217;217m▄[48;2;218;218;218m[38;2;217;217;217m▄[48;2;219;219;219m[38;2;218;218;218m▄[48;2;221;221;221m[38;2;220;220;220m▄[48;2;222;222;222m[38;2;221;221;221m▄[48;2;223;223;223m[38;2;222;222;222m▄[48;2;223;223;223m[38;2;223;223;223m▄[48;2;223;223;223m[38;2;223;223;223m▄[48;2;224;224;224m[38;2;224;224;224m▄[48;2;226;226;226m[38;2;224;224;224m▄[48;2;225;225;225m[38;2;225;225;225m▄[48;2;225;225;225m[38;2;225;225;225m▄[48;2;224;224;224m[38;2;224;224;224m▄[48;2;225;225;225m[38;2;224;224;224m▄[48;2;226;226;226m[38;2;224;224;224m▄[48;2;227;227;227m[38;2;225;225;225m▄[48;2;227;227;227m[38;2;227;227;227m▄[48;2;227;227;227m[38;2;227;227;227m▄[48;2;227;227;227m[38;2;227;227;227m▄[48;2;227;227;227m[38;2;227;227;227m▄[48;2;227;227;227m[38;2;227;227;227m▄[48;2;227;227;227m[38;2;227;227;227m▄[48;2;227;227;227m[38;2;227;227;227m▄[48;2;226;226;226m[38;2;227;227;227m▄[48;2;226;226;226m[38;2;227;227;227m▄[48;2;226;226;226m[38;2;226;226;226m▄[48;2;226;226;226m[38;2;225;225;225m▄[48;2;226;226;226m[38;2;225;225;225m▄[48;2;224;224;224m[38;2;223;224;223m▄[48;2;224;224;224m[38;2;222;223;222m▄[48;2;224;224;224m[38;2;223;223;223m▄[48;2;224;224;224m[38;2;224;224;224m▄[48;2;224;224;224m[38;2;224;224;224m▄[48;2;224;224;224m[38;2;223;223;223m▄[48;2;223;223;223m[38;2;222;222;221m▄[48;2;223;223;223m[38;2;222;223;222m▄[48;2;223;223;223m[38;2;222;222;222m▄[48;2;222;222;222m[38;2;222;222;222m▄[48;2;221;221;221m[38;2;221;221;221m▄[48;2;221;221;221m[38;2;221;221;221m▄[48;2;218;218;218m[38;2;218;218;218m▄[48;2;217;217;217m[38;2;217;217;217m▄[48;2;217;217;217m[38;2;216;216;216m▄[48;2;216;216;216m[38;2;216;216;216m▄[48;2;216;216;216m[38;2;216;216;216m▄[48;2;216;216;216m[38;2;216;216;216m▄[48;2;215;215;215m[38;2;216;216;216m▄[48;2;215;215;215m[38;2;215;215;215m▄[48;2;214;214;214m[38;2;214;214;214m▄[48;2;214;214;214m[38;2;214;214;214m▄[48;2;213;213;213m[38;2;213;213;213m▄[48;2;213;213;213m[38;2;213;212;213m▄[48;2;211;211;211m[38;2;212;212;212m▄[48;2;210;210;210m[38;2;210;210;210m▄[48;2;210;210;210m[38;2;210;210;210m▄[48;2;210;210;210m[38;2;210;210;210m▄[48;2;209;209;209m[38;2;209;208;209m▄[48;2;208;208;208m[38;2;208;208;209m▄[48;2;208;208;208m[38;2;208;208;208m▄[48;2;207;207;207m[38;2;207;207;207m▄[48;2;207;207;207m[38;2;207;207;207m▄[48;2;206;206;206m[38;2;206;206;206m▄[48;2;205;205;205m[38;2;205;205;205m▄[48;2;203;203;204m[38;2;204;204;204m▄[0m
[48;2;217;217;217m[38;2;216;216;216m▄[48;2;217;217;217m[38;2;217;217;217m▄[48;2;217;217;217m[38;2;217;217;217m▄[48;2;219;219;219m[38;2;219;219;219m▄[48;2;221;221;221m[38;2;221;221;221m▄[48;2;222;222;222m[38;2;221;221;221m▄[48;2;223;223;223m[38;2;222;222;222m▄[48;2;223;223;223m[38;2;223;223;223m▄[48;2;224;224;224m[38;2;223;223;223m▄[48;2;224;224;224m[38;2;224;224;224m▄[48;2;224;224;224m[38;2;224;224;224m▄[48;2;225;225;225m[38;2;225;225;225m▄[48;2;225;225;225m[38;2;225;225;225m▄[48;2;225;225;225m[38;2;225;225;225m▄[48;2;225;225;225m[38;2;225;225;225m▄[48;2;225;225;225m[38;2;225;225;225m▄[48;2;225;225;225m[38;2;224;224;224m▄[48;2;225;225;225m[38;2;224;224;224m▄[48;2;226;226;226m[38;2;224;224;224m▄[48;2;226;226;226m[38;2;224;224;224m▄[48;2;227;227;227m[38;2;225;225;225m▄[48;2;226;226;226m[38;2;226;226;226m▄[48;2;226;226;226m[38;2;225;225;225m▄[48;2;226;226;226m[38;2;224;224;224m▄[48;2;225;225;225m[38;2;224;224;224m▄[48;2;224;224;224m[38;2;224;224;224m▄[48;2;225;224;225m[38;2;223;224;223m▄[48;2;224;224;224m[38;2;228;227;228m▄[48;2;229;227;229m[38;2;204;214;202m▄[48;2;233;230;233m[38;2;185;202;183m▄[48;2;228;227;227m[38;2;211;215;214m▄[48;2;223;223;223m[38;2;231;228;232m▄[48;2;223;223;223m[38;2;223;224;223m▄[48;2;223;223;222m[38;2;226;224;228m▄[48;2;230;227;232m[38;2;188;204;186m▄[48;2;225;223;226m[38;2;210;217;208m▄[48;2;221;221;221m[38;2;225;224;225m▄[48;2;222;222;222m[38;2;221;221;221m▄[48;2;221;221;221m[38;2;221;221;221m▄[48;2;220;220;220m[38;2;219;219;219m▄[48;2;218;218;218m[38;2;218;218;218m▄[48;2;217;217;217m[38;2;217;217;217m▄[48;2;216;216;216m[38;2;217;217;217m▄[48;2;216;216;216m[38;2;217;217;217m▄[48;2;217;217;217m[38;2;216;216;216m▄[48;2;216;216;216m[38;2;216;216;216m▄[48;2;215;215;215m[38;2;215;215;215m▄[48;2;215;215;215m[38;2;215;215;215m▄[48;2;215;215;215m[38;2;215;215;215m▄[48;2;214;214;215m[38;2;214;214;214m▄[48;2;213;212;215m[38;2;213;213;213m▄[48;2;212;212;212m[38;2;212;212;212m▄[48;2;212;212;212m[38;2;211;211;211m▄[48;2;210;210;210m[38;2;210;210;210m▄[48;2;210;210;210m[38;2;210;210;210m▄[48;2;210;210;210m[38;2;211;211;211m▄[48;2;208;208;209m[38;2;209;209;209m▄[48;2;208;208;208m[38;2;208;208;208m▄[48;2;207;207;207m[38;2;208;208;208m▄[48;2;207;207;207m[38;2;207;207;207m▄[48;2;207;207;207m[38;2;206;206;206m▄[48;2;206;206;206m[38;2;206;206;206m▄[48;2;204;204;204m[38;2;204;204;204m▄[48;2;204;204;205m[38;2;203;203;204m▄[0m
[48;2;216;216;216m[38;2;216;216;216m▄[48;2;217;217;217m[38;2;216;216;216m▄[48;2;217;217;217m[38;2;217;217;217m▄[48;2;219;219;219m[38;2;218;218;218m▄[48;2;220;220;221m[38;2;219;219;220m▄[48;2;221;221;221m[38;2;221;221;221m▄[48;2;222;222;222m[38;2;221;221;221m▄[48;2;223;223;223m[38;2;222;222;222m▄[48;2;223;223;223m[38;2;223;223;223m▄[48;2;224;224;224m[38;2;223;223;223m▄[48;2;224;224;224m[38;2;224;224;224m▄[48;2;224;224;224m[38;2;224;224;224m▄[48;2;224;224;224m[38;2;224;224;224m▄[48;2;224;224;224m[38;2;224;224;224m▄[48;2;224;224;224m[38;2;225;225;225m▄[48;2;225;225;225m[38;2;224;224;224m▄[48;2;224;224;224m[38;2;224;224;224m▄[48;2;224;224;224m[38;2;224;224;224m▄[48;2;224;224;224m[38;2;224;224;224m▄[48;2;224;224;224m[38;2;225;225;225m▄[48;2;224;224;224m[38;2;224;224;224m▄[48;2;224;224;224m[38;2;224;224;224m▄[48;2;224;224;224m[38;2;224;224;224m▄[48;2;224;224;224m[38;2;224;224;224m▄[48;2;224;224;224m[38;2;224;224;224m▄[48;2;224;224;224m[38;2;224;224;224m▄[48;2;222;223;222m[38;2;222;223;222m▄[48;2;232;228;234m[38;2;232;228;232m▄[48;2;162;190;153m[38;2;184;200;182m▄[48;2;139;184;97m[38;2;136;182;86m▄[48;2;139;182;108m[38;2;140;184;78m▄[48;2;174;196;170m[38;2;127;176;85m▄[48;2;235;229;239m[38;2;173;193;170m▄[48;2;173;196;163m[38;2;118;167;93m▄[48;2;99;159;61m[38;2;170;189;162m▄[48;2;174;195;168m[38;2;213;210;217m▄[48;2;228;224;229m[38;2;224;221;225m▄[48;2;219;220;218m[38;2;222;222;222m▄[48;2;221;221;221m[38;2;220;221;220m▄[48;2;219;219;219m[38;2;219;219;219m▄[48;2;217;217;217m[38;2;217;217;217m▄[48;2;217;217;217m[38;2;217;217;217m▄[48;2;217;217;217m[38;2;217;217;217m▄[48;2;217;217;217m[38;2;217;217;217m▄[48;2;216;216;216m[38;2;216;216;216m▄[48;2;215;215;215m[38;2;216;216;216m▄[48;2;215;215;215m[38;2;215;215;215m▄[48;2;215;215;215m[38;2;215;215;215m▄[48;2;214;214;214m[38;2;215;215;215m▄[48;2;214;214;214m[38;2;213;213;213m▄[48;2;212;212;213m[38;2;213;213;213m▄[48;2;212;212;212m[38;2;213;213;213m▄[48;2;211;211;211m[38;2;211;211;211m▄[48;2;210;210;210m[38;2;211;211;211m▄[48;2;210;210;210m[38;2;210;210;210m▄[48;2;210;209;211m[38;2;209;209;209m▄[48;2;209;209;209m[38;2;209;209;209m▄[48;2;208;208;208m[38;2;208;208;208m▄[48;2;208;207;208m[38;2;208;207;208m▄[48;2;207;206;208m[38;2;207;207;208m▄[48;2;206;206;207m[38;2;207;207;207m▄[48;2;206;206;206m[38;2;205;205;205m▄[48;2;204;204;204m[38;2;204;204;204m▄[48;2;203;203;203m[38;2;204;204;204m▄[0m
[48;2;216;216;216m[38;2;216;216;216m▄[48;2;216;216;216m[38;2;216;216;216m▄[48;2;216;216;216m[38;2;216;216;216m▄[48;2;218;218;218m[38;2;217;217;217m▄[48;2;218;219;218m[38;2;217;217;217m▄[48;2;219;219;220m[38;2;218;218;219m▄[48;2;221;221;221m[38;2;220;220;221m▄[48;2;221;221;221m[38;2;221;221;221m▄[48;2;223;223;223m[38;2;221;221;221m▄[48;2;223;223;223m[38;2;222;222;222m▄[48;2;223;223;223m[38;2;223;223;223m▄[48;2;223;223;223m[38;2;223;223;223m▄[48;2;224;224;224m[38;2;223;223;223m▄[48;2;224;224;224m[38;2;223;223;223m▄[48;2;225;225;225m[38;2;224;224;224m▄[48;2;224;224;224m[38;2;224;224;224m▄[48;2;224;224;224m[38;2;225;225;225m▄[48;2;225;225;225m[38;2;225;225;225m▄[48;2;224;224;224m[38;2;224;224;224m▄[48;2;225;225;225m[38;2;224;224;224m▄[48;2;224;224;224m[38;2;224;224;224m▄[48;2;224;224;224m[38;2;224;224;224m▄[48;2;225;225;225m[38;2;224;224;224m▄[48;2;224;224;224m[38;2;224;224;224m▄[48;2;224;224;224m[38;2;224;224;224m▄[48;2;224;224;224m[38;2;224;224;224m▄[48;2;224;224;224m[38;2;223;223;223m▄[48;2;225;225;224m[38;2;222;226;226m▄[48;2;222;227;230m[38;2;222;197;201m▄[48;2;141;183;127m[38;2;220;171;179m▄[48;2;116;179;70m[38;2;157;153;121m▄[48;2;110;170;72m[38;2;112;149;93m▄[48;2;88;148;68m[38;2;86;142;72m▄[48;2;123;163;116m[38;2;88;159;74m▄[48;2;162;189;153m[38;2;113;173;76m▄[48;2;154;186;136m[38;2;141;190;87m▄[48;2;170;193;166m[38;2;142;192;88m▄[48;2;216;217;218m[38;2;135;175;117m▄[48;2;222;222;222m[38;2;214;215;215m▄[48;2;217;218;217m[38;2;218;218;218m▄[48;2;217;217;217m[38;2;216;216;216m▄[48;2;217;217;217m[38;2;216;216;216m▄[48;2;217;217;217m[38;2;217;217;217m▄[48;2;217;217;217m[38;2;216;216;216m▄[48;2;216;216;216m[38;2;216;216;216m▄[48;2;215;215;215m[38;2;215;215;215m▄[48;2;214;214;214m[38;2;214;214;214m▄[48;2;214;214;214m[38;2;214;214;214m▄[48;2;214;214;214m[38;2;214;214;214m▄[48;2;214;214;214m[38;2;214;214;214m▄[48;2;213;213;213m[38;2;212;212;212m▄[48;2;211;211;211m[38;2;211;211;211m▄[48;2;211;211;211m[38;2;211;211;211m▄[48;2;211;211;211m[38;2;211;211;211m▄[48;2;210;210;210m[38;2;210;210;210m▄[48;2;208;209;209m[38;2;208;208;208m▄[48;2;209;210;210m[38;2;209;209;209m▄[48;2;209;209;209m[38;2;208;208;208m▄[48;2;208;208;208m[38;2;208;207;208m▄[48;2;208;208;208m[38;2;207;207;208m▄[48;2;206;206;206m[38;2;206;206;206m▄[48;2;205;205;205m[38;2;205;205;205m▄[48;2;204;205;204m[38;2;204;204;204m▄[48;2;204;204;204m[38;2;203;203;203m▄[0m
[48;2;216;216;216m[38;2;216;216;216m▄[48;2;216;216;216m[38;2;216;216;216m▄[48;2;216;216;216m[38;2;216;216;216m▄[48;2;216;216;216m[38;2;216;216;216m▄[48;2;217;217;217m[38;2;217;217;217m▄[48;2;218;218;218m[38;2;217;217;217m▄[48;2;219;219;219m[38;2;218;218;218m▄[48;2;221;221;221m[38;2;219;219;219m▄[48;2;221;221;221m[38;2;221;221;221m▄[48;2;222;222;222m[38;2;221;221;221m▄[48;2;222;222;222m[38;2;221;221;221m▄[48;2;222;222;222m[38;2;221;221;221m▄[48;2;222;222;222m[38;2;222;222;222m▄[48;2;223;223;223m[38;2;223;223;223m▄[48;2;224;224;224m[38;2;223;223;223m▄[48;2;224;224;224m[38;2;223;223;223m▄[48;2;223;223;223m[38;2;223;223;223m▄[48;2;224;224;224m[38;2;223;223;223m▄[48;2;224;224;224m[38;2;223;223;223m▄[48;2;224;224;224m[38;2;223;223;223m▄[48;2;223;223;223m[38;2;223;223;223m▄[48;2;223;223;223m[38;2;223;223;223m▄[48;2;224;224;224m[38;2;223;223;223m▄[48;2;224;224;224m[38;2;224;224;224m▄[48;2;223;223;223m[38;2;223;223;223m▄[48;2;223;222;222m[38;2;224;225;225m▄[48;2;224;228;227m[38;2;221;220;220m▄[48;2;221;181;185m[38;2;217;131;142m▄[48;2;232;140;148m[38;2;230;132;143m▄[48;2;241;142;152m[38;2;226;128;140m▄[48;2;235;131;149m[38;2;222;132;140m▄[48;2;228;147;163m[38;2;239;166;172m▄[48;2;215;153;153m[38;2;242;152;166m▄[48;2;124;136;87m[38;2;231;133;147m▄[48;2;111;166;81m[38;2;221;150;152m▄[48;2;126;178;82m[38;2;192;142;141m▄[48;2;127;174;94m[38;2;189;193;195m▄[48;2;163;183;155m[38;2;207;204;210m▄[48;2;210;209;211m[38;2;211;211;211m▄[48;2;216;217;216m[38;2;216;216;216m▄[48;2;216;216;216m[38;2;216;216;216m▄[48;2;217;217;217m[38;2;216;216;216m▄[48;2;217;217;217m[38;2;217;217;216m▄[48;2;215;215;215m[38;2;215;215;215m▄[48;2;215;215;215m[38;2;215;215;215m▄[48;2;215;215;215m[38;2;215;214;215m▄[48;2;214;214;214m[38;2;214;214;215m▄[48;2;214;214;214m[38;2;214;214;214m▄[48;2;214;214;214m[38;2;213;213;213m▄[48;2;213;213;213m[38;2;213;213;213m▄[48;2;213;213;213m[38;2;212;212;212m▄[48;2;211;211;211m[38;2;211;211;211m▄[48;2;211;211;211m[38;2;211;211;211m▄[48;2;211;211;211m[38;2;211;211;211m▄[48;2;210;210;210m[38;2;210;210;210m▄[48;2;209;209;209m[38;2;209;209;209m▄[48;2;209;209;209m[38;2;209;209;209m▄[48;2;209;209;208m[38;2;208;208;208m▄[48;2;208;208;209m[38;2;208;208;208m▄[48;2;207;207;207m[38;2;207;207;207m▄[48;2;207;206;207m[38;2;206;206;207m▄[48;2;204;204;205m[38;2;204;204;204m▄[48;2;203;203;203m[38;2;203;203;203m▄[48;2;203;203;203m[38;2;203;203;203m▄[0m
[48;2;215;215;215m[38;2;214;214;214m▄[48;2;216;216;216m[38;2;215;215;215m▄[48;2;216;216;216m[38;2;216;216;216m▄[48;2;216;216;216m[38;2;216;216;216m▄[48;2;216;216;216m[38;2;216;216;216m▄[48;2;217;217;217m[38;2;216;216;216m▄[48;2;217;217;217m[38;2;217;217;217m▄[48;2;218;218;218m[38;2;217;217;217m▄[48;2;219;219;219m[38;2;218;218;218m▄[48;2;220;220;220m[38;2;219;219;219m▄[48;2;221;221;221m[38;2;220;220;220m▄[48;2;221;221;221m[38;2;220;220;220m▄[48;2;222;222;222m[38;2;220;220;220m▄[48;2;222;222;222m[38;2;221;221;221m▄[48;2;222;222;222m[38;2;222;222;222m▄[48;2;223;223;223m[38;2;222;222;222m▄[48;2;223;223;223m[38;2;222;222;222m▄[48;2;223;223;223m[38;2;223;223;223m▄[48;2;223;223;223m[38;2;222;222;222m▄[48;2;223;223;223m[38;2;222;222;222m▄[48;2;223;223;223m[38;2;222;222;222m▄[48;2;223;223;223m[38;2;222;222;222m▄[48;2;223;223;223m[38;2;222;222;222m▄[48;2;223;223;223m[38;2;223;222;222m▄[48;2;223;222;222m[38;2;224;226;226m▄[48;2;224;229;229m[38;2;217;210;211m▄[48;2;214;170;176m[38;2;220;130;143m▄[48;2;223;127;140m[38;2;237;128;143m▄[48;2;234;138;150m[38;2;222;103;121m▄[48;2;221;127;139m[38;2;214;135;150m▄[48;2;218;145;155m[38;2;252;255;255m▄[48;2;234;147;158m[38;2;225;167;176m▄[48;2;240;163;171m[38;2;224;132;145m▄[48;2;224;131;142m[38;2;224;136;146m▄[48;2;245;159;169m[38;2;226;148;155m▄[48;2;226;133;146m[38;2;220;111;125m▄[48;2;202;164;169m[38;2;219;125;139m▄[48;2;212;219;217m[38;2;211;211;211m▄[48;2;217;216;216m[38;2;219;218;216m▄[48;2;216;216;217m[38;2;220;217;212m▄[48;2;217;216;217m[38;2;223;218;211m▄[48;2;216;216;216m[38;2;221;214;202m▄[48;2;216;217;219m[38;2;217;212;201m▄[48;2;216;215;215m[38;2;215;215;217m▄[48;2;215;215;215m[38;2;215;215;215m▄[48;2;214;214;214m[38;2;214;214;214m▄[48;2;214;214;214m[38;2;214;214;214m▄[48;2;213;213;213m[38;2;213;213;213m▄[48;2;213;213;213m[38;2;213;213;213m▄[48;2;212;212;212m[38;2;212;212;212m▄[48;2;211;211;211m[38;2;211;211;211m▄[48;2;211;211;211m[38;2;211;211;211m▄[48;2;211;211;211m[38;2;211;211;211m▄[48;2;210;210;210m[38;2;211;211;211m▄[48;2;209;209;209m[38;2;209;209;209m▄[48;2;209;209;209m[38;2;209;208;209m▄[48;2;209;209;209m[38;2;208;208;209m▄[48;2;208;208;208m[38;2;208;208;208m▄[48;2;207;207;207m[38;2;207;207;207m▄[48;2;207;207;207m[38;2;206;206;206m▄[48;2;205;205;206m[38;2;205;205;205m▄[48;2;204;204;204m[38;2;204;204;204m▄[48;2;204;204;204m[38;2;203;203;203m▄[48;2;203;203;203m[38;2;203;203;203m▄[0m
[48;2;214;214;214m[38;2;214;214;214m▄[48;2;215;215;215m[38;2;215;215;215m▄[48;2;216;216;216m[38;2;215;215;215m▄[48;2;216;216;216m[38;2;215;215;215m▄[48;2;216;216;216m[38;2;216;216;216m▄[48;2;216;216;216m[38;2;217;217;217m▄[48;2;216;216;216m[38;2;217;217;217m▄[48;2;217;217;217m[38;2;216;216;216m▄[48;2;217;217;217m[38;2;216;216;216m▄[48;2;218;218;218m[38;2;217;217;217m▄[48;2;218;218;218m[38;2;217;217;217m▄[48;2;218;218;218m[38;2;217;217;217m▄[48;2;218;218;218m[38;2;218;218;218m▄[48;2;219;219;219m[38;2;219;219;219m▄[48;2;220;220;220m[38;2;219;219;219m▄[48;2;221;221;221m[38;2;220;220;220m▄[48;2;221;221;221m[38;2;220;220;220m▄[48;2;222;222;222m[38;2;221;221;221m▄[48;2;222;222;222m[38;2;220;220;220m▄[48;2;222;222;222m[38;2;221;221;221m▄[48;2;222;222;222m[38;2;221;221;221m▄[48;2;222;222;222m[38;2;221;220;220m▄[48;2;221;221;221m[38;2;221;220;220m▄[48;2;221;221;221m[38;2;221;219;220m▄[48;2;224;227;226m[38;2;222;219;220m▄[48;2;213;201;204m[38;2;220;223;223m▄[48;2;218;114;131m[38;2;199;123;137m▄[48;2;224;113;131m[38;2;212;99;118m▄[48;2;210;101;120m[38;2;223;109;125m▄[48;2;205;94;114m[38;2;218;107;124m▄[48;2;226;184;192m[38;2;219;109;125m▄[48;2;255;255;255m[38;2;218;154;166m▄[48;2;237;212;216m[38;2;239;225;228m▄[48;2;205;111;125m[38;2;217;116;132m▄[48;2;216;108;125m[38;2;233;123;137m▄[48;2;232;122;136m[38;2;228;117;133m▄[48;2;221;121;136m[38;2;203;139;150m▄[48;2;205;199;200m[38;2;203;208;207m▄[48;2;219;219;215m[38;2;216;214;215m▄[48;2;218;216;213m[38;2;216;216;216m▄[48;2;216;215;214m[38;2;215;215;214m▄[48;2;215;215;216m[38;2;217;219;223m▄[48;2;214;204;190m[38;2;213;210;206m▄[48;2;214;207;199m[38;2;209;197;180m▄[48;2;215;216;217m[38;2;215;217;220m▄[48;2;214;214;214m[38;2;214;213;213m▄[48;2;213;213;214m[38;2;213;213;214m▄[48;2;213;213;213m[38;2;213;213;213m▄[48;2;211;211;212m[38;2;211;211;211m▄[48;2;211;211;211m[38;2;211;211;211m▄[48;2;211;211;211m[38;2;210;210;210m▄[48;2;210;210;210m[38;2;210;210;210m▄[48;2;210;210;210m[38;2;209;209;209m▄[48;2;210;210;210m[38;2;209;209;209m▄[48;2;209;209;209m[38;2;208;208;208m▄[48;2;208;208;209m[38;2;208;208;208m▄[48;2;208;208;209m[38;2;208;208;208m▄[48;2;207;207;207m[38;2;207;207;207m▄[48;2;207;207;207m[38;2;206;206;206m▄[48;2;206;206;206m[38;2;205;205;205m▄[48;2;204;204;204m[38;2;204;204;204m▄[48;2;204;204;204m[38;2;204;204;204m▄[48;2;203;203;203m[38;2;203;203;203m▄[48;2;203;203;203m[38;2;203;203;203m▄[0m
[48;2;214;214;214m[38;2;214;214;214m▄[48;2;215;215;215m[38;2;214;214;214m▄[48;2;215;215;215m[38;2;215;215;215m▄[48;2;215;215;215m[38;2;215;215;215m▄[48;2;216;216;216m[38;2;215;215;215m▄[48;2;217;217;217m[38;2;215;215;215m▄[48;2;216;216;216m[38;2;215;215;215m▄[48;2;217;217;217m[38;2;216;216;216m▄[48;2;217;217;217m[38;2;216;216;216m▄[48;2;216;216;216m[38;2;216;216;216m▄[48;2;216;216;216m[38;2;216;216;216m▄[48;2;216;216;216m[38;2;216;216;216m▄[48;2;217;217;217m[38;2;216;216;216m▄[48;2;217;217;217m[38;2;216;216;216m▄[48;2;217;217;217m[38;2;216;216;216m▄[48;2;218;218;218m[38;2;217;217;217m▄[48;2;219;219;219m[38;2;217;217;217m▄[48;2;219;219;219m[38;2;218;218;218m▄[48;2;219;219;219m[38;2;218;217;217m▄[48;2;219;219;219m[38;2;219;222;222m▄[48;2;220;219;219m[38;2;218;222;221m▄[48;2;220;224;224m[38;2;217;197;198m▄[48;2;219;226;225m[38;2;221;187;190m▄[48;2;218;224;224m[38;2;224;185;188m▄[48;2;218;224;224m[38;2;222;183;186m▄[48;2;223;231;230m[38;2;217;195;196m▄[48;2;207;196;199m[38;2;218;227;226m▄[48;2;209;105;122m[38;2;201;126;140m▄[48;2;224;108;124m[38;2;222;94;112m▄[48;2;210;100;118m[38;2;211;93;114m▄[48;2;234;134;145m[38;2;227;119;135m▄[48;2;226;117;131m[38;2;207;102;121m▄[48;2;196;84;105m[38;2;207;87;109m▄[48;2;206;90;111m[38;2;220;96;117m▄[48;2;214;98;117m[38;2;218;88;111m▄[48;2;203;102;122m[38;2;198;135;148m▄[48;2;192;191;194m[38;2;200;206;205m▄[48;2;207;212;211m[38;2;232;197;199m▄[48;2;214;216;215m[38;2;240;201;203m▄[48;2;215;217;218m[38;2;219;212;211m▄[48;2;217;217;219m[38;2;211;203;189m▄[48;2;213;207;199m[38;2;207;200;182m▄[48;2;207;190;169m[38;2;213;214;211m▄[48;2;211;206;200m[38;2;210;208;204m▄[48;2;213;214;215m[38;2;209;206;201m▄[48;2;214;213;213m[38;2;213;214;215m▄[48;2;213;213;213m[38;2;212;211;211m▄[48;2;212;212;212m[38;2;211;211;211m▄[48;2;211;211;211m[38;2;211;211;211m▄[48;2;211;211;211m[38;2;211;211;211m▄[48;2;211;211;211m[38;2;210;210;210m▄[48;2;209;209;209m[38;2;209;209;209m▄[48;2;209;209;209m[38;2;209;209;209m▄[48;2;209;209;209m[38;2;208;208;208m▄[48;2;209;209;208m[38;2;208;208;208m▄[48;2;208;208;208m[38;2;207;207;207m▄[48;2;207;207;207m[38;2;207;207;207m▄[48;2;206;206;206m[38;2;206;206;206m▄[48;2;207;207;207m[38;2;206;206;206m▄[48;2;205;205;205m[38;2;204;204;204m▄[48;2;204;204;204m[38;2;204;204;204m▄[48;2;203;203;203m[38;2;203;203;203m▄[48;2;203;203;203m[38;2;203;203;203m▄[48;2;203;203;203m[38;2;203;203;203m▄[0m
[48;2;213;213;213m[38;2;213;213;213m▄[48;2;214;214;214m[38;2;214;214;214m▄[48;2;214;214;214m[38;2;214;214;214m▄[48;2;215;215;215m[38;2;214;214;214m▄[48;2;215;215;215m[38;2;215;215;215m▄[48;2;215;215;215m[38;2;215;215;215m▄[48;2;215;215;215m[38;2;215;215;215m▄[48;2;216;216;216m[38;2;215;215;215m▄[48;2;216;216;216m[38;2;215;215;216m▄[48;2;217;217;217m[38;2;216;216;217m▄[48;2;216;216;216m[38;2;216;216;216m▄[48;2;216;216;216m[38;2;216;216;216m▄[48;2;216;216;216m[38;2;217;217;217m▄[48;2;216;216;216m[38;2;216;216;216m▄[48;2;217;217;217m[38;2;217;217;217m▄[48;2;217;217;217m[38;2;217;217;217m▄[48;2;217;217;217m[38;2;217;217;217m▄[48;2;217;216;216m[38;2;217;218;218m▄[48;2;218;222;221m[38;2;214;212;213m▄[48;2;214;202;204m[38;2;220;155;162m▄[48;2;221;161;167m[38;2;236;187;193m▄[48;2;231;165;171m[38;2;214;111;122m▄[48;2;225;141;147m[38;2;231;158;166m▄[48;2;226;136;143m[38;2;226;145;153m▄[48;2;230;154;161m[38;2;209;118;128m▄[48;2;232;156;163m[38;2;242;189;196m▄[48;2;219;178;181m[38;2;223;153;160m▄[48;2;210;208;209m[38;2;211;206;206m▄[48;2;198;122;137m[38;2;209;208;209m▄[48;2;198;94;116m[38;2;198;204;204m▄[48;2;192;109;125m[38;2;204;171;172m▄[48;2;210;137;143m[38;2;236;158;164m▄[48;2;213;135;145m[38;2;223;153;159m▄[48;2;199;98;117m[38;2;193;191;191m▄[48;2;195;126;139m[38;2;198;199;198m▄[48;2;192;195;196m[38;2;205;202;202m▄[48;2;221;183;185m[38;2;237;184;186m▄[48;2;247;208;210m[38;2;239;211;214m▄[48;2;243;197;200m[38;2;225;145;149m▄[48;2;222;186;179m[38;2;212;196;193m▄[48;2;207;199;190m[38;2;215;171;176m▄[48;2;224;178;185m[38;2;237;150;156m▄[48;2;217;198;200m[38;2;215;144;150m▄[48;2;207;203;193m[38;2;210;213;213m▄[48;2;211;209;207m[38;2;211;211;212m▄[48;2;213;213;213m[38;2;211;211;210m▄[48;2;211;211;211m[38;2;211;211;210m▄[48;2;211;211;211m[38;2;211;211;211m▄[48;2;211;211;211m[38;2;211;211;211m▄[48;2;211;211;211m[38;2;211;211;211m▄[48;2;210;210;210m[38;2;210;210;210m▄[48;2;209;209;209m[38;2;209;209;209m▄[48;2;209;209;209m[38;2;209;209;208m▄[48;2;209;209;209m[38;2;208;208;208m▄[48;2;208;208;208m[38;2;208;208;208m▄[48;2;207;207;207m[38;2;208;208;208m▄[48;2;207;207;207m[38;2;207;207;207m▄[48;2;206;206;206m[38;2;207;207;207m▄[48;2;206;206;206m[38;2;206;206;206m▄[48;2;205;204;205m[38;2;204;204;204m▄[48;2;203;203;203m[38;2;203;203;203m▄[48;2;203;203;203m[38;2;203;203;203m▄[48;2;203;203;203m[38;2;203;203;203m▄[48;2;203;203;203m[38;2;202;202;202m▄[0m
[48;2;212;212;212m[38;2;211;211;211m▄[48;2;213;213;213m[38;2;212;212;212m▄[48;2;214;214;214m[38;2;213;213;213m▄[48;2;214;214;214m[38;2;214;214;214m▄[48;2;215;215;215m[38;2;214;214;214m▄[48;2;215;215;215m[38;2;215;215;215m▄[48;2;215;215;215m[38;2;215;215;215m▄[48;2;215;215;215m[38;2;215;215;215m▄[48;2;215;215;215m[38;2;215;215;215m▄[48;2;215;215;215m[38;2;216;216;216m▄[48;2;216;216;216m[38;2;216;216;216m▄[48;2;216;216;216m[38;2;216;216;216m▄[48;2;216;216;216m[38;2;216;216;216m▄[48;2;216;216;216m[38;2;216;216;216m▄[48;2;217;217;217m[38;2;216;216;216m▄[48;2;217;217;217m[38;2;216;215;216m▄[48;2;217;216;216m[38;2;216;216;217m▄[48;2;218;224;224m[38;2;217;218;218m▄[48;2;209;182;186m[38;2;217;213;214m▄[48;2;223;154;163m[38;2;204;131;141m▄[48;2;222;160;168m[38;2;190;83;100m▄[48;2;206;101;115m[38;2;211;124;136m▄[48;2;238;184;191m[38;2;233;170;177m▄[48;2;200;111;124m[38;2;210;122;134m▄[48;2;215;149;157m[38;2;219;149;160m▄[48;2;238;183;190m[38;2;189;90;107m▄[48;2;201;103;116m[38;2;216;135;146m▄[48;2;215;146;154m[38;2;209;132;143m▄[48;2;218;144;153m[38;2;223;159;169m▄[48;2;212;147;156m[38;2;215;135;148m▄[48;2;206;134;143m[38;2;201;104;120m▄[48;2;211;114;126m[38;2;232;172;180m▄[48;2;203;126;134m[38;2;194;96;111m▄[48;2;212;157;163m[38;2;233;179;186m▄[48;2;235;178;183m[38;2;218;157;166m▄[48;2;226;158;164m[38;2;218;143;153m▄[48;2;242;202;203m[38;2;242;210;211m▄[48;2;231;198;199m[38;2;214;164;172m▄[48;2;225;148;153m[38;2;237;189;194m▄[48;2;213;156;161m[38;2;208;116;130m▄[48;2;209;141;148m[38;2;210;124;135m▄[48;2;212;113;124m[38;2;223;149;158m▄[48;2;202;158;163m[38;2;184;128;138m▄[48;2;207;215;214m[38;2;207;208;208m▄[48;2;211;209;209m[38;2;211;211;210m▄[48;2;210;210;210m[38;2;210;210;208m▄[48;2;211;211;211m[38;2;211;211;211m▄[48;2;211;211;211m[38;2;211;211;211m▄[48;2;211;210;211m[38;2;210;210;210m▄[48;2;210;210;210m[38;2;208;211;211m▄[48;2;210;210;211m[38;2;209;211;216m▄[48;2;209;208;210m[38;2;208;208;215m▄[48;2;208;208;209m[38;2;208;207;210m▄[48;2;208;208;208m[38;2;208;208;208m▄[48;2;208;208;208m[38;2;208;208;208m▄[48;2;208;208;207m[38;2;208;208;206m▄[48;2;208;208;205m[38;2;208;208;202m▄[48;2;206;206;202m[38;2;207;207;201m▄[48;2;204;204;203m[38;2;204;204;201m▄[48;2;204;204;204m[38;2;203;203;203m▄[48;2;203;203;203m[38;2;202;202;202m▄[48;2;202;202;202m[38;2;202;202;202m▄[48;2;202;202;202m[38;2;202;202;202m▄[48;2;201;201;201m[38;2;201;201;201m▄[0m
[48;2;211;211;211m[38;2;210;210;210m▄[48;2;211;211;211m[38;2;210;210;210m▄[48;2;211;211;211m[38;2;211;211;211m▄[48;2;212;212;212m[38;2;212;212;212m▄[48;2;214;214;214m[38;2;213;213;213m▄[48;2;214;214;214m[38;2;214;214;214m▄[48;2;215;215;215m[38;2;214;214;214m▄[48;2;215;215;215m[38;2;214;214;214m▄[48;2;215;215;215m[38;2;215;215;215m▄[48;2;215;215;215m[38;2;215;215;215m▄[48;2;215;215;215m[38;2;214;214;214m▄[48;2;216;216;216m[38;2;215;215;215m▄[48;2;216;216;216m[38;2;215;215;215m▄[48;2;215;215;215m[38;2;215;215;215m▄[48;2;215;215;215m[38;2;215;215;215m▄[48;2;215;215;216m[38;2;216;216;216m▄[48;2;216;216;216m[38;2;216;216;216m▄[48;2;216;215;215m[38;2;216;216;216m▄[48;2;216;216;217m[38;2;215;213;213m▄[48;2;217;223;223m[38;2;211;214;206m▄[48;2;189;137;148m[38;2;184;119;133m▄[48;2;220;132;145m[38;2;227;125;141m▄[48;2;195;103;120m[38;2;168;83;101m▄[48;2;229;151;160m[38;2;193;104;119m▄[48;2;191;101;116m[38;2;224;138;150m▄[48;2;182;92;109m[38;2;162;62;86m▄[48;2;231;154;165m[38;2;228;134;147m▄[48;2;171;68;88m[38;2;199;110;125m▄[48;2;231;159;169m[38;2;227;142;154m▄[48;2;181;82;102m[38;2;197;103;123m▄[48;2;226;147;158m[38;2;220;131;145m▄[48;2;194;102;118m[38;2;202;113;130m▄[48;2;216;139;152m[38;2;205;125;139m▄[48;2;222;151;163m[38;2;230;159;169m▄[48;2;192;100;117m[38;2;203;135;150m▄[48;2;213;133;147m[38;2;217;150;162m▄[48;2;251;200;205m[38;2;227;152;162m▄[48;2;191;107;124m[38;2;169;64;86m▄[48;2;228;148;159m[38;2;226;133;144m▄[48;2;184;88;105m[38;2;189;98;113m▄[48;2;223;141;152m[38;2;218;128;140m▄[48;2;185;88;107m[38;2;189;90;108m▄[48;2;178;70;91m[38;2;174;88;108m▄[48;2;199;163;171m[38;2;197;188;191m▄[48;2;213;220;218m[38;2;208;210;210m▄[48;2;210;208;208m[38;2;210;210;211m▄[48;2;210;210;210m[38;2;210;210;210m▄[48;2;210;210;210m[38;2;210;210;210m▄[48;2;210;210;210m[38;2;210;210;210m▄[48;2;209;210;211m[38;2;209;208;211m▄[48;2;207;211;217m[38;2;207;207;211m▄[48;2;207;208;216m[38;2;207;207;210m▄[48;2;209;208;212m[38;2;208;207;211m▄[48;2;208;207;209m[38;2;208;207;209m▄[48;2;207;207;208m[38;2;207;207;206m▄[48;2;208;208;206m[38;2;208;208;207m▄[48;2;208;208;202m[38;2;207;207;202m▄[48;2;206;207;201m[38;2;205;207;201m▄[48;2;203;204;201m[38;2;203;205;205m▄[48;2;202;203;203m[38;2;202;203;203m▄[48;2;203;203;202m[38;2;202;202;202m▄[48;2;202;202;202m[38;2;201;201;202m▄[48;2;201;201;201m[38;2;201;200;202m▄[48;2;201;201;201m[38;2;201;201;201m▄[0m
[48;2;210;210;210m[38;2;210;210;210m▄[48;2;210;210;210m[38;2;211;211;211m▄[48;2;210;210;210m[38;2;211;211;211m▄[48;2;211;211;211m[38;2;210;210;210m▄[48;2;211;211;211m[38;2;210;210;210m▄[48;2;212;212;212m[38;2;211;211;211m▄[48;2;212;212;212m[38;2;211;211;211m▄[48;2;213;213;213m[38;2;212;212;212m▄[48;2;213;213;213m[38;2;212;212;212m▄[48;2;214;213;214m[38;2;212;212;212m▄[48;2;214;214;214m[38;2;214;213;214m▄[48;2;215;215;215m[38;2;214;214;214m▄[48;2;215;215;215m[38;2;214;214;214m▄[48;2;215;215;215m[38;2;214;214;214m▄[48;2;215;215;215m[38;2;214;214;214m▄[48;2;215;215;215m[38;2;215;215;215m▄[48;2;215;215;214m[38;2;215;215;214m▄[48;2;217;218;219m[38;2;216;216;217m▄[48;2;209;203;197m[38;2;210;207;204m▄[48;2;208;206;195m[38;2;199;189;169m▄[48;2;186;126;145m[38;2;208;199;198m▄[48;2;180;63;87m[38;2;185;140;147m▄[48;2;185;142;153m[38;2;190;172;162m▄[48;2;175;118;131m[38;2;202;192;181m▄[48;2;214;114;130m[38;2;167;81;101m▄[48;2;205;112;128m[38;2;214;113;129m▄[48;2;159;51;77m[38;2;219;130;143m▄[48;2;177;86;108m[38;2;177;92;111m▄[48;2;165;59;85m[38;2;171;79;98m▄[48;2;181;99;117m[38;2;188;126;138m▄[48;2;180;107;123m[38;2;187;139;150m▄[48;2;188;106;124m[38;2;188;116;131m▄[48;2;184;104;121m[38;2;199;139;150m▄[48;2;194;112;131m[38;2;195;127;141m▄[48;2;191;112;132m[38;2;197;125;142m▄[48;2;175;81;102m[38;2;195;123;139m▄[48;2;179;90;110m[38;2;187;109;126m▄[48;2;186;140;149m[38;2;194;190;191m▄[48;2;177;88;110m[38;2;198;188;180m▄[48;2;176;97;117m[38;2;194;184;172m▄[48;2;172;86;108m[38;2;194;186;177m▄[48;2;177;89;109m[38;2;194;188;185m▄[48;2;185;162;167m[38;2;195;195;186m▄[48;2;196;201;199m[38;2;204;203;203m▄[48;2;207;205;206m[38;2;209;209;209m▄[48;2;209;209;209m[38;2;207;208;208m▄[48;2;209;209;209m[38;2;208;208;208m▄[48;2;208;208;208m[38;2;208;208;208m▄[48;2;209;209;209m[38;2;208;208;208m▄[48;2;208;208;209m[38;2;208;208;208m▄[48;2;208;207;208m[38;2;208;208;207m▄[48;2;208;207;208m[38;2;207;207;207m▄[48;2;207;207;208m[38;2;207;207;207m▄[48;2;207;207;207m[38;2;206;206;206m▄[48;2;207;207;205m[38;2;206;206;205m▄[48;2;207;207;202m[38;2;207;207;202m▄[48;2;206;207;201m[38;2;205;206;200m▄[48;2;204;207;203m[38;2;203;205;203m▄[48;2;202;206;207m[38;2;202;204;205m▄[48;2;202;202;203m[38;2;202;202;203m▄[48;2;201;201;202m[38;2;201;201;201m▄[48;2;201;201;201m[38;2;201;201;201m▄[48;2;201;201;201m[38;2;201;201;201m▄[48;2;201;201;201m[38;2;201;201;201m▄[0m
[48;2;209;209;209m[38;2;209;209;209m▄[48;2;209;209;209m[38;2;210;210;210m▄[48;2;210;210;210m[38;2;210;210;210m▄[48;2;210;210;210m[38;2;210;210;210m▄[48;2;210;210;210m[38;2;211;211;210m▄[48;2;210;210;210m[38;2;211;211;212m▄[48;2;210;210;210m[38;2;211;211;212m▄[48;2;210;210;210m[38;2;212;212;212m▄[48;2;211;211;211m[38;2;212;212;212m▄[48;2;211;211;211m[38;2;212;212;213m▄[48;2;212;212;212m[38;2;213;213;213m▄[48;2;212;212;212m[38;2;213;213;213m▄[48;2;212;212;212m[38;2;213;213;213m▄[48;2;212;212;212m[38;2;212;212;212m▄[48;2;213;213;213m[38;2;212;212;212m▄[48;2;213;213;213m[38;2;213;213;213m▄[48;2;213;213;214m[38;2;213;213;213m▄[48;2;214;213;213m[38;2;214;214;214m▄[48;2;214;216;217m[38;2;213;213;213m▄[48;2;206;200;192m[38;2;214;216;217m▄[48;2;199;188;171m[38;2;213;214;216m▄[48;2;200;198;181m[38;2;211;211;213m▄[48;2;200;195;186m[38;2;211;212;214m▄[48;2;208;211;211m[38;2;211;210;211m▄[48;2;205;197;199m[38;2;213;215;215m▄[48;2;172;98;117m[38;2;210;211;211m▄[48;2;187;79;102m[38;2;189;157;168m▄[48;2;202;99;120m[38;2;177;120;136m▄[48;2;196;103;123m[38;2;179;116;131m▄[48;2;193;90;110m[38;2;182;131;143m▄[48;2;200;113;129m[38;2;183;121;134m▄[48;2;193;122;135m[38;2;191;114;129m▄[48;2;186;101;120m[38;2;202;122;137m▄[48;2;196;139;153m[38;2;201;119;134m▄[48;2;188;138;152m[38;2;198;103;121m▄[48;2;190;108;124m[38;2;189;92;111m▄[48;2;191;96;117m[38;2;168;85;107m▄[48;2;183;156;161m[38;2;195;192;194m▄[48;2;206;207;199m[38;2;209;210;211m▄[48;2;201;195;189m[38;2;209;210;212m▄[48;2;199;193;180m[38;2;208;209;212m▄[48;2;201;194;181m[38;2;207;208;212m▄[48;2;207;202;198m[38;2;207;208;209m▄[48;2;207;208;209m[38;2;207;207;207m▄[48;2;208;208;208m[38;2;208;208;208m▄[48;2;207;208;208m[38;2;207;207;207m▄[48;2;207;208;208m[38;2;207;207;207m▄[48;2;207;207;207m[38;2;207;207;207m▄[48;2;207;207;207m[38;2;207;207;207m▄[48;2;207;207;207m[38;2;207;207;207m▄[48;2;206;206;207m[38;2;206;205;207m▄[48;2;206;206;206m[38;2;205;205;206m▄[48;2;205;205;205m[38;2;205;205;205m▄[48;2;204;204;204m[38;2;205;205;205m▄[48;2;204;204;203m[38;2;204;204;204m▄[48;2;204;204;203m[38;2;203;203;204m▄[48;2;203;203;200m[38;2;203;203;202m▄[48;2;202;202;202m[38;2;203;203;203m▄[48;2;202;202;202m[38;2;202;202;202m▄[48;2;202;202;202m[38;2;201;201;202m▄[48;2;201;201;202m[38;2;201;201;202m▄[48;2;200;200;201m[38;2;201;200;201m▄[48;2;201;201;201m[38;2;201;201;201m▄[48;2;201;201;201m[38;2;201;201;201m▄[0m
[48;2;213;213;213m[38;2;216;216;216m▄[48;2;214;214;214m[38;2;216;216;216m▄[48;2;214;214;214m[38;2;216;216;216m▄[48;2;214;214;214m[38;2;216;216;216m▄[48;2;214;214;215m[38;2;217;217;217m▄[48;2;215;215;215m[38;2;216;216;216m▄[48;2;215;215;215m[38;2;217;217;217m▄[48;2;215;215;215m[38;2;216;216;216m▄[48;2;215;215;215m[38;2;217;217;217m▄[48;2;216;216;216m[38;2;217;217;217m▄[48;2;216;216;216m[38;2;217;217;217m▄[48;2;216;216;216m[38;2;218;218;218m▄[48;2;216;216;216m[38;2;218;218;218m▄[48;2;216;216;216m[38;2;217;217;217m▄[48;2;216;216;216m[38;2;217;217;217m▄[48;2;216;216;216m[38;2;217;217;217m▄[48;2;216;216;216m[38;2;217;217;217m▄[48;2;216;216;216m[38;2;217;216;217m▄[48;2;217;217;217m[38;2;216;216;217m▄[48;2;217;217;217m[38;2;215;215;215m▄[48;2;217;217;216m[38;2;214;213;213m▄[48;2;217;216;216m[38;2;213;213;213m▄[48;2;218;218;217m[38;2;209;208;209m▄[48;2;217;217;216m[38;2;150;119;125m▄[48;2;216;215;215m[38;2;165;145;148m▄[48;2;215;215;215m[38;2;154;126;131m▄[48;2;210;216;214m[38;2;157;133;139m▄[48;2;204;211;209m[38;2;154;129;133m▄[48;2;198;204;201m[38;2;160;136;139m▄[48;2;191;198;195m[38;2;151;124;129m▄[48;2;191;192;191m[38;2;135;101;108m▄[48;2;185;166;168m[38;2;193;197;196m▄[48;2;183;141;148m[38;2;194;199;197m▄[48;2;181;123;136m[38;2;148;126;130m▄[48;2;173;109;123m[38;2;144;119;123m▄[48;2;172;121;134m[38;2;154;139;139m▄[48;2;187;179;181m[38;2;151;127;130m▄[48;2;195;199;198m[38;2;166;147;152m▄[48;2;210;210;210m[38;2;150;121;127m▄[48;2;211;212;212m[38;2;202;199;200m▄[48;2;211;210;210m[38;2;211;212;212m▄[48;2;211;210;210m[38;2;210;209;209m▄[48;2;211;211;210m[38;2;210;210;210m▄[48;2;210;210;210m[38;2;210;210;211m▄[48;2;210;210;210m[38;2;210;210;210m▄[48;2;209;210;210m[38;2;210;210;210m▄[48;2;210;210;210m[38;2;210;210;210m▄[48;2;209;209;209m[38;2;211;211;211m▄[48;2;209;209;209m[38;2;210;210;210m▄[48;2;208;208;209m[38;2;210;210;210m▄[48;2;208;208;209m[38;2;210;210;210m▄[48;2;208;208;209m[38;2;210;210;210m▄[48;2;208;208;208m[38;2;210;210;210m▄[48;2;208;208;208m[38;2;209;209;209m▄[48;2;207;207;207m[38;2;209;209;209m▄[48;2;207;207;206m[38;2;209;209;209m▄[48;2;206;206;205m[38;2;208;208;208m▄[48;2;205;205;206m[38;2;208;208;208m▄[48;2;204;204;204m[38;2;207;207;207m▄[48;2;204;204;204m[38;2;206;206;206m▄[48;2;203;203;203m[38;2;207;206;207m▄[48;2;203;203;203m[38;2;206;206;206m▄[48;2;202;202;202m[38;2;206;206;206m▄[48;2;203;203;203m[38;2;206;206;206m▄[0m
[48;2;219;219;219m[38;2;223;223;223m▄[48;2;219;219;219m[38;2;223;223;223m▄[48;2;219;219;219m[38;2;224;224;224m▄[48;2;219;219;219m[38;2;224;224;224m▄[48;2;220;220;220m[38;2;224;224;224m▄[48;2;220;220;220m[38;2;224;224;224m▄[48;2;220;220;220m[38;2;224;224;224m▄[48;2;220;220;220m[38;2;224;224;224m▄[48;2;221;221;221m[38;2;224;224;224m▄[48;2;221;221;221m[38;2;224;224;224m▄[48;2;221;221;221m[38;2;225;225;225m▄[48;2;222;222;222m[38;2;224;224;224m▄[48;2;222;222;222m[38;2;224;224;224m▄[48;2;222;222;222m[38;2;224;224;224m▄[48;2;222;222;222m[38;2;225;225;225m▄[48;2;222;222;222m[38;2;225;225;225m▄[48;2;221;221;221m[38;2;225;225;225m▄[48;2;218;218;219m[38;2;225;225;225m▄[48;2;213;213;213m[38;2;224;224;224m▄[48;2;206;206;206m[38;2;225;226;226m▄[48;2;200;200;200m[38;2;213;209;210m▄[48;2;200;202;202m[38;2;178;160;165m▄[48;2;198;199;198m[38;2;172;152;156m▄[48;2;151;125;128m[38;2;176;160;163m▄[48;2;160;142;143m[38;2;180;164;168m▄[48;2;150;127;132m[38;2;183;169;171m▄[48;2;159;139;143m[38;2;166;149;152m▄[48;2;157;136;140m[38;2;169;151;155m▄[48;2;164;144;145m[38;2;171;155;158m▄[48;2;163;145;147m[38;2;180;168;171m▄[48;2;152;129;132m[38;2;186;178;180m▄[48;2;187;179;181m[38;2;160;142;146m▄[48;2;193;193;191m[38;2;178;168;169m▄[48;2;155;134;137m[38;2;173;159;161m▄[48;2;150;126;130m[38;2;170;154;157m▄[48;2;165;147;150m[38;2;165;146;149m▄[48;2;159;135;137m[38;2;167;150;153m▄[48;2;169;155;155m[38;2;197;189;192m▄[48;2;160;139;140m[38;2;181;166;168m▄[48;2;175;161;163m[38;2;178;162;163m▄[48;2;192;191;191m[38;2;174;156;158m▄[48;2;199;202;201m[38;2;163;142;145m▄[48;2;199;200;200m[38;2;187;177;180m▄[48;2;203;202;203m[38;2;217;218;217m▄[48;2;209;209;209m[38;2;215;215;215m▄[48;2;212;211;212m[38;2;216;216;216m▄[48;2;214;214;214m[38;2;216;216;216m▄[48;2;214;214;215m[38;2;216;215;217m▄[48;2;214;214;214m[38;2;215;215;216m▄[48;2;213;213;213m[38;2;215;215;215m▄[48;2;213;213;213m[38;2;215;215;216m▄[48;2;212;212;212m[38;2;215;215;215m▄[48;2;211;211;211m[38;2;214;214;214m▄[48;2;211;211;211m[38;2;214;214;214m▄[48;2;210;210;210m[38;2;213;213;213m▄[48;2;210;210;210m[38;2;212;212;212m▄[48;2;210;210;210m[38;2;211;211;211m▄[48;2;210;210;210m[38;2;210;210;210m▄[48;2;213;213;213m[38;2;217;217;217m▄[48;2;216;216;216m[38;2;221;221;221m▄[48;2;209;209;209m[38;2;211;211;210m▄[48;2;208;208;209m[38;2;209;209;209m▄[48;2;208;208;209m[38;2;210;209;210m▄[48;2;208;208;208m[38;2;209;209;209m▄[0m
[48;2;225;225;225m[38;2;229;229;229m▄[48;2;227;227;227m[38;2;229;229;229m▄[48;2;226;226;226m[38;2;228;228;228m▄[48;2;227;227;227m[38;2;228;228;228m▄[48;2;226;226;226m[38;2;229;229;229m▄[48;2;227;227;227m[38;2;229;229;229m▄[48;2;227;227;227m[38;2;229;229;229m▄[48;2;227;227;227m[38;2;229;229;229m▄[48;2;226;226;226m[38;2;229;229;229m▄[48;2;227;227;227m[38;2;229;229;229m▄[48;2;227;227;227m[38;2;229;229;229m▄[48;2;227;227;227m[38;2;229;229;229m▄[48;2;228;228;228m[38;2;229;229;229m▄[48;2;227;227;227m[38;2;229;229;229m▄[48;2;227;227;227m[38;2;229;229;229m▄[48;2;227;227;227m[38;2;229;229;229m▄[48;2;227;227;227m[38;2;229;229;229m▄[48;2;227;227;227m[38;2;229;229;229m▄[48;2;227;227;227m[38;2;229;229;229m▄[48;2;229;230;230m[38;2;229;229;229m▄[48;2;223;221;221m[38;2;229;229;229m▄[48;2;199;186;188m[38;2;233;235;235m▄[48;2;194;180;183m[38;2;234;236;236m▄[48;2;200;187;190m[38;2;231;233;233m▄[48;2;207;196;199m[38;2;230;231;231m▄[48;2;214;208;209m[38;2;229;229;230m▄[48;2;195;183;185m[38;2;232;234;234m▄[48;2;200;186;191m[38;2;231;233;233m▄[48;2;204;191;195m[38;2;229;231;230m▄[48;2;199;188;191m[38;2;229;230;230m▄[48;2;209;202;205m[38;2;227;228;228m▄[48;2;200;189;192m[38;2;229;232;231m▄[48;2;211;203;205m[38;2;227;228;227m▄[48;2;200;190;192m[38;2;228;230;229m▄[48;2;198;187;187m[38;2;228;230;230m▄[48;2;201;189;191m[38;2;227;229;229m▄[48;2;204;195;196m[38;2;227;228;228m▄[48;2;212;208;210m[38;2;224;225;225m▄[48;2;200;189;191m[38;2;226;228;228m▄[48;2;209;202;203m[38;2;225;226;226m▄[48;2;196;185;187m[38;2;226;228;228m▄[48;2;193;181;185m[38;2;227;229;228m▄[48;2;208;202;204m[38;2;222;223;223m▄[48;2;220;220;220m[38;2;219;219;219m▄[48;2;217;217;217m[38;2;218;218;218m▄[48;2;217;217;217m[38;2;218;218;218m▄[48;2;216;217;217m[38;2;217;217;217m▄[48;2;216;216;217m[38;2;217;217;217m▄[48;2;216;216;216m[38;2;216;216;216m▄[48;2;215;215;215m[38;2;216;216;216m▄[48;2;216;215;216m[38;2;216;216;216m▄[48;2;214;214;215m[38;2;216;216;216m▄[48;2;215;215;215m[38;2;216;216;216m▄[48;2;215;215;215m[38;2;215;215;215m▄[48;2;215;215;215m[38;2;215;215;215m▄[48;2;214;214;214m[38;2;215;215;215m▄[48;2;214;214;214m[38;2;215;215;215m▄[48;2;214;214;214m[38;2;215;215;215m▄[48;2;213;213;213m[38;2;215;215;215m▄[48;2;212;212;212m[38;2;214;214;214m▄[48;2;211;211;211m[38;2;214;214;215m▄[48;2;211;211;211m[38;2;213;213;213m▄[48;2;210;210;210m[38;2;213;213;213m▄[48;2;210;210;210m[38;2;213;213;213m▄[0m
[48;2;230;230;230m[38;2;231;231;231m▄[48;2;230;230;230m[38;2;231;231;231m▄[48;2;230;230;230m[38;2;231;231;231m▄[48;2;230;230;230m[38;2;231;231;231m▄[48;2;231;231;231m[38;2;232;232;232m▄[48;2;230;230;230m[38;2;231;231;231m▄[48;2;230;230;230m[38;2;231;231;231m▄[48;2;230;230;230m[38;2;231;231;231m▄[48;2;230;230;230m[38;2;231;231;231m▄[48;2;231;231;231m[38;2;232;232;232m▄[48;2;231;231;231m[38;2;231;231;231m▄[48;2;231;231;231m[38;2;231;231;231m▄[48;2;231;231;231m[38;2;231;231;231m▄[48;2;230;230;230m[38;2;230;230;230m▄[48;2;230;230;230m[38;2;230;230;230m▄[48;2;230;230;230m[38;2;231;231;231m▄[48;2;230;230;230m[38;2;230;230;230m▄[48;2;230;230;230m[38;2;230;230;230m▄[48;2;230;230;230m[38;2;230;230;230m▄[48;2;230;230;230m[38;2;230;230;230m▄[48;2;229;229;229m[38;2;230;230;230m▄[48;2;229;229;229m[38;2;229;229;229m▄[48;2;228;228;228m[38;2;230;230;230m▄[48;2;228;227;227m[38;2;229;229;229m▄[48;2;227;226;226m[38;2;229;229;229m▄[48;2;227;226;226m[38;2;227;227;227m▄[48;2;226;226;226m[38;2;227;227;227m▄[48;2;226;226;226m[38;2;227;227;227m▄[48;2;227;227;227m[38;2;227;227;227m▄[48;2;227;226;226m[38;2;227;227;227m▄[48;2;226;226;226m[38;2;228;228;228m▄[48;2;225;224;225m[38;2;226;226;226m▄[48;2;223;223;223m[38;2;226;226;226m▄[48;2;223;223;223m[38;2;225;225;225m▄[48;2;223;223;223m[38;2;224;224;224m▄[48;2;223;223;223m[38;2;224;224;224m▄[48;2;223;222;222m[38;2;224;224;224m▄[48;2;223;223;223m[38;2;224;224;224m▄[48;2;222;222;222m[38;2;224;224;224m▄[48;2;223;222;222m[38;2;223;223;223m▄[48;2;222;221;221m[38;2;223;223;223m▄[48;2;222;221;221m[38;2;223;223;223m▄[48;2;222;221;221m[38;2;222;222;222m▄[48;2;221;221;221m[38;2;222;222;222m▄[48;2;221;221;221m[38;2;221;221;221m▄[48;2;220;220;220m[38;2;220;220;220m▄[48;2;218;218;218m[38;2;218;218;218m▄[48;2;217;217;217m[38;2;217;217;217m▄[48;2;217;217;217m[38;2;217;217;217m▄[48;2;217;217;217m[38;2;217;217;217m▄[48;2;216;216;216m[38;2;216;216;216m▄[48;2;216;216;216m[38;2;216;216;216m▄[48;2;216;216;216m[38;2;216;216;216m▄[48;2;216;216;216m[38;2;216;216;216m▄[48;2;216;216;216m[38;2;216;216;216m▄[48;2;216;216;216m[38;2;216;216;216m▄[48;2;216;216;216m[38;2;216;216;216m▄[48;2;215;215;215m[38;2;216;216;216m▄[48;2;215;215;215m[38;2;215;215;215m▄[48;2;216;216;216m[38;2;216;216;216m▄[48;2;215;215;215m[38;2;216;216;216m▄[48;2;215;215;215m[38;2;215;215;216m▄[48;2;215;215;215m[38;2;215;215;214m▄[48;2;215;215;215m[38;2;215;215;214m▄[0m
