[48;2;218;218;218m[38;2;217;217;217m▄[48;2;219;219;219m[38;2;217;217;217m▄[48;2;221;221;221m[38;2;220;220;220m▄[48;2;222;222;222m[38;2;222;222;222m▄[48;2;223;223;223m[38;2;222;222;222m▄[48;2;223;223;223m[38;2;223;223;223m▄[48;2;223;223;223m[38;2;223;223;223m▄[48;2;224;224;224m[38;2;224;224;224m▄[48;2;225;225;225m[38;2;224;224;224m▄[48;2;225;225;225m[38;2;224;224;224m▄[48;2;225;225;225m[38;2;224;224;224m▄[48;2;224;224;224m[38;2;224;224;224m▄[48;2;225;225;225m[38;2;225;225;225m▄[48;2;227;227;227m[38;2;227;227;227m▄[48;2;227;227;227m[38;2;228;228;228m▄[48;2;228;228;228m[38;2;227;227;227m▄[48;2;227;227;227m[38;2;227;227;227m▄[48;2;228;228;228m[38;2;227;227;227m▄[48;2;227;227;227m[38;2;226;226;226m▄[48;2;228;228;228m[38;2;227;227;227m▄[48;2;229;229;229m[38;2;227;227;227m▄[48;2;228;228;228m[38;2;227;227;227m▄[48;2;228;228;228m[38;2;227;227;227m▄[48;2;227;227;227m[38;2;227;227;227m▄[48;2;227;227;227m[38;2;226;226;226m▄[48;2;227;227;227m[38;2;227;227;227m▄[48;2;227;227;227m[38;2;227;227;227m▄[48;2;227;227;227m[38;2;227;227;227m▄[48;2;227;227;227m[38;2;225;225;225m▄[48;2;225;225;225m[38;2;224;224;224m▄[48;2;224;224;224m[38;2;224;224;224m▄[48;2;225;225;225m[38;2;224;224;224m▄[48;2;226;226;226m[38;2;224;224;224m▄[48;2;224;224;224m[38;2;224;224;224m▄[48;2;223;223;223m[38;2;223;223;223m▄[48;2;223;223;223m[38;2;223;223;223m▄[48;2;223;223;223m[38;2;223;223;223m▄[48;2;222;222;222m[38;2;222;222;222m▄[48;2;221;221;221m[38;2;221;221;221m▄[48;2;221;221;221m[38;2;221;221;221m▄[48;2;219;219;219m[38;2;219;219;219m▄[48;2;218;218;218m[38;2;218;218;218m▄[48;2;217;217;217m[38;2;217;217;217m▄[48;2;216;216;216m[38;2;216;216;216m▄[48;2;216;216;216m[38;2;216;216;216m▄[48;2;216;216;216m[38;2;216;216;216m▄[48;2;215;215;215m[38;2;215;215;215m▄[48;2;215;215;215m[38;2;216;216;216m▄[48;2;215;215;215m[38;2;214;214;214m▄[48;2;214;214;214m[38;2;214;214;214m▄[48;2;214;214;214m[38;2;213;213;213m▄[48;2;213;213;213m[38;2;213;213;213m▄[48;2;212;212;212m[38;2;212;212;212m▄[48;2;211;211;211m[38;2;211;211;211m▄[48;2;210;210;210m[38;2;210;210;210m▄[48;2;210;210;210m[38;2;210;210;210m▄[48;2;209;209;210m[38;2;209;209;209m▄[48;2;208;208;208m[38;2;208;208;208m▄[48;2;208;208;208m[38;2;208;208;208m▄[48;2;208;208;208m[38;2;207;207;207m▄[48;2;207;207;207m[38;2;207;207;207m▄[48;2;206;206;206m[38;2;206;206;206m▄[48;2;205;205;205m[38;2;205;205;205m▄[48;2;204;204;204m[38;2;204;204;204m▄[0m
[48;2;217;217;217m[38;2;217;217;217m▄[48;2;217;217;217m[38;2;217;217;217m▄[48;2;219;219;219m[38;2;217;217;217m▄[48;2;221;221;221m[38;2;220;220;220m▄[48;2;222;222;222m[38;2;221;221;221m▄[48;2;223;223;223m[38;2;222;222;222m▄[48;2;223;223;223m[38;2;223;223;223m▄[48;2;223;223;223m[38;2;223;223;223m▄[48;2;224;224;224m[38;2;223;223;223m▄[48;2;224;224;224m[38;2;224;224;224m▄[48;2;225;225;225m[38;2;225;225;225m▄[48;2;225;225;225m[38;2;224;224;224m▄[48;2;224;224;224m[38;2;224;224;224m▄[48;2;225;225;225m[38;2;224;224;224m▄[48;2;225;225;225m[38;2;224;224;224m▄[48;2;227;227;227m[38;2;225;225;225m▄[48;2;227;227;227m[38;2;227;227;227m▄[48;2;227;227;227m[38;2;227;227;227m▄[48;2;227;227;227m[38;2;227;227;227m▄[48;2;227;227;227m[38;2;227;227;227m▄[48;2;227;227;227m[38;2;227;227;227m▄[48;2;227;227;227m[38;2;227;227;227m▄[48;2;227;227;227m[38;2;227;227;227m▄[48;2;226;226;226m[38;2;226;226;226m▄[48;2;226;226;226m[38;2;226;226;226m▄[48;2;226;226;226m[38;2;226;226;226m▄[48;2;226;226;226m[38;2;225;225;225m▄[48;2;226;226;226m[38;2;225;225;225m▄[48;2;225;225;225m[38;2;224;224;224m▄[48;2;224;224;224m[38;2;222;223;222m▄[48;2;224;224;224m[38;2;223;224;223m▄[48;2;224;224;224m[38;2;224;224;224m▄[48;2;224;224;224m[38;2;224;224;224m▄[48;2;223;223;223m[38;2;223;223;223m▄[48;2;223;223;223m[38;2;222;223;222m▄[48;2;223;223;223m[38;2;223;223;223m▄[48;2;223;223;223m[38;2;222;222;223m▄[48;2;222;222;222m[38;2;222;222;222m▄[48;2;221;221;221m[38;2;222;222;222m▄[48;2;220;220;220m[38;2;221;221;221m▄[48;2;218;218;218m[38;2;218;218;218m▄[48;2;218;218;218m[38;2;217;217;217m▄[48;2;217;217;217m[38;2;216;216;216m▄[48;2;216;216;216m[38;2;216;216;216m▄[48;2;216;216;216m[38;2;216;216;216m▄[48;2;216;216;216m[38;2;216;216;216m▄[48;2;215;215;215m[38;2;215;215;215m▄[48;2;215;215;215m[38;2;215;215;215m▄[48;2;215;215;215m[38;2;215;215;215m▄[48;2;214;214;214m[38;2;214;214;214m▄[48;2;213;213;213m[38;2;213;213;213m▄[48;2;213;213;213m[38;2;212;212;213m▄[48;2;211;211;211m[38;2;211;211;211m▄[48;2;211;211;211m[38;2;210;210;210m▄[48;2;211;211;211m[38;2;211;211;211m▄[48;2;210;210;210m[38;2;211;211;211m▄[48;2;209;209;209m[38;2;208;208;208m▄[48;2;208;208;208m[38;2;208;208;208m▄[48;2;208;208;208m[38;2;208;208;208m▄[48;2;207;207;207m[38;2;207;207;207m▄[48;2;207;207;207m[38;2;207;207;207m▄[48;2;206;206;206m[38;2;206;206;206m▄[48;2;204;204;204m[38;2;205;205;205m▄[48;2;203;203;203m[38;2;204;204;204m▄[0m
[48;2;217;217;217m[38;2;216;216;216m▄[48;2;217;217;217m[38;2;217;217;217m▄[48;2;217;217;217m[38;2;217;217;217m▄[48;2;219;219;219m[38;2;219;219;219m▄[48;2;220;220;220m[38;2;221;221;221m▄[48;2;222;222;222m[38;2;221;221;221m▄[48;2;223;223;223m[38;2;223;223;223m▄[48;2;223;223;223m[38;2;223;223;223m▄[48;2;224;224;224m[38;2;223;223;223m▄[48;2;224;224;224m[38;2;224;224;224m▄[48;2;224;224;224m[38;2;224;224;224m▄[48;2;225;225;225m[38;2;225;225;225m▄[48;2;225;225;225m[38;2;225;225;225m▄[48;2;224;224;224m[38;2;225;225;225m▄[48;2;224;224;224m[38;2;225;225;225m▄[48;2;225;225;225m[38;2;224;224;224m▄[48;2;225;225;225m[38;2;224;224;224m▄[48;2;225;225;225m[38;2;224;224;224m▄[48;2;226;226;226m[38;2;225;225;225m▄[48;2;225;225;225m[38;2;224;224;224m▄[48;2;227;227;227m[38;2;226;226;226m▄[48;2;226;226;226m[38;2;225;225;225m▄[48;2;226;226;226m[38;2;224;224;224m▄[48;2;226;226;226m[38;2;224;224;224m▄[48;2;224;224;224m[38;2;224;224;224m▄[48;2;224;224;224m[38;2;224;224;224m▄[48;2;224;224;224m[38;2;223;224;223m▄[48;2;223;224;223m[38;2;228;226;228m▄[48;2;229;227;230m[38;2;202;212;200m▄[48;2;233;229;233m[38;2;183;201;181m▄[48;2;228;227;228m[38;2;210;215;212m▄[48;2;223;223;223m[38;2;231;228;232m▄[48;2;223;223;223m[38;2;224;224;223m▄[48;2;223;223;223m[38;2;225;224;226m▄[48;2;227;224;228m[38;2;205;219;203m▄[48;2;224;222;224m[38;2;218;223;216m▄[48;2;222;222;222m[38;2;223;222;224m▄[48;2;222;222;222m[38;2;221;222;221m▄[48;2;221;221;221m[38;2;221;221;221m▄[48;2;220;220;220m[38;2;219;219;219m▄[48;2;218;218;218m[38;2;218;218;218m▄[48;2;217;217;217m[38;2;217;217;217m▄[48;2;216;216;216m[38;2;216;216;216m▄[48;2;216;216;216m[38;2;217;217;217m▄[48;2;216;216;216m[38;2;217;217;217m▄[48;2;215;215;215m[38;2;216;216;216m▄[48;2;215;215;215m[38;2;215;215;215m▄[48;2;215;215;215m[38;2;215;215;215m▄[48;2;215;215;215m[38;2;215;215;215m▄[48;2;214;214;214m[38;2;214;214;214m▄[48;2;213;213;213m[38;2;214;214;214m▄[48;2;213;212;213m[38;2;212;212;212m▄[48;2;212;212;212m[38;2;211;211;211m▄[48;2;210;210;210m[38;2;210;210;210m▄[48;2;210;210;210m[38;2;211;211;211m▄[48;2;210;210;210m[38;2;211;211;211m▄[48;2;209;209;209m[38;2;209;209;209m▄[48;2;209;209;209m[38;2;208;208;208m▄[48;2;208;208;208m[38;2;208;208;208m▄[48;2;207;207;207m[38;2;207;207;207m▄[48;2;207;207;207m[38;2;207;207;207m▄[48;2;207;207;207m[38;2;207;206;207m▄[48;2;205;205;205m[38;2;204;204;205m▄[48;2;204;204;205m[38;2;204;204;204m▄[0m
[48;2;216;216;216m[38;2;216;216;216m▄[48;2;217;217;217m[38;2;216;216;216m▄[48;2;217;217;217m[38;2;217;217;217m▄[48;2;219;219;219m[38;2;218;218;218m▄[48;2;220;220;220m[38;2;219;219;219m▄[48;2;221;221;221m[38;2;221;221;221m▄[48;2;222;222;222m[38;2;221;221;221m▄[48;2;223;223;223m[38;2;223;223;223m▄[48;2;223;223;223m[38;2;223;223;223m▄[48;2;224;224;224m[38;2;223;223;223m▄[48;2;224;224;224m[38;2;224;224;224m▄[48;2;224;224;224m[38;2;224;224;224m▄[48;2;225;225;225m[38;2;224;224;224m▄[48;2;224;224;224m[38;2;224;224;224m▄[48;2;225;225;225m[38;2;225;225;225m▄[48;2;224;224;224m[38;2;225;225;225m▄[48;2;225;225;225m[38;2;225;225;225m▄[48;2;224;224;224m[38;2;224;224;224m▄[48;2;224;224;224m[38;2;224;224;224m▄[48;2;224;224;224m[38;2;224;224;224m▄[48;2;224;224;224m[38;2;224;224;224m▄[48;2;224;224;224m[38;2;224;224;224m▄[48;2;224;224;224m[38;2;224;224;224m▄[48;2;224;224;224m[38;2;224;224;224m▄[48;2;224;224;224m[38;2;224;224;224m▄[48;2;224;224;224m[38;2;224;224;224m▄[48;2;223;224;222m[38;2;222;223;222m▄[48;2;232;228;234m[38;2;232;228;232m▄[48;2;162;190;153m[38;2;185;201;182m▄[48;2;140;185;96m[38;2;137;182;83m▄[48;2;140;183;107m[38;2;140;185;78m▄[48;2;174;195;168m[38;2;131;179;88m▄[48;2;233;227;236m[38;2;176;197;172m▄[48;2;187;208;176m[38;2;141;188;118m▄[48;2;143;199;109m[38;2;182;199;176m▄[48;2;193;211;187m[38;2;209;208;215m▄[48;2;225;222;225m[38;2;221;219;222m▄[48;2;220;220;219m[38;2;223;222;222m▄[48;2;221;221;221m[38;2;220;220;220m▄[48;2;219;219;219m[38;2;219;219;220m▄[48;2;217;217;217m[38;2;217;217;217m▄[48;2;217;217;217m[38;2;217;217;217m▄[48;2;217;217;217m[38;2;217;217;217m▄[48;2;217;217;217m[38;2;217;217;217m▄[48;2;217;217;217m[38;2;216;216;216m▄[48;2;216;216;216m[38;2;216;216;216m▄[48;2;215;215;215m[38;2;215;215;215m▄[48;2;215;215;215m[38;2;215;215;215m▄[48;2;214;214;214m[38;2;215;215;215m▄[48;2;214;214;214m[38;2;214;214;214m▄[48;2;213;213;213m[38;2;213;213;213m▄[48;2;212;212;212m[38;2;213;213;213m▄[48;2;211;211;211m[38;2;211;211;211m▄[48;2;211;211;211m[38;2;211;211;211m▄[48;2;211;211;211m[38;2;210;210;210m▄[48;2;210;210;211m[38;2;210;209;210m▄[48;2;209;209;209m[38;2;209;209;209m▄[48;2;208;208;208m[38;2;209;209;209m▄[48;2;208;208;208m[38;2;208;208;208m▄[48;2;207;207;207m[38;2;207;207;207m▄[48;2;207;207;207m[38;2;207;207;207m▄[48;2;206;206;206m[38;2;205;206;205m▄[48;2;204;204;205m[38;2;204;204;204m▄[48;2;203;203;204m[38;2;204;204;204m▄[0m
[48;2;216;216;216m[38;2;216;216;216m▄[48;2;216;216;216m[38;2;216;216;216m▄[48;2;217;217;217m[38;2;216;216;216m▄[48;2;218;218;218m[38;2;217;217;217m▄[48;2;218;218;218m[38;2;217;217;217m▄[48;2;220;220;220m[38;2;219;219;219m▄[48;2;221;220;221m[38;2;220;220;221m▄[48;2;221;221;221m[38;2;221;221;221m▄[48;2;222;222;222m[38;2;222;222;222m▄[48;2;223;223;223m[38;2;222;222;222m▄[48;2;223;223;223m[38;2;223;223;223m▄[48;2;223;223;223m[38;2;223;223;223m▄[48;2;224;224;224m[38;2;224;224;224m▄[48;2;224;224;224m[38;2;223;223;223m▄[48;2;225;225;225m[38;2;223;223;223m▄[48;2;224;224;224m[38;2;224;224;224m▄[48;2;224;224;224m[38;2;224;224;224m▄[48;2;224;224;224m[38;2;224;224;224m▄[48;2;225;225;225m[38;2;224;224;224m▄[48;2;225;225;225m[38;2;224;224;224m▄[48;2;224;224;224m[38;2;224;224;224m▄[48;2;224;224;224m[38;2;224;224;224m▄[48;2;224;224;224m[38;2;224;224;224m▄[48;2;224;224;224m[38;2;224;224;224m▄[48;2;224;224;224m[38;2;224;224;224m▄[48;2;225;225;225m[38;2;224;224;224m▄[48;2;224;224;224m[38;2;224;224;224m▄[48;2;225;225;224m[38;2;223;226;225m▄[48;2;223;227;230m[38;2;223;195;200m▄[48;2;142;182;127m[38;2;220;171;179m▄[48;2;120;180;73m[38;2;162;155;125m▄[48;2;114;175;80m[38;2;123;160;106m▄[48;2;106;167;89m[38;2;111;166;100m▄[48;2;152;189;145m[38;2;129;193;118m▄[48;2;192;211;181m[38;2;156;212;117m▄[48;2;189;214;170m[38;2;181;225;120m▄[48;2;188;209;183m[38;2;173;219;115m▄[48;2;216;218;218m[38;2;142;183;122m▄[48;2;222;221;222m[38;2;212;213;213m▄[48;2;217;217;217m[38;2;218;218;218m▄[48;2;217;217;217m[38;2;216;216;216m▄[48;2;217;217;217m[38;2;216;216;216m▄[48;2;217;217;217m[38;2;217;217;217m▄[48;2;217;217;217m[38;2;216;216;216m▄[48;2;216;216;216m[38;2;216;216;216m▄[48;2;215;215;215m[38;2;215;215;215m▄[48;2;215;215;215m[38;2;214;214;214m▄[48;2;214;214;215m[38;2;214;214;214m▄[48;2;214;214;214m[38;2;213;213;213m▄[48;2;214;214;214m[38;2;213;213;213m▄[48;2;213;213;213m[38;2;212;212;212m▄[48;2;211;211;211m[38;2;210;210;210m▄[48;2;211;211;211m[38;2;211;211;211m▄[48;2;211;211;211m[38;2;211;211;211m▄[48;2;210;210;210m[38;2;210;210;210m▄[48;2;209;210;209m[38;2;208;208;208m▄[48;2;209;209;209m[38;2;209;209;209m▄[48;2;209;209;209m[38;2;209;209;209m▄[48;2;208;208;208m[38;2;208;208;208m▄[48;2;207;207;207m[38;2;207;207;207m▄[48;2;206;206;206m[38;2;206;206;207m▄[48;2;206;206;206m[38;2;205;205;205m▄[48;2;204;204;204m[38;2;204;204;204m▄[48;2;204;204;204m[38;2;203;203;204m▄[0m
[48;2;216;216;216m[38;2;216;216;216m▄[48;2;216;216;216m[38;2;216;216;216m▄[48;2;216;216;216m[38;2;216;216;216m▄[48;2;216;216;216m[38;2;216;216;216m▄[48;2;217;217;217m[38;2;217;217;217m▄[48;2;218;218;218m[38;2;217;217;217m▄[48;2;219;219;219m[38;2;218;218;218m▄[48;2;220;220;220m[38;2;219;219;219m▄[48;2;222;222;222m[38;2;221;221;221m▄[48;2;222;222;222m[38;2;221;221;221m▄[48;2;222;222;222m[38;2;222;222;222m▄[48;2;223;223;223m[38;2;222;222;222m▄[48;2;223;223;223m[38;2;222;222;222m▄[48;2;223;223;223m[38;2;223;223;223m▄[48;2;223;223;223m[38;2;223;223;223m▄[48;2;224;224;224m[38;2;223;223;223m▄[48;2;224;224;224m[38;2;223;223;223m▄[48;2;224;224;224m[38;2;223;223;223m▄[48;2;224;224;224m[38;2;223;223;223m▄[48;2;224;224;224m[38;2;223;223;223m▄[48;2;223;223;223m[38;2;223;223;223m▄[48;2;224;224;224m[38;2;223;223;223m▄[48;2;224;224;224m[38;2;223;223;223m▄[48;2;224;224;224m[38;2;223;223;223m▄[48;2;223;223;223m[38;2;223;223;223m▄[48;2;223;222;222m[38;2;224;225;225m▄[48;2;224;228;227m[38;2;220;219;220m▄[48;2;221;180;183m[38;2;217;130;141m▄[48;2;232;139;148m[38;2;230;133;145m▄[48;2;243;142;153m[38;2;229;132;143m▄[48;2;240;138;153m[38;2;231;145;150m▄[48;2;237;165;179m[38;2;250;189;194m▄[48;2;231;183;181m[38;2;255;187;198m▄[48;2;161;175;128m[38;2;249;172;184m▄[48;2;153;201;124m[38;2;239;183;186m▄[48;2;155;204;111m[38;2;207;164;161m▄[48;2;141;186;106m[38;2;190;193;195m▄[48;2;164;185;156m[38;2;208;204;210m▄[48;2;210;209;211m[38;2;211;211;211m▄[48;2;216;216;216m[38;2;216;216;216m▄[48;2;216;216;216m[38;2;216;216;216m▄[48;2;217;217;217m[38;2;217;217;217m▄[48;2;217;217;217m[38;2;217;216;216m▄[48;2;216;216;216m[38;2;216;216;216m▄[48;2;215;215;215m[38;2;216;216;216m▄[48;2;215;215;215m[38;2;215;215;215m▄[48;2;215;215;215m[38;2;215;215;215m▄[48;2;214;215;214m[38;2;214;214;214m▄[48;2;214;214;214m[38;2;213;213;213m▄[48;2;213;213;213m[38;2;213;213;213m▄[48;2;212;212;212m[38;2;211;211;212m▄[48;2;211;211;211m[38;2;211;211;211m▄[48;2;211;211;211m[38;2;211;211;211m▄[48;2;211;211;211m[38;2;212;212;212m▄[48;2;210;210;210m[38;2;210;210;210m▄[48;2;209;209;209m[38;2;209;209;209m▄[48;2;209;209;209m[38;2;208;208;209m▄[48;2;208;208;208m[38;2;208;208;208m▄[48;2;208;208;208m[38;2;208;208;208m▄[48;2;207;207;207m[38;2;207;207;207m▄[48;2;207;207;207m[38;2;206;206;206m▄[48;2;206;205;205m[38;2;205;205;205m▄[48;2;204;204;204m[38;2;204;204;204m▄[48;2;203;203;203m[38;2;203;203;203m▄[0m
[48;2;215;215;215m[38;2;214;214;214m▄[48;2;215;215;215m[38;2;215;215;215m▄[48;2;216;216;216m[38;2;216;216;216m▄[48;2;216;216;216m[38;2;216;216;216m▄[48;2;216;216;216m[38;2;216;216;216m▄[48;2;217;217;217m[38;2;216;216;216m▄[48;2;218;218;218m[38;2;217;217;217m▄[48;2;218;218;218m[38;2;217;217;217m▄[48;2;220;220;220m[38;2;218;218;218m▄[48;2;220;220;220m[38;2;219;219;219m▄[48;2;221;221;221m[38;2;220;220;220m▄[48;2;222;222;222m[38;2;221;221;221m▄[48;2;222;222;222m[38;2;221;221;221m▄[48;2;222;222;222m[38;2;222;222;222m▄[48;2;222;222;222m[38;2;222;222;222m▄[48;2;223;223;223m[38;2;221;221;221m▄[48;2;223;223;223m[38;2;222;222;222m▄[48;2;223;223;223m[38;2;222;222;222m▄[48;2;223;223;223m[38;2;222;222;222m▄[48;2;223;223;223m[38;2;222;222;222m▄[48;2;223;223;223m[38;2;223;223;223m▄[48;2;223;223;223m[38;2;222;222;222m▄[48;2;223;223;223m[38;2;223;223;223m▄[48;2;223;223;223m[38;2;223;222;222m▄[48;2;223;222;222m[38;2;224;226;226m▄[48;2;224;229;228m[38;2;217;209;211m▄[48;2;214;170;176m[38;2;220;130;143m▄[48;2;223;128;141m[38;2;238;130;144m▄[48;2;235;140;152m[38;2;223;108;125m▄[48;2;225;135;145m[38;2;218;142;156m▄[48;2;227;161;170m[38;2;252;255;255m▄[48;2;248;178;186m[38;2;236;187;194m▄[48;2;254;197;202m[38;2;244;171;179m▄[48;2;243;169;177m[38;2;244;172;180m▄[48;2;255;191;198m[38;2;237;171;177m▄[48;2;236;149;160m[38;2;225;120;132m▄[48;2;204;163;169m[38;2;213;117;129m▄[48;2;213;220;218m[38;2;211;209;209m▄[48;2;217;216;217m[38;2;217;217;215m▄[48;2;216;217;218m[38;2;215;210;204m▄[48;2;216;216;217m[38;2;213;207;196m▄[48;2;217;217;217m[38;2;214;205;191m▄[48;2;217;218;220m[38;2;213;205;193m▄[48;2;215;215;215m[38;2;215;216;217m▄[48;2;215;215;215m[38;2;215;215;215m▄[48;2;214;214;214m[38;2;214;214;214m▄[48;2;215;215;215m[38;2;214;214;214m▄[48;2;214;214;214m[38;2;213;213;214m▄[48;2;213;213;213m[38;2;213;213;213m▄[48;2;213;213;213m[38;2;212;212;212m▄[48;2;211;211;211m[38;2;211;211;211m▄[48;2;211;211;211m[38;2;211;211;211m▄[48;2;211;211;211m[38;2;211;211;211m▄[48;2;211;211;211m[38;2;211;211;211m▄[48;2;209;209;209m[38;2;210;210;210m▄[48;2;209;209;209m[38;2;209;209;209m▄[48;2;208;208;208m[38;2;208;208;208m▄[48;2;208;208;208m[38;2;208;208;208m▄[48;2;207;207;207m[38;2;207;207;207m▄[48;2;207;207;207m[38;2;207;207;207m▄[48;2;205;205;205m[38;2;205;205;205m▄[48;2;204;204;204m[38;2;204;204;204m▄[48;2;204;204;204m[38;2;204;204;204m▄[48;2;203;203;203m[38;2;203;203;203m▄[0m
[48;2;214;214;214m[38;2;214;214;214m▄[48;2;215;215;215m[38;2;216;216;216m▄[48;2;216;216;216m[38;2;215;215;215m▄[48;2;216;216;216m[38;2;216;216;216m▄[48;2;216;216;216m[38;2;217;217;217m▄[48;2;216;216;216m[38;2;216;216;216m▄[48;2;217;217;217m[38;2;217;217;217m▄[48;2;216;216;216m[38;2;216;216;216m▄[48;2;217;217;217m[38;2;216;216;216m▄[48;2;218;218;218m[38;2;217;217;217m▄[48;2;218;218;218m[38;2;217;217;217m▄[48;2;218;218;218m[38;2;218;218;218m▄[48;2;219;219;219m[38;2;218;218;218m▄[48;2;219;219;219m[38;2;218;218;218m▄[48;2;221;221;221m[38;2;219;219;219m▄[48;2;221;221;221m[38;2;221;221;221m▄[48;2;221;221;221m[38;2;221;221;221m▄[48;2;222;222;222m[38;2;221;221;221m▄[48;2;222;222;222m[38;2;221;221;221m▄[48;2;222;222;222m[38;2;221;221;221m▄[48;2;222;222;222m[38;2;221;221;221m▄[48;2;221;221;221m[38;2;221;220;220m▄[48;2;222;222;222m[38;2;221;220;220m▄[48;2;222;221;221m[38;2;222;220;220m▄[48;2;224;227;226m[38;2;222;220;220m▄[48;2;213;201;202m[38;2;220;223;222m▄[48;2;219;116;131m[38;2;201;125;139m▄[48;2;225;116;134m[38;2;214;104;123m▄[48;2;214;109;127m[38;2;232;125;142m▄[48;2;219;118;135m[38;2;238;138;151m▄[48;2;237;199;205m[38;2;243;149;161m▄[48;2;254;255;255m[38;2;234;179;189m▄[48;2;244;223;226m[38;2;242;231;235m▄[48;2;226;142;155m[38;2;233;141;155m▄[48;2;230;124;139m[38;2;239;132;145m▄[48;2;234;122;136m[38;2;222;109;124m▄[48;2;212;109;124m[38;2;196;128;140m▄[48;2;203;195;197m[38;2;203;207;206m▄[48;2;216;215;210m[38;2;216;215;216m▄[48;2;216;212;208m[38;2;216;216;217m▄[48;2;215;215;214m[38;2;215;215;214m▄[48;2;215;216;217m[38;2;218;220;224m▄[48;2;209;199;185m[38;2;214;211;210m▄[48;2;212;204;194m[38;2;207;194;178m▄[48;2;216;217;219m[38;2;216;218;220m▄[48;2;215;214;214m[38;2;215;214;214m▄[48;2;214;213;214m[38;2;213;213;213m▄[48;2;213;213;213m[38;2;213;212;213m▄[48;2;212;212;212m[38;2;211;211;211m▄[48;2;211;211;211m[38;2;211;211;211m▄[48;2;211;211;211m[38;2;211;211;211m▄[48;2;211;211;211m[38;2;211;211;211m▄[48;2;210;210;210m[38;2;210;210;210m▄[48;2;210;210;210m[38;2;209;209;209m▄[48;2;209;209;209m[38;2;209;209;209m▄[48;2;208;208;208m[38;2;209;209;209m▄[48;2;208;208;208m[38;2;208;208;208m▄[48;2;208;208;208m[38;2;207;207;207m▄[48;2;207;207;207m[38;2;207;207;207m▄[48;2;206;206;206m[38;2;206;206;206m▄[48;2;204;204;204m[38;2;204;204;204m▄[48;2;204;204;204m[38;2;204;204;204m▄[48;2;203;203;203m[38;2;203;203;203m▄[48;2;203;203;203m[38;2;203;203;203m▄[0m
[48;2;214;214;214m[38;2;214;214;214m▄[48;2;215;215;215m[38;2;214;214;214m▄[48;2;215;215;215m[38;2;215;215;215m▄[48;2;215;215;215m[38;2;215;215;215m▄[48;2;216;216;216m[38;2;216;216;216m▄[48;2;217;217;217m[38;2;215;215;215m▄[48;2;217;217;217m[38;2;216;216;216m▄[48;2;217;217;217m[38;2;216;216;216m▄[48;2;217;217;217m[38;2;217;217;217m▄[48;2;217;217;217m[38;2;217;217;217m▄[48;2;216;216;216m[38;2;216;216;216m▄[48;2;216;216;216m[38;2;216;216;216m▄[48;2;217;217;217m[38;2;216;216;216m▄[48;2;217;217;217m[38;2;216;216;216m▄[48;2;217;217;217m[38;2;216;216;216m▄[48;2;218;218;218m[38;2;217;217;217m▄[48;2;219;219;219m[38;2;217;217;217m▄[48;2;220;220;220m[38;2;218;218;218m▄[48;2;219;219;219m[38;2;218;217;217m▄[48;2;219;219;219m[38;2;219;222;222m▄[48;2;220;219;219m[38;2;217;222;221m▄[48;2;221;225;225m[38;2;217;197;198m▄[48;2;220;226;226m[38;2;221;187;190m▄[48;2;219;224;224m[38;2;224;186;190m▄[48;2;219;224;224m[38;2;222;184;187m▄[48;2;223;231;230m[38;2;219;197;198m▄[48;2;207;196;199m[38;2;218;226;225m▄[48;2;216;115;131m[38;2;209;140;152m▄[48;2;240;131;147m[38;2;244;127;144m▄[48;2;233;135;150m[38;2;238;132;148m▄[48;2;252;168;177m[38;2;248;158;169m▄[48;2;248;155;166m[38;2;227;137;149m▄[48;2;221;118;136m[38;2;227;114;132m▄[48;2;221;110;129m[38;2;227;107;124m▄[48;2;214;98;116m[38;2;212;78;99m▄[48;2;192;86;106m[38;2;189;119;133m▄[48;2;191;190;191m[38;2;200;207;206m▄[48;2;208;214;214m[38;2;220;169;172m▄[48;2;215;217;217m[38;2;225;165;169m▄[48;2;216;219;218m[38;2;216;205;206m▄[48;2;218;218;220m[38;2;204;197;182m▄[48;2;211;204;198m[38;2;202;195;177m▄[48;2;204;188;167m[38;2;212;213;211m▄[48;2;210;205;199m[38;2;211;209;205m▄[48;2;214;214;215m[38;2;210;206;200m▄[48;2;214;214;213m[38;2;213;214;215m▄[48;2;213;213;212m[38;2;212;212;212m▄[48;2;212;212;212m[38;2;212;212;212m▄[48;2;211;211;211m[38;2;211;211;211m▄[48;2;212;212;212m[38;2;211;211;211m▄[48;2;211;211;211m[38;2;211;211;211m▄[48;2;211;211;211m[38;2;209;209;209m▄[48;2;210;210;210m[38;2;209;209;209m▄[48;2;209;209;209m[38;2;209;209;209m▄[48;2;208;208;208m[38;2;208;208;208m▄[48;2;208;208;208m[38;2;208;208;208m▄[48;2;208;208;208m[38;2;207;207;207m▄[48;2;207;207;207m[38;2;207;207;207m▄[48;2;207;207;207m[38;2;206;206;207m▄[48;2;205;205;205m[38;2;204;204;204m▄[48;2;204;204;204m[38;2;204;204;204m▄[48;2;204;204;204m[38;2;203;203;203m▄[48;2;203;203;203m[38;2;203;203;203m▄[48;2;203;203;203m[38;2;203;203;203m▄[0m
[48;2;214;214;214m[38;2;214;214;214m▄[48;2;214;214;214m[38;2;214;214;214m▄[48;2;215;215;215m[38;2;215;215;215m▄[48;2;215;215;215m[38;2;215;215;215m▄[48;2;215;215;215m[38;2;215;215;215m▄[48;2;216;216;216m[38;2;216;216;216m▄[48;2;216;216;216m[38;2;215;215;215m▄[48;2;216;216;216m[38;2;216;216;216m▄[48;2;216;216;216m[38;2;216;216;215m▄[48;2;217;217;217m[38;2;217;217;217m▄[48;2;217;217;217m[38;2;217;217;217m▄[48;2;216;216;216m[38;2;217;217;217m▄[48;2;216;216;216m[38;2;217;217;217m▄[48;2;216;216;216m[38;2;217;217;217m▄[48;2;217;217;217m[38;2;217;217;217m▄[48;2;217;217;217m[38;2;217;217;217m▄[48;2;217;217;217m[38;2;217;217;217m▄[48;2;217;216;216m[38;2;217;218;218m▄[48;2;218;222;222m[38;2;215;210;212m▄[48;2;215;202;203m[38;2;220;154;162m▄[48;2;221;161;166m[38;2;236;187;193m▄[48;2;232;166;172m[38;2;212;111;121m▄[48;2;225;141;148m[38;2;232;161;169m▄[48;2;225;137;144m[38;2;226;145;155m▄[48;2;231;155;163m[38;2;210;120;131m▄[48;2;234;162;169m[38;2;243;197;202m▄[48;2;220;182;185m[38;2;228;166;173m▄[48;2;210;209;209m[38;2;213;209;208m▄[48;2;215;145;156m[38;2;211;210;210m▄[48;2;225;131;147m[38;2;198;202;203m▄[48;2;214;139;151m[38;2;214;185;187m▄[48;2;224;170;172m[38;2;249;192;193m▄[48;2;225;153;159m[38;2;226;160;164m▄[48;2;202;96;115m[38;2;195;191;192m▄[48;2;190;115;129m[38;2;197;199;198m▄[48;2;192;195;195m[38;2;204;202;201m▄[48;2;210;167;170m[38;2;223;149;158m▄[48;2;236;167;171m[38;2;231;173;180m▄[48;2;231;159;166m[38;2;209;113;123m▄[48;2;210;166;161m[38;2;207;187;186m▄[48;2;203;196;186m[38;2;212;169;175m▄[48;2;222;175;181m[38;2;232;143;151m▄[48;2;216;196;198m[38;2;215;141;148m▄[48;2;206;204;194m[38;2;210;213;211m▄[48;2;211;209;206m[38;2;211;211;212m▄[48;2;212;212;212m[38;2;210;210;209m▄[48;2;211;211;211m[38;2;211;211;210m▄[48;2;211;211;211m[38;2;211;211;211m▄[48;2;211;211;211m[38;2;211;211;211m▄[48;2;211;211;211m[38;2;211;211;211m▄[48;2;211;211;211m[38;2;211;211;211m▄[48;2;209;209;209m[38;2;209;209;209m▄[48;2;208;208;208m[38;2;208;208;208m▄[48;2;208;208;208m[38;2;208;208;208m▄[48;2;208;208;208m[38;2;208;208;208m▄[48;2;208;208;208m[38;2;208;208;208m▄[48;2;207;207;207m[38;2;207;207;207m▄[48;2;206;207;206m[38;2;207;207;207m▄[48;2;206;206;207m[38;2;206;206;206m▄[48;2;204;204;205m[38;2;204;204;204m▄[48;2;203;203;203m[38;2;203;203;203m▄[48;2;203;203;203m[38;2;203;203;203m▄[48;2;203;203;203m[38;2;203;203;203m▄[48;2;203;203;203m[38;2;203;203;203m▄[0m
[48;2;213;213;213m[38;2;212;212;212m▄[48;2;214;214;214m[38;2;212;212;212m▄[48;2;214;214;214m[38;2;213;213;213m▄[48;2;215;215;215m[38;2;214;214;214m▄[48;2;215;215;215m[38;2;215;215;215m▄[48;2;215;215;215m[38;2;215;215;215m▄[48;2;215;215;215m[38;2;215;215;215m▄[48;2;215;215;215m[38;2;215;215;215m▄[48;2;216;216;216m[38;2;215;215;215m▄[48;2;216;216;216m[38;2;216;216;216m▄[48;2;216;216;216m[38;2;216;216;216m▄[48;2;216;216;216m[38;2;216;216;216m▄[48;2;216;216;216m[38;2;216;216;216m▄[48;2;217;217;217m[38;2;216;216;216m▄[48;2;217;217;217m[38;2;216;216;216m▄[48;2;217;217;217m[38;2;217;216;218m▄[48;2;217;216;216m[38;2;217;216;217m▄[48;2;219;225;224m[38;2;217;218;218m▄[48;2;208;179;183m[38;2;217;212;212m▄[48;2;223;155;165m[38;2;203;128;140m▄[48;2;221;159;168m[38;2;189;84;101m▄[48;2;205;103;117m[38;2;211;125;137m▄[48;2;238;185;192m[38;2;233;171;178m▄[48;2;202;114;127m[38;2;211;124;136m▄[48;2;218;153;161m[38;2;223;158;167m▄[48;2;241;194;199m[38;2;201;107;122m▄[48;2;215;128;139m[38;2;227;167;175m▄[48;2;234;183;189m[38;2;227;173;183m▄[48;2;239;185;189m[38;2;236;199;205m▄[48;2;230;184;187m[38;2;232;175;182m▄[48;2;227;163;167m[38;2;222;138;148m▄[48;2;223;134;143m[38;2;231;180;186m▄[48;2;203;126;136m[38;2;191;89;106m▄[48;2;206;147;157m[38;2;226;158;169m▄[48;2;221;148;159m[38;2;204;123;137m▄[48;2;204;124;134m[38;2;200;110;124m▄[48;2;229;160;168m[38;2;232;171;178m▄[48;2;222;164;170m[38;2;205;137;148m▄[48;2;211;121;132m[38;2;230;170;176m▄[48;2;204;143;151m[38;2;204;110;125m▄[48;2;205;136;145m[38;2;206;121;132m▄[48;2;213;113;124m[38;2;225;151;159m▄[48;2;203;157;162m[38;2;186;128;138m▄[48;2;206;214;215m[38;2;207;207;208m▄[48;2;211;209;209m[38;2;211;212;210m▄[48;2;210;210;209m[38;2;211;211;209m▄[48;2;211;211;211m[38;2;211;211;209m▄[48;2;211;211;211m[38;2;211;211;210m▄[48;2;211;211;211m[38;2;210;210;210m▄[48;2;211;211;211m[38;2;209;211;212m▄[48;2;210;210;211m[38;2;209;212;217m▄[48;2;210;209;211m[38;2;210;209;215m▄[48;2;209;209;210m[38;2;209;208;212m▄[48;2;208;208;208m[38;2;208;208;209m▄[48;2;208;208;208m[38;2;208;208;208m▄[48;2;207;207;206m[38;2;208;208;206m▄[48;2;207;207;205m[38;2;208;208;203m▄[48;2;206;206;203m[38;2;207;207;201m▄[48;2;204;204;204m[38;2;204;204;203m▄[48;2;204;204;204m[38;2;203;203;204m▄[48;2;203;203;203m[38;2;202;202;202m▄[48;2;203;203;203m[38;2;203;202;203m▄[48;2;202;203;202m[38;2;202;202;202m▄[48;2;202;202;202m[38;2;201;201;201m▄[0m
[48;2;210;210;210m[38;2;210;210;210m▄[48;2;212;212;212m[38;2;211;211;211m▄[48;2;213;213;213m[38;2;211;211;211m▄[48;2;213;213;213m[38;2;213;213;213m▄[48;2;214;214;214m[38;2;214;214;214m▄[48;2;215;215;215m[38;2;214;214;214m▄[48;2;215;215;215m[38;2;214;214;214m▄[48;2;215;215;215m[38;2;214;214;214m▄[48;2;215;215;215m[38;2;215;215;215m▄[48;2;215;215;215m[38;2;215;215;215m▄[48;2;215;215;215m[38;2;215;215;215m▄[48;2;215;215;215m[38;2;215;215;215m▄[48;2;216;216;216m[38;2;215;215;215m▄[48;2;215;215;215m[38;2;215;215;215m▄[48;2;216;216;216m[38;2;216;216;216m▄[48;2;216;216;216m[38;2;216;216;216m▄[48;2;216;216;216m[38;2;216;216;216m▄[48;2;216;215;215m[38;2;216;216;216m▄[48;2;216;217;217m[38;2;216;214;214m▄[48;2;216;222;221m[38;2;211;214;205m▄[48;2;188;135;145m[38;2;184;118;134m▄[48;2;221;132;146m[38;2;228;126;142m▄[48;2;195;104;121m[38;2;168;82;101m▄[48;2;230;155;165m[38;2;197;111;127m▄[48;2;196;110;125m[38;2;232;155;168m▄[48;2;196;115;130m[38;2;182;97;116m▄[48;2;241;191;198m[38;2;242;175;185m▄[48;2;200;109;127m[38;2;214;149;161m▄[48;2;245;199;205m[38;2;240;180;189m▄[48;2;201;117;133m[38;2;207;128;144m▄[48;2;234;162;172m[38;2;225;138;150m▄[48;2;193;102;119m[38;2;200;105;122m▄[48;2;212;126;141m[38;2;199;107;125m▄[48;2;206;124;137m[38;2;216;124;139m▄[48;2;166;64;86m[38;2;185;98;118m▄[48;2;192;94;114m[38;2;204;118;134m▄[48;2;242;167;176m[38;2;216;124;139m▄[48;2;181;86;106m[38;2;158;48;73m▄[48;2;222;136;149m[38;2;224;128;141m▄[48;2;182;86;104m[38;2;191;98;116m▄[48;2;223;141;153m[38;2;221;131;145m▄[48;2;187;91;111m[38;2;192;94;114m▄[48;2;180;71;93m[38;2;175;88;109m▄[48;2;199;162;169m[38;2;197;187;189m▄[48;2;212;220;218m[38;2;208;210;210m▄[48;2;210;209;209m[38;2;210;210;210m▄[48;2;211;211;211m[38;2;210;210;210m▄[48;2;210;210;210m[38;2;210;209;210m▄[48;2;210;210;210m[38;2;210;210;210m▄[48;2;209;210;211m[38;2;209;209;209m▄[48;2;207;212;218m[38;2;207;208;211m▄[48;2;208;208;215m[38;2;207;208;212m▄[48;2;209;208;212m[38;2;209;208;211m▄[48;2;208;208;209m[38;2;208;208;209m▄[48;2;208;208;208m[38;2;208;208;207m▄[48;2;208;208;206m[38;2;208;208;207m▄[48;2;207;208;202m[38;2;205;207;201m▄[48;2;206;207;202m[38;2;204;207;201m▄[48;2;203;205;201m[38;2;203;207;203m▄[48;2;202;202;203m[38;2;202;203;203m▄[48;2;203;203;203m[38;2;202;202;202m▄[48;2;203;203;203m[38;2;201;201;201m▄[48;2;201;201;201m[38;2;201;201;201m▄[48;2;201;201;201m[38;2;201;201;201m▄[0m
[48;2;210;210;210m[38;2;210;210;210m▄[48;2;211;211;211m[38;2;211;211;211m▄[48;2;210;210;210m[38;2;210;210;210m▄[48;2;210;210;210m[38;2;210;210;210m▄[48;2;211;211;211m[38;2;210;210;210m▄[48;2;212;212;212m[38;2;211;211;211m▄[48;2;213;213;213m[38;2;212;212;212m▄[48;2;213;213;213m[38;2;213;213;213m▄[48;2;213;213;213m[38;2;213;213;213m▄[48;2;214;214;214m[38;2;213;213;213m▄[48;2;215;215;215m[38;2;214;214;214m▄[48;2;215;215;215m[38;2;214;214;214m▄[48;2;215;215;215m[38;2;214;214;214m▄[48;2;215;215;215m[38;2;215;215;215m▄[48;2;215;215;215m[38;2;215;215;215m▄[48;2;215;215;215m[38;2;215;215;215m▄[48;2;215;215;214m[38;2;215;215;215m▄[48;2;217;218;219m[38;2;216;217;218m▄[48;2;209;202;196m[38;2;210;206;203m▄[48;2;208;206;195m[38;2;199;190;171m▄[48;2;185;122;141m[38;2;206;197;198m▄[48;2;181;65;89m[38;2;185;138;146m▄[48;2;185;142;154m[38;2;191;174;165m▄[48;2;178;123;136m[38;2;202;193;182m▄[48;2;227;142;156m[38;2;188;108;126m▄[48;2;224;148;160m[38;2;235;155;168m▄[48;2;188;97;118m[38;2;233;168;178m▄[48;2;200;122;139m[38;2;198;125;140m▄[48;2;187;94;114m[38;2;184;98;115m▄[48;2;189;113;129m[38;2;193;130;142m▄[48;2;182;104;121m[38;2;184;134;145m▄[48;2;184;94;114m[38;2;177;98;115m▄[48;2;169;80;101m[38;2;183;108;123m▄[48;2;175;76;98m[38;2;175;89;108m▄[48;2;176;78;100m[38;2;178;92;111m▄[48;2;157;53;78m[38;2;185;103;120m▄[48;2;168;73;95m[38;2;182;100;119m▄[48;2;183;133;144m[38;2;193;190;191m▄[48;2;176;84;106m[38;2;198;188;181m▄[48;2;178;94;116m[38;2;194;184;170m▄[48;2;174;85;109m[38;2;194;185;176m▄[48;2;180;90;112m[38;2;193;187;184m▄[48;2;185;160;168m[38;2;195;195;187m▄[48;2;195;201;200m[38;2;203;202;203m▄[48;2;207;205;206m[38;2;209;210;210m▄[48;2;209;209;210m[38;2;209;209;209m▄[48;2;209;209;209m[38;2;209;209;209m▄[48;2;209;208;209m[38;2;208;208;208m▄[48;2;209;209;209m[38;2;208;208;208m▄[48;2;208;209;208m[38;2;208;208;208m▄[48;2;208;207;208m[38;2;207;208;207m▄[48;2;208;207;209m[38;2;207;207;207m▄[48;2;207;207;208m[38;2;207;207;207m▄[48;2;207;207;207m[38;2;206;206;206m▄[48;2;207;207;205m[38;2;206;206;205m▄[48;2;208;208;203m[38;2;207;207;202m▄[48;2;206;207;202m[38;2;206;206;202m▄[48;2;204;207;203m[38;2;203;205;205m▄[48;2;201;206;207m[38;2;203;204;205m▄[48;2;202;203;203m[38;2;203;203;203m▄[48;2;202;202;203m[38;2;202;202;202m▄[48;2;201;201;201m[38;2;201;201;201m▄[48;2;201;201;201m[38;2;201;201;201m▄[48;2;201;201;201m[38;2;201;201;201m▄[0m
[48;2;210;210;210m[38;2;210;210;210m▄[48;2;211;211;211m[38;2;210;210;210m▄[48;2;211;211;211m[38;2;211;211;211m▄[48;2;211;211;211m[38;2;211;211;211m▄[48;2;211;211;211m[38;2;211;211;211m▄[48;2;211;211;211m[38;2;212;212;212m▄[48;2;211;211;211m[38;2;212;212;212m▄[48;2;211;211;211m[38;2;212;212;212m▄[48;2;212;211;211m[38;2;212;212;212m▄[48;2;212;212;212m[38;2;212;212;212m▄[48;2;212;212;212m[38;2;213;213;213m▄[48;2;212;212;212m[38;2;213;213;213m▄[48;2;213;213;213m[38;2;213;213;213m▄[48;2;213;213;213m[38;2;213;213;213m▄[48;2;213;213;213m[38;2;213;213;213m▄[48;2;213;213;213m[38;2;213;213;213m▄[48;2;214;214;214m[38;2;213;213;213m▄[48;2;214;214;213m[38;2;214;214;214m▄[48;2;214;216;217m[38;2;214;213;213m▄[48;2;206;199;191m[38;2;215;216;218m▄[48;2;199;188;171m[38;2;214;214;217m▄[48;2;199;197;180m[38;2;212;211;214m▄[48;2;200;195;187m[38;2;211;212;214m▄[48;2;208;210;211m[38;2;212;212;212m▄[48;2;208;199;202m[38;2;212;215;215m▄[48;2;193;127;143m[38;2;209;208;209m▄[48;2;208;117;136m[38;2;198;165;174m▄[48;2;218;128;146m[38;2;185;129;144m▄[48;2;202;115;133m[38;2;180;114;131m▄[48;2;190;86;106m[38;2;178;125;137m▄[48;2;191;93;112m[38;2;171;102;118m▄[48;2;177;87;105m[38;2;174;79;100m▄[48;2;163;62;87m[38;2;182;81;105m▄[48;2;178;112;129m[38;2;185;87;107m▄[48;2;177;120;135m[38;2;189;86;107m▄[48;2;183;94;113m[38;2;188;88;108m▄[48;2;189;91;114m[38;2;166;79;102m▄[48;2;181;152;158m[38;2;194;190;192m▄[48;2;206;208;200m[38;2;208;210;211m▄[48;2;201;194;188m[38;2;209;210;212m▄[48;2;199;191;180m[38;2;208;209;213m▄[48;2;201;194;180m[38;2;207;208;212m▄[48;2;206;202;197m[38;2;208;208;209m▄[48;2;207;208;209m[38;2;208;208;208m▄[48;2;209;209;209m[38;2;208;208;208m▄[48;2;209;209;209m[38;2;208;208;208m▄[48;2;208;208;208m[38;2;207;207;207m▄[48;2;208;208;208m[38;2;207;207;207m▄[48;2;207;207;207m[38;2;207;207;207m▄[48;2;207;207;207m[38;2;207;207;207m▄[48;2;206;206;207m[38;2;206;205;207m▄[48;2;206;206;206m[38;2;205;205;206m▄[48;2;205;205;206m[38;2;206;205;206m▄[48;2;204;204;204m[38;2;205;205;205m▄[48;2;204;204;204m[38;2;204;204;204m▄[48;2;204;204;203m[38;2;204;204;204m▄[48;2;203;203;202m[38;2;204;204;203m▄[48;2;203;202;203m[38;2;203;203;203m▄[48;2;203;203;202m[38;2;203;203;203m▄[48;2;203;203;203m[38;2;202;202;202m▄[48;2;201;201;202m[38;2;201;201;202m▄[48;2;201;200;201m[38;2;201;200;201m▄[48;2;201;201;201m[38;2;201;201;201m▄[48;2;201;201;201m[38;2;201;201;201m▄[0m
[48;2;213;213;213m[38;2;216;216;216m▄[48;2;214;214;214m[38;2;216;216;216m▄[48;2;214;214;214m[38;2;216;216;216m▄[48;2;214;214;215m[38;2;216;216;216m▄[48;2;214;214;215m[38;2;216;216;216m▄[48;2;215;215;215m[38;2;216;216;216m▄[48;2;216;215;216m[38;2;217;217;217m▄[48;2;216;216;216m[38;2;217;217;217m▄[48;2;216;216;216m[38;2;217;217;217m▄[48;2;216;216;216m[38;2;217;217;217m▄[48;2;216;216;216m[38;2;217;217;217m▄[48;2;216;216;216m[38;2;218;218;218m▄[48;2;216;216;216m[38;2;218;218;218m▄[48;2;216;216;216m[38;2;217;217;217m▄[48;2;216;216;216m[38;2;218;218;218m▄[48;2;216;216;216m[38;2;218;218;218m▄[48;2;216;216;216m[38;2;217;217;217m▄[48;2;217;217;217m[38;2;217;217;217m▄[48;2;217;217;217m[38;2;216;216;216m▄[48;2;217;217;217m[38;2;215;215;215m▄[48;2;218;217;217m[38;2;214;213;213m▄[48;2;217;216;216m[38;2;213;213;213m▄[48;2;218;218;217m[38;2;209;207;208m▄[48;2;218;219;219m[38;2;150;120;127m▄[48;2;217;216;217m[38;2;166;147;151m▄[48;2;216;216;216m[38;2;156;128;135m▄[48;2;209;215;213m[38;2;161;135;140m▄[48;2;204;210;207m[38;2;157;132;135m▄[48;2;198;203;201m[38;2;163;138;142m▄[48;2;194;199;197m[38;2;152;124;130m▄[48;2;193;194;192m[38;2;135;102;109m▄[48;2;181;156;161m[38;2;195;198;198m▄[48;2;171;120;132m[38;2;195;201;199m▄[48;2;171;104;120m[38;2;151;129;133m▄[48;2;171;101;116m[38;2;147;120;126m▄[48;2;172;119;130m[38;2;156;140;140m▄[48;2;188;178;180m[38;2;151;127;130m▄[48;2;195;199;199m[38;2;168;149;153m▄[48;2;211;211;211m[38;2;152;123;128m▄[48;2;212;212;212m[38;2;202;199;199m▄[48;2;210;210;209m[38;2;212;213;213m▄[48;2;211;210;210m[38;2;211;210;210m▄[48;2;210;210;210m[38;2;211;210;210m▄[48;2;210;210;210m[38;2;211;211;210m▄[48;2;210;210;210m[38;2;211;211;211m▄[48;2;209;210;210m[38;2;210;210;210m▄[48;2;210;210;210m[38;2;210;210;210m▄[48;2;210;210;209m[38;2;211;211;211m▄[48;2;209;209;209m[38;2;210;210;210m▄[48;2;209;209;209m[38;2;210;210;210m▄[48;2;209;209;209m[38;2;211;211;211m▄[48;2;209;208;209m[38;2;210;210;210m▄[48;2;208;208;208m[38;2;209;209;210m▄[48;2;208;208;208m[38;2;209;209;209m▄[48;2;207;207;207m[38;2;209;209;209m▄[48;2;207;207;207m[38;2;209;209;209m▄[48;2;207;206;207m[38;2;208;208;208m▄[48;2;206;206;207m[38;2;208;208;208m▄[48;2;205;205;205m[38;2;207;207;207m▄[48;2;204;204;204m[38;2;207;207;207m▄[48;2;204;204;204m[38;2;207;207;207m▄[48;2;203;203;203m[38;2;207;207;207m▄[48;2;203;203;203m[38;2;206;206;206m▄[48;2;203;203;203m[38;2;205;205;205m▄[0m
[48;2;219;219;219m[38;2;224;224;224m▄[48;2;220;220;220m[38;2;224;224;224m▄[48;2;220;220;220m[38;2;224;224;224m▄[48;2;220;220;220m[38;2;224;224;224m▄[48;2;220;220;220m[38;2;224;224;224m▄[48;2;221;221;221m[38;2;224;224;224m▄[48;2;221;221;221m[38;2;224;224;224m▄[48;2;221;221;221m[38;2;225;225;225m▄[48;2;221;221;221m[38;2;224;224;224m▄[48;2;221;221;221m[38;2;225;225;225m▄[48;2;222;222;222m[38;2;226;226;226m▄[48;2;222;222;222m[38;2;225;225;225m▄[48;2;222;222;222m[38;2;225;225;225m▄[48;2;222;222;222m[38;2;225;225;225m▄[48;2;222;222;222m[38;2;224;224;224m▄[48;2;223;223;222m[38;2;224;224;224m▄[48;2;221;221;221m[38;2;226;226;226m▄[48;2;218;218;218m[38;2;226;226;226m▄[48;2;213;213;213m[38;2;223;223;223m▄[48;2;206;206;206m[38;2;224;225;225m▄[48;2;200;200;200m[38;2;212;208;209m▄[48;2;201;203;203m[38;2;179;162;166m▄[48;2;199;199;199m[38;2;174;154;158m▄[48;2;149;121;125m[38;2;177;160;163m▄[48;2;160;142;144m[38;2;179;164;166m▄[48;2;148;124;129m[38;2;181;167;169m▄[48;2;160;139;143m[38;2;166;149;152m▄[48;2;158;137;139m[38;2;169;153;155m▄[48;2;163;142;145m[38;2;170;155;157m▄[48;2;161;143;146m[38;2;180;168;171m▄[48;2;149;125;129m[38;2;186;176;178m▄[48;2;186;179;180m[38;2;159;140;142m▄[48;2;194;193;193m[38;2;177;167;169m▄[48;2;154;131;136m[38;2;172;157;160m▄[48;2;149;123;128m[38;2;171;153;157m▄[48;2;165;145;149m[38;2;164;147;150m▄[48;2;157;133;136m[38;2;167;150;154m▄[48;2;168;153;155m[38;2;195;188;190m▄[48;2;158;136;139m[38;2;180;165;169m▄[48;2;173;161;162m[38;2;175;160;162m▄[48;2;193;191;193m[38;2;173;156;158m▄[48;2;200;203;203m[38;2;164;144;147m▄[48;2;199;201;200m[38;2;186;175;178m▄[48;2;203;203;203m[38;2;216;217;217m▄[48;2;209;209;209m[38;2;215;215;215m▄[48;2;212;212;213m[38;2;216;216;216m▄[48;2;214;214;214m[38;2;216;216;216m▄[48;2;215;214;215m[38;2;216;216;216m▄[48;2;214;215;214m[38;2;216;216;216m▄[48;2;214;214;214m[38;2;216;216;216m▄[48;2;213;213;213m[38;2;215;215;216m▄[48;2;212;212;212m[38;2;215;215;215m▄[48;2;212;212;212m[38;2;215;215;215m▄[48;2;211;211;211m[38;2;214;214;214m▄[48;2;210;210;210m[38;2;213;213;213m▄[48;2;210;210;210m[38;2;212;212;212m▄[48;2;210;210;210m[38;2;212;212;212m▄[48;2;210;210;210m[38;2;210;210;210m▄[48;2;213;213;214m[38;2;217;217;217m▄[48;2;216;216;216m[38;2;221;221;221m▄[48;2;209;209;209m[38;2;211;211;211m▄[48;2;209;209;208m[38;2;210;210;210m▄[48;2;208;208;208m[38;2;210;210;210m▄[48;2;208;208;208m[38;2;209;209;209m▄[0m
[48;2;226;226;226m[38;2;229;229;229m▄[48;2;226;226;226m[38;2;228;228;228m▄[48;2;226;226;226m[38;2;228;228;228m▄[48;2;227;227;227m[38;2;229;229;229m▄[48;2;226;226;226m[38;2;228;228;228m▄[48;2;227;227;227m[38;2;229;229;229m▄[48;2;227;227;227m[38;2;229;229;229m▄[48;2;227;227;227m[38;2;229;229;229m▄[48;2;227;227;227m[38;2;229;229;229m▄[48;2;228;228;228m[38;2;230;230;230m▄[48;2;228;228;228m[38;2;230;230;230m▄[48;2;228;228;228m[38;2;230;230;230m▄[48;2;227;227;227m[38;2;229;229;229m▄[48;2;228;228;228m[38;2;229;229;229m▄[48;2;228;228;228m[38;2;229;229;229m▄[48;2;228;228;228m[38;2;229;229;229m▄[48;2;228;228;228m[38;2;229;229;229m▄[48;2;227;227;227m[38;2;229;229;229m▄[48;2;227;227;227m[38;2;229;229;229m▄[48;2;230;230;230m[38;2;228;228;228m▄[48;2;223;221;222m[38;2;229;229;229m▄[48;2;197;184;187m[38;2;233;235;234m▄[48;2;191;177;180m[38;2;233;236;235m▄[48;2;198;185;188m[38;2;231;233;233m▄[48;2;205;194;196m[38;2;230;232;231m▄[48;2;213;205;208m[38;2;229;230;230m▄[48;2;193;180;183m[38;2;233;235;235m▄[48;2;197;183;186m[38;2;231;233;233m▄[48;2;201;189;191m[38;2;229;231;231m▄[48;2;197;186;189m[38;2;229;230;230m▄[48;2;208;200;202m[38;2;227;229;228m▄[48;2;199;185;187m[38;2;230;232;232m▄[48;2;210;202;205m[38;2;227;228;228m▄[48;2;199;189;191m[38;2;228;230;229m▄[48;2;197;184;187m[38;2;228;230;230m▄[48;2;198;187;189m[38;2;227;229;229m▄[48;2;202;193;194m[38;2;227;228;228m▄[48;2;213;207;209m[38;2;224;225;225m▄[48;2;198;186;189m[38;2;226;228;227m▄[48;2;207;200;200m[38;2;225;226;226m▄[48;2;195;183;185m[38;2;227;228;228m▄[48;2;192;178;181m[38;2;227;229;229m▄[48;2;208;201;202m[38;2;223;224;224m▄[48;2;220;221;221m[38;2;219;219;219m▄[48;2;217;216;216m[38;2;218;218;218m▄[48;2;218;218;218m[38;2;218;218;218m▄[48;2;217;217;217m[38;2;218;218;218m▄[48;2;216;216;216m[38;2;217;217;217m▄[48;2;216;216;216m[38;2;216;216;216m▄[48;2;216;216;216m[38;2;216;216;216m▄[48;2;216;216;216m[38;2;216;216;216m▄[48;2;215;215;215m[38;2;216;216;216m▄[48;2;215;215;215m[38;2;216;216;216m▄[48;2;215;215;215m[38;2;216;216;216m▄[48;2;215;215;215m[38;2;216;216;216m▄[48;2;215;215;215m[38;2;216;216;216m▄[48;2;214;214;214m[38;2;215;215;215m▄[48;2;214;214;214m[38;2;215;215;215m▄[48;2;214;213;214m[38;2;215;215;215m▄[48;2;213;213;213m[38;2;214;214;215m▄[48;2;211;211;211m[38;2;214;214;214m▄[48;2;211;211;211m[38;2;213;213;213m▄[48;2;210;210;210m[38;2;213;213;213m▄[48;2;210;210;210m[38;2;213;213;213m▄[0m
[48;2;230;230;230m[38;2;231;231;231m▄[48;2;230;230;230m[38;2;231;231;231m▄[48;2;230;230;230m[38;2;231;231;231m▄[48;2;231;231;231m[38;2;231;231;231m▄[48;2;230;230;230m[38;2;232;232;232m▄[48;2;230;230;230m[38;2;231;231;231m▄[48;2;230;230;230m[38;2;231;231;231m▄[48;2;230;230;230m[38;2;231;231;231m▄[48;2;230;230;230m[38;2;231;231;231m▄[48;2;231;231;231m[38;2;231;231;231m▄[48;2;231;231;231m[38;2;231;231;231m▄[48;2;231;231;231m[38;2;231;231;231m▄[48;2;230;230;230m[38;2;231;231;231m▄[48;2;230;230;230m[38;2;230;230;230m▄[48;2;230;230;230m[38;2;230;230;230m▄[48;2;230;230;230m[38;2;231;231;231m▄[48;2;230;230;230m[38;2;230;230;230m▄[48;2;230;230;230m[38;2;230;230;230m▄[48;2;230;230;230m[38;2;230;230;230m▄[48;2;230;230;230m[38;2;230;230;230m▄[48;2;229;229;229m[38;2;229;229;229m▄[48;2;229;228;228m[38;2;229;229;229m▄[48;2;227;227;227m[38;2;229;229;229m▄[48;2;227;227;227m[38;2;229;229;229m▄[48;2;226;226;226m[38;2;228;228;228m▄[48;2;226;226;226m[38;2;228;228;228m▄[48;2;226;225;226m[38;2;227;227;227m▄[48;2;226;226;226m[38;2;227;227;227m▄[48;2;226;226;226m[38;2;227;227;227m▄[48;2;227;227;227m[38;2;228;228;228m▄[48;2;227;227;227m[38;2;227;227;227m▄[48;2;225;225;225m[38;2;226;226;226m▄[48;2;223;223;223m[38;2;226;226;226m▄[48;2;223;223;223m[38;2;225;225;225m▄[48;2;223;223;223m[38;2;224;224;224m▄[48;2;223;222;222m[38;2;224;224;224m▄[48;2;222;222;222m[38;2;224;224;224m▄[48;2;223;223;223m[38;2;224;224;224m▄[48;2;222;222;222m[38;2;224;224;224m▄[48;2;222;222;222m[38;2;223;223;223m▄[48;2;222;221;221m[38;2;223;223;223m▄[48;2;222;221;221m[38;2;223;223;223m▄[48;2;222;221;221m[38;2;222;222;222m▄[48;2;221;221;221m[38;2;221;221;221m▄[48;2;221;221;221m[38;2;221;221;221m▄[48;2;220;220;220m[38;2;220;220;220m▄[48;2;218;218;218m[38;2;218;218;218m▄[48;2;217;217;217m[38;2;218;218;218m▄[48;2;217;217;217m[38;2;217;217;217m▄[48;2;217;217;217m[38;2;217;217;217m▄[48;2;216;216;216m[38;2;216;216;216m▄[48;2;216;216;216m[38;2;216;216;216m▄[48;2;216;216;216m[38;2;216;216;216m▄[48;2;216;216;216m[38;2;216;216;216m▄[48;2;216;216;216m[38;2;216;216;216m▄[48;2;217;217;217m[38;2;216;216;216m▄[48;2;216;216;216m[38;2;216;216;216m▄[48;2;216;216;216m[38;2;216;216;216m▄[48;2;216;216;216m[38;2;216;216;216m▄[48;2;215;215;215m[38;2;215;215;215m▄[48;2;215;214;215m[38;2;215;215;215m▄[48;2;215;215;215m[38;2;215;215;215m▄[48;2;215;215;215m[38;2;215;215;215m▄[48;2;215;215;215m[38;2;215;215;215m▄[0m
