[48;2;219;219;219m[38;2;218;218;218m▄[48;2;221;221;221m[38;2;220;220;220m▄[48;2;221;221;221m[38;2;221;221;221m▄[48;2;222;222;222m[38;2;223;223;223m▄[48;2;223;223;223m[38;2;223;223;223m▄[48;2;224;224;224m[38;2;223;223;223m▄[48;2;224;224;224m[38;2;224;224;224m▄[48;2;225;225;225m[38;2;224;224;224m▄[48;2;225;225;225m[38;2;224;224;224m▄[48;2;225;225;225m[38;2;224;224;224m▄[48;2;224;224;224m[38;2;224;224;224m▄[48;2;225;225;225m[38;2;225;225;225m▄[48;2;227;227;227m[38;2;225;225;225m▄[48;2;228;228;228m[38;2;226;226;226m▄[48;2;228;228;228m[38;2;226;226;226m▄[48;2;228;228;228m[38;2;227;227;227m▄[48;2;227;227;227m[38;2;227;227;227m▄[48;2;227;227;227m[38;2;227;227;227m▄[48;2;227;227;227m[38;2;227;227;227m▄[48;2;227;227;227m[38;2;227;227;227m▄[48;2;227;227;227m[38;2;227;227;227m▄[48;2;227;227;227m[38;2;227;227;227m▄[48;2;227;227;227m[38;2;226;226;226m▄[48;2;227;227;227m[38;2;227;227;227m▄[48;2;227;227;227m[38;2;227;227;227m▄[48;2;227;227;227m[38;2;227;227;227m▄[48;2;228;228;228m[38;2;227;227;227m▄[48;2;227;227;227m[38;2;225;225;225m▄[48;2;227;227;227m[38;2;225;225;225m▄[48;2;227;227;227m[38;2;225;225;225m▄[48;2;225;225;225m[38;2;224;224;224m▄[48;2;224;224;224m[38;2;224;224;224m▄[48;2;225;225;225m[38;2;224;224;224m▄[48;2;225;225;225m[38;2;224;224;224m▄[48;2;224;224;224m[38;2;223;223;223m▄[48;2;223;223;223m[38;2;223;223;223m▄[48;2;223;223;223m[38;2;222;222;222m▄[48;2;222;222;222m[38;2;222;222;222m▄[48;2;221;221;221m[38;2;221;221;221m▄[48;2;222;222;222m[38;2;221;221;221m▄[48;2;221;221;221m[38;2;221;221;221m▄[48;2;219;219;219m[38;2;219;219;219m▄[48;2;218;218;218m[38;2;217;217;217m▄[48;2;217;217;217m[38;2;216;216;216m▄[48;2;216;216;216m[38;2;216;216;216m▄[48;2;216;216;216m[38;2;216;216;216m▄[48;2;216;216;216m[38;2;216;216;216m▄[48;2;215;215;215m[38;2;216;216;216m▄[48;2;215;215;215m[38;2;215;215;215m▄[48;2;215;215;215m[38;2;215;215;215m▄[48;2;215;215;215m[38;2;214;214;214m▄[48;2;213;213;213m[38;2;214;214;214m▄[48;2;213;213;213m[38;2;213;213;213m▄[48;2;212;212;212m[38;2;212;212;212m▄[48;2;211;211;211m[38;2;210;210;210m▄[48;2;211;211;211m[38;2;211;211;211m▄[48;2;211;211;211m[38;2;211;211;211m▄[48;2;210;210;210m[38;2;210;210;210m▄[48;2;210;209;211m[38;2;209;209;209m▄[48;2;209;209;209m[38;2;209;209;209m▄[48;2;208;208;208m[38;2;208;208;208m▄[48;2;208;208;208m[38;2;208;208;208m▄[48;2;207;207;207m[38;2;207;207;207m▄[48;2;207;206;207m[38;2;206;206;206m▄[0m
[48;2;217;217;217m[38;2;217;217;217m▄[48;2;219;219;219m[38;2;218;218;218m▄[48;2;221;221;221m[38;2;221;221;221m▄[48;2;222;222;222m[38;2;222;222;222m▄[48;2;223;223;223m[38;2;222;222;222m▄[48;2;223;223;223m[38;2;223;223;223m▄[48;2;223;223;224m[38;2;223;223;223m▄[48;2;223;223;223m[38;2;223;223;223m▄[48;2;224;224;224m[38;2;224;224;224m▄[48;2;224;224;224m[38;2;224;224;224m▄[48;2;224;224;224m[38;2;224;224;224m▄[48;2;224;224;224m[38;2;224;224;224m▄[48;2;224;224;224m[38;2;224;224;224m▄[48;2;224;224;224m[38;2;224;224;224m▄[48;2;225;225;225m[38;2;224;224;224m▄[48;2;227;227;227m[38;2;224;224;224m▄[48;2;227;227;227m[38;2;225;225;225m▄[48;2;227;227;227m[38;2;225;225;225m▄[48;2;227;227;227m[38;2;226;226;226m▄[48;2;227;227;227m[38;2;228;228;228m▄[48;2;227;227;227m[38;2;227;227;227m▄[48;2;227;227;227m[38;2;225;225;225m▄[48;2;227;227;227m[38;2;225;225;225m▄[48;2;227;227;227m[38;2;226;226;226m▄[48;2;225;225;225m[38;2;225;225;225m▄[48;2;225;225;225m[38;2;224;224;224m▄[48;2;225;225;225m[38;2;224;224;224m▄[48;2;224;224;224m[38;2;225;225;225m▄[48;2;223;224;223m[38;2;227;226;228m▄[48;2;223;224;223m[38;2;228;226;230m▄[48;2;222;223;222m[38;2;233;230;234m▄[48;2;224;224;224m[38;2;225;225;225m▄[48;2;223;223;223m[38;2;222;223;222m▄[48;2;223;223;223m[38;2;222;223;222m▄[48;2;222;222;222m[38;2;228;226;228m▄[48;2;222;223;222m[38;2;228;225;230m▄[48;2;222;222;222m[38;2;226;224;226m▄[48;2;222;222;222m[38;2;221;222;221m▄[48;2;221;221;221m[38;2;221;221;221m▄[48;2;221;221;221m[38;2;221;221;221m▄[48;2;220;220;220m[38;2;220;220;220m▄[48;2;217;217;217m[38;2;218;218;218m▄[48;2;217;217;217m[38;2;217;217;217m▄[48;2;216;216;216m[38;2;216;216;216m▄[48;2;216;216;216m[38;2;216;216;216m▄[48;2;216;216;216m[38;2;217;217;217m▄[48;2;216;216;216m[38;2;216;216;216m▄[48;2;216;216;216m[38;2;216;216;216m▄[48;2;215;215;215m[38;2;215;215;215m▄[48;2;215;215;215m[38;2;215;215;215m▄[48;2;214;214;214m[38;2;214;214;214m▄[48;2;214;214;214m[38;2;212;212;213m▄[48;2;213;213;213m[38;2;212;212;212m▄[48;2;212;212;212m[38;2;211;211;211m▄[48;2;210;210;210m[38;2;210;210;210m▄[48;2;210;210;210m[38;2;210;210;210m▄[48;2;210;210;210m[38;2;210;210;210m▄[48;2;211;211;211m[38;2;209;209;209m▄[48;2;210;210;210m[38;2;209;209;209m▄[48;2;208;208;208m[38;2;208;208;209m▄[48;2;208;208;208m[38;2;208;208;208m▄[48;2;208;208;208m[38;2;208;208;208m▄[48;2;207;207;207m[38;2;207;207;207m▄[48;2;207;207;207m[38;2;207;207;207m▄[0m
[48;2;217;217;217m[38;2;217;217;217m▄[48;2;219;219;219m[38;2;219;219;219m▄[48;2;221;221;221m[38;2;220;220;220m▄[48;2;221;221;221m[38;2;221;221;221m▄[48;2;222;222;222m[38;2;221;221;221m▄[48;2;223;223;223m[38;2;223;223;223m▄[48;2;223;223;223m[38;2;223;223;223m▄[48;2;223;223;223m[38;2;223;223;223m▄[48;2;223;223;223m[38;2;224;224;224m▄[48;2;224;224;224m[38;2;224;224;224m▄[48;2;225;225;225m[38;2;225;225;225m▄[48;2;225;225;225m[38;2;224;224;224m▄[48;2;224;224;224m[38;2;224;224;224m▄[48;2;224;224;224m[38;2;224;224;224m▄[48;2;224;224;224m[38;2;224;224;224m▄[48;2;224;224;224m[38;2;224;224;224m▄[48;2;225;225;225m[38;2;224;224;224m▄[48;2;224;224;224m[38;2;224;224;224m▄[48;2;225;225;225m[38;2;224;224;224m▄[48;2;226;226;226m[38;2;224;224;224m▄[48;2;226;226;226m[38;2;224;224;224m▄[48;2;225;225;225m[38;2;224;224;224m▄[48;2;224;224;224m[38;2;224;224;224m▄[48;2;224;225;225m[38;2;224;224;224m▄[48;2;224;224;224m[38;2;224;224;224m▄[48;2;224;224;224m[38;2;224;224;224m▄[48;2;226;225;226m[38;2;226;225;226m▄[48;2;220;222;221m[38;2;216;219;219m▄[48;2;145;182;135m[38;2;140;184;119m▄[48;2;152;188;140m[38;2;154;197;95m▄[48;2;175;197;173m[38;2;132;181;84m▄[48;2;222;223;224m[38;2;139;178;125m▄[48;2;224;224;224m[38;2;228;226;231m▄[48;2;230;227;231m[38;2;190;204;189m▄[48;2;178;199;174m[38;2;113;167;77m▄[48;2;127;173;112m[38;2;114;166;90m▄[48;2;209;214;208m[38;2;199;206;201m▄[48;2;225;224;225m[38;2;221;221;221m▄[48;2;221;221;221m[38;2;220;220;220m▄[48;2;220;220;220m[38;2;220;220;220m▄[48;2;219;219;219m[38;2;219;219;219m▄[48;2;218;218;218m[38;2;218;218;218m▄[48;2;217;217;217m[38;2;217;217;217m▄[48;2;216;216;216m[38;2;217;217;217m▄[48;2;216;216;216m[38;2;216;216;216m▄[48;2;216;216;216m[38;2;216;216;216m▄[48;2;216;216;216m[38;2;216;216;216m▄[48;2;216;216;216m[38;2;216;216;216m▄[48;2;215;215;215m[38;2;215;215;215m▄[48;2;215;215;215m[38;2;215;215;215m▄[48;2;214;214;214m[38;2;214;214;214m▄[48;2;213;213;213m[38;2;213;213;213m▄[48;2;213;213;213m[38;2;212;212;212m▄[48;2;211;211;211m[38;2;211;211;211m▄[48;2;210;210;210m[38;2;210;210;210m▄[48;2;210;210;210m[38;2;210;210;210m▄[48;2;210;210;210m[38;2;210;210;210m▄[48;2;209;209;209m[38;2;211;211;211m▄[48;2;209;209;209m[38;2;210;210;210m▄[48;2;209;209;209m[38;2;209;209;209m▄[48;2;208;208;208m[38;2;208;208;208m▄[48;2;207;207;207m[38;2;208;208;208m▄[48;2;207;207;207m[38;2;207;207;207m▄[48;2;207;207;207m[38;2;207;207;207m▄[0m
[48;2;217;217;217m[38;2;217;217;217m▄[48;2;218;218;218m[38;2;217;217;217m▄[48;2;218;218;218m[38;2;218;218;218m▄[48;2;221;221;221m[38;2;220;220;220m▄[48;2;221;221;221m[38;2;221;221;221m▄[48;2;222;222;222m[38;2;222;222;222m▄[48;2;223;223;223m[38;2;223;223;223m▄[48;2;223;223;223m[38;2;223;223;223m▄[48;2;223;223;223m[38;2;223;223;223m▄[48;2;224;223;224m[38;2;223;223;223m▄[48;2;223;223;223m[38;2;223;223;223m▄[48;2;223;223;223m[38;2;223;223;223m▄[48;2;224;224;224m[38;2;223;223;223m▄[48;2;224;224;224m[38;2;224;224;224m▄[48;2;224;224;224m[38;2;224;224;224m▄[48;2;224;224;224m[38;2;224;224;224m▄[48;2;224;224;224m[38;2;224;224;224m▄[48;2;224;224;224m[38;2;224;224;224m▄[48;2;224;224;224m[38;2;224;224;224m▄[48;2;224;224;224m[38;2;224;224;224m▄[48;2;224;224;224m[38;2;224;224;224m▄[48;2;224;224;224m[38;2;224;224;224m▄[48;2;224;224;224m[38;2;224;224;224m▄[48;2;224;224;224m[38;2;224;224;224m▄[48;2;224;224;224m[38;2;224;224;224m▄[48;2;224;224;224m[38;2;224;224;224m▄[48;2;223;223;222m[38;2;223;223;222m▄[48;2;230;227;232m[38;2;229;227;228m▄[48;2;150;183;140m[38;2;205;219;211m▄[48;2;140;185;80m[38;2;123;178;100m▄[48;2;139;185;85m[38;2;120;178;71m▄[48;2;124;176;69m[38;2;107;164;71m▄[48;2;158;184;152m[38;2;103;161;74m▄[48;2;127;171;108m[38;2;101;153;89m▄[48;2;133;172;115m[38;2;158;183;152m▄[48;2;208;206;214m[38;2;150;182;133m▄[48;2;214;211;216m[38;2;148;181;134m▄[48;2;225;222;225m[38;2;167;190;163m▄[48;2;222;222;222m[38;2;216;217;218m▄[48;2;219;219;219m[38;2;225;223;225m▄[48;2;219;219;219m[38;2;217;217;217m▄[48;2;217;217;217m[38;2;217;217;217m▄[48;2;216;216;216m[38;2;216;216;216m▄[48;2;217;217;217m[38;2;216;216;216m▄[48;2;217;217;217m[38;2;216;216;216m▄[48;2;216;216;216m[38;2;216;216;216m▄[48;2;216;216;216m[38;2;216;216;216m▄[48;2;215;215;215m[38;2;215;215;215m▄[48;2;214;214;214m[38;2;215;215;215m▄[48;2;215;215;215m[38;2;214;214;214m▄[48;2;214;214;214m[38;2;213;213;213m▄[48;2;213;213;213m[38;2;213;213;213m▄[48;2;211;211;211m[38;2;211;211;211m▄[48;2;211;210;211m[38;2;210;210;210m▄[48;2;210;210;210m[38;2;210;210;210m▄[48;2;210;210;210m[38;2;210;210;210m▄[48;2;210;210;210m[38;2;210;210;210m▄[48;2;210;210;210m[38;2;210;210;210m▄[48;2;209;209;209m[38;2;209;209;209m▄[48;2;208;208;208m[38;2;209;209;209m▄[48;2;208;208;208m[38;2;208;208;208m▄[48;2;207;207;207m[38;2;208;208;208m▄[48;2;207;207;207m[38;2;207;207;207m▄[48;2;207;207;207m[38;2;206;206;206m▄[0m
[48;2;216;216;216m[38;2;216;216;216m▄[48;2;217;217;217m[38;2;216;216;216m▄[48;2;217;217;217m[38;2;217;217;217m▄[48;2;219;219;219m[38;2;218;218;218m▄[48;2;220;220;220m[38;2;218;218;218m▄[48;2;221;221;221m[38;2;220;220;220m▄[48;2;222;222;222m[38;2;221;221;221m▄[48;2;222;222;222m[38;2;221;221;221m▄[48;2;222;222;222m[38;2;222;222;222m▄[48;2;223;223;223m[38;2;222;222;222m▄[48;2;223;223;223m[38;2;223;223;223m▄[48;2;223;223;223m[38;2;223;223;223m▄[48;2;223;223;223m[38;2;223;223;223m▄[48;2;224;224;224m[38;2;224;224;224m▄[48;2;224;224;225m[38;2;224;224;224m▄[48;2;224;224;224m[38;2;223;223;223m▄[48;2;224;224;224m[38;2;223;223;223m▄[48;2;224;224;224m[38;2;224;224;224m▄[48;2;224;224;224m[38;2;224;224;224m▄[48;2;224;224;224m[38;2;224;224;224m▄[48;2;224;224;224m[38;2;224;224;224m▄[48;2;224;224;224m[38;2;224;224;224m▄[48;2;224;224;224m[38;2;224;223;224m▄[48;2;224;224;224m[38;2;223;223;223m▄[48;2;224;224;224m[38;2;223;222;222m▄[48;2;224;223;223m[38;2;225;227;226m▄[48;2;226;228;228m[38;2;220;214;216m▄[48;2;223;227;225m[38;2;212;144;158m▄[48;2;224;197;205m[38;2;225;144;156m▄[48;2;191;163;163m[38;2;232;139;152m▄[48;2;125;152;101m[38;2;223;115;138m▄[48;2;98;164;86m[38;2;194;115;131m▄[48;2;66;134;54m[38;2;186;139;136m▄[48;2;77;144;68m[38;2;111;150;87m▄[48;2;112;167;80m[38;2;90;162;64m▄[48;2;125;178;76m[38;2;117;180;72m▄[48;2;144;188;90m[38;2;129;183;72m▄[48;2;146;190;97m[38;2;125;177;69m▄[48;2;126;171;105m[38;2;122;166;101m▄[48;2;201;209;202m[38;2;197;202;198m▄[48;2;222;220;222m[38;2;219;217;219m▄[48;2;216;216;216m[38;2;216;216;216m▄[48;2;216;216;216m[38;2;216;216;216m▄[48;2;216;216;216m[38;2;216;216;216m▄[48;2;216;216;216m[38;2;216;216;216m▄[48;2;216;216;216m[38;2;215;215;215m▄[48;2;215;215;215m[38;2;215;215;215m▄[48;2;215;215;215m[38;2;215;215;215m▄[48;2;215;215;215m[38;2;214;214;214m▄[48;2;213;213;213m[38;2;213;213;213m▄[48;2;213;213;213m[38;2;213;213;213m▄[48;2;212;212;212m[38;2;212;212;212m▄[48;2;211;211;211m[38;2;211;211;211m▄[48;2;210;210;210m[38;2;210;210;210m▄[48;2;211;211;211m[38;2;210;210;210m▄[48;2;210;210;210m[38;2;210;210;210m▄[48;2;210;210;210m[38;2;210;210;210m▄[48;2;209;209;209m[38;2;209;209;209m▄[48;2;209;209;209m[38;2;209;208;209m▄[48;2;209;209;209m[38;2;208;208;208m▄[48;2;208;208;208m[38;2;208;208;208m▄[48;2;208;208;208m[38;2;208;208;208m▄[48;2;207;207;207m[38;2;207;207;207m▄[48;2;206;206;206m[38;2;206;206;206m▄[0m
[48;2;216;216;216m[38;2;216;216;216m▄[48;2;216;216;216m[38;2;216;216;216m▄[48;2;216;216;216m[38;2;216;216;216m▄[48;2;216;216;216m[38;2;217;217;217m▄[48;2;217;217;217m[38;2;217;217;217m▄[48;2;218;218;218m[38;2;217;217;217m▄[48;2;220;220;221m[38;2;219;219;219m▄[48;2;222;222;222m[38;2;220;220;220m▄[48;2;221;221;221m[38;2;221;221;221m▄[48;2;222;222;222m[38;2;221;221;221m▄[48;2;222;222;222m[38;2;221;221;221m▄[48;2;223;223;223m[38;2;222;222;222m▄[48;2;223;223;223m[38;2;222;222;222m▄[48;2;223;223;223m[38;2;222;222;222m▄[48;2;223;223;223m[38;2;222;222;222m▄[48;2;223;223;223m[38;2;223;223;223m▄[48;2;223;223;223m[38;2;223;223;223m▄[48;2;223;223;223m[38;2;223;223;223m▄[48;2;223;223;223m[38;2;223;223;223m▄[48;2;223;223;223m[38;2;223;223;223m▄[48;2;223;223;223m[38;2;223;223;223m▄[48;2;223;223;223m[38;2;223;223;223m▄[48;2;223;223;223m[38;2;223;223;223m▄[48;2;223;223;223m[38;2;223;221;221m▄[48;2;223;224;223m[38;2;226;232;231m▄[48;2;223;224;224m[38;2;212;175;183m▄[48;2;209;140;155m[38;2;225;145;157m▄[48;2;230;153;163m[38;2;233;148;158m▄[48;2;232;146;157m[38;2;228;131;143m▄[48;2;223;117;132m[38;2;214;102;123m▄[48;2;211;104;122m[38;2;223;148;159m▄[48;2;230;148;159m[38;2;233;149;158m▄[48;2;242;150;164m[38;2;226;132;142m▄[48;2;227;136;147m[38;2;230;136;147m▄[48;2;173;139;118m[38;2;238;136;153m▄[48;2;147;146;97m[38;2;237;131;149m▄[48;2;139;162;113m[38;2;225;142;159m▄[48;2;154;180;154m[38;2;207;202;208m▄[48;2;198;196;200m[38;2;206;207;206m▄[48;2;207;206;208m[38;2;212;212;211m▄[48;2;213;214;213m[38;2;216;216;216m▄[48;2;217;217;217m[38;2;216;216;216m▄[48;2;217;217;217m[38;2;216;216;216m▄[48;2;217;217;217m[38;2;216;216;216m▄[48;2;216;216;216m[38;2;216;216;216m▄[48;2;215;215;215m[38;2;215;215;215m▄[48;2;215;215;215m[38;2;214;214;214m▄[48;2;215;215;214m[38;2;214;214;214m▄[48;2;214;214;214m[38;2;214;214;214m▄[48;2;213;213;214m[38;2;213;213;213m▄[48;2;213;213;213m[38;2;213;212;213m▄[48;2;212;212;212m[38;2;211;211;211m▄[48;2;211;211;211m[38;2;211;211;211m▄[48;2;211;211;211m[38;2;211;211;211m▄[48;2;211;211;211m[38;2;210;210;210m▄[48;2;210;210;210m[38;2;210;210;210m▄[48;2;210;210;210m[38;2;209;209;209m▄[48;2;209;209;209m[38;2;208;208;208m▄[48;2;209;209;209m[38;2;208;208;208m▄[48;2;209;209;209m[38;2;209;209;209m▄[48;2;208;208;208m[38;2;208;208;208m▄[48;2;208;208;208m[38;2;207;207;207m▄[48;2;207;207;207m[38;2;207;207;207m▄[48;2;207;207;207m[38;2;206;206;205m▄[0m
[48;2;216;216;216m[38;2;215;215;215m▄[48;2;216;216;216m[38;2;216;216;216m▄[48;2;216;216;216m[38;2;216;216;216m▄[48;2;216;216;216m[38;2;216;216;216m▄[48;2;217;217;217m[38;2;217;217;217m▄[48;2;217;217;217m[38;2;217;217;217m▄[48;2;217;217;217m[38;2;217;217;217m▄[48;2;218;219;219m[38;2;218;218;218m▄[48;2;219;220;220m[38;2;218;218;218m▄[48;2;220;220;220m[38;2;219;219;219m▄[48;2;221;221;221m[38;2;219;219;219m▄[48;2;221;221;221m[38;2;220;220;220m▄[48;2;221;221;221m[38;2;221;221;221m▄[48;2;221;221;221m[38;2;221;221;221m▄[48;2;222;222;222m[38;2;221;221;221m▄[48;2;222;222;222m[38;2;221;221;221m▄[48;2;222;222;222m[38;2;221;221;221m▄[48;2;223;223;223m[38;2;222;221;222m▄[48;2;222;222;222m[38;2;224;224;224m▄[48;2;223;223;223m[38;2;224;224;224m▄[48;2;222;223;223m[38;2;223;222;222m▄[48;2;223;222;222m[38;2;222;224;223m▄[48;2;222;221;221m[38;2;221;230;227m▄[48;2;222;221;221m[38;2;223;224;224m▄[48;2;223;227;227m[38;2;220;218;219m▄[48;2;211;148;161m[38;2;211;145;157m▄[48;2;233;157;165m[38;2;232;151;159m▄[48;2;228;132;145m[38;2;227;133;144m▄[48;2;229;134;145m[38;2;227;136;146m▄[48;2;221;128;142m[38;2;233;152;161m▄[48;2;232;154;163m[38;2;230;140;150m▄[48;2;228;133;144m[38;2;229;138;148m▄[48;2;230;138;149m[38;2;230;138;148m▄[48;2;229;137;147m[38;2;229;138;147m▄[48;2;227;136;146m[38;2;229;138;147m▄[48;2;226;138;147m[38;2;229;139;148m▄[48;2;218;105;121m[38;2;224;117;130m▄[48;2;203;145;154m[38;2;209;115;130m▄[48;2;214;222;220m[38;2;208;207;208m▄[48;2;218;216;216m[38;2;216;216;216m▄[48;2;216;216;216m[38;2;215;215;215m▄[48;2;216;216;216m[38;2;216;216;216m▄[48;2;217;217;217m[38;2;216;216;216m▄[48;2;216;216;217m[38;2;216;216;216m▄[48;2;215;215;215m[38;2;216;216;216m▄[48;2;215;215;215m[38;2;215;215;215m▄[48;2;215;215;215m[38;2;214;214;214m▄[48;2;214;214;214m[38;2;214;214;214m▄[48;2;213;213;213m[38;2;214;214;214m▄[48;2;213;213;213m[38;2;213;213;213m▄[48;2;213;213;213m[38;2;212;212;212m▄[48;2;211;211;211m[38;2;210;210;210m▄[48;2;211;211;211m[38;2;211;211;211m▄[48;2;210;210;210m[38;2;210;210;210m▄[48;2;210;210;210m[38;2;210;210;210m▄[48;2;210;210;210m[38;2;209;209;209m▄[48;2;209;209;209m[38;2;208;208;208m▄[48;2;209;209;209m[38;2;209;209;209m▄[48;2;208;208;208m[38;2;209;209;209m▄[48;2;208;208;208m[38;2;208;208;208m▄[48;2;207;207;207m[38;2;207;207;207m▄[48;2;207;207;207m[38;2;207;207;207m▄[48;2;207;207;207m[38;2;206;206;206m▄[48;2;205;205;205m[38;2;205;205;205m▄[0m
[48;2;216;216;216m[38;2;214;214;215m▄[48;2;216;216;216m[38;2;215;214;216m▄[48;2;216;216;216m[38;2;216;216;216m▄[48;2;216;216;216m[38;2;216;216;216m▄[48;2;216;216;216m[38;2;216;216;216m▄[48;2;216;216;216m[38;2;216;216;216m▄[48;2;216;216;216m[38;2;216;216;216m▄[48;2;217;217;217m[38;2;216;216;216m▄[48;2;218;218;218m[38;2;217;217;217m▄[48;2;218;218;218m[38;2;217;217;217m▄[48;2;218;218;218m[38;2;218;218;218m▄[48;2;219;219;219m[38;2;218;218;218m▄[48;2;220;220;220m[38;2;218;218;218m▄[48;2;221;220;221m[38;2;219;219;219m▄[48;2;221;221;221m[38;2;220;220;220m▄[48;2;221;221;221m[38;2;220;220;220m▄[48;2;221;221;221m[38;2;220;220;220m▄[48;2;221;221;221m[38;2;221;221;221m▄[48;2;223;223;223m[38;2;221;221;221m▄[48;2;222;221;222m[38;2;222;222;222m▄[48;2;222;225;224m[38;2;221;222;222m▄[48;2;223;206;212m[38;2;221;219;220m▄[48;2;231;152;178m[38;2;224;182;194m▄[48;2;223;218;219m[38;2;222;212;214m▄[48;2;221;222;222m[38;2;222;230;229m▄[48;2;210;144;156m[38;2;208;154;166m▄[48;2;232;151;159m[38;2;227;144;154m▄[48;2;227;132;144m[38;2;228;135;146m▄[48;2;228;137;148m[38;2;228;138;148m▄[48;2;230;141;150m[38;2;227;138;147m▄[48;2;230;138;147m[38;2;229;138;148m▄[48;2;229;138;147m[38;2;229;139;148m▄[48;2;229;138;149m[38;2;228;140;148m▄[48;2;229;139;148m[38;2;230;151;157m▄[48;2;230;140;148m[38;2;231;151;157m▄[48;2;229;138;147m[38;2;231;147;153m▄[48;2;225;116;129m[38;2;227;126;137m▄[48;2;211;124;135m[38;2;222;163;169m▄[48;2;201;197;198m[38;2;212;223;219m▄[48;2;219;220;221m[38;2;222;220;220m▄[48;2;223;222;223m[38;2;233;236;234m▄[48;2;217;218;217m[38;2;225;218;221m▄[48;2;215;217;216m[38;2;222;212;216m▄[48;2;216;215;215m[38;2;218;220;219m▄[48;2;215;215;214m[38;2;217;216;216m▄[48;2;215;215;215m[38;2;214;214;214m▄[48;2;214;214;214m[38;2;214;214;214m▄[48;2;214;213;214m[38;2;213;213;214m▄[48;2;213;213;213m[38;2;213;212;213m▄[48;2;212;212;212m[38;2;212;212;212m▄[48;2;211;211;211m[38;2;211;211;211m▄[48;2;210;210;210m[38;2;210;210;210m▄[48;2;210;210;210m[38;2;210;210;210m▄[48;2;210;210;210m[38;2;210;210;210m▄[48;2;210;210;211m[38;2;210;210;210m▄[48;2;210;210;210m[38;2;210;210;210m▄[48;2;209;209;209m[38;2;208;209;208m▄[48;2;209;209;209m[38;2;209;209;209m▄[48;2;208;208;208m[38;2;208;208;208m▄[48;2;208;208;208m[38;2;207;207;207m▄[48;2;207;207;207m[38;2;207;207;207m▄[48;2;207;207;207m[38;2;207;206;207m▄[48;2;205;205;205m[38;2;204;204;204m▄[48;2;204;204;204m[38;2;204;204;204m▄[0m
[48;2;214;214;214m[38;2;215;215;215m▄[48;2;215;215;215m[38;2;215;215;215m▄[48;2;215;215;215m[38;2;215;215;215m▄[48;2;216;216;216m[38;2;215;215;215m▄[48;2;216;216;216m[38;2;216;216;216m▄[48;2;216;216;216m[38;2;216;216;216m▄[48;2;216;216;216m[38;2;216;216;216m▄[48;2;216;216;216m[38;2;216;216;216m▄[48;2;216;216;216m[38;2;216;216;216m▄[48;2;216;216;216m[38;2;216;216;216m▄[48;2;216;216;216m[38;2;216;216;216m▄[48;2;217;217;217m[38;2;216;216;216m▄[48;2;217;217;217m[38;2;219;219;219m▄[48;2;217;217;217m[38;2;219;219;219m▄[48;2;219;219;219m[38;2;217;216;217m▄[48;2;219;219;220m[38;2;218;217;218m▄[48;2;219;219;219m[38;2;218;218;218m▄[48;2;219;219;219m[38;2;218;216;217m▄[48;2;219;219;219m[38;2;218;219;219m▄[48;2;220;219;219m[38;2;218;226;225m▄[48;2;221;216;217m[38;2;217;221;221m▄[48;2;222;198;207m[38;2;218;209;211m▄[48;2;219;231;228m[38;2;219;211;212m▄[48;2;220;221;221m[38;2;219;216;216m▄[48;2;220;221;221m[38;2;218;223;223m▄[48;2;214;200;204m[38;2;219;229;228m▄[48;2;228;168;176m[38;2;212;160;170m▄[48;2;233;147;156m[38;2;231;139;150m▄[48;2;230;140;150m[38;2;231;139;149m▄[48;2;228;137;147m[38;2;227;139;148m▄[48;2;228;140;149m[38;2;228;139;146m▄[48;2;229;140;148m[38;2;237;168;172m▄[48;2;231;141;150m[38;2;240;199;200m▄[48;2;237;181;183m[38;2;242;214;214m▄[48;2;236;176;181m[38;2;243;209;208m▄[48;2;235;170;176m[38;2;239;170;176m▄[48;2;234;191;192m[38;2;229;168;176m▄[48;2;227;182;190m[38;2;231;191;197m▄[48;2;223;187;198m[38;2;224;150;167m▄[48;2;216;225;222m[38;2;227;222;221m▄[48;2;227;206;213m[38;2;228;186;200m▄[48;2;236;137;172m[38;2;228;174;192m▄[48;2;226;183;199m[38;2;215;217;217m▄[48;2;215;221;219m[38;2;221;225;224m▄[48;2;223;222;222m[38;2;223;223;223m▄[48;2;217;217;217m[38;2;220;219;220m▄[48;2;214;214;214m[38;2;211;211;211m▄[48;2;213;213;213m[38;2;213;213;213m▄[48;2;213;213;213m[38;2;213;213;212m▄[48;2;212;212;212m[38;2;211;211;211m▄[48;2;211;211;211m[38;2;210;210;210m▄[48;2;210;210;210m[38;2;211;211;211m▄[48;2;211;211;211m[38;2;210;210;210m▄[48;2;210;210;210m[38;2;210;210;210m▄[48;2;209;209;209m[38;2;209;209;209m▄[48;2;209;209;209m[38;2;209;209;209m▄[48;2;209;209;209m[38;2;208;208;208m▄[48;2;208;208;208m[38;2;208;208;208m▄[48;2;207;207;207m[38;2;207;207;207m▄[48;2;207;207;207m[38;2;207;207;207m▄[48;2;206;206;207m[38;2;206;206;206m▄[48;2;206;205;206m[38;2;206;206;206m▄[48;2;204;204;204m[38;2;204;204;204m▄[48;2;205;205;205m[38;2;203;203;203m▄[0m
[48;2;215;215;215m[38;2;214;214;214m▄[48;2;215;215;215m[38;2;214;214;214m▄[48;2;215;215;215m[38;2;214;214;214m▄[48;2;215;215;215m[38;2;215;215;215m▄[48;2;216;216;216m[38;2;215;215;215m▄[48;2;216;216;216m[38;2;215;215;215m▄[48;2;215;215;215m[38;2;215;215;215m▄[48;2;216;216;216m[38;2;216;216;216m▄[48;2;216;216;216m[38;2;216;216;216m▄[48;2;216;216;216m[38;2;216;216;216m▄[48;2;216;216;216m[38;2;216;216;216m▄[48;2;216;216;216m[38;2;216;216;216m▄[48;2;216;216;216m[38;2;217;217;217m▄[48;2;216;216;216m[38;2;216;216;216m▄[48;2;216;216;216m[38;2;217;217;217m▄[48;2;217;217;217m[38;2;217;216;216m▄[48;2;216;215;215m[38;2;216;222;221m▄[48;2;219;224;223m[38;2;214;195;198m▄[48;2;217;215;216m[38;2;220;135;147m▄[48;2;217;176;180m[38;2;235;173;180m▄[48;2;223;159;166m[38;2;225;144;154m▄[48;2;227;157;164m[38;2;218;128;138m▄[48;2;227;159;164m[38;2;219;122;133m▄[48;2;228;160;165m[38;2;227;141;153m▄[48;2;220;159;164m[38;2;240;168;176m▄[48;2;218;210;210m[38;2;220;136;144m▄[48;2;210;196;200m[38;2;215;221;218m▄[48;2;208;122;136m[38;2;214;160;175m▄[48;2;227;133;143m[38;2;210;107;130m▄[48;2;230;135;145m[38;2;203;127;138m▄[48;2;220;114;127m[38;2;203;130;139m▄[48;2;231;170;175m[38;2;224;158;164m▄[48;2;244;226;225m[38;2;251;243;239m▄[48;2;238;168;172m[38;2;234;166;166m▄[48;2;232;139;145m[38;2;221;152;153m▄[48;2;220;133;141m[38;2;215;191;185m▄[48;2;205;170;171m[38;2;206;205;197m▄[48;2;216;167;176m[38;2;216;206;201m▄[48;2;235;174;184m[38;2;233;177;184m▄[48;2;231;167;177m[38;2;210;153;161m▄[48;2;214;178;183m[38;2;203;186;188m▄[48;2;222;145;169m[38;2;202;208;207m▄[48;2;222;195;202m[38;2;216;195;198m▄[48;2;230;213;215m[38;2;235;154;170m▄[48;2;223;217;219m[38;2;217;196;201m▄[48;2;218;219;219m[38;2;226;231;230m▄[48;2;218;218;218m[38;2;223;222;223m▄[48;2;212;212;212m[38;2;211;211;211m▄[48;2;212;212;212m[38;2;210;210;210m▄[48;2;211;211;211m[38;2;211;211;211m▄[48;2;210;210;210m[38;2;210;210;210m▄[48;2;210;210;210m[38;2;210;210;210m▄[48;2;209;209;209m[38;2;209;209;209m▄[48;2;208;208;208m[38;2;208;208;208m▄[48;2;209;209;209m[38;2;208;208;208m▄[48;2;208;208;208m[38;2;208;208;208m▄[48;2;207;207;207m[38;2;208;208;208m▄[48;2;208;208;208m[38;2;207;207;207m▄[48;2;207;207;207m[38;2;207;207;207m▄[48;2;206;206;206m[38;2;207;207;207m▄[48;2;206;206;206m[38;2;206;206;207m▄[48;2;205;205;205m[38;2;204;204;204m▄[48;2;204;204;204m[38;2;203;203;203m▄[48;2;203;203;203m[38;2;203;203;203m▄[0m
[48;2;214;214;214m[38;2;213;213;213m▄[48;2;214;214;214m[38;2;214;214;214m▄[48;2;214;214;214m[38;2;213;213;213m▄[48;2;215;215;215m[38;2;214;214;214m▄[48;2;215;215;215m[38;2;215;215;215m▄[48;2;215;215;215m[38;2;214;214;214m▄[48;2;215;215;215m[38;2;215;215;215m▄[48;2;215;215;215m[38;2;215;215;215m▄[48;2;216;216;216m[38;2;215;215;215m▄[48;2;217;217;217m[38;2;215;215;215m▄[48;2;216;216;216m[38;2;216;216;216m▄[48;2;216;216;216m[38;2;216;216;216m▄[48;2;217;217;217m[38;2;216;216;216m▄[48;2;216;216;216m[38;2;216;216;216m▄[48;2;216;216;216m[38;2;216;215;215m▄[48;2;216;217;217m[38;2;218;225;224m▄[48;2;215;210;211m[38;2;209;177;183m▄[48;2;218;137;148m[38;2;221;145;155m▄[48;2;241;202;206m[38;2;234;184;190m▄[48;2;212;129;140m[38;2;193;87;103m▄[48;2;208;97;112m[38;2;226;149;160m▄[48;2;239;174;182m[38;2;230;162;171m▄[48;2;215;122;133m[38;2;193;104;119m▄[48;2;206;118;128m[38;2;209;135;146m▄[48;2;235;173;182m[38;2;243;187;193m▄[48;2;229;149;157m[38;2;206;111;126m▄[48;2;206;181;182m[38;2;203;115;127m▄[48;2;213;194;199m[38;2;215;146;154m▄[48;2;210;195;197m[38;2;209;130;140m▄[48;2;200;216;211m[38;2;209;150;156m▄[48;2;204;177;176m[38;2;208;147;152m▄[48;2;238;163;167m[38;2;213;114;123m▄[48;2;248;217;215m[38;2;214;126;133m▄[48;2;246;240;233m[38;2;214;170;170m▄[48;2;249;255;253m[38;2;231;172;174m▄[48;2;245;246;235m[38;2;235;166;167m▄[48;2;224;222;211m[38;2;225;179;177m▄[48;2;235;200;201m[38;2;240;187;189m▄[48;2;230;165;174m[38;2;217;142;151m▄[48;2;203;128;140m[38;2;215;144;153m▄[48;2;197;144;153m[38;2;231;149;159m▄[48;2;205;207;207m[38;2;197;170;175m▄[48;2;211;203;203m[38;2;234;189;197m▄[48;2;210;182;186m[38;2;227;173;182m▄[48;2;215;213;213m[38;2;203;210;208m▄[48;2;221;222;220m[38;2;213;213;213m▄[48;2;217;217;216m[38;2;211;211;211m▄[48;2;219;219;218m[38;2;211;211;211m▄[48;2;218;218;217m[38;2;213;213;213m▄[48;2;210;210;210m[38;2;210;210;210m▄[48;2;210;210;210m[38;2;210;210;210m▄[48;2;210;210;210m[38;2;210;209;210m▄[48;2;209;209;209m[38;2;209;208;210m▄[48;2;208;208;208m[38;2;209;209;208m▄[48;2;209;209;209m[38;2;209;208;209m▄[48;2;208;208;208m[38;2;208;208;208m▄[48;2;208;208;208m[38;2;207;207;207m▄[48;2;207;207;207m[38;2;207;207;207m▄[48;2;206;206;206m[38;2;206;206;207m▄[48;2;206;206;206m[38;2;205;205;206m▄[48;2;205;204;205m[38;2;204;204;205m▄[48;2;204;204;204m[38;2;204;203;204m▄[48;2;203;203;203m[38;2;203;203;203m▄[48;2;203;203;203m[38;2;203;203;203m▄[0m
[48;2;213;213;213m[38;2;212;212;212m▄[48;2;213;213;213m[38;2;212;212;212m▄[48;2;214;214;214m[38;2;213;213;213m▄[48;2;214;214;214m[38;2;213;213;213m▄[48;2;214;214;214m[38;2;214;214;214m▄[48;2;215;215;215m[38;2;215;214;215m▄[48;2;215;215;215m[38;2;214;214;215m▄[48;2;215;215;215m[38;2;214;215;214m▄[48;2;215;215;215m[38;2;215;215;215m▄[48;2;215;215;215m[38;2;215;215;215m▄[48;2;215;215;215m[38;2;215;215;215m▄[48;2;215;215;215m[38;2;215;215;215m▄[48;2;215;215;215m[38;2;215;215;215m▄[48;2;215;215;215m[38;2;217;217;217m▄[48;2;215;215;215m[38;2;217;217;217m▄[48;2;216;218;218m[38;2;215;214;214m▄[48;2;215;205;206m[38;2;217;220;219m▄[48;2;202;112;128m[38;2;212;196;199m▄[48;2;200;97;114m[38;2;194;139;150m▄[48;2;187;76;95m[38;2;193;94;113m▄[48;2;237;165;176m[38;2;231;141;155m▄[48;2;211;123;137m[38;2;210;123;138m▄[48;2;203;102;120m[38;2;234;152;165m▄[48;2;231;163;173m[38;2;180;83;102m▄[48;2;202;111;127m[38;2;181;84;104m▄[48;2;192;84;103m[38;2;223;138;151m▄[48;2;232;164;174m[38;2;202;111;128m▄[48;2;201;109;125m[38;2;175;69;90m▄[48;2;240;178;187m[38;2;237;169;178m▄[48;2;211;121;134m[38;2;176;69;88m▄[48;2;197;90;106m[38;2;210;124;136m▄[48;2;237;169;176m[38;2;227;154;164m▄[48;2;196;102;113m[38;2;179;67;87m▄[48;2;214;136;144m[38;2;238;168;177m▄[48;2;225;146;154m[38;2;195;101;117m▄[48;2;227;149;157m[38;2;195;106;121m▄[48;2;216;128;136m[38;2;196;102;115m▄[48;2;233;159;167m[38;2;236;147;159m▄[48;2;205;131;141m[38;2;199;141;148m▄[48;2;205;127;141m[38;2;219;150;159m▄[48;2;225;146;159m[38;2;210;149;157m▄[48;2;190;164;168m[38;2;208;181;183m▄[48;2;239;183;189m[38;2;228;138;152m▄[48;2;201;155;163m[38;2;207;193;193m▄[48;2;210;211;211m[38;2;216;151;166m▄[48;2;218;213;214m[38;2;210;198;200m▄[48;2;208;209;209m[38;2;218;220;219m▄[48;2;210;210;210m[38;2;220;220;219m▄[48;2;209;209;209m[38;2;208;209;209m▄[48;2;210;210;211m[38;2;210;210;211m▄[48;2;210;210;210m[38;2;209;210;210m▄[48;2;209;209;212m[38;2;208;209;210m▄[48;2;209;209;213m[38;2;209;208;212m▄[48;2;209;208;210m[38;2;209;208;211m▄[48;2;208;208;209m[38;2;208;208;209m▄[48;2;208;208;208m[38;2;208;208;207m▄[48;2;207;207;207m[38;2;208;208;204m▄[48;2;207;207;207m[38;2;207;207;206m▄[48;2;205;205;206m[38;2;206;206;206m▄[48;2;204;204;204m[38;2;204;203;204m▄[48;2;204;204;204m[38;2;204;204;204m▄[48;2;204;204;204m[38;2;203;203;203m▄[48;2;203;203;203m[38;2;203;203;203m▄[48;2;203;203;203m[38;2;203;203;203m▄[0m
[48;2;211;211;211m[38;2;210;210;210m▄[48;2;211;211;211m[38;2;210;210;210m▄[48;2;211;211;211m[38;2;210;210;210m▄[48;2;212;212;212m[38;2;211;210;211m▄[48;2;212;212;212m[38;2;211;211;211m▄[48;2;213;213;214m[38;2;212;212;213m▄[48;2;214;214;215m[38;2;213;213;213m▄[48;2;214;214;214m[38;2;213;213;213m▄[48;2;215;215;215m[38;2;214;214;214m▄[48;2;215;215;215m[38;2;213;213;213m▄[48;2;214;214;214m[38;2;214;214;215m▄[48;2;215;215;214m[38;2;214;214;215m▄[48;2;215;215;215m[38;2;214;214;214m▄[48;2;216;216;216m[38;2;216;215;216m▄[48;2;216;216;216m[38;2;217;217;217m▄[48;2;214;214;214m[38;2;214;214;213m▄[48;2;214;211;212m[38;2;213;212;212m▄[48;2;218;228;225m[38;2;219;226;224m▄[48;2;191;165;173m[38;2;183;130;144m▄[48;2;205;98;120m[38;2;219;115;134m▄[48;2;212;117;134m[38;2;202;107;126m▄[48;2;157;48;73m[38;2;173;114;128m▄[48;2;230;134;149m[38;2;189;86;106m▄[48;2;198;105;123m[38;2;234;131;149m▄[48;2;167;74;97m[38;2;161;56;79m▄[48;2;236;137;154m[38;2;198;91;114m▄[48;2;193;92;111m[38;2;214;110;129m▄[48;2;215;135;149m[38;2;187;96;117m▄[48;2;228;154;164m[38;2;219;135;150m▄[48;2;182;85;105m[38;2;188;88;112m▄[48;2;240;150;164m[38;2;211;131;147m▄[48;2;194;96;114m[38;2;213;125;142m▄[48;2;202;110;126m[38;2;190;100;117m▄[48;2;234;132;147m[38;2;213;111;127m▄[48;2;179;85;102m[38;2;211;115;132m▄[48;2;191;112;126m[38;2;198;104;122m▄[48;2;216;117;134m[38;2;185;98;115m▄[48;2;220;117;134m[38;2;183;92;109m▄[48;2;183;148;153m[38;2;191;175;175m▄[48;2;223;153;164m[38;2;203;181;182m▄[48;2;222;129;145m[38;2;203;159;165m▄[48;2;212;141;153m[38;2;188;177;177m▄[48;2;229;130;149m[38;2;192;145;154m▄[48;2;214;126;143m[38;2;191;150;159m▄[48;2;194;147;157m[38;2;206;212;210m▄[48;2;208;214;212m[38;2;205;205;205m▄[48;2;212;211;211m[38;2;208;208;208m▄[48;2;214;214;214m[38;2;208;208;208m▄[48;2;209;209;209m[38;2;209;209;209m▄[48;2;210;210;210m[38;2;208;208;208m▄[48;2;209;209;210m[38;2;208;207;209m▄[48;2;208;208;208m[38;2;208;208;208m▄[48;2;208;208;208m[38;2;208;208;208m▄[48;2;208;207;208m[38;2;208;208;208m▄[48;2;208;207;209m[38;2;208;207;208m▄[48;2;208;208;208m[38;2;208;208;208m▄[48;2;206;207;203m[38;2;207;207;204m▄[48;2;204;206;202m[38;2;204;205;202m▄[48;2;204;206;205m[38;2;203;204;204m▄[48;2;204;204;203m[38;2;203;203;204m▄[48;2;203;203;203m[38;2;203;202;203m▄[48;2;203;203;203m[38;2;202;202;203m▄[48;2;203;203;203m[38;2;202;202;202m▄[48;2;203;203;203m[38;2;203;203;203m▄[0m
[48;2;210;210;210m[38;2;210;210;210m▄[48;2;210;210;210m[38;2;210;210;210m▄[48;2;210;210;210m[38;2;210;210;210m▄[48;2;210;210;210m[38;2;210;210;210m▄[48;2;211;211;211m[38;2;210;210;210m▄[48;2;211;211;211m[38;2;210;210;210m▄[48;2;212;212;212m[38;2;211;211;211m▄[48;2;212;212;212m[38;2;211;211;211m▄[48;2;215;215;215m[38;2;212;212;213m▄[48;2;218;218;218m[38;2;214;214;214m▄[48;2;213;212;213m[38;2;211;211;212m▄[48;2;213;213;213m[38;2;211;211;211m▄[48;2;217;217;217m[38;2;213;213;212m▄[48;2;218;218;218m[38;2;214;214;214m▄[48;2;215;215;215m[38;2;215;215;215m▄[48;2;215;215;215m[38;2;214;214;214m▄[48;2;213;212;212m[38;2;215;215;215m▄[48;2;220;226;224m[38;2;213;213;213m▄[48;2;196;161;170m[38;2;215;216;215m▄[48;2;171;62;85m[38;2;202;169;177m▄[48;2;173;69;94m[38;2;195;162;171m▄[48;2;193;187;188m[38;2;198;204;202m▄[48;2;172;90;109m[38;2;207;184;189m▄[48;2;214;107;125m[38;2;166;71;94m▄[48;2;228;129;147m[38;2;206;95;117m▄[48;2;150;40;68m[38;2;233;130;149m▄[48;2;168;80;100m[38;2;190;105;123m▄[48;2;170;84;104m[38;2;157;64;85m▄[48;2;160;50;77m[38;2;179;85;105m▄[48;2;182;109;125m[38;2;181;121;132m▄[48;2;177;107;125m[38;2;179;124;137m▄[48;2;172;72;95m[38;2;182;92;115m▄[48;2;179;96;112m[38;2;191;110;128m▄[48;2;173;82;103m[38;2;190;109;126m▄[48;2;187;97;117m[38;2;187;106;124m▄[48;2;180;85;105m[38;2;203;141;152m▄[48;2;170;87;106m[38;2;194;107;125m▄[48;2;187;154;160m[38;2;198;124;141m▄[48;2;204;205;203m[38;2;207;207;206m▄[48;2;202;206;203m[38;2;213;213;212m▄[48;2;192;199;194m[38;2;206;205;204m▄[48;2;195;197;194m[38;2;213;212;211m▄[48;2;208;215;213m[38;2;215;214;214m▄[48;2;214;220;219m[38;2;215;214;214m▄[48;2;219;218;218m[38;2;210;209;211m▄[48;2;205;205;205m[38;2;208;208;208m▄[48;2;209;209;209m[38;2;208;208;208m▄[48;2;209;209;209m[38;2;208;208;208m▄[48;2;208;208;208m[38;2;208;208;208m▄[48;2;208;208;208m[38;2;207;207;207m▄[48;2;208;208;208m[38;2;207;207;207m▄[48;2;207;207;207m[38;2;207;207;207m▄[48;2;207;207;207m[38;2;206;206;206m▄[48;2;207;207;207m[38;2;207;206;208m▄[48;2;207;207;207m[38;2;205;205;206m▄[48;2;207;207;207m[38;2;205;205;205m▄[48;2;206;205;206m[38;2;204;204;204m▄[48;2;205;205;205m[38;2;204;204;204m▄[48;2;203;203;204m[38;2;203;203;204m▄[48;2;203;202;203m[38;2;203;203;203m▄[48;2;202;202;202m[38;2;202;202;202m▄[48;2;202;202;202m[38;2;202;202;202m▄[48;2;203;203;203m[38;2;203;202;203m▄[48;2;203;203;203m[38;2;203;203;203m▄[0m
[48;2;209;209;209m[38;2;210;210;210m▄[48;2;210;210;210m[38;2;211;211;211m▄[48;2;210;210;210m[38;2;212;212;212m▄[48;2;210;210;210m[38;2;212;212;212m▄[48;2;210;210;210m[38;2;212;212;213m▄[48;2;210;210;210m[38;2;213;213;213m▄[48;2;210;210;210m[38;2;213;213;213m▄[48;2;211;211;211m[38;2;214;214;214m▄[48;2;211;211;211m[38;2;214;214;214m▄[48;2;211;211;211m[38;2;214;214;214m▄[48;2;211;211;211m[38;2;214;214;214m▄[48;2;212;212;212m[38;2;215;215;215m▄[48;2;212;212;212m[38;2;215;215;215m▄[48;2;212;211;212m[38;2;214;214;214m▄[48;2;212;212;212m[38;2;214;214;214m▄[48;2;213;213;213m[38;2;215;215;215m▄[48;2;215;215;214m[38;2;214;213;215m▄[48;2;212;212;212m[38;2;216;215;216m▄[48;2;211;211;211m[38;2;216;216;216m▄[48;2;212;218;217m[38;2;220;218;219m▄[48;2;207;213;211m[38;2;217;216;216m▄[48;2;204;202;202m[38;2;213;213;214m▄[48;2;212;218;216m[38;2;215;213;213m▄[48;2;205;189;192m[38;2;216;220;218m▄[48;2;165;81;102m[38;2;214;207;208m▄[48;2;176;67;92m[38;2;181;136;148m▄[48;2;209;92;116m[38;2;166;90;108m▄[48;2;204;98;119m[38;2;166;77;101m▄[48;2;197;96;118m[38;2;172;85;109m▄[48;2;193;85;108m[38;2;174;102;119m▄[48;2;201;101;122m[38;2;169;78;97m▄[48;2;190;103;121m[38;2;183;79;101m▄[48;2;172;83;104m[38;2;188;85;108m▄[48;2;170;108;121m[38;2;187;85;109m▄[48;2;180;149;155m[38;2;184;79;103m▄[48;2;173;152;154m[38;2;193;85;110m▄[48;2;199;167;170m[38;2;219;120;142m▄[48;2;222;151;164m[38;2;204;146;158m▄[48;2;205;204;204m[38;2;192;195;194m▄[48;2;214;215;215m[38;2;205;204;204m▄[48;2;212;212;212m[38;2;207;206;207m▄[48;2;215;215;215m[38;2;207;207;207m▄[48;2;210;211;211m[38;2;208;208;209m▄[48;2;208;209;211m[38;2;209;209;209m▄[48;2;208;207;210m[38;2;209;209;209m▄[48;2;208;208;208m[38;2;209;209;209m▄[48;2;208;208;208m[38;2;209;209;209m▄[48;2;208;208;208m[38;2;208;208;208m▄[48;2;207;207;207m[38;2;208;208;208m▄[48;2;207;207;207m[38;2;208;208;208m▄[48;2;207;207;207m[38;2;207;207;208m▄[48;2;207;207;207m[38;2;207;207;207m▄[48;2;206;206;206m[38;2;207;207;207m▄[48;2;205;205;205m[38;2;207;207;207m▄[48;2;204;204;204m[38;2;206;206;206m▄[48;2;203;203;203m[38;2;206;205;206m▄[48;2;203;203;203m[38;2;205;205;205m▄[48;2;203;203;203m[38;2;204;204;204m▄[48;2;203;203;203m[38;2;203;203;203m▄[48;2;203;203;203m[38;2;202;202;202m▄[48;2;202;202;203m[38;2;202;202;202m▄[48;2;202;202;202m[38;2;203;202;203m▄[48;2;202;202;202m[38;2;203;202;203m▄[48;2;201;201;201m[38;2;203;203;203m▄[0m
[48;2;214;214;214m[38;2;216;216;216m▄[48;2;215;215;215m[38;2;216;216;216m▄[48;2;215;215;215m[38;2;216;216;216m▄[48;2;215;215;215m[38;2;216;216;216m▄[48;2;216;215;216m[38;2;217;217;217m▄[48;2;215;215;215m[38;2;217;217;217m▄[48;2;216;216;216m[38;2;216;216;216m▄[48;2;216;216;216m[38;2;217;217;217m▄[48;2;216;216;216m[38;2;217;217;217m▄[48;2;216;216;216m[38;2;217;217;217m▄[48;2;216;216;216m[38;2;217;217;217m▄[48;2;216;216;216m[38;2;217;217;217m▄[48;2;215;215;215m[38;2;216;216;216m▄[48;2;217;217;217m[38;2;220;220;220m▄[48;2;219;219;219m[38;2;221;221;221m▄[48;2;216;216;216m[38;2;218;218;218m▄[48;2;216;216;217m[38;2;217;217;217m▄[48;2;217;216;217m[38;2;217;217;217m▄[48;2;217;217;217m[38;2;216;216;216m▄[48;2;216;217;216m[38;2;217;217;217m▄[48;2;216;216;216m[38;2;221;221;221m▄[48;2;223;223;223m[38;2;216;216;216m▄[48;2;218;218;218m[38;2;215;215;215m▄[48;2;215;214;214m[38;2;214;213;213m▄[48;2;212;213;213m[38;2;210;210;210m▄[48;2;203;207;205m[38;2;213;210;211m▄[48;2;199;195;193m[38;2;210;207;207m▄[48;2;187;176;177m[38;2;199;196;195m▄[48;2;187;175;175m[38;2;196;191;191m▄[48;2;192;186;185m[38;2;195;188;189m▄[48;2;185;164;168m[38;2;193;188;187m▄[48;2;171;115;129m[38;2;195;195;192m▄[48;2;168;105;119m[38;2;198;197;194m▄[48;2;203;161;168m[38;2;194;194;191m▄[48;2;210;158;168m[38;2;189;189;187m▄[48;2;207;147;160m[38;2;202;205;202m▄[48;2;192;151;157m[38;2;207;208;205m▄[48;2;185;177;176m[38;2;193;189;189m▄[48;2;191;187;186m[38;2;200;197;198m▄[48;2;202;198;198m[38;2;205;204;204m▄[48;2;208;206;207m[38;2;207;206;206m▄[48;2;210;210;210m[38;2;208;208;208m▄[48;2;211;211;211m[38;2;209;209;209m▄[48;2;211;211;211m[38;2;210;210;210m▄[48;2;210;210;210m[38;2;210;210;211m▄[48;2;210;210;210m[38;2;211;211;211m▄[48;2;209;209;209m[38;2;212;212;212m▄[48;2;210;210;210m[38;2;212;212;212m▄[48;2;210;210;210m[38;2;211;211;211m▄[48;2;209;209;209m[38;2;210;210;210m▄[48;2;209;209;209m[38;2;210;210;210m▄[48;2;209;209;209m[38;2;210;210;210m▄[48;2;208;208;208m[38;2;209;209;209m▄[48;2;208;208;208m[38;2;209;209;209m▄[48;2;208;208;208m[38;2;210;210;210m▄[48;2;208;207;208m[38;2;210;209;210m▄[48;2;208;208;208m[38;2;210;210;210m▄[48;2;206;206;207m[38;2;208;208;208m▄[48;2;210;210;210m[38;2;216;216;216m▄[48;2;213;213;213m[38;2;220;220;220m▄[48;2;206;206;206m[38;2;209;208;209m▄[48;2;206;206;206m[38;2;208;208;208m▄[48;2;205;205;205m[38;2;207;207;207m▄[48;2;205;205;205m[38;2;207;207;207m▄[0m
[48;2;218;218;218m[38;2;222;222;222m▄[48;2;218;218;218m[38;2;223;223;223m▄[48;2;219;219;219m[38;2;223;223;223m▄[48;2;220;220;220m[38;2;223;223;223m▄[48;2;220;220;220m[38;2;224;224;224m▄[48;2;221;221;221m[38;2;224;224;224m▄[48;2;221;221;221m[38;2;224;224;224m▄[48;2;221;221;221m[38;2;224;224;224m▄[48;2;221;221;221m[38;2;223;223;223m▄[48;2;221;221;221m[38;2;224;224;224m▄[48;2;221;221;221m[38;2;224;224;224m▄[48;2;221;221;221m[38;2;223;223;223m▄[48;2;222;222;222m[38;2;223;223;223m▄[48;2;223;223;223m[38;2;223;223;223m▄[48;2;221;221;221m[38;2;223;223;223m▄[48;2;216;216;217m[38;2;221;221;221m▄[48;2;212;212;212m[38;2;218;218;218m▄[48;2;205;205;205m[38;2;212;212;212m▄[48;2;199;199;200m[38;2;205;205;205m▄[48;2;195;195;196m[38;2;202;202;202m▄[48;2;196;196;196m[38;2;196;196;196m▄[48;2;189;189;189m[38;2;196;196;196m▄[48;2;194;194;194m[38;2;194;194;194m▄[48;2;193;193;193m[38;2;190;190;190m▄[48;2;191;191;191m[38;2;186;186;186m▄[48;2;201;201;202m[38;2;185;185;185m▄[48;2;203;203;203m[38;2;185;185;185m▄[48;2;202;201;202m[38;2;192;192;192m▄[48;2;204;204;205m[38;2;186;186;186m▄[48;2;207;207;207m[38;2;186;186;186m▄[48;2;206;205;205m[38;2;194;194;194m▄[48;2;203;202;202m[38;2;196;196;197m▄[48;2;193;192;192m[38;2;192;192;192m▄[48;2;197;196;196m[38;2;188;188;188m▄[48;2;198;197;198m[38;2;185;185;185m▄[48;2;195;194;194m[38;2;187;187;187m▄[48;2;194;194;194m[38;2;189;189;189m▄[48;2;192;193;193m[38;2;193;193;193m▄[48;2;190;190;190m[38;2;198;198;199m▄[48;2;189;189;189m[38;2;202;202;203m▄[48;2;190;190;190m[38;2;202;202;202m▄[48;2;194;194;194m[38;2;200;200;200m▄[48;2;197;196;198m[38;2;200;200;200m▄[48;2;200;199;200m[38;2;202;202;202m▄[48;2;204;203;205m[38;2;206;206;206m▄[48;2;208;207;209m[38;2;210;210;210m▄[48;2;212;212;213m[38;2;213;213;213m▄[48;2;214;214;214m[38;2;215;215;215m▄[48;2;214;214;214m[38;2;216;216;216m▄[48;2;214;214;214m[38;2;215;215;215m▄[48;2;213;213;214m[38;2;215;215;215m▄[48;2;212;212;213m[38;2;215;215;215m▄[48;2;212;212;212m[38;2;215;215;215m▄[48;2;211;211;211m[38;2;214;214;214m▄[48;2;211;211;211m[38;2;213;213;213m▄[48;2;210;210;210m[38;2;213;213;213m▄[48;2;210;210;210m[38;2;212;212;212m▄[48;2;210;210;210m[38;2;211;211;211m▄[48;2;210;210;210m[38;2;211;211;211m▄[48;2;211;211;211m[38;2;210;210;210m▄[48;2;209;209;209m[38;2;210;210;210m▄[48;2;209;208;209m[38;2;209;209;210m▄[48;2;209;209;209m[38;2;210;210;210m▄[48;2;209;209;209m[38;2;210;210;210m▄[0m
[48;2;224;224;224m[38;2;227;227;227m▄[48;2;224;224;224m[38;2;227;227;227m▄[48;2;225;225;225m[38;2;227;227;227m▄[48;2;225;225;225m[38;2;227;227;227m▄[48;2;225;225;225m[38;2;227;227;227m▄[48;2;226;226;226m[38;2;227;227;227m▄[48;2;226;226;226m[38;2;227;227;227m▄[48;2;225;225;225m[38;2;227;227;227m▄[48;2;225;225;225m[38;2;227;227;227m▄[48;2;225;225;225m[38;2;228;228;228m▄[48;2;226;226;226m[38;2;227;227;227m▄[48;2;226;226;226m[38;2;227;227;227m▄[48;2;225;225;225m[38;2;227;227;227m▄[48;2;226;226;226m[38;2;227;227;227m▄[48;2;226;226;226m[38;2;227;227;227m▄[48;2;226;226;226m[38;2;227;227;227m▄[48;2;225;225;225m[38;2;227;227;227m▄[48;2;224;224;224m[38;2;227;227;227m▄[48;2;224;224;224m[38;2;227;227;227m▄[48;2;225;225;225m[38;2;227;227;227m▄[48;2;223;223;223m[38;2;226;226;226m▄[48;2;223;223;223m[38;2;227;227;227m▄[48;2;222;222;222m[38;2;227;227;227m▄[48;2;219;219;219m[38;2;227;227;227m▄[48;2;214;214;214m[38;2;228;228;228m▄[48;2;210;210;210m[38;2;227;227;227m▄[48;2;209;209;209m[38;2;226;226;226m▄[48;2;217;217;217m[38;2;225;225;225m▄[48;2;207;207;207m[38;2;226;226;226m▄[48;2;206;206;206m[38;2;225;225;225m▄[48;2;214;214;213m[38;2;225;225;225m▄[48;2;207;207;207m[38;2;225;225;225m▄[48;2;200;200;200m[38;2;223;223;223m▄[48;2;199;199;199m[38;2;223;223;223m▄[48;2;200;200;200m[38;2;223;223;223m▄[48;2;202;202;202m[38;2;222;222;222m▄[48;2;204;204;204m[38;2;222;222;222m▄[48;2;208;208;208m[38;2;222;222;222m▄[48;2;214;214;214m[38;2;222;222;222m▄[48;2;218;218;219m[38;2;222;222;222m▄[48;2;220;220;220m[38;2;221;221;221m▄[48;2;219;219;219m[38;2;221;221;221m▄[48;2;218;218;218m[38;2;221;221;221m▄[48;2;218;218;218m[38;2;219;219;219m▄[48;2;217;217;217m[38;2;217;217;217m▄[48;2;217;217;217m[38;2;217;217;217m▄[48;2;217;217;217m[38;2;217;217;217m▄[48;2;216;216;216m[38;2;217;217;217m▄[48;2;216;216;216m[38;2;217;217;217m▄[48;2;216;216;216m[38;2;216;216;216m▄[48;2;215;216;216m[38;2;216;216;216m▄[48;2;215;215;215m[38;2;216;216;216m▄[48;2;216;216;216m[38;2;216;216;216m▄[48;2;216;216;216m[38;2;215;215;215m▄[48;2;215;215;215m[38;2;215;215;215m▄[48;2;215;215;215m[38;2;215;215;215m▄[48;2;215;215;215m[38;2;216;216;216m▄[48;2;215;215;215m[38;2;215;215;215m▄[48;2;214;214;214m[38;2;215;215;215m▄[48;2;213;213;213m[38;2;215;215;215m▄[48;2;212;212;212m[38;2;214;214;214m▄[48;2;211;211;211m[38;2;213;213;213m▄[48;2;210;210;211m[38;2;213;213;213m▄[48;2;211;211;211m[38;2;212;212;212m▄[0m
