[48;2;218;218;218m[38;2;217;217;217m▄[48;2;220;220;220m[38;2;219;219;219m▄[48;2;221;221;221m[38;2;221;221;221m▄[48;2;222;222;222m[38;2;221;221;221m▄[48;2;222;222;222m[38;2;222;222;222m▄[48;2;223;223;223m[38;2;222;222;222m▄[48;2;223;223;223m[38;2;223;223;223m▄[48;2;224;224;224m[38;2;224;224;224m▄[48;2;225;225;225m[38;2;224;224;224m▄[48;2;225;225;225m[38;2;224;224;224m▄[48;2;225;225;225m[38;2;224;224;224m▄[48;2;225;225;225m[38;2;224;224;224m▄[48;2;225;225;225m[38;2;225;225;225m▄[48;2;227;227;227m[38;2;227;227;227m▄[48;2;228;228;228m[38;2;228;228;228m▄[48;2;228;228;228m[38;2;228;228;228m▄[48;2;227;227;227m[38;2;227;227;227m▄[48;2;228;228;228m[38;2;227;227;227m▄[48;2;228;228;228m[38;2;227;227;227m▄[48;2;227;227;227m[38;2;227;227;227m▄[48;2;229;229;229m[38;2;227;227;227m▄[48;2;228;228;228m[38;2;227;227;227m▄[48;2;227;227;227m[38;2;227;227;227m▄[48;2;227;227;227m[38;2;226;226;226m▄[48;2;227;227;227m[38;2;226;226;226m▄[48;2;227;227;227m[38;2;226;226;226m▄[48;2;227;227;227m[38;2;227;227;227m▄[48;2;227;227;227m[38;2;227;227;227m▄[48;2;227;227;227m[38;2;225;225;225m▄[48;2;225;225;225m[38;2;224;224;224m▄[48;2;224;224;224m[38;2;224;224;224m▄[48;2;225;225;225m[38;2;224;224;224m▄[48;2;226;226;226m[38;2;224;224;224m▄[48;2;224;224;224m[38;2;224;224;224m▄[48;2;223;223;223m[38;2;223;223;223m▄[48;2;223;223;223m[38;2;223;223;223m▄[48;2;223;223;223m[38;2;223;223;223m▄[48;2;222;222;222m[38;2;223;223;223m▄[48;2;221;221;221m[38;2;221;221;221m▄[48;2;221;221;221m[38;2;221;221;221m▄[48;2;220;220;220m[38;2;220;220;220m▄[48;2;218;218;218m[38;2;218;218;218m▄[48;2;218;218;218m[38;2;217;217;217m▄[48;2;217;217;217m[38;2;216;216;216m▄[48;2;216;216;216m[38;2;216;216;216m▄[48;2;216;216;217m[38;2;217;216;217m▄[48;2;216;216;216m[38;2;215;215;215m▄[48;2;215;215;215m[38;2;216;216;216m▄[48;2;215;215;215m[38;2;215;215;215m▄[48;2;215;215;215m[38;2;214;214;214m▄[48;2;214;214;214m[38;2;213;213;213m▄[48;2;213;213;213m[38;2;213;213;213m▄[48;2;211;211;211m[38;2;211;211;211m▄[48;2;211;211;211m[38;2;210;210;210m▄[48;2;211;211;211m[38;2;210;210;210m▄[48;2;210;210;210m[38;2;210;210;210m▄[48;2;210;210;210m[38;2;209;209;209m▄[48;2;209;209;209m[38;2;208;208;208m▄[48;2;208;208;209m[38;2;208;208;208m▄[48;2;207;207;208m[38;2;207;207;207m▄[48;2;207;207;207m[38;2;207;207;207m▄[48;2;206;206;207m[38;2;206;206;206m▄[48;2;205;204;205m[38;2;205;205;205m▄[48;2;204;204;205m[38;2;204;204;205m▄[0m
[48;2;217;217;217m[38;2;217;217;217m▄[48;2;218;218;218m[38;2;217;217;217m▄[48;2;219;219;219m[38;2;218;218;218m▄[48;2;221;221;221m[38;2;220;220;220m▄[48;2;222;222;222m[38;2;222;222;222m▄[48;2;222;222;222m[38;2;222;222;222m▄[48;2;223;223;223m[38;2;223;223;223m▄[48;2;223;223;223m[38;2;223;223;223m▄[48;2;224;224;224m[38;2;224;224;224m▄[48;2;225;225;225m[38;2;224;224;224m▄[48;2;225;225;225m[38;2;225;225;225m▄[48;2;224;224;224m[38;2;224;224;224m▄[48;2;224;224;224m[38;2;224;224;224m▄[48;2;225;225;225m[38;2;224;224;224m▄[48;2;226;226;226m[38;2;224;224;224m▄[48;2;227;227;227m[38;2;225;225;225m▄[48;2;227;227;227m[38;2;227;227;227m▄[48;2;227;227;227m[38;2;227;227;227m▄[48;2;227;227;227m[38;2;227;227;227m▄[48;2;227;227;227m[38;2;227;227;227m▄[48;2;227;227;227m[38;2;227;227;227m▄[48;2;227;227;227m[38;2;227;227;227m▄[48;2;227;227;227m[38;2;227;227;227m▄[48;2;225;225;225m[38;2;227;227;227m▄[48;2;226;226;226m[38;2;227;227;227m▄[48;2;226;226;226m[38;2;226;226;226m▄[48;2;226;226;226m[38;2;225;225;225m▄[48;2;227;227;227m[38;2;225;225;225m▄[48;2;225;225;225m[38;2;223;224;223m▄[48;2;224;224;224m[38;2;222;223;222m▄[48;2;224;224;224m[38;2;223;224;223m▄[48;2;224;224;224m[38;2;224;224;224m▄[48;2;224;224;224m[38;2;224;224;224m▄[48;2;224;224;224m[38;2;223;223;223m▄[48;2;223;223;223m[38;2;221;222;221m▄[48;2;223;223;223m[38;2;222;223;222m▄[48;2;223;223;223m[38;2;223;223;223m▄[48;2;222;222;222m[38;2;222;222;222m▄[48;2;221;221;221m[38;2;222;222;222m▄[48;2;220;220;220m[38;2;221;221;221m▄[48;2;218;218;218m[38;2;218;218;218m▄[48;2;217;217;217m[38;2;217;217;217m▄[48;2;217;217;217m[38;2;216;216;216m▄[48;2;216;216;216m[38;2;216;216;216m▄[48;2;216;216;216m[38;2;216;216;216m▄[48;2;216;216;216m[38;2;216;216;216m▄[48;2;215;215;215m[38;2;215;215;215m▄[48;2;215;215;215m[38;2;215;215;215m▄[48;2;215;215;215m[38;2;215;215;215m▄[48;2;214;214;214m[38;2;214;214;214m▄[48;2;213;213;213m[38;2;214;214;214m▄[48;2;213;213;213m[38;2;213;213;214m▄[48;2;211;211;211m[38;2;211;211;211m▄[48;2;210;210;210m[38;2;210;210;210m▄[48;2;210;210;210m[38;2;211;211;211m▄[48;2;210;210;210m[38;2;211;211;211m▄[48;2;209;209;209m[38;2;209;209;209m▄[48;2;208;208;208m[38;2;208;208;208m▄[48;2;208;208;208m[38;2;208;208;208m▄[48;2;207;207;207m[38;2;207;207;207m▄[48;2;207;207;207m[38;2;207;207;207m▄[48;2;206;206;206m[38;2;206;206;206m▄[48;2;204;204;204m[38;2;205;205;205m▄[48;2;204;204;205m[38;2;204;204;204m▄[0m
[48;2;217;217;217m[38;2;216;216;216m▄[48;2;217;217;217m[38;2;217;217;217m▄[48;2;217;217;217m[38;2;217;217;217m▄[48;2;219;219;219m[38;2;219;219;219m▄[48;2;221;221;221m[38;2;221;221;221m▄[48;2;222;222;222m[38;2;222;222;222m▄[48;2;222;222;222m[38;2;223;223;223m▄[48;2;223;223;223m[38;2;223;223;223m▄[48;2;224;224;224m[38;2;223;223;223m▄[48;2;224;224;224m[38;2;224;224;224m▄[48;2;224;224;224m[38;2;224;224;224m▄[48;2;225;225;225m[38;2;225;225;225m▄[48;2;225;225;225m[38;2;225;225;225m▄[48;2;225;225;225m[38;2;225;225;225m▄[48;2;224;224;224m[38;2;225;225;225m▄[48;2;225;225;225m[38;2;224;224;224m▄[48;2;225;225;225m[38;2;224;224;224m▄[48;2;225;225;225m[38;2;224;224;224m▄[48;2;226;226;226m[38;2;224;224;224m▄[48;2;225;225;225m[38;2;224;224;224m▄[48;2;227;227;227m[38;2;225;225;225m▄[48;2;226;226;226m[38;2;226;226;226m▄[48;2;227;227;227m[38;2;225;225;225m▄[48;2;226;226;226m[38;2;224;224;224m▄[48;2;225;225;225m[38;2;224;224;224m▄[48;2;224;224;224m[38;2;224;224;224m▄[48;2;225;225;225m[38;2;223;224;223m▄[48;2;223;224;223m[38;2;228;226;228m▄[48;2;229;227;229m[38;2;203;213;201m▄[48;2;233;230;234m[38;2;184;202;182m▄[48;2;228;227;228m[38;2;211;215;213m▄[48;2;223;223;223m[38;2;231;229;232m▄[48;2;223;223;223m[38;2;224;224;223m▄[48;2;223;223;223m[38;2;225;224;227m▄[48;2;230;227;231m[38;2;188;204;186m▄[48;2;225;223;226m[38;2;211;217;209m▄[48;2;222;222;222m[38;2;225;223;225m▄[48;2;222;222;222m[38;2;221;222;221m▄[48;2;221;221;221m[38;2;221;221;221m▄[48;2;220;220;220m[38;2;218;218;218m▄[48;2;218;218;218m[38;2;218;218;218m▄[48;2;217;217;217m[38;2;217;217;217m▄[48;2;216;216;216m[38;2;217;217;217m▄[48;2;216;216;216m[38;2;217;217;217m▄[48;2;216;216;216m[38;2;216;216;216m▄[48;2;216;216;216m[38;2;216;216;216m▄[48;2;215;215;215m[38;2;215;215;215m▄[48;2;215;215;215m[38;2;215;215;215m▄[48;2;215;215;215m[38;2;215;215;215m▄[48;2;214;214;214m[38;2;214;214;214m▄[48;2;213;213;213m[38;2;213;213;213m▄[48;2;213;213;213m[38;2;212;212;212m▄[48;2;212;212;212m[38;2;211;211;211m▄[48;2;210;210;210m[38;2;210;210;210m▄[48;2;211;211;211m[38;2;211;211;211m▄[48;2;210;210;210m[38;2;211;211;211m▄[48;2;209;209;209m[38;2;209;209;209m▄[48;2;209;209;209m[38;2;208;208;208m▄[48;2;208;208;208m[38;2;208;208;208m▄[48;2;207;207;207m[38;2;208;208;208m▄[48;2;207;207;207m[38;2;207;207;207m▄[48;2;207;207;207m[38;2;206;206;206m▄[48;2;205;205;205m[38;2;204;204;204m▄[48;2;204;204;204m[38;2;203;203;203m▄[0m
[48;2;216;216;216m[38;2;216;216;216m▄[48;2;217;217;217m[38;2;216;216;216m▄[48;2;217;217;217m[38;2;217;217;217m▄[48;2;219;219;219m[38;2;218;218;218m▄[48;2;220;220;221m[38;2;219;219;219m▄[48;2;221;221;221m[38;2;221;221;221m▄[48;2;222;222;222m[38;2;221;221;221m▄[48;2;223;223;223m[38;2;223;223;223m▄[48;2;223;223;223m[38;2;223;223;223m▄[48;2;224;224;224m[38;2;223;223;223m▄[48;2;224;224;224m[38;2;224;224;224m▄[48;2;224;224;224m[38;2;224;224;224m▄[48;2;225;225;225m[38;2;225;225;225m▄[48;2;225;225;225m[38;2;224;224;224m▄[48;2;225;225;225m[38;2;225;225;225m▄[48;2;224;224;224m[38;2;224;224;224m▄[48;2;224;224;224m[38;2;224;224;224m▄[48;2;224;224;224m[38;2;224;224;224m▄[48;2;224;224;224m[38;2;224;224;224m▄[48;2;224;224;224m[38;2;224;224;224m▄[48;2;224;224;224m[38;2;224;224;224m▄[48;2;224;224;224m[38;2;224;224;224m▄[48;2;224;224;224m[38;2;224;224;224m▄[48;2;224;224;224m[38;2;224;224;224m▄[48;2;224;224;224m[38;2;224;224;224m▄[48;2;224;224;224m[38;2;224;224;224m▄[48;2;222;223;222m[38;2;222;223;222m▄[48;2;232;229;234m[38;2;231;228;232m▄[48;2;162;190;153m[38;2;185;200;182m▄[48;2;139;184;95m[38;2;138;182;85m▄[48;2;139;182;108m[38;2;139;185;77m▄[48;2;173;195;170m[38;2;127;175;85m▄[48;2;234;229;238m[38;2;173;193;170m▄[48;2;173;196;163m[38;2;120;168;95m▄[48;2;100;160;63m[38;2;171;189;163m▄[48;2;175;197;169m[38;2;212;209;216m▄[48;2;228;225;229m[38;2;222;219;222m▄[48;2;219;220;219m[38;2;222;222;222m▄[48;2;221;221;221m[38;2;221;221;221m▄[48;2;219;219;219m[38;2;219;219;219m▄[48;2;217;217;217m[38;2;217;217;217m▄[48;2;216;216;216m[38;2;217;217;217m▄[48;2;216;216;216m[38;2;217;217;217m▄[48;2;217;217;217m[38;2;217;217;217m▄[48;2;217;217;217m[38;2;216;216;216m▄[48;2;215;215;215m[38;2;216;216;216m▄[48;2;215;215;215m[38;2;215;215;215m▄[48;2;215;215;215m[38;2;215;215;215m▄[48;2;214;214;214m[38;2;215;215;215m▄[48;2;214;214;214m[38;2;214;214;214m▄[48;2;213;213;213m[38;2;213;213;213m▄[48;2;211;211;211m[38;2;213;213;213m▄[48;2;211;211;211m[38;2;211;211;211m▄[48;2;211;211;211m[38;2;211;211;211m▄[48;2;210;210;210m[38;2;210;210;210m▄[48;2;210;209;210m[38;2;210;209;210m▄[48;2;210;210;210m[38;2;209;209;209m▄[48;2;209;209;208m[38;2;209;209;209m▄[48;2;208;208;208m[38;2;208;208;208m▄[48;2;207;207;207m[38;2;207;207;207m▄[48;2;207;207;207m[38;2;207;207;207m▄[48;2;206;205;206m[38;2;205;205;205m▄[48;2;203;203;204m[38;2;204;204;204m▄[48;2;203;203;203m[38;2;204;204;204m▄[0m
[48;2;216;216;216m[38;2;216;216;216m▄[48;2;216;216;216m[38;2;216;216;216m▄[48;2;217;217;217m[38;2;216;216;216m▄[48;2;218;218;218m[38;2;217;217;217m▄[48;2;219;219;219m[38;2;218;218;218m▄[48;2;220;220;220m[38;2;219;219;219m▄[48;2;221;221;221m[38;2;220;220;221m▄[48;2;222;222;222m[38;2;222;222;222m▄[48;2;223;223;223m[38;2;222;222;222m▄[48;2;223;223;223m[38;2;222;222;222m▄[48;2;223;223;223m[38;2;223;223;223m▄[48;2;223;223;223m[38;2;223;223;223m▄[48;2;224;224;224m[38;2;223;223;223m▄[48;2;224;224;224m[38;2;223;223;223m▄[48;2;224;224;224m[38;2;224;224;224m▄[48;2;224;224;224m[38;2;224;224;224m▄[48;2;224;224;224m[38;2;224;224;224m▄[48;2;225;225;225m[38;2;224;224;224m▄[48;2;224;224;225m[38;2;224;224;224m▄[48;2;225;224;225m[38;2;224;224;224m▄[48;2;224;224;224m[38;2;224;224;224m▄[48;2;224;224;224m[38;2;224;224;224m▄[48;2;224;224;224m[38;2;224;224;224m▄[48;2;224;224;224m[38;2;224;224;224m▄[48;2;224;224;224m[38;2;224;224;224m▄[48;2;224;224;224m[38;2;224;224;224m▄[48;2;224;224;224m[38;2;224;224;224m▄[48;2;225;224;224m[38;2;222;226;226m▄[48;2;222;227;230m[38;2;222;196;201m▄[48;2;141;183;127m[38;2;219;171;179m▄[48;2;117;180;71m[38;2;157;153;121m▄[48;2;111;172;73m[38;2;113;150;92m▄[48;2;89;150;68m[38;2;85;143;72m▄[48;2;126;164;117m[38;2;90;160;77m▄[48;2;165;190;154m[38;2;117;179;82m▄[48;2;165;195;146m[38;2;157;206;100m▄[48;2;189;209;185m[38;2;174;219;117m▄[48;2;219;220;221m[38;2;169;206;150m▄[48;2;221;220;221m[38;2;216;216;217m▄[48;2;218;218;218m[38;2;218;217;217m▄[48;2;217;217;217m[38;2;216;216;216m▄[48;2;217;217;217m[38;2;216;216;216m▄[48;2;217;217;217m[38;2;217;217;217m▄[48;2;217;217;217m[38;2;216;216;216m▄[48;2;216;216;216m[38;2;216;216;216m▄[48;2;216;216;216m[38;2;215;215;215m▄[48;2;215;215;215m[38;2;215;215;215m▄[48;2;214;214;215m[38;2;214;214;214m▄[48;2;214;214;214m[38;2;213;213;213m▄[48;2;213;213;213m[38;2;213;213;213m▄[48;2;213;213;213m[38;2;212;212;212m▄[48;2;212;212;212m[38;2;211;211;211m▄[48;2;211;211;211m[38;2;211;211;211m▄[48;2;211;211;211m[38;2;211;211;211m▄[48;2;211;211;211m[38;2;210;210;210m▄[48;2;210;210;210m[38;2;209;209;209m▄[48;2;209;209;209m[38;2;209;209;209m▄[48;2;209;209;209m[38;2;209;209;209m▄[48;2;208;208;208m[38;2;207;207;207m▄[48;2;207;207;207m[38;2;207;207;207m▄[48;2;206;206;206m[38;2;206;206;206m▄[48;2;206;206;206m[38;2;205;205;205m▄[48;2;204;204;204m[38;2;204;204;204m▄[48;2;204;204;204m[38;2;204;203;204m▄[0m
[48;2;216;216;216m[38;2;216;216;216m▄[48;2;216;216;216m[38;2;216;216;216m▄[48;2;216;216;216m[38;2;216;216;216m▄[48;2;216;216;216m[38;2;216;216;216m▄[48;2;217;217;217m[38;2;217;217;217m▄[48;2;218;218;217m[38;2;217;217;217m▄[48;2;219;219;219m[38;2;218;217;218m▄[48;2;220;220;221m[38;2;219;219;219m▄[48;2;221;222;222m[38;2;221;221;221m▄[48;2;222;222;222m[38;2;221;221;221m▄[48;2;222;222;222m[38;2;221;221;221m▄[48;2;222;222;222m[38;2;222;222;222m▄[48;2;223;223;223m[38;2;222;222;222m▄[48;2;223;223;223m[38;2;223;223;223m▄[48;2;224;223;224m[38;2;223;223;223m▄[48;2;224;224;224m[38;2;223;223;223m▄[48;2;224;224;224m[38;2;223;223;223m▄[48;2;224;224;224m[38;2;223;223;223m▄[48;2;224;224;224m[38;2;223;223;223m▄[48;2;224;224;224m[38;2;223;223;223m▄[48;2;224;224;224m[38;2;223;223;223m▄[48;2;224;224;224m[38;2;223;223;223m▄[48;2;224;224;224m[38;2;223;223;223m▄[48;2;224;224;224m[38;2;224;224;224m▄[48;2;223;223;223m[38;2;223;223;223m▄[48;2;223;222;222m[38;2;224;225;225m▄[48;2;224;228;227m[38;2;221;220;220m▄[48;2;220;180;184m[38;2;216;130;142m▄[48;2;232;140;149m[38;2;230;132;143m▄[48;2;242;142;153m[38;2;226;128;140m▄[48;2;234;131;147m[38;2;223;132;140m▄[48;2;228;148;162m[38;2;240;166;173m▄[48;2;216;155;155m[38;2;243;153;167m▄[48;2;129;140;90m[38;2;234;137;152m▄[48;2;122;175;92m[38;2;229;165;167m▄[48;2;146;196;102m[38;2;209;168;164m▄[48;2;153;197;117m[38;2;191;194;196m▄[48;2;175;194;168m[38;2;206;202;208m▄[48;2;210;209;211m[38;2;211;210;211m▄[48;2;217;217;216m[38;2;216;216;216m▄[48;2;216;216;216m[38;2;216;216;216m▄[48;2;216;216;216m[38;2;216;216;216m▄[48;2;217;217;217m[38;2;217;216;216m▄[48;2;216;216;216m[38;2;216;216;216m▄[48;2;216;216;216m[38;2;216;216;216m▄[48;2;215;215;215m[38;2;214;214;215m▄[48;2;215;215;215m[38;2;215;215;215m▄[48;2;215;215;215m[38;2;214;214;214m▄[48;2;213;213;213m[38;2;213;213;213m▄[48;2;213;213;213m[38;2;213;213;213m▄[48;2;212;212;212m[38;2;212;212;212m▄[48;2;212;212;212m[38;2;211;211;211m▄[48;2;211;211;211m[38;2;211;211;211m▄[48;2;211;211;211m[38;2;212;212;212m▄[48;2;210;210;210m[38;2;210;210;210m▄[48;2;209;209;209m[38;2;209;209;210m▄[48;2;209;209;209m[38;2;209;209;209m▄[48;2;209;209;209m[38;2;208;208;208m▄[48;2;208;208;208m[38;2;208;208;208m▄[48;2;207;207;207m[38;2;207;207;207m▄[48;2;207;207;207m[38;2;206;206;206m▄[48;2;205;205;205m[38;2;205;205;205m▄[48;2;204;204;204m[38;2;204;204;204m▄[48;2;203;203;203m[38;2;204;204;204m▄[0m
[48;2;214;214;214m[38;2;214;214;214m▄[48;2;215;215;215m[38;2;215;215;215m▄[48;2;216;216;216m[38;2;216;216;216m▄[48;2;216;216;216m[38;2;216;216;216m▄[48;2;216;216;216m[38;2;216;216;216m▄[48;2;217;217;217m[38;2;216;216;216m▄[48;2;217;217;217m[38;2;217;217;217m▄[48;2;218;218;218m[38;2;217;217;217m▄[48;2;220;220;220m[38;2;218;218;218m▄[48;2;220;220;220m[38;2;219;219;219m▄[48;2;221;221;221m[38;2;220;220;220m▄[48;2;222;222;222m[38;2;220;220;220m▄[48;2;222;222;222m[38;2;220;220;220m▄[48;2;222;222;222m[38;2;221;221;221m▄[48;2;222;222;222m[38;2;222;222;222m▄[48;2;223;223;223m[38;2;222;222;222m▄[48;2;223;223;223m[38;2;223;223;223m▄[48;2;223;223;223m[38;2;223;223;223m▄[48;2;223;223;223m[38;2;222;222;222m▄[48;2;223;223;223m[38;2;222;222;222m▄[48;2;223;223;223m[38;2;223;223;223m▄[48;2;223;223;223m[38;2;222;222;222m▄[48;2;223;223;223m[38;2;222;222;222m▄[48;2;223;223;223m[38;2;223;222;222m▄[48;2;223;222;222m[38;2;224;226;225m▄[48;2;224;229;229m[38;2;217;209;211m▄[48;2;213;169;175m[38;2;219;129;141m▄[48;2;222;126;138m[38;2;237;129;143m▄[48;2;234;138;150m[38;2;221;105;121m▄[48;2;221;128;140m[38;2;215;136;149m▄[48;2;217;145;154m[38;2;252;255;255m▄[48;2;234;146;157m[38;2;226;168;176m▄[48;2;241;164;172m[38;2;230;139;150m▄[48;2;230;140;150m[38;2;236;155;163m▄[48;2;253;180;190m[38;2;239;176;181m▄[48;2;246;168;180m[38;2;241;147;158m▄[48;2;217;184;188m[38;2;239;158;169m▄[48;2;211;217;215m[38;2;212;212;212m▄[48;2;218;217;217m[38;2;217;216;215m▄[48;2;216;217;218m[38;2;216;210;204m▄[48;2;217;217;217m[38;2;214;207;197m▄[48;2;217;217;217m[38;2;213;204;191m▄[48;2;217;218;220m[38;2;213;205;194m▄[48;2;216;215;215m[38;2;215;216;217m▄[48;2;215;215;215m[38;2;215;215;215m▄[48;2;214;214;214m[38;2;214;214;214m▄[48;2;215;215;215m[38;2;214;214;214m▄[48;2;214;214;214m[38;2;213;213;214m▄[48;2;213;213;213m[38;2;213;213;213m▄[48;2;213;213;213m[38;2;212;212;212m▄[48;2;211;211;211m[38;2;211;211;211m▄[48;2;211;211;211m[38;2;211;211;211m▄[48;2;211;211;211m[38;2;211;211;211m▄[48;2;210;210;210m[38;2;211;211;211m▄[48;2;209;209;209m[38;2;210;210;210m▄[48;2;209;209;209m[38;2;209;209;209m▄[48;2;208;208;208m[38;2;208;208;208m▄[48;2;208;208;208m[38;2;208;208;208m▄[48;2;207;207;207m[38;2;207;207;207m▄[48;2;207;207;207m[38;2;207;207;207m▄[48;2;205;205;205m[38;2;205;205;205m▄[48;2;204;204;204m[38;2;204;204;204m▄[48;2;204;204;204m[38;2;204;204;204m▄[48;2;204;204;204m[38;2;203;203;203m▄[0m
[48;2;214;214;214m[38;2;214;214;214m▄[48;2;215;215;215m[38;2;215;215;215m▄[48;2;216;216;216m[38;2;215;215;215m▄[48;2;216;216;216m[38;2;215;215;215m▄[48;2;216;216;216m[38;2;216;216;216m▄[48;2;216;216;216m[38;2;217;217;217m▄[48;2;216;216;216m[38;2;216;216;216m▄[48;2;216;216;216m[38;2;216;216;216m▄[48;2;217;217;217m[38;2;216;216;216m▄[48;2;217;217;217m[38;2;217;217;217m▄[48;2;218;218;218m[38;2;217;217;217m▄[48;2;218;218;218m[38;2;217;217;217m▄[48;2;218;218;218m[38;2;218;218;218m▄[48;2;219;219;219m[38;2;219;219;219m▄[48;2;220;220;221m[38;2;219;219;219m▄[48;2;222;222;222m[38;2;221;221;221m▄[48;2;222;222;222m[38;2;221;221;221m▄[48;2;222;222;222m[38;2;221;221;221m▄[48;2;222;222;222m[38;2;221;221;221m▄[48;2;222;222;222m[38;2;221;221;221m▄[48;2;222;222;222m[38;2;221;221;221m▄[48;2;221;221;221m[38;2;221;220;220m▄[48;2;222;222;222m[38;2;222;220;220m▄[48;2;222;221;221m[38;2;222;220;220m▄[48;2;224;227;226m[38;2;222;220;220m▄[48;2;213;201;203m[38;2;220;223;223m▄[48;2;219;114;131m[38;2;199;123;138m▄[48;2;224;114;131m[38;2;212;99;117m▄[48;2;210;102;121m[38;2;223;108;126m▄[48;2;205;96;115m[38;2;218;108;124m▄[48;2;227;184;192m[38;2;220;113;128m▄[48;2;255;255;255m[38;2;221;159;171m▄[48;2;239;215;218m[38;2;241;230;234m▄[48;2;222;136;150m[38;2;236;145;160m▄[48;2;238;142;156m[38;2;253;158;169m▄[48;2;252;157;168m[38;2;247;148;162m▄[48;2;238;148;161m[38;2;213;152;162m▄[48;2;206;200;201m[38;2;202;206;205m▄[48;2;216;214;210m[38;2;216;215;216m▄[48;2;216;213;209m[38;2;216;216;217m▄[48;2;215;215;214m[38;2;215;214;214m▄[48;2;214;215;216m[38;2;218;220;224m▄[48;2;209;198;184m[38;2;214;211;207m▄[48;2;212;205;195m[38;2;208;195;178m▄[48;2;216;217;219m[38;2;216;218;221m▄[48;2;215;214;215m[38;2;215;214;214m▄[48;2;214;213;214m[38;2;213;213;214m▄[48;2;213;213;213m[38;2;213;213;213m▄[48;2;212;211;212m[38;2;211;211;211m▄[48;2;211;211;211m[38;2;211;211;211m▄[48;2;211;211;211m[38;2;211;211;211m▄[48;2;211;211;211m[38;2;211;211;211m▄[48;2;210;210;210m[38;2;210;210;210m▄[48;2;211;211;211m[38;2;209;209;209m▄[48;2;209;209;209m[38;2;209;209;209m▄[48;2;209;209;209m[38;2;209;209;209m▄[48;2;208;208;208m[38;2;208;208;208m▄[48;2;208;208;208m[38;2;207;207;207m▄[48;2;207;207;207m[38;2;207;207;207m▄[48;2;206;206;206m[38;2;206;206;206m▄[48;2;204;204;204m[38;2;204;204;204m▄[48;2;204;204;204m[38;2;204;204;204m▄[48;2;203;203;203m[38;2;203;203;203m▄[48;2;203;203;203m[38;2;203;203;203m▄[0m
[48;2;215;215;215m[38;2;214;214;214m▄[48;2;215;215;215m[38;2;214;214;214m▄[48;2;215;215;215m[38;2;215;215;215m▄[48;2;215;215;215m[38;2;216;216;216m▄[48;2;217;217;217m[38;2;216;216;216m▄[48;2;217;217;217m[38;2;215;215;215m▄[48;2;216;216;216m[38;2;216;216;216m▄[48;2;217;217;217m[38;2;217;217;217m▄[48;2;217;217;217m[38;2;217;217;217m▄[48;2;216;216;216m[38;2;216;216;216m▄[48;2;216;216;216m[38;2;216;216;216m▄[48;2;216;216;216m[38;2;216;216;216m▄[48;2;217;217;217m[38;2;216;216;216m▄[48;2;217;217;217m[38;2;216;216;216m▄[48;2;217;217;217m[38;2;217;217;217m▄[48;2;218;218;218m[38;2;217;217;217m▄[48;2;219;219;219m[38;2;217;217;217m▄[48;2;220;220;220m[38;2;218;218;218m▄[48;2;219;219;219m[38;2;218;217;217m▄[48;2;220;219;219m[38;2;219;222;222m▄[48;2;220;219;219m[38;2;218;222;222m▄[48;2;220;225;224m[38;2;217;197;198m▄[48;2;220;226;226m[38;2;222;187;190m▄[48;2;219;224;224m[38;2;225;185;188m▄[48;2;219;224;224m[38;2;223;183;186m▄[48;2;223;231;230m[38;2;218;195;197m▄[48;2;207;195;198m[38;2;218;227;225m▄[48;2;209;105;122m[38;2;201;127;140m▄[48;2;225;108;125m[38;2;223;95;114m▄[48;2;211;100;118m[38;2;212;96;115m▄[48;2;236;136;148m[38;2;231;125;138m▄[48;2;235;128;141m[38;2;220;120;136m▄[48;2;215;110;129m[38;2;229;117;135m▄[48;2;231;126;143m[38;2;244;133;149m▄[48;2;238;133;149m[38;2;241;118;138m▄[48;2;220;123;140m[38;2;205;144;156m▄[48;2;192;190;193m[38;2;198;205;205m▄[48;2;208;213;213m[38;2;225;176;178m▄[48;2;215;218;217m[38;2;227;168;172m▄[48;2;216;219;218m[38;2;216;205;206m▄[48;2;217;218;219m[38;2;203;195;180m▄[48;2;211;203;197m[38;2;202;195;178m▄[48;2;204;187;166m[38;2;213;214;212m▄[48;2;211;206;200m[38;2;210;208;204m▄[48;2;214;214;216m[38;2;210;206;201m▄[48;2;213;214;213m[38;2;213;214;215m▄[48;2;213;213;213m[38;2;212;212;212m▄[48;2;212;212;212m[38;2;212;212;212m▄[48;2;211;211;211m[38;2;211;211;211m▄[48;2;211;211;211m[38;2;211;211;211m▄[48;2;211;211;211m[38;2;211;211;211m▄[48;2;210;210;210m[38;2;209;209;209m▄[48;2;210;210;210m[38;2;209;209;209m▄[48;2;209;209;209m[38;2;209;209;209m▄[48;2;209;209;209m[38;2;208;208;208m▄[48;2;208;208;208m[38;2;208;208;208m▄[48;2;208;208;208m[38;2;207;207;207m▄[48;2;206;206;206m[38;2;206;206;206m▄[48;2;206;206;206m[38;2;206;206;206m▄[48;2;205;205;205m[38;2;204;204;204m▄[48;2;204;204;204m[38;2;204;204;204m▄[48;2;203;203;203m[38;2;203;203;203m▄[48;2;203;203;203m[38;2;203;203;203m▄[48;2;203;203;203m[38;2;203;203;203m▄[0m
[48;2;214;214;214m[38;2;214;214;214m▄[48;2;214;214;214m[38;2;214;214;214m▄[48;2;215;215;215m[38;2;214;214;214m▄[48;2;215;215;215m[38;2;215;215;215m▄[48;2;215;215;215m[38;2;215;215;215m▄[48;2;216;216;216m[38;2;215;215;215m▄[48;2;216;216;216m[38;2;215;215;215m▄[48;2;216;216;216m[38;2;215;215;215m▄[48;2;216;216;216m[38;2;216;216;216m▄[48;2;217;217;217m[38;2;216;216;216m▄[48;2;217;217;217m[38;2;217;217;217m▄[48;2;216;216;216m[38;2;217;217;217m▄[48;2;216;216;216m[38;2;217;217;217m▄[48;2;216;216;216m[38;2;217;217;217m▄[48;2;217;217;217m[38;2;217;217;217m▄[48;2;217;217;217m[38;2;217;217;217m▄[48;2;217;217;217m[38;2;217;217;217m▄[48;2;217;216;216m[38;2;217;218;218m▄[48;2;218;222;222m[38;2;215;211;213m▄[48;2;214;202;204m[38;2;220;154;162m▄[48;2;220;160;167m[38;2;235;187;194m▄[48;2;231;166;172m[38;2;212;111;122m▄[48;2;226;141;149m[38;2;232;159;167m▄[48;2;226;136;144m[38;2;226;145;153m▄[48;2;230;154;160m[38;2;209;117;128m▄[48;2;231;157;164m[38;2;242;189;196m▄[48;2;219;178;181m[38;2;223;154;161m▄[48;2;209;208;209m[38;2;211;206;206m▄[48;2;199;123;138m[38;2;210;208;208m▄[48;2;200;97;118m[38;2;197;202;201m▄[48;2;197;117;133m[38;2;209;177;180m▄[48;2;221;165;168m[38;2;246;194;196m▄[48;2;231;168;173m[38;2;236;188;191m▄[48;2;221;127;144m[38;2;196;194;194m▄[48;2;206;139;151m[38;2;198;200;199m▄[48;2;192;196;196m[38;2;204;202;202m▄[48;2;215;173;176m[38;2;230;159;167m▄[48;2;239;172;176m[38;2;230;175;181m▄[48;2;231;156;164m[38;2;208;111;121m▄[48;2;210;167;162m[38;2;206;186;185m▄[48;2;203;196;186m[38;2;211;167;173m▄[48;2;222;173;180m[38;2;232;143;151m▄[48;2;216;196;198m[38;2;214;142;149m▄[48;2;207;204;193m[38;2;210;213;212m▄[48;2;211;208;206m[38;2;211;210;211m▄[48;2;212;212;212m[38;2;210;210;209m▄[48;2;211;211;211m[38;2;211;211;210m▄[48;2;211;211;211m[38;2;211;211;211m▄[48;2;211;211;211m[38;2;211;211;211m▄[48;2;211;211;211m[38;2;211;211;211m▄[48;2;211;211;211m[38;2;210;210;211m▄[48;2;209;209;209m[38;2;209;209;209m▄[48;2;208;208;208m[38;2;208;208;208m▄[48;2;208;208;208m[38;2;208;208;208m▄[48;2;208;208;208m[38;2;208;208;208m▄[48;2;208;208;208m[38;2;207;207;207m▄[48;2;207;207;207m[38;2;207;207;207m▄[48;2;207;207;207m[38;2;207;207;207m▄[48;2;206;206;206m[38;2;206;206;206m▄[48;2;204;204;204m[38;2;204;204;204m▄[48;2;203;203;203m[38;2;203;203;203m▄[48;2;203;203;203m[38;2;203;203;203m▄[48;2;203;203;203m[38;2;203;203;203m▄[48;2;203;203;203m[38;2;203;203;203m▄[0m
[48;2;212;212;212m[38;2;212;212;212m▄[48;2;214;214;214m[38;2;213;213;213m▄[48;2;214;214;214m[38;2;213;213;213m▄[48;2;215;215;215m[38;2;215;215;215m▄[48;2;215;215;215m[38;2;215;215;215m▄[48;2;215;215;215m[38;2;215;215;215m▄[48;2;215;215;215m[38;2;215;215;215m▄[48;2;215;215;215m[38;2;215;215;215m▄[48;2;215;215;215m[38;2;215;215;215m▄[48;2;216;216;216m[38;2;216;216;216m▄[48;2;216;216;216m[38;2;216;216;216m▄[48;2;216;216;216m[38;2;216;216;216m▄[48;2;216;216;216m[38;2;216;216;217m▄[48;2;216;216;216m[38;2;216;216;216m▄[48;2;217;217;217m[38;2;216;216;216m▄[48;2;217;217;217m[38;2;216;216;217m▄[48;2;217;216;216m[38;2;217;216;217m▄[48;2;218;225;224m[38;2;217;218;218m▄[48;2;209;181;185m[38;2;217;213;213m▄[48;2;223;155;163m[38;2;203;130;141m▄[48;2;223;160;168m[38;2;190;84;101m▄[48;2;206;102;116m[38;2;213;125;137m▄[48;2;238;184;191m[38;2;234;170;178m▄[48;2;202;112;126m[38;2;210;122;136m▄[48;2;217;150;158m[38;2;220;150;161m▄[48;2;238;184;191m[38;2;190;91;108m▄[48;2;201;104;117m[38;2;217;137;147m▄[48;2;217;148;157m[38;2;210;135;146m▄[48;2;221;148;157m[38;2;224;164;174m▄[48;2;218;156;163m[38;2;226;154;164m▄[48;2;220;155;160m[38;2;217;138;149m▄[48;2;228;150;157m[38;2;240;208;212m▄[48;2;221;153;159m[38;2;216;129;141m▄[48;2;225;178;181m[38;2;238;196;199m▄[48;2;239;186;189m[38;2;215;146;157m▄[48;2;216;141;150m[38;2;206;119;133m▄[48;2;232;167;173m[38;2;233;174;180m▄[48;2;221;164;170m[38;2;205;136;146m▄[48;2;212;120;131m[38;2;231;169;176m▄[48;2;204;143;150m[38;2;203;107;121m▄[48;2;204;135;144m[38;2;206;121;133m▄[48;2;212;112;124m[38;2;223;149;158m▄[48;2;201;158;164m[38;2;185;128;138m▄[48;2;206;215;214m[38;2;207;208;208m▄[48;2;211;209;209m[38;2;211;212;210m▄[48;2;211;211;210m[38;2;211;210;209m▄[48;2;211;211;211m[38;2;211;211;209m▄[48;2;211;211;211m[38;2;211;211;210m▄[48;2;211;211;211m[38;2;211;211;211m▄[48;2;211;211;211m[38;2;209;211;211m▄[48;2;210;210;211m[38;2;209;212;218m▄[48;2;209;209;211m[38;2;210;209;215m▄[48;2;209;208;210m[38;2;209;207;211m▄[48;2;208;208;208m[38;2;208;208;208m▄[48;2;208;208;208m[38;2;208;208;208m▄[48;2;207;207;206m[38;2;208;208;206m▄[48;2;207;207;205m[38;2;208;208;202m▄[48;2;206;206;203m[38;2;207;207;201m▄[48;2;204;204;203m[38;2;204;205;202m▄[48;2;204;204;204m[38;2;203;203;203m▄[48;2;203;203;203m[38;2;202;202;202m▄[48;2;203;203;203m[38;2;203;203;203m▄[48;2;202;202;202m[38;2;202;202;203m▄[48;2;202;202;202m[38;2;201;201;201m▄[0m
[48;2;212;212;212m[38;2;210;210;210m▄[48;2;212;212;212m[38;2;210;210;210m▄[48;2;212;212;212m[38;2;211;211;211m▄[48;2;212;212;212m[38;2;212;212;212m▄[48;2;214;214;214m[38;2;213;213;213m▄[48;2;214;214;214m[38;2;214;214;214m▄[48;2;215;215;215m[38;2;214;214;214m▄[48;2;215;215;215m[38;2;214;214;214m▄[48;2;215;215;215m[38;2;215;215;215m▄[48;2;215;215;215m[38;2;215;215;215m▄[48;2;215;215;215m[38;2;215;215;215m▄[48;2;216;216;216m[38;2;215;215;215m▄[48;2;216;216;216m[38;2;215;215;215m▄[48;2;216;216;216m[38;2;215;215;215m▄[48;2;216;216;216m[38;2;216;216;216m▄[48;2;216;215;216m[38;2;216;216;216m▄[48;2;216;216;216m[38;2;216;216;216m▄[48;2;216;215;215m[38;2;216;216;216m▄[48;2;216;217;217m[38;2;216;214;214m▄[48;2;217;223;222m[38;2;211;215;206m▄[48;2;189;137;147m[38;2;184;119;133m▄[48;2;220;132;146m[38;2;227;124;141m▄[48;2;195;103;120m[38;2;168;81;100m▄[48;2;230;151;162m[38;2;195;105;121m▄[48;2;191;101;117m[38;2;225;139;153m▄[48;2;183;94;111m[38;2;163;64;86m▄[48;2;231;156;167m[38;2;228;137;149m▄[48;2;173;71;90m[38;2;201;116;132m▄[48;2;235;167;176m[38;2;232;158;167m▄[48;2;197;105;124m[38;2;208;132;148m▄[48;2;236;182;191m[38;2;233;169;178m▄[48;2;213;138;153m[38;2;216;145;158m▄[48;2;230;163;173m[38;2;215;141;154m▄[48;2;220;152;162m[38;2;226;147;158m▄[48;2;180;82;101m[38;2;189;106;124m▄[48;2;197;100;119m[38;2;204;119;134m▄[48;2;242;167;176m[38;2;215;122;136m▄[48;2;181;86;104m[38;2;157;48;71m▄[48;2;222;136;149m[38;2;223;127;140m▄[48;2;182;86;102m[38;2;191;96;114m▄[48;2;224;141;153m[38;2;219;130;143m▄[48;2;186;89;109m[38;2;191;93;112m▄[48;2;180;72;93m[38;2;175;88;109m▄[48;2;199;163;171m[38;2;197;188;190m▄[48;2;212;220;218m[38;2;208;210;210m▄[48;2;210;209;209m[38;2;210;210;210m▄[48;2;211;211;211m[38;2;209;210;210m▄[48;2;210;210;210m[38;2;210;210;210m▄[48;2;210;210;210m[38;2;210;210;210m▄[48;2;209;210;211m[38;2;209;209;210m▄[48;2;207;211;217m[38;2;207;208;211m▄[48;2;208;209;215m[38;2;207;207;212m▄[48;2;209;208;212m[38;2;209;208;212m▄[48;2;208;208;209m[38;2;208;208;209m▄[48;2;208;208;208m[38;2;208;208;207m▄[48;2;208;208;206m[38;2;208;208;207m▄[48;2;207;207;202m[38;2;206;207;202m▄[48;2;206;207;201m[38;2;204;207;201m▄[48;2;203;205;201m[38;2;203;206;203m▄[48;2;202;203;203m[38;2;202;203;204m▄[48;2;203;203;202m[38;2;203;203;203m▄[48;2;203;203;203m[38;2;202;202;202m▄[48;2;201;201;201m[38;2;201;201;201m▄[48;2;201;201;201m[38;2;201;201;201m▄[0m
[48;2;210;210;210m[38;2;210;210;210m▄[48;2;210;210;210m[38;2;210;210;210m▄[48;2;210;210;210m[38;2;210;210;210m▄[48;2;210;210;210m[38;2;210;210;210m▄[48;2;211;211;211m[38;2;210;210;210m▄[48;2;212;212;212m[38;2;211;211;211m▄[48;2;212;212;212m[38;2;212;212;212m▄[48;2;213;213;213m[38;2;213;213;213m▄[48;2;213;213;213m[38;2;213;213;213m▄[48;2;214;214;214m[38;2;213;213;213m▄[48;2;215;215;215m[38;2;214;214;214m▄[48;2;215;215;215m[38;2;214;214;214m▄[48;2;215;215;215m[38;2;214;214;214m▄[48;2;215;215;215m[38;2;215;215;214m▄[48;2;215;215;215m[38;2;215;215;215m▄[48;2;215;215;215m[38;2;215;215;215m▄[48;2;215;215;214m[38;2;215;215;214m▄[48;2;217;218;219m[38;2;216;217;218m▄[48;2;209;203;196m[38;2;211;207;203m▄[48;2;208;206;195m[38;2;199;189;170m▄[48;2;186;125;143m[38;2;207;199;198m▄[48;2;179;63;86m[38;2;184;139;145m▄[48;2;185;142;154m[38;2;190;172;163m▄[48;2;174;118;131m[38;2;201;192;181m▄[48;2;215;115;133m[38;2;168;81;103m▄[48;2;207;113;130m[38;2;216;115;131m▄[48;2;162;55;79m[38;2;222;136;149m▄[48;2;183;96;115m[38;2;187;110;126m▄[48;2;182;86;108m[38;2;187;107;125m▄[48;2;197;125;140m[38;2;203;150;161m▄[48;2;198;131;145m[38;2;200;157;166m▄[48;2;203;128;144m[38;2;196;125;141m▄[48;2;188;104;123m[38;2;194;126;138m▄[48;2;184;91;113m[38;2;180;96;114m▄[48;2;175;78;101m[38;2;178;92;112m▄[48;2;159;55;79m[38;2;184;103;120m▄[48;2;168;73;95m[38;2;182;99;118m▄[48;2;183;134;145m[38;2;193;189;189m▄[48;2;175;84;106m[38;2;198;189;181m▄[48;2;177;94;116m[38;2;193;184;171m▄[48;2;173;86;109m[38;2;194;185;176m▄[48;2;178;91;112m[38;2;193;187;184m▄[48;2;185;161;168m[38;2;195;195;186m▄[48;2;196;201;200m[38;2;204;202;203m▄[48;2;207;206;207m[38;2;209;209;210m▄[48;2;210;209;211m[38;2;209;208;210m▄[48;2;209;208;210m[38;2;208;208;209m▄[48;2;209;208;210m[38;2;208;208;209m▄[48;2;209;209;210m[38;2;208;208;208m▄[48;2;208;208;209m[38;2;208;208;208m▄[48;2;208;207;209m[38;2;207;208;207m▄[48;2;208;207;209m[38;2;207;207;207m▄[48;2;207;207;209m[38;2;207;207;207m▄[48;2;207;207;207m[38;2;207;207;207m▄[48;2;207;207;205m[38;2;206;206;205m▄[48;2;208;208;202m[38;2;207;207;202m▄[48;2;206;207;203m[38;2;206;206;202m▄[48;2;204;207;203m[38;2;204;206;204m▄[48;2;202;206;207m[38;2;203;204;205m▄[48;2;202;203;203m[38;2;203;203;203m▄[48;2;202;201;202m[38;2;201;201;202m▄[48;2;201;201;201m[38;2;201;201;201m▄[48;2;202;202;202m[38;2;201;201;201m▄[48;2;201;201;201m[38;2;201;201;201m▄[0m
[48;2;210;210;210m[38;2;210;210;210m▄[48;2;210;210;210m[38;2;210;210;210m▄[48;2;211;211;211m[38;2;211;211;211m▄[48;2;210;210;210m[38;2;211;211;211m▄[48;2;211;211;211m[38;2;211;211;211m▄[48;2;212;212;212m[38;2;212;211;212m▄[48;2;211;211;211m[38;2;212;212;212m▄[48;2;211;211;211m[38;2;212;212;212m▄[48;2;211;211;211m[38;2;212;212;212m▄[48;2;212;212;212m[38;2;212;212;212m▄[48;2;212;212;212m[38;2;213;213;213m▄[48;2;213;213;213m[38;2;214;214;214m▄[48;2;213;213;213m[38;2;213;213;213m▄[48;2;212;212;212m[38;2;213;213;213m▄[48;2;213;213;213m[38;2;213;213;213m▄[48;2;213;213;213m[38;2;214;214;214m▄[48;2;214;214;214m[38;2;214;214;214m▄[48;2;214;214;214m[38;2;214;214;214m▄[48;2;214;215;217m[38;2;214;213;213m▄[48;2;206;200;192m[38;2;214;215;218m▄[48;2;198;188;171m[38;2;212;214;216m▄[48;2;199;197;180m[38;2;211;211;213m▄[48;2;200;195;186m[38;2;211;212;214m▄[48;2;209;211;211m[38;2;212;211;212m▄[48;2;205;197;200m[38;2;213;216;216m▄[48;2;172;99;116m[38;2;210;210;210m▄[48;2;193;90;110m[38;2;192;160;169m▄[48;2;217;127;145m[38;2;190;138;152m▄[48;2;212;139;154m[38;2;194;140;153m▄[48;2;212;129;146m[38;2;198;152;163m▄[48;2;212;138;151m[38;2;188;128;140m▄[48;2;189;112;128m[38;2;180;92;110m▄[48;2;169;72;95m[38;2;184;84;108m▄[48;2;178;112;128m[38;2;184;86;107m▄[48;2;175;119;133m[38;2;186;82;102m▄[48;2;181;93;112m[38;2;185;85;106m▄[48;2;187;89;111m[38;2;165;81;103m▄[48;2;181;153;158m[38;2;195;191;194m▄[48;2;206;208;199m[38;2;208;210;211m▄[48;2;201;195;189m[38;2;209;210;212m▄[48;2;199;192;180m[38;2;208;210;213m▄[48;2;201;193;180m[38;2;207;208;211m▄[48;2;207;202;198m[38;2;207;208;209m▄[48;2;207;208;209m[38;2;208;208;208m▄[48;2;209;208;208m[38;2;208;208;208m▄[48;2;208;208;208m[38;2;207;207;207m▄[48;2;208;208;208m[38;2;208;208;207m▄[48;2;207;207;207m[38;2;206;206;207m▄[48;2;207;207;207m[38;2;207;207;207m▄[48;2;207;207;207m[38;2;207;207;207m▄[48;2;206;206;207m[38;2;206;205;207m▄[48;2;206;206;206m[38;2;205;205;206m▄[48;2;205;205;205m[38;2;206;206;206m▄[48;2;204;204;205m[38;2;205;205;205m▄[48;2;204;204;204m[38;2;204;204;204m▄[48;2;204;204;203m[38;2;203;203;204m▄[48;2;203;203;202m[38;2;203;203;203m▄[48;2;203;203;203m[38;2;203;203;203m▄[48;2;203;203;203m[38;2;203;203;203m▄[48;2;202;202;203m[38;2;202;202;202m▄[48;2;201;201;202m[38;2;201;201;202m▄[48;2;201;200;201m[38;2;201;200;201m▄[48;2;201;201;201m[38;2;201;201;201m▄[48;2;201;201;201m[38;2;202;202;202m▄[0m
[48;2;213;213;213m[38;2;216;216;216m▄[48;2;214;214;214m[38;2;216;216;216m▄[48;2;214;214;214m[38;2;216;216;216m▄[48;2;214;214;215m[38;2;216;216;217m▄[48;2;214;214;215m[38;2;217;217;217m▄[48;2;215;215;215m[38;2;217;217;217m▄[48;2;215;215;216m[38;2;217;217;217m▄[48;2;216;216;216m[38;2;217;217;217m▄[48;2;216;216;216m[38;2;217;217;217m▄[48;2;216;216;216m[38;2;217;217;217m▄[48;2;216;216;216m[38;2;217;217;217m▄[48;2;216;216;216m[38;2;218;218;218m▄[48;2;216;216;216m[38;2;218;218;218m▄[48;2;216;216;216m[38;2;218;218;218m▄[48;2;216;216;216m[38;2;217;217;217m▄[48;2;216;216;216m[38;2;218;218;218m▄[48;2;216;216;216m[38;2;217;217;217m▄[48;2;217;217;217m[38;2;217;217;217m▄[48;2;217;217;217m[38;2;216;216;216m▄[48;2;217;217;217m[38;2;215;215;215m▄[48;2;217;217;216m[38;2;213;213;213m▄[48;2;216;216;216m[38;2;213;213;213m▄[48;2;218;218;217m[38;2;209;207;209m▄[48;2;217;218;217m[38;2;149;119;126m▄[48;2;216;215;215m[38;2;164;146;148m▄[48;2;215;216;215m[38;2;155;126;132m▄[48;2;210;216;214m[38;2;159;133;140m▄[48;2;203;209;207m[38;2;155;129;133m▄[48;2;197;202;200m[38;2;161;137;141m▄[48;2;190;195;193m[38;2;151;125;131m▄[48;2;190;192;189m[38;2;134;101;109m▄[48;2;182;159;163m[38;2;194;198;197m▄[48;2;172;123;134m[38;2;196;201;199m▄[48;2;170;106;121m[38;2;150;128;132m▄[48;2;170;101;117m[38;2;146;120;125m▄[48;2;170;119;132m[38;2;156;140;141m▄[48;2;187;179;181m[38;2;151;127;130m▄[48;2;195;199;199m[38;2;165;147;151m▄[48;2;210;210;210m[38;2;149;121;126m▄[48;2;211;212;211m[38;2;202;198;199m▄[48;2;210;210;209m[38;2;212;212;213m▄[48;2;211;210;210m[38;2;210;210;210m▄[48;2;211;211;210m[38;2;211;210;210m▄[48;2;210;210;210m[38;2;211;211;211m▄[48;2;210;210;210m[38;2;210;210;210m▄[48;2;210;210;210m[38;2;210;210;210m▄[48;2;210;210;210m[38;2;210;210;210m▄[48;2;209;209;209m[38;2;211;211;211m▄[48;2;209;209;209m[38;2;211;211;211m▄[48;2;209;209;209m[38;2;211;211;211m▄[48;2;209;209;209m[38;2;211;211;211m▄[48;2;208;208;208m[38;2;210;210;209m▄[48;2;208;208;208m[38;2;209;209;209m▄[48;2;207;207;207m[38;2;209;209;209m▄[48;2;207;207;207m[38;2;209;209;209m▄[48;2;207;207;206m[38;2;209;208;209m▄[48;2;206;206;206m[38;2;208;208;208m▄[48;2;205;205;205m[38;2;208;208;208m▄[48;2;205;205;205m[38;2;207;207;207m▄[48;2;204;204;204m[38;2;207;207;207m▄[48;2;204;203;204m[38;2;207;206;207m▄[48;2;203;203;203m[38;2;206;206;206m▄[48;2;203;203;203m[38;2;206;206;206m▄[48;2;203;203;203m[38;2;206;206;206m▄[0m
[48;2;219;219;219m[38;2;224;224;224m▄[48;2;219;219;219m[38;2;224;224;224m▄[48;2;220;220;220m[38;2;224;224;224m▄[48;2;220;220;220m[38;2;224;224;224m▄[48;2;220;220;220m[38;2;224;224;224m▄[48;2;221;221;221m[38;2;224;224;224m▄[48;2;221;221;221m[38;2;224;224;224m▄[48;2;221;221;221m[38;2;225;225;225m▄[48;2;221;221;221m[38;2;224;224;224m▄[48;2;221;221;221m[38;2;224;224;224m▄[48;2;222;222;222m[38;2;226;226;226m▄[48;2;222;222;222m[38;2;225;225;225m▄[48;2;222;222;222m[38;2;225;225;225m▄[48;2;222;222;222m[38;2;224;224;224m▄[48;2;222;222;222m[38;2;225;225;225m▄[48;2;222;222;222m[38;2;224;224;225m▄[48;2;221;221;222m[38;2;226;226;226m▄[48;2;218;218;219m[38;2;226;226;226m▄[48;2;213;213;213m[38;2;223;223;223m▄[48;2;206;206;206m[38;2;224;226;225m▄[48;2;200;200;200m[38;2;212;209;210m▄[48;2;200;202;203m[38;2;177;160;166m▄[48;2;198;198;198m[38;2;171;152;156m▄[48;2;150;123;126m[38;2;177;159;162m▄[48;2;160;142;145m[38;2;180;165;169m▄[48;2;149;126;131m[38;2;183;168;171m▄[48;2;159;139;143m[38;2;166;149;152m▄[48;2;158;137;141m[38;2;169;152;156m▄[48;2;163;143;146m[38;2;170;155;158m▄[48;2;162;144;147m[38;2;181;169;172m▄[48;2;151;127;131m[38;2;186;177;179m▄[48;2;186;179;180m[38;2;160;141;144m▄[48;2;194;193;192m[38;2;178;168;169m▄[48;2;155;132;136m[38;2;173;158;160m▄[48;2;151;125;129m[38;2;171;153;155m▄[48;2;166;147;149m[38;2;165;147;149m▄[48;2;158;134;135m[38;2;167;150;151m▄[48;2;168;154;155m[38;2;196;189;190m▄[48;2;159;138;140m[38;2;180;165;169m▄[48;2;173;160;162m[38;2;177;161;164m▄[48;2;193;192;193m[38;2;173;155;159m▄[48;2;201;203;203m[38;2;163;143;146m▄[48;2;200;201;200m[38;2;187;176;179m▄[48;2;203;203;203m[38;2;217;218;217m▄[48;2;209;209;209m[38;2;215;215;215m▄[48;2;211;212;212m[38;2;217;217;217m▄[48;2;214;214;214m[38;2;216;216;217m▄[48;2;215;214;215m[38;2;216;216;216m▄[48;2;214;214;214m[38;2;216;216;216m▄[48;2;214;214;214m[38;2;216;216;216m▄[48;2;213;213;213m[38;2;215;215;215m▄[48;2;212;212;212m[38;2;215;215;215m▄[48;2;211;211;211m[38;2;215;215;215m▄[48;2;211;211;211m[38;2;214;214;214m▄[48;2;210;210;210m[38;2;213;213;213m▄[48;2;210;210;210m[38;2;212;212;212m▄[48;2;210;210;210m[38;2;212;212;212m▄[48;2;209;209;209m[38;2;210;210;210m▄[48;2;214;214;214m[38;2;217;217;217m▄[48;2;216;216;216m[38;2;222;222;222m▄[48;2;209;209;209m[38;2;211;211;210m▄[48;2;208;208;208m[38;2;210;210;210m▄[48;2;208;208;208m[38;2;210;210;210m▄[48;2;208;208;208m[38;2;209;209;209m▄[0m
[48;2;225;225;225m[38;2;228;228;228m▄[48;2;226;226;226m[38;2;228;228;228m▄[48;2;226;226;226m[38;2;228;228;228m▄[48;2;227;227;227m[38;2;229;229;229m▄[48;2;226;226;226m[38;2;229;229;229m▄[48;2;226;226;226m[38;2;228;228;228m▄[48;2;227;227;227m[38;2;229;229;229m▄[48;2;227;227;227m[38;2;229;229;229m▄[48;2;227;227;227m[38;2;229;229;229m▄[48;2;227;227;227m[38;2;229;229;229m▄[48;2;228;228;228m[38;2;229;229;229m▄[48;2;228;228;228m[38;2;229;229;229m▄[48;2;227;227;227m[38;2;229;229;229m▄[48;2;227;227;227m[38;2;229;229;229m▄[48;2;227;227;227m[38;2;229;229;229m▄[48;2;227;227;227m[38;2;228;228;228m▄[48;2;228;228;228m[38;2;229;229;229m▄[48;2;227;227;227m[38;2;229;229;229m▄[48;2;227;227;227m[38;2;229;229;229m▄[48;2;229;230;230m[38;2;228;228;228m▄[48;2;224;221;222m[38;2;229;229;229m▄[48;2;197;184;188m[38;2;233;235;235m▄[48;2;193;179;181m[38;2;234;236;236m▄[48;2;200;186;190m[38;2;232;234;233m▄[48;2;206;195;199m[38;2;230;232;231m▄[48;2;214;208;209m[38;2;229;230;230m▄[48;2;194;183;184m[38;2;233;235;235m▄[48;2;198;185;188m[38;2;231;233;233m▄[48;2;203;191;194m[38;2;229;231;231m▄[48;2;199;187;190m[38;2;229;231;230m▄[48;2;208;202;203m[38;2;227;228;228m▄[48;2;201;187;190m[38;2;229;231;231m▄[48;2;210;203;205m[38;2;227;228;228m▄[48;2;200;190;192m[38;2;228;230;229m▄[48;2;198;186;187m[38;2;228;230;230m▄[48;2;200;189;190m[38;2;228;229;229m▄[48;2;203;194;196m[38;2;227;228;228m▄[48;2;212;208;209m[38;2;224;225;225m▄[48;2;199;188;189m[38;2;226;228;227m▄[48;2;209;201;203m[38;2;225;226;226m▄[48;2;195;184;186m[38;2;227;228;228m▄[48;2;192;180;182m[38;2;227;229;229m▄[48;2;209;203;204m[38;2;223;224;224m▄[48;2;220;221;221m[38;2;219;219;219m▄[48;2;217;216;217m[38;2;218;218;218m▄[48;2;218;218;218m[38;2;218;218;218m▄[48;2;217;217;217m[38;2;217;217;217m▄[48;2;217;217;217m[38;2;217;217;217m▄[48;2;217;217;217m[38;2;216;216;216m▄[48;2;216;216;216m[38;2;216;216;216m▄[48;2;216;216;216m[38;2;216;216;216m▄[48;2;215;215;215m[38;2;216;216;216m▄[48;2;215;215;215m[38;2;216;216;216m▄[48;2;215;215;215m[38;2;215;215;215m▄[48;2;215;215;215m[38;2;215;215;215m▄[48;2;215;214;215m[38;2;215;215;215m▄[48;2;214;214;214m[38;2;215;215;215m▄[48;2;214;214;214m[38;2;215;215;215m▄[48;2;213;213;213m[38;2;214;214;215m▄[48;2;213;213;213m[38;2;214;214;214m▄[48;2;211;211;211m[38;2;214;214;215m▄[48;2;211;211;211m[38;2;213;213;213m▄[48;2;210;210;210m[38;2;212;212;212m▄[48;2;210;210;210m[38;2;213;213;213m▄[0m
[48;2;230;230;230m[38;2;231;231;231m▄[48;2;231;231;231m[38;2;231;231;231m▄[48;2;230;230;230m[38;2;231;231;231m▄[48;2;230;230;230m[38;2;231;231;231m▄[48;2;230;230;230m[38;2;231;231;231m▄[48;2;230;230;230m[38;2;231;231;231m▄[48;2;230;230;230m[38;2;231;231;231m▄[48;2;230;230;230m[38;2;231;231;231m▄[48;2;230;230;230m[38;2;231;231;231m▄[48;2;230;230;230m[38;2;231;231;231m▄[48;2;231;231;231m[38;2;231;231;231m▄[48;2;231;231;231m[38;2;231;231;231m▄[48;2;230;230;230m[38;2;231;231;231m▄[48;2;230;230;230m[38;2;230;230;230m▄[48;2;230;230;230m[38;2;230;230;230m▄[48;2;230;230;230m[38;2;231;231;231m▄[48;2;230;230;230m[38;2;230;230;230m▄[48;2;230;230;230m[38;2;230;230;230m▄[48;2;230;230;230m[38;2;231;231;231m▄[48;2;230;230;230m[38;2;230;230;230m▄[48;2;229;229;229m[38;2;230;230;230m▄[48;2;229;228;228m[38;2;229;229;229m▄[48;2;228;227;227m[38;2;229;229;229m▄[48;2;228;227;227m[38;2;229;229;229m▄[48;2;227;226;226m[38;2;228;228;228m▄[48;2;227;226;226m[38;2;227;227;227m▄[48;2;226;226;226m[38;2;228;228;228m▄[48;2;226;226;226m[38;2;227;227;227m▄[48;2;226;226;226m[38;2;227;227;227m▄[48;2;227;227;227m[38;2;227;227;227m▄[48;2;227;227;227m[38;2;227;227;227m▄[48;2;225;224;224m[38;2;226;226;226m▄[48;2;223;223;223m[38;2;225;225;225m▄[48;2;223;223;223m[38;2;224;224;224m▄[48;2;223;223;223m[38;2;224;224;224m▄[48;2;223;223;223m[38;2;224;224;224m▄[48;2;223;222;222m[38;2;224;224;224m▄[48;2;223;223;223m[38;2;225;225;225m▄[48;2;222;222;222m[38;2;223;223;223m▄[48;2;222;222;222m[38;2;223;223;223m▄[48;2;222;221;222m[38;2;223;223;223m▄[48;2;221;221;221m[38;2;222;222;222m▄[48;2;222;221;222m[38;2;222;222;222m▄[48;2;221;221;221m[38;2;222;222;222m▄[48;2;221;221;221m[38;2;221;221;221m▄[48;2;220;220;220m[38;2;220;220;220m▄[48;2;218;218;218m[38;2;218;218;218m▄[48;2;217;217;217m[38;2;217;217;217m▄[48;2;217;217;217m[38;2;217;217;217m▄[48;2;216;216;216m[38;2;216;216;216m▄[48;2;216;216;216m[38;2;217;217;217m▄[48;2;216;216;216m[38;2;216;216;216m▄[48;2;216;216;216m[38;2;216;216;216m▄[48;2;216;216;216m[38;2;216;216;216m▄[48;2;216;216;216m[38;2;216;216;216m▄[48;2;216;216;216m[38;2;217;217;217m▄[48;2;216;216;216m[38;2;217;217;217m▄[48;2;215;215;215m[38;2;216;216;216m▄[48;2;215;215;215m[38;2;215;215;215m▄[48;2;215;215;215m[38;2;215;215;215m▄[48;2;215;214;215m[38;2;215;215;215m▄[48;2;215;215;215m[38;2;215;215;215m▄[48;2;215;215;215m[38;2;215;215;215m▄[48;2;215;215;215m[38;2;215;215;215m▄[0m
