[48;2;219;219;219m[38;2;218;218;218m▄[48;2;220;220;220m[38;2;219;219;219m▄[48;2;222;222;222m[38;2;222;222;222m▄[48;2;222;222;222m[38;2;222;222;222m▄[48;2;223;223;223m[38;2;223;223;223m▄[48;2;223;223;223m[38;2;223;223;223m▄[48;2;224;224;224m[38;2;223;223;223m▄[48;2;225;225;225m[38;2;223;223;223m▄[48;2;225;225;225m[38;2;225;225;225m▄[48;2;225;225;225m[38;2;225;225;225m▄[48;2;225;225;225m[38;2;225;225;225m▄[48;2;226;226;226m[38;2;224;224;224m▄[48;2;227;227;227m[38;2;225;225;225m▄[48;2;228;228;228m[38;2;226;226;226m▄[48;2;228;228;228m[38;2;226;226;226m▄[48;2;228;228;228m[38;2;228;228;228m▄[48;2;227;227;227m[38;2;227;227;227m▄[48;2;227;227;227m[38;2;227;227;227m▄[48;2;227;227;227m[38;2;227;227;227m▄[48;2;227;227;227m[38;2;227;227;227m▄[48;2;227;227;227m[38;2;227;227;227m▄[48;2;227;227;227m[38;2;227;227;227m▄[48;2;227;227;227m[38;2;227;227;227m▄[48;2;227;227;227m[38;2;227;227;227m▄[48;2;227;227;227m[38;2;228;228;228m▄[48;2;227;227;227m[38;2;227;227;227m▄[48;2;228;228;228m[38;2;226;226;226m▄[48;2;228;228;228m[38;2;226;226;226m▄[48;2;225;225;225m[38;2;225;225;225m▄[48;2;224;224;224m[38;2;224;224;224m▄[48;2;225;225;225m[38;2;224;224;224m▄[48;2;226;226;226m[38;2;224;224;224m▄[48;2;225;225;225m[38;2;224;224;224m▄[48;2;224;224;224m[38;2;224;224;224m▄[48;2;223;223;223m[38;2;223;223;223m▄[48;2;223;223;223m[38;2;223;223;223m▄[48;2;223;223;223m[38;2;223;223;223m▄[48;2;222;222;222m[38;2;222;222;222m▄[48;2;221;221;221m[38;2;222;222;222m▄[48;2;221;221;221m[38;2;220;220;220m▄[48;2;220;220;220m[38;2;220;220;220m▄[48;2;218;218;218m[38;2;219;219;219m▄[48;2;217;217;217m[38;2;217;217;217m▄[48;2;217;217;217m[38;2;216;216;216m▄[48;2;216;216;216m[38;2;216;216;216m▄[48;2;216;216;216m[38;2;216;216;216m▄[48;2;216;216;216m[38;2;216;216;216m▄[48;2;216;216;216m[38;2;216;216;216m▄[48;2;215;215;215m[38;2;215;215;215m▄[48;2;215;215;215m[38;2;215;215;215m▄[48;2;214;214;214m[38;2;214;214;214m▄[48;2;213;213;214m[38;2;213;213;213m▄[48;2;213;213;213m[38;2;213;213;213m▄[48;2;211;211;212m[38;2;212;212;212m▄[48;2;211;211;211m[38;2;211;211;211m▄[48;2;212;212;212m[38;2;211;211;211m▄[48;2;210;210;210m[38;2;211;211;211m▄[48;2;210;210;210m[38;2;209;209;209m▄[48;2;209;209;209m[38;2;209;209;209m▄[48;2;209;209;209m[38;2;209;209;209m▄[48;2;208;208;208m[38;2;208;208;208m▄[48;2;208;208;208m[38;2;207;207;207m▄[48;2;207;207;207m[38;2;207;207;207m▄[48;2;206;206;206m[38;2;206;206;206m▄[0m
[48;2;217;217;217m[38;2;218;218;218m▄[48;2;219;219;219m[38;2;217;217;217m▄[48;2;221;221;221m[38;2;220;220;220m▄[48;2;222;222;222m[38;2;222;222;222m▄[48;2;223;223;223m[38;2;222;222;222m▄[48;2;223;223;223m[38;2;223;223;223m▄[48;2;223;223;223m[38;2;223;223;223m▄[48;2;223;223;223m[38;2;223;223;223m▄[48;2;224;224;224m[38;2;223;223;223m▄[48;2;224;224;224m[38;2;224;224;224m▄[48;2;225;225;225m[38;2;224;224;224m▄[48;2;224;224;224m[38;2;224;224;224m▄[48;2;224;224;224m[38;2;224;224;224m▄[48;2;224;224;224m[38;2;224;224;224m▄[48;2;225;225;225m[38;2;224;224;224m▄[48;2;227;227;227m[38;2;224;224;224m▄[48;2;226;226;226m[38;2;225;225;225m▄[48;2;227;227;227m[38;2;226;226;226m▄[48;2;227;227;227m[38;2;227;227;227m▄[48;2;227;227;227m[38;2;226;226;226m▄[48;2;227;227;227m[38;2;226;226;226m▄[48;2;227;227;227m[38;2;226;226;226m▄[48;2;227;227;227m[38;2;227;227;227m▄[48;2;227;227;227m[38;2;225;225;225m▄[48;2;227;227;227m[38;2;224;224;224m▄[48;2;225;225;225m[38;2;224;224;224m▄[48;2;224;224;224m[38;2;224;224;224m▄[48;2;225;226;225m[38;2;226;225;226m▄[48;2;223;224;223m[38;2;231;228;232m▄[48;2;223;224;223m[38;2;231;227;232m▄[48;2;223;224;223m[38;2;232;229;232m▄[48;2;224;224;224m[38;2;225;225;224m▄[48;2;223;223;223m[38;2;223;223;223m▄[48;2;224;224;224m[38;2;222;223;222m▄[48;2;222;223;222m[38;2;228;226;228m▄[48;2;221;222;221m[38;2;231;227;233m▄[48;2;223;223;223m[38;2;225;224;225m▄[48;2;223;223;223m[38;2;222;222;222m▄[48;2;222;222;222m[38;2;222;222;222m▄[48;2;221;221;221m[38;2;221;221;221m▄[48;2;220;220;220m[38;2;219;219;219m▄[48;2;218;218;218m[38;2;218;218;218m▄[48;2;217;217;217m[38;2;217;217;217m▄[48;2;216;216;216m[38;2;216;216;216m▄[48;2;216;216;216m[38;2;216;216;216m▄[48;2;216;216;216m[38;2;217;217;217m▄[48;2;216;216;216m[38;2;215;215;215m▄[48;2;216;216;216m[38;2;215;215;215m▄[48;2;215;215;215m[38;2;215;215;215m▄[48;2;215;215;215m[38;2;215;214;215m▄[48;2;214;214;214m[38;2;214;214;214m▄[48;2;213;213;213m[38;2;213;212;213m▄[48;2;213;213;213m[38;2;213;213;213m▄[48;2;212;212;212m[38;2;213;213;213m▄[48;2;210;210;210m[38;2;211;211;211m▄[48;2;210;210;210m[38;2;210;210;210m▄[48;2;210;210;210m[38;2;210;210;211m▄[48;2;210;210;210m[38;2;209;209;209m▄[48;2;210;210;209m[38;2;209;209;209m▄[48;2;208;208;208m[38;2;209;209;209m▄[48;2;208;208;208m[38;2;208;208;208m▄[48;2;208;208;208m[38;2;208;208;208m▄[48;2;207;207;207m[38;2;207;207;207m▄[48;2;206;206;206m[38;2;206;206;206m▄[0m
[48;2;218;218;218m[38;2;217;217;217m▄[48;2;218;218;218m[38;2;218;218;218m▄[48;2;220;220;220m[38;2;220;220;220m▄[48;2;221;221;221m[38;2;221;221;221m▄[48;2;222;222;222m[38;2;221;221;221m▄[48;2;222;222;222m[38;2;222;222;222m▄[48;2;223;223;223m[38;2;223;223;223m▄[48;2;223;223;223m[38;2;223;223;223m▄[48;2;223;223;223m[38;2;223;223;223m▄[48;2;224;224;224m[38;2;224;224;224m▄[48;2;224;224;224m[38;2;224;224;224m▄[48;2;225;225;225m[38;2;224;224;224m▄[48;2;224;224;224m[38;2;225;225;225m▄[48;2;224;224;224m[38;2;224;224;224m▄[48;2;225;225;225m[38;2;225;225;225m▄[48;2;225;225;225m[38;2;225;225;225m▄[48;2;224;224;224m[38;2;224;224;224m▄[48;2;225;225;225m[38;2;225;225;225m▄[48;2;224;224;224m[38;2;225;225;224m▄[48;2;224;224;224m[38;2;224;224;224m▄[48;2;225;225;225m[38;2;224;224;224m▄[48;2;224;224;224m[38;2;224;224;224m▄[48;2;224;224;224m[38;2;225;225;225m▄[48;2;224;224;224m[38;2;225;225;225m▄[48;2;224;224;224m[38;2;224;224;224m▄[48;2;225;225;225m[38;2;224;224;224m▄[48;2;225;225;225m[38;2;226;226;226m▄[48;2;224;224;224m[38;2;219;222;222m▄[48;2;159;189;151m[38;2;139;183;119m▄[48;2;160;191;151m[38;2;153;197;98m▄[48;2;187;204;186m[38;2;133;180;91m▄[48;2;226;225;228m[38;2;147;181;135m▄[48;2;223;224;223m[38;2;230;227;231m▄[48;2;230;227;231m[38;2;196;207;198m▄[48;2;188;204;185m[38;2;117;170;85m▄[48;2;145;182;133m[38;2;109;165;81m▄[48;2;214;217;214m[38;2;199;207;200m▄[48;2;224;223;224m[38;2;222;222;223m▄[48;2;221;221;220m[38;2;220;220;220m▄[48;2;220;220;220m[38;2;220;220;220m▄[48;2;219;219;219m[38;2;218;218;218m▄[48;2;218;218;218m[38;2;218;218;218m▄[48;2;217;217;217m[38;2;217;217;217m▄[48;2;216;216;216m[38;2;216;216;216m▄[48;2;216;216;216m[38;2;216;216;216m▄[48;2;216;216;216m[38;2;216;216;216m▄[48;2;215;215;215m[38;2;215;215;215m▄[48;2;215;215;215m[38;2;215;215;215m▄[48;2;215;215;215m[38;2;215;215;215m▄[48;2;214;214;214m[38;2;214;214;214m▄[48;2;214;213;214m[38;2;214;214;214m▄[48;2;213;212;213m[38;2;213;213;213m▄[48;2;213;213;213m[38;2;213;212;213m▄[48;2;212;212;212m[38;2;211;211;211m▄[48;2;211;211;211m[38;2;210;211;211m▄[48;2;210;210;210m[38;2;210;211;211m▄[48;2;210;210;210m[38;2;210;210;210m▄[48;2;210;210;210m[38;2;210;210;210m▄[48;2;209;209;209m[38;2;209;209;209m▄[48;2;209;209;209m[38;2;209;209;209m▄[48;2;208;208;208m[38;2;209;209;209m▄[48;2;208;208;208m[38;2;208;208;208m▄[48;2;207;207;207m[38;2;207;207;207m▄[48;2;206;206;206m[38;2;206;206;206m▄[0m
[48;2;217;217;217m[38;2;217;217;217m▄[48;2;218;218;218m[38;2;217;217;217m▄[48;2;218;218;219m[38;2;217;217;218m▄[48;2;220;220;220m[38;2;219;219;219m▄[48;2;221;221;221m[38;2;221;221;221m▄[48;2;221;221;221m[38;2;221;221;221m▄[48;2;223;223;223m[38;2;223;223;223m▄[48;2;223;223;223m[38;2;223;223;223m▄[48;2;223;223;223m[38;2;223;223;223m▄[48;2;224;224;224m[38;2;223;223;223m▄[48;2;223;223;223m[38;2;223;223;223m▄[48;2;224;224;224m[38;2;224;224;224m▄[48;2;225;225;225m[38;2;224;224;224m▄[48;2;225;225;225m[38;2;224;224;224m▄[48;2;225;225;225m[38;2;225;225;225m▄[48;2;224;224;224m[38;2;224;224;224m▄[48;2;224;224;224m[38;2;224;224;224m▄[48;2;224;224;224m[38;2;224;224;224m▄[48;2;224;224;224m[38;2;224;224;225m▄[48;2;224;224;224m[38;2;224;224;224m▄[48;2;224;224;224m[38;2;224;224;224m▄[48;2;224;224;224m[38;2;224;224;224m▄[48;2;225;225;225m[38;2;224;224;224m▄[48;2;225;225;225m[38;2;225;225;225m▄[48;2;224;224;224m[38;2;224;224;224m▄[48;2;225;225;225m[38;2;224;224;224m▄[48;2;223;224;223m[38;2;223;224;223m▄[48;2;230;227;231m[38;2;230;227;229m▄[48;2;153;184;143m[38;2;202;214;207m▄[48;2;142;188;82m[38;2;123;178;96m▄[48;2;141;186;85m[38;2;123;180;72m▄[48;2;123;176;69m[38;2;112;168;72m▄[48;2;164;188;160m[38;2;106;162;79m▄[48;2;135;175;119m[38;2;101;153;87m▄[48;2;127;169;105m[38;2;159;183;155m▄[48;2;203;203;209m[38;2;157;184;144m▄[48;2;218;214;220m[38;2;154;182;145m▄[48;2;224;221;224m[38;2;177;195;177m▄[48;2;221;221;220m[38;2;221;220;224m▄[48;2;219;219;219m[38;2;223;221;222m▄[48;2;219;219;219m[38;2;216;217;216m▄[48;2;217;217;217m[38;2;217;217;217m▄[48;2;216;216;216m[38;2;217;217;217m▄[48;2;216;216;216m[38;2;217;217;217m▄[48;2;217;217;217m[38;2;217;217;217m▄[48;2;216;216;216m[38;2;216;216;216m▄[48;2;215;215;215m[38;2;215;215;215m▄[48;2;215;215;215m[38;2;215;215;215m▄[48;2;215;215;215m[38;2;214;214;214m▄[48;2;214;214;214m[38;2;214;214;214m▄[48;2;214;214;214m[38;2;213;214;214m▄[48;2;212;212;212m[38;2;213;213;213m▄[48;2;212;212;212m[38;2;212;212;212m▄[48;2;211;211;211m[38;2;211;211;211m▄[48;2;210;210;210m[38;2;211;211;211m▄[48;2;210;210;210m[38;2;211;211;211m▄[48;2;210;210;210m[38;2;211;211;211m▄[48;2;210;210;210m[38;2;209;209;209m▄[48;2;209;209;209m[38;2;208;208;208m▄[48;2;209;209;209m[38;2;209;209;209m▄[48;2;208;208;208m[38;2;208;208;208m▄[48;2;208;208;208m[38;2;208;208;208m▄[48;2;207;207;207m[38;2;207;207;207m▄[48;2;206;206;206m[38;2;205;205;205m▄[0m
[48;2;216;216;216m[38;2;216;216;216m▄[48;2;216;216;216m[38;2;216;216;216m▄[48;2;217;217;217m[38;2;217;217;217m▄[48;2;218;218;218m[38;2;218;218;218m▄[48;2;220;220;220m[38;2;218;218;218m▄[48;2;221;221;221m[38;2;220;220;220m▄[48;2;221;221;221m[38;2;221;221;221m▄[48;2;222;222;222m[38;2;222;222;222m▄[48;2;223;223;223m[38;2;223;223;223m▄[48;2;223;223;223m[38;2;222;222;222m▄[48;2;223;223;223m[38;2;223;223;223m▄[48;2;223;223;223m[38;2;223;223;223m▄[48;2;224;224;224m[38;2;223;223;223m▄[48;2;224;224;224m[38;2;224;224;224m▄[48;2;224;224;224m[38;2;224;224;224m▄[48;2;224;224;223m[38;2;224;224;224m▄[48;2;225;224;225m[38;2;224;224;223m▄[48;2;225;225;225m[38;2;224;224;224m▄[48;2;225;224;225m[38;2;224;224;224m▄[48;2;224;224;224m[38;2;224;224;224m▄[48;2;224;224;224m[38;2;224;224;224m▄[48;2;224;224;224m[38;2;224;224;224m▄[48;2;225;225;225m[38;2;225;225;225m▄[48;2;224;224;224m[38;2;224;224;224m▄[48;2;224;224;224m[38;2;223;223;223m▄[48;2;224;224;224m[38;2;224;223;223m▄[48;2;224;224;224m[38;2;223;225;225m▄[48;2;223;228;227m[38;2;219;168;176m▄[48;2;227;209;214m[38;2;227;139;148m▄[48;2;188;173;167m[38;2;236;142;154m▄[48;2;125;160;100m[38;2;229;137;153m▄[48;2;99;167;84m[38;2;196;136;141m▄[48;2;70;140;57m[38;2;183;147;134m▄[48;2;81;148;73m[38;2;107;147;79m▄[48;2;111;168;85m[38;2;89;164;65m▄[48;2;125;179;81m[38;2;115;177;72m▄[48;2;141;188;92m[38;2;130;186;75m▄[48;2;142;187;100m[38;2;128;180;69m▄[48;2;136;175;119m[38;2;120;165;97m▄[48;2;207;212;208m[38;2;199;204;200m▄[48;2;220;219;220m[38;2;219;218;219m▄[48;2;216;216;216m[38;2;215;216;215m▄[48;2;216;216;216m[38;2;216;216;216m▄[48;2;217;217;217m[38;2;216;216;216m▄[48;2;217;217;217m[38;2;216;216;216m▄[48;2;216;216;216m[38;2;215;215;215m▄[48;2;215;215;215m[38;2;215;215;215m▄[48;2;215;215;215m[38;2;215;215;215m▄[48;2;215;215;215m[38;2;214;214;214m▄[48;2;214;214;214m[38;2;214;214;214m▄[48;2;213;214;214m[38;2;213;213;213m▄[48;2;213;213;213m[38;2;213;213;213m▄[48;2;211;211;211m[38;2;211;211;211m▄[48;2;211;211;211m[38;2;211;211;211m▄[48;2;210;210;210m[38;2;210;210;210m▄[48;2;211;211;211m[38;2;211;211;211m▄[48;2;211;211;211m[38;2;210;210;210m▄[48;2;210;210;210m[38;2;209;209;209m▄[48;2;209;209;209m[38;2;209;209;209m▄[48;2;208;208;208m[38;2;208;208;208m▄[48;2;208;208;208m[38;2;207;207;207m▄[48;2;207;207;207m[38;2;208;208;207m▄[48;2;207;207;207m[38;2;207;207;207m▄[48;2;206;206;207m[38;2;206;205;207m▄[0m
[48;2;216;216;216m[38;2;216;216;216m▄[48;2;216;216;216m[38;2;216;216;216m▄[48;2;216;216;216m[38;2;216;216;216m▄[48;2;217;217;217m[38;2;217;217;217m▄[48;2;218;218;218m[38;2;218;218;218m▄[48;2;219;219;219m[38;2;218;218;218m▄[48;2;220;220;220m[38;2;218;218;218m▄[48;2;221;221;222m[38;2;220;220;220m▄[48;2;221;221;221m[38;2;220;220;221m▄[48;2;222;222;221m[38;2;221;221;222m▄[48;2;223;223;223m[38;2;222;222;222m▄[48;2;223;223;223m[38;2;222;222;222m▄[48;2;223;223;223m[38;2;222;222;222m▄[48;2;223;223;223m[38;2;223;223;223m▄[48;2;224;224;224m[38;2;223;223;223m▄[48;2;224;224;224m[38;2;223;223;223m▄[48;2;224;224;224m[38;2;223;223;223m▄[48;2;224;224;224m[38;2;223;223;223m▄[48;2;223;223;223m[38;2;223;223;223m▄[48;2;223;223;223m[38;2;223;223;223m▄[48;2;224;224;224m[38;2;223;223;223m▄[48;2;224;224;224m[38;2;223;223;223m▄[48;2;224;224;224m[38;2;223;223;223m▄[48;2;224;224;224m[38;2;223;223;223m▄[48;2;223;222;222m[38;2;223;221;222m▄[48;2;224;230;229m[38;2;224;233;232m▄[48;2;218;189;193m[38;2;210;146;156m▄[48;2;228;130;142m[38;2;221;123;135m▄[48;2;236;140;151m[38;2;224;133;145m▄[48;2;237;141;152m[38;2;218;115;129m▄[48;2;227;128;139m[38;2;218;127;138m▄[48;2;235;145;156m[38;2;242;168;174m▄[48;2;253;165;179m[38;2;236;153;162m▄[48;2;220;127;138m[38;2;230;138;148m▄[48;2;171;147;121m[38;2;241;138;154m▄[48;2;149;157;104m[38;2;250;154;170m▄[48;2;137;156;103m[38;2;216;140;156m▄[48;2;149;177;146m[38;2;205;203;209m▄[48;2;194;195;197m[38;2;207;206;207m▄[48;2;208;206;209m[38;2;212;212;212m▄[48;2;214;215;214m[38;2;216;216;216m▄[48;2;217;217;217m[38;2;216;216;216m▄[48;2;217;216;216m[38;2;216;217;217m▄[48;2;216;216;216m[38;2;216;216;216m▄[48;2;216;216;216m[38;2;216;215;215m▄[48;2;216;216;216m[38;2;215;215;215m▄[48;2;215;215;215m[38;2;214;214;214m▄[48;2;215;215;215m[38;2;214;214;214m▄[48;2;215;215;215m[38;2;214;214;215m▄[48;2;214;214;214m[38;2;213;213;213m▄[48;2;213;213;213m[38;2;212;212;212m▄[48;2;212;212;212m[38;2;211;211;211m▄[48;2;211;211;211m[38;2;211;211;211m▄[48;2;211;211;211m[38;2;211;211;211m▄[48;2;211;211;211m[38;2;210;210;210m▄[48;2;211;211;211m[38;2;211;211;211m▄[48;2;210;210;210m[38;2;209;209;210m▄[48;2;209;208;210m[38;2;208;208;209m▄[48;2;209;209;209m[38;2;208;208;208m▄[48;2;208;208;208m[38;2;208;208;208m▄[48;2;208;208;208m[38;2;208;208;208m▄[48;2;208;208;208m[38;2;207;207;207m▄[48;2;208;208;208m[38;2;207;207;207m▄[48;2;207;207;206m[38;2;206;206;206m▄[0m
[48;2;216;216;216m[38;2;216;216;216m▄[48;2;216;216;216m[38;2;216;216;216m▄[48;2;216;216;216m[38;2;216;216;216m▄[48;2;216;216;216m[38;2;216;216;216m▄[48;2;217;217;217m[38;2;217;217;217m▄[48;2;217;217;217m[38;2;217;217;217m▄[48;2;218;218;218m[38;2;218;218;218m▄[48;2;218;218;218m[38;2;218;218;218m▄[48;2;219;219;219m[38;2;218;218;218m▄[48;2;220;220;220m[38;2;219;219;219m▄[48;2;221;221;221m[38;2;220;220;220m▄[48;2;221;221;221m[38;2;220;220;220m▄[48;2;221;221;221m[38;2;221;221;221m▄[48;2;222;222;222m[38;2;221;221;221m▄[48;2;221;221;221m[38;2;221;221;221m▄[48;2;222;222;222m[38;2;221;221;222m▄[48;2;223;223;223m[38;2;221;221;221m▄[48;2;222;222;222m[38;2;221;221;221m▄[48;2;223;223;223m[38;2;222;222;222m▄[48;2;223;223;223m[38;2;223;223;223m▄[48;2;222;222;222m[38;2;222;222;223m▄[48;2;223;223;223m[38;2;222;222;222m▄[48;2;222;222;222m[38;2;222;222;222m▄[48;2;222;221;221m[38;2;223;222;222m▄[48;2;225;230;229m[38;2;221;223;223m▄[48;2;212;181;187m[38;2;208;135;147m▄[48;2;219;125;138m[38;2;231;126;140m▄[48;2;233;134;148m[38;2;229;120;135m▄[48;2;233;130;144m[38;2;211;90;110m▄[48;2;219;136;149m[38;2;214;151;163m▄[48;2;221;163;170m[38;2;255;255;255m▄[48;2;224;130;142m[38;2;226;180;187m▄[48;2;242;160;169m[38;2;220;129;141m▄[48;2;230;145;153m[38;2;228;135;146m▄[48;2;224;130;141m[38;2;225;137;148m▄[48;2;240;167;172m[38;2;219;132;144m▄[48;2;209;103;117m[38;2;221;102;121m▄[48;2;201;149;157m[38;2;211;111;129m▄[48;2;215;223;221m[38;2;208;205;206m▄[48;2;217;215;216m[38;2;218;218;216m▄[48;2;216;217;218m[38;2;215;211;207m▄[48;2;217;217;218m[38;2;213;207;196m▄[48;2;216;215;213m[38;2;213;204;192m▄[48;2;216;216;215m[38;2;212;200;184m▄[48;2;216;217;220m[38;2;212;204;190m▄[48;2;214;214;214m[38;2;215;216;218m▄[48;2;214;214;214m[38;2;215;215;215m▄[48;2;214;214;214m[38;2;214;214;214m▄[48;2;214;214;214m[38;2;214;213;214m▄[48;2;213;213;213m[38;2;213;213;213m▄[48;2;212;212;212m[38;2;213;213;213m▄[48;2;211;211;211m[38;2;211;211;211m▄[48;2;211;211;211m[38;2;211;211;211m▄[48;2;211;211;211m[38;2;211;211;211m▄[48;2;210;210;210m[38;2;210;211;211m▄[48;2;210;210;210m[38;2;209;209;209m▄[48;2;209;209;209m[38;2;209;208;208m▄[48;2;209;209;208m[38;2;209;209;209m▄[48;2;209;209;209m[38;2;209;209;209m▄[48;2;207;207;208m[38;2;208;208;208m▄[48;2;207;207;207m[38;2;207;207;207m▄[48;2;207;207;207m[38;2;207;207;207m▄[48;2;206;206;206m[38;2;206;206;206m▄[48;2;205;205;205m[38;2;205;205;205m▄[0m
[48;2;215;215;215m[38;2;215;215;215m▄[48;2;216;216;216m[38;2;215;215;215m▄[48;2;216;216;216m[38;2;216;216;216m▄[48;2;216;216;216m[38;2;216;216;216m▄[48;2;216;216;216m[38;2;216;216;216m▄[48;2;216;216;216m[38;2;217;217;217m▄[48;2;217;217;217m[38;2;216;216;216m▄[48;2;217;217;217m[38;2;216;216;216m▄[48;2;217;217;217m[38;2;217;217;217m▄[48;2;218;218;218m[38;2;218;218;218m▄[48;2;218;218;218m[38;2;218;218;218m▄[48;2;219;219;219m[38;2;218;218;218m▄[48;2;219;219;219m[38;2;219;219;219m▄[48;2;219;219;219m[38;2;219;219;219m▄[48;2;220;220;220m[38;2;220;220;220m▄[48;2;221;221;221m[38;2;220;220;220m▄[48;2;221;221;221m[38;2;221;221;221m▄[48;2;221;221;221m[38;2;221;221;221m▄[48;2;221;221;221m[38;2;221;222;222m▄[48;2;221;221;221m[38;2;220;221;221m▄[48;2;221;221;222m[38;2;221;221;220m▄[48;2;222;222;222m[38;2;221;221;221m▄[48;2;221;221;221m[38;2;221;220;220m▄[48;2;222;222;222m[38;2;220;218;219m▄[48;2;219;219;220m[38;2;222;230;228m▄[48;2;206;123;137m[38;2;202;143;154m▄[48;2;230;117;132m[38;2;204;85;106m▄[48;2;210;104;122m[38;2;220;114;131m▄[48;2;208;96;116m[38;2;216;99;117m▄[48;2;201;94;113m[38;2;220;110;126m▄[48;2;229;193;199m[38;2;213;104;121m▄[48;2;255;255;255m[38;2;214;157;168m▄[48;2;241;224;227m[38;2;251;252;253m▄[48;2;209;130;143m[38;2;221;169;178m▄[48;2;204;94;113m[38;2;220;103;118m▄[48;2;218;108;125m[38;2;233;128;141m▄[48;2;232;119;135m[38;2;226;109;125m▄[48;2;211;104;122m[38;2;196;116;130m▄[48;2;201;192;194m[38;2;200;204;203m▄[48;2;215;215;211m[38;2;215;212;215m▄[48;2;214;210;205m[38;2;216;216;218m▄[48;2;214;213;212m[38;2;215;215;215m▄[48;2;215;215;217m[38;2;214;213;212m▄[48;2;215;215;218m[38;2;214;215;217m▄[48;2;209;196;178m[38;2;214;212;211m▄[48;2;211;204;192m[38;2;208;193;173m▄[48;2;215;217;219m[38;2;215;216;219m▄[48;2;213;213;213m[38;2;213;213;213m▄[48;2;213;213;214m[38;2;212;212;213m▄[48;2;213;213;213m[38;2;211;211;211m▄[48;2;211;211;212m[38;2;211;211;211m▄[48;2;211;211;211m[38;2;211;211;211m▄[48;2;211;211;211m[38;2;210;210;210m▄[48;2;211;211;211m[38;2;211;211;211m▄[48;2;211;211;211m[38;2;210;210;210m▄[48;2;209;209;209m[38;2;207;208;208m▄[48;2;208;208;208m[38;2;208;208;208m▄[48;2;209;209;209m[38;2;209;209;209m▄[48;2;208;208;208m[38;2;208;208;208m▄[48;2;207;207;207m[38;2;207;207;207m▄[48;2;207;207;207m[38;2;207;207;207m▄[48;2;207;207;207m[38;2;207;207;207m▄[48;2;205;205;205m[38;2;205;205;205m▄[48;2;205;205;205m[38;2;204;204;204m▄[0m
[48;2;215;215;215m[38;2;215;215;215m▄[48;2;215;215;215m[38;2;215;215;215m▄[48;2;215;215;215m[38;2;215;215;215m▄[48;2;216;216;216m[38;2;216;216;216m▄[48;2;217;217;217m[38;2;216;216;216m▄[48;2;217;217;217m[38;2;216;216;217m▄[48;2;216;216;216m[38;2;217;216;217m▄[48;2;217;217;217m[38;2;217;217;217m▄[48;2;216;216;216m[38;2;216;216;216m▄[48;2;216;216;216m[38;2;216;216;216m▄[48;2;216;216;216m[38;2;216;216;216m▄[48;2;217;217;217m[38;2;217;217;217m▄[48;2;218;218;218m[38;2;217;217;217m▄[48;2;218;218;218m[38;2;217;217;217m▄[48;2;219;219;219m[38;2;217;217;217m▄[48;2;220;220;220m[38;2;220;220;220m▄[48;2;221;221;221m[38;2;221;221;221m▄[48;2;221;221;221m[38;2;222;221;221m▄[48;2;224;224;224m[38;2;226;226;226m▄[48;2;222;222;222m[38;2;224;228;228m▄[48;2;221;220;220m[38;2;221;226;224m▄[48;2;221;221;222m[38;2;220;219;218m▄[48;2;220;222;222m[38;2;218;213;213m▄[48;2;220;220;220m[38;2;217;214;214m▄[48;2;220;220;219m[38;2;217;222;221m▄[48;2;215;212;213m[38;2;221;234;231m▄[48;2;194;108;125m[38;2;200;151;162m▄[48;2;227;110;128m[38;2;219;95;115m▄[48;2;213;93;113m[38;2;221;106;123m▄[48;2;215;106;125m[38;2;206;95;114m▄[48;2;233;128;141m[38;2;231;127;139m▄[48;2;219;104;122m[38;2;230;121;135m▄[48;2;205;113;131m[38;2;201;79;101m▄[48;2;195;87;109m[38;2;208;85;107m▄[48;2;215;102;119m[38;2;208;90;112m▄[48;2;214;96;115m[38;2;209;76;100m▄[48;2;196;91;112m[38;2;188;113;129m▄[48;2;189;177;181m[38;2;196;211;208m▄[48;2;204;209;209m[38;2;209;200;200m▄[48;2;214;220;220m[38;2;216;186;187m▄[48;2;216;216;216m[38;2;215;211;211m▄[48;2;215;214;214m[38;2;218;220;222m▄[48;2;216;218;220m[38;2;208;199;188m▄[48;2;216;218;221m[38;2;198;180;156m▄[48;2;204;192;173m[38;2;206;195;180m▄[48;2;206;196;180m[38;2;211;212;211m▄[48;2;214;216;219m[38;2;208;205;200m▄[48;2;213;212;212m[38;2;212;213;214m▄[48;2;212;212;212m[38;2;211;211;211m▄[48;2;212;212;212m[38;2;211;211;211m▄[48;2;211;211;211m[38;2;211;211;211m▄[48;2;211;211;211m[38;2;211;211;211m▄[48;2;211;211;211m[38;2;211;211;211m▄[48;2;211;211;211m[38;2;210;209;211m▄[48;2;209;209;210m[38;2;208;207;210m▄[48;2;208;208;209m[38;2;209;208;209m▄[48;2;208;208;208m[38;2;208;208;208m▄[48;2;208;208;208m[38;2;208;208;208m▄[48;2;208;208;208m[38;2;207;207;207m▄[48;2;207;207;207m[38;2;207;207;207m▄[48;2;207;207;207m[38;2;207;207;207m▄[48;2;206;206;206m[38;2;206;206;206m▄[48;2;205;205;205m[38;2;204;204;204m▄[48;2;204;204;204m[38;2;203;203;203m▄[0m
[48;2;215;215;215m[38;2;215;215;215m▄[48;2;215;215;215m[38;2;215;215;215m▄[48;2;215;215;215m[38;2;215;215;215m▄[48;2;215;215;215m[38;2;215;215;215m▄[48;2;216;216;216m[38;2;216;215;216m▄[48;2;216;216;216m[38;2;216;216;216m▄[48;2;216;216;216m[38;2;216;216;215m▄[48;2;216;216;216m[38;2;216;216;217m▄[48;2;216;216;216m[38;2;216;216;216m▄[48;2;217;217;217m[38;2;217;217;217m▄[48;2;216;216;216m[38;2;217;217;217m▄[48;2;216;216;216m[38;2;216;216;216m▄[48;2;217;217;217m[38;2;217;217;217m▄[48;2;217;217;217m[38;2;217;217;217m▄[48;2;217;217;217m[38;2;216;216;216m▄[48;2;219;219;219m[38;2;220;219;219m▄[48;2;222;222;222m[38;2;225;228;229m▄[48;2;226;227;227m[38;2;231;223;226m▄[48;2;238;243;242m[38;2;249;238;240m▄[48;2;232;213;214m[38;2;249;234;233m▄[48;2;227;171;174m[38;2;230;173;176m▄[48;2;227;160;165m[38;2;226;151;158m▄[48;2;227;162;167m[38;2;222;130;140m▄[48;2;228;161;166m[38;2;226;140;150m▄[48;2;220;156;162m[38;2;240;175;183m▄[48;2;218;203;204m[38;2;220;135;144m▄[48;2;211;208;210m[38;2;217;212;211m▄[48;2;195;96;115m[38;2;206;201;203m▄[48;2;220;93;112m[38;2;192;128;142m▄[48;2;206;82;103m[38;2;192;106;125m▄[48;2;217;105;121m[38;2;188;122;135m▄[48;2;195;99;116m[38;2;215;145;150m▄[48;2;201;98;116m[38;2;221;149;153m▄[48;2;217;91;112m[38;2;194;117;133m▄[48;2;216;83;107m[38;2;187;110;128m▄[48;2;197;77;102m[38;2;187;167;172m▄[48;2;189;172;176m[38;2;197;208;207m▄[48;2;202;195;195m[38;2;211;144;152m▄[48;2;223;147;153m[38;2;238;169;177m▄[48;2;237;159;163m[38;2;224;159;168m▄[48;2;221;164;170m[38;2;219;142;149m▄[48;2;204;201;190m[38;2;201;197;188m▄[48;2;202;193;174m[38;2;215;176;180m▄[48;2;212;213;211m[38;2;224;145;152m▄[48;2;215;221;225m[38;2;214;182;184m▄[48;2;207;202;195m[38;2;205;204;196m▄[48;2;205;200;191m[38;2;209;207;205m▄[48;2;212;213;215m[38;2;211;211;212m▄[48;2;211;210;210m[38;2;210;210;210m▄[48;2;211;211;211m[38;2;211;211;211m▄[48;2;211;211;211m[38;2;211;211;211m▄[48;2;210;210;210m[38;2;209;209;209m▄[48;2;210;210;210m[38;2;209;209;209m▄[48;2;209;209;209m[38;2;208;208;208m▄[48;2;209;209;209m[38;2;209;209;209m▄[48;2;208;208;209m[38;2;208;208;208m▄[48;2;208;207;208m[38;2;208;208;208m▄[48;2;207;207;208m[38;2;207;207;208m▄[48;2;207;207;207m[38;2;207;207;207m▄[48;2;207;207;207m[38;2;206;206;206m▄[48;2;206;206;206m[38;2;206;206;206m▄[48;2;205;205;205m[38;2;205;205;205m▄[48;2;204;204;204m[38;2;203;203;203m▄[48;2;203;203;203m[38;2;203;203;203m▄[0m
[48;2;214;214;214m[38;2;214;214;214m▄[48;2;215;215;215m[38;2;214;214;214m▄[48;2;215;215;215m[38;2;214;214;214m▄[48;2;215;215;215m[38;2;215;215;215m▄[48;2;216;216;216m[38;2;215;215;215m▄[48;2;216;216;216m[38;2;215;215;215m▄[48;2;216;216;216m[38;2;215;215;215m▄[48;2;216;216;216m[38;2;216;216;216m▄[48;2;216;216;216m[38;2;216;216;216m▄[48;2;217;217;217m[38;2;216;216;216m▄[48;2;216;216;216m[38;2;216;216;216m▄[48;2;217;217;217m[38;2;216;216;216m▄[48;2;217;217;217m[38;2;217;217;217m▄[48;2;217;217;217m[38;2;217;217;217m▄[48;2;217;216;217m[38;2;217;216;216m▄[48;2;218;218;217m[38;2;218;221;221m▄[48;2;218;219;220m[38;2;212;198;199m▄[48;2;222;162;170m[38;2;215;138;146m▄[48;2;247;228;229m[38;2;244;215;217m▄[48;2;227;172;175m[38;2;204;116;128m▄[48;2;215;113;123m[38;2;224;151;160m▄[48;2;241;185;191m[38;2;234;175;184m▄[48;2;218;132;142m[38;2;193;100;116m▄[48;2;201;115;124m[38;2;205;130;142m▄[48;2;235;174;182m[38;2;245;192;198m▄[48;2;233;160;167m[38;2;208;116;129m▄[48;2;206;170;174m[38;2;202;111;123m▄[48;2;213;216;215m[38;2;217;144;153m▄[48;2;209;211;210m[38;2;212;125;137m▄[48;2;202;219;217m[38;2;208;140;151m▄[48;2;205;172;173m[38;2;204;131;142m▄[48;2;232;150;159m[38;2;208;106;119m▄[48;2;228;143;150m[38;2;201;111;123m▄[48;2;201;176;177m[38;2;196;141;149m▄[48;2;195;208;206m[38;2;212;131;143m▄[48;2;200;200;199m[38;2;214;138;148m▄[48;2;204;192;193m[38;2;198;114;125m▄[48;2;223;143;152m[38;2;231;159;169m▄[48;2;232;176;183m[38;2;227;169;176m▄[48;2;212;115;129m[38;2;208;119;131m▄[48;2;206;137;147m[38;2;208;123;133m▄[48;2;204;213;212m[38;2;198;156;160m▄[48;2;214;127;137m[38;2;206;117;130m▄[48;2;237;162;170m[38;2;206;99;114m▄[48;2;212;129;139m[38;2;200;155;161m▄[48;2;209;214;215m[38;2;202;210;210m▄[48;2;211;210;211m[38;2;210;209;210m▄[48;2;211;210;210m[38;2;211;211;211m▄[48;2;211;211;209m[38;2;211;211;209m▄[48;2;211;211;210m[38;2;210;211;210m▄[48;2;210;211;211m[38;2;208;210;211m▄[48;2;210;210;210m[38;2;210;209;213m▄[48;2;210;209;210m[38;2;209;208;211m▄[48;2;209;209;209m[38;2;209;209;209m▄[48;2;209;209;209m[38;2;209;209;209m▄[48;2;208;208;208m[38;2;208;208;208m▄[48;2;208;208;208m[38;2;208;208;206m▄[48;2;208;208;208m[38;2;207;207;205m▄[48;2;207;207;207m[38;2;207;207;205m▄[48;2;206;206;206m[38;2;205;205;205m▄[48;2;205;205;205m[38;2;204;204;204m▄[48;2;205;205;205m[38;2;204;204;204m▄[48;2;204;203;204m[38;2;203;203;203m▄[48;2;203;203;203m[38;2;203;203;203m▄[0m
[48;2;212;212;212m[38;2;211;211;211m▄[48;2;213;213;213m[38;2;213;213;213m▄[48;2;214;214;214m[38;2;213;213;214m▄[48;2;213;214;213m[38;2;213;213;213m▄[48;2;214;214;214m[38;2;214;214;214m▄[48;2;215;215;215m[38;2;214;214;214m▄[48;2;215;215;215m[38;2;214;214;214m▄[48;2;215;215;215m[38;2;214;214;214m▄[48;2;215;215;215m[38;2;215;215;215m▄[48;2;215;215;215m[38;2;215;215;215m▄[48;2;215;215;215m[38;2;215;215;215m▄[48;2;215;215;215m[38;2;215;215;215m▄[48;2;216;216;216m[38;2;216;216;216m▄[48;2;216;216;216m[38;2;216;216;216m▄[48;2;216;216;216m[38;2;216;216;216m▄[48;2;216;216;216m[38;2;216;215;215m▄[48;2;217;216;216m[38;2;216;218;218m▄[48;2;202;122;135m[38;2;215;208;209m▄[48;2;203;105;122m[38;2;199;159;167m▄[48;2;188;86;103m[38;2;189;99;115m▄[48;2;233;169;178m[38;2;234;153;164m▄[48;2;218;140;151m[38;2;205;121;137m▄[48;2;201;104;119m[38;2;239;165;175m▄[48;2;230;164;173m[38;2;181;85;103m▄[48;2;204;113;128m[38;2;179;81;101m▄[48;2;189;80;99m[38;2;222;139;154m▄[48;2;234;171;181m[38;2;202;115;132m▄[48;2;199;110;126m[38;2;170;57;81m▄[48;2;242;187;195m[38;2;240;175;183m▄[48;2;209;118;133m[38;2;168;59;82m▄[48;2;196;88;106m[38;2;214;128;143m▄[48;2;242;189;196m[38;2;216;141;154m▄[48;2;183;80;99m[38;2;172;59;82m▄[48;2;218;141;152m[38;2;238;171;181m▄[48;2;217;139;151m[38;2;180;81;101m▄[48;2;218;145;157m[38;2;176;71;91m▄[48;2;201;104;119m[38;2;185;85;105m▄[48;2;235;176;184m[38;2;243;174;183m▄[48;2;210;140;151m[38;2;191;106;124m▄[48;2;218;149;159m[38;2;203;112;128m▄[48;2;239;176;185m[38;2;217;136;149m▄[48;2;179;63;83m[38;2;166;56;80m▄[48;2;230;165;173m[38;2;238;164;174m▄[48;2;218;134;146m[38;2;180;77;97m▄[48;2;186;154;159m[38;2;179;72;94m▄[48;2;205;211;211m[38;2;198;160;168m▄[48;2;210;209;210m[38;2;213;219;218m▄[48;2;210;210;210m[38;2;209;208;208m▄[48;2;210;210;210m[38;2;209;209;211m▄[48;2;210;210;210m[38;2;210;210;210m▄[48;2;208;210;212m[38;2;208;209;211m▄[48;2;208;210;215m[38;2;206;209;213m▄[48;2;209;209;215m[38;2;208;209;214m▄[48;2;209;208;211m[38;2;209;208;210m▄[48;2;208;208;209m[38;2;208;208;208m▄[48;2;208;208;207m[38;2;209;208;206m▄[48;2;208;208;203m[38;2;208;208;203m▄[48;2;208;208;202m[38;2;206;208;203m▄[48;2;206;206;202m[38;2;205;206;202m▄[48;2;204;204;203m[38;2;203;203;203m▄[48;2;203;203;203m[38;2;203;202;203m▄[48;2;203;203;203m[38;2;202;202;202m▄[48;2;203;203;203m[38;2;203;203;203m▄[48;2;203;203;203m[38;2;203;203;203m▄[0m
[48;2;211;211;211m[38;2;211;211;211m▄[48;2;212;212;212m[38;2;211;211;211m▄[48;2;213;213;213m[38;2;210;210;210m▄[48;2;212;212;212m[38;2;210;210;210m▄[48;2;213;213;213m[38;2;212;212;212m▄[48;2;213;213;214m[38;2;213;212;213m▄[48;2;214;214;214m[38;2;212;212;213m▄[48;2;214;214;214m[38;2;213;212;214m▄[48;2;215;215;215m[38;2;214;214;214m▄[48;2;214;214;214m[38;2;215;214;215m▄[48;2;215;215;215m[38;2;215;215;215m▄[48;2;215;215;215m[38;2;214;214;214m▄[48;2;215;215;215m[38;2;215;215;215m▄[48;2;215;215;215m[38;2;215;215;215m▄[48;2;215;215;215m[38;2;214;214;214m▄[48;2;215;215;215m[38;2;215;215;215m▄[48;2;215;214;215m[38;2;214;212;212m▄[48;2;218;224;221m[38;2;210;209;195m▄[48;2;193;176;181m[38;2;183;139;149m▄[48;2;200;97;118m[38;2;205;95;116m▄[48;2;221;130;145m[38;2;203;100;120m▄[48;2;150;42;69m[38;2;169;114;127m▄[48;2;224;130;146m[38;2;179;82;104m▄[48;2;209;120;135m[38;2;239;142;155m▄[48;2;159;65;89m[38;2;166;64;85m▄[48;2;237;143;159m[38;2;185;83;105m▄[48;2;196;98;116m[38;2;214;111;130m▄[48;2;212;122;139m[38;2;177;74;99m▄[48;2;234;141;155m[38;2;214;117;134m▄[48;2;180;84;105m[38;2;183;81;105m▄[48;2;246;158;170m[38;2;191;88;111m▄[48;2;196;92;112m[38;2;207;107;127m▄[48;2;201;114;132m[38;2;168;69;93m▄[48;2;238;142;156m[38;2;200;102;120m▄[48;2;172;80;99m[38;2;209;112;130m▄[48;2;180;92;111m[38;2;182;83;104m▄[48;2;220;131;146m[38;2;180;81;103m▄[48;2;239;146;161m[38;2;197;96;117m▄[48;2;156;45;73m[38;2;151;52;78m▄[48;2;228;133;150m[38;2;193;89;110m▄[48;2;200;105;123m[38;2;202;96;116m▄[48;2;207;121;139m[38;2;171;66;90m▄[48;2;233;137;155m[38;2;206;105;123m▄[48;2;176;79;101m[38;2;183;77;101m▄[48;2;184;87;108m[38;2;175;105;121m▄[48;2;190;154;162m[38;2;195;198;198m▄[48;2;209;215;214m[38;2;203;203;204m▄[48;2;210;208;208m[38;2;210;210;209m▄[48;2;209;209;210m[38;2;208;208;208m▄[48;2;209;209;209m[38;2;208;208;208m▄[48;2;209;209;210m[38;2;208;208;208m▄[48;2;208;207;210m[38;2;208;208;208m▄[48;2;209;208;211m[38;2;208;208;208m▄[48;2;208;208;209m[38;2;207;207;208m▄[48;2;208;208;206m[38;2;207;207;205m▄[48;2;208;208;205m[38;2;208;207;204m▄[48;2;207;208;203m[38;2;207;208;202m▄[48;2;205;208;203m[38;2;204;207;202m▄[48;2;203;208;203m[38;2;202;207;203m▄[48;2;202;204;206m[38;2;202;204;205m▄[48;2;202;202;204m[38;2;202;202;206m▄[48;2;202;203;202m[38;2;202;202;202m▄[48;2;202;202;202m[38;2;202;202;203m▄[48;2;203;203;203m[38;2;202;202;202m▄[0m
[48;2;210;210;210m[38;2;209;209;209m▄[48;2;211;211;211m[38;2;210;210;210m▄[48;2;210;210;210m[38;2;210;210;210m▄[48;2;210;210;210m[38;2;210;210;210m▄[48;2;211;211;211m[38;2;210;210;210m▄[48;2;211;211;211m[38;2;211;211;211m▄[48;2;211;211;211m[38;2;211;211;211m▄[48;2;212;212;212m[38;2;211;211;211m▄[48;2;212;212;212m[38;2;211;211;211m▄[48;2;214;214;214m[38;2;211;211;211m▄[48;2;214;214;214m[38;2;212;212;212m▄[48;2;214;214;214m[38;2;212;212;212m▄[48;2;214;214;214m[38;2;213;213;213m▄[48;2;214;214;214m[38;2;212;212;212m▄[48;2;214;214;214m[38;2;213;213;212m▄[48;2;215;216;218m[38;2;213;213;213m▄[48;2;209;204;199m[38;2;213;213;213m▄[48;2;202;196;179m[38;2;194;179;160m▄[48;2;207;190;200m[38;2;209;206;197m▄[48;2;168;67;91m[38;2;204;187;187m▄[48;2;169;65;93m[38;2;189;163;160m▄[48;2;192;185;189m[38;2;189;181;164m▄[48;2;172;114;124m[38;2;204;194;185m▄[48;2;194;86;106m[38;2;162;81;102m▄[48;2;235;136;151m[38;2;192;81;104m▄[48;2;153;45;72m[38;2;238;141;156m▄[48;2;160;67;92m[38;2;196;104;123m▄[48;2;166;76;98m[38;2;163;68;91m▄[48;2;152;41;69m[38;2;182;86;109m▄[48;2;181;117;133m[38;2;184;114;130m▄[48;2;180;122;137m[38;2;178;120;134m▄[48;2;170;85;106m[38;2;179;101;120m▄[48;2;180;112;126m[38;2;179;93;114m▄[48;2;162;67;90m[38;2;184;99;118m▄[48;2;163;65;89m[38;2;182;93;114m▄[48;2;166;71;93m[38;2;180;96;116m▄[48;2;164;62;86m[38;2;190;106;125m▄[48;2;163;67;91m[38;2;185;95;115m▄[48;2;193;174;179m[38;2;187;172;175m▄[48;2;177;113;131m[38;2;201;204;194m▄[48;2;176;103;122m[38;2;191;185;167m▄[48;2;182;131;146m[38;2;191;187;169m▄[48;2;170;94;115m[38;2;196;194;185m▄[48;2;176;116;132m[38;2;197;201;197m▄[48;2;190;187;186m[38;2;201;198;192m▄[48;2;195;197;196m[38;2;204;203;203m▄[48;2;206;206;206m[38;2;208;208;208m▄[48;2;208;208;208m[38;2;208;208;208m▄[48;2;208;208;208m[38;2;207;207;207m▄[48;2;208;208;208m[38;2;207;207;207m▄[48;2;208;208;207m[38;2;207;207;207m▄[48;2;208;208;208m[38;2;206;206;207m▄[48;2;207;207;207m[38;2;206;206;206m▄[48;2;207;207;207m[38;2;206;206;206m▄[48;2;207;207;206m[38;2;205;205;205m▄[48;2;207;207;203m[38;2;205;205;205m▄[48;2;206;206;203m[38;2;204;204;204m▄[48;2;204;205;203m[38;2;203;203;203m▄[48;2;203;204;203m[38;2;204;203;204m▄[48;2;203;202;204m[38;2;202;202;203m▄[48;2;203;202;204m[38;2;201;201;202m▄[48;2;202;202;203m[38;2;202;202;202m▄[48;2;203;202;203m[38;2;202;202;202m▄[48;2;202;202;201m[38;2;202;202;202m▄[0m
[48;2;209;209;209m[38;2;211;211;211m▄[48;2;209;209;209m[38;2;212;212;212m▄[48;2;210;210;210m[38;2;212;212;212m▄[48;2;210;210;210m[38;2;213;213;213m▄[48;2;210;210;210m[38;2;213;213;213m▄[48;2;211;211;210m[38;2;214;213;213m▄[48;2;211;211;211m[38;2;214;214;214m▄[48;2;211;211;211m[38;2;214;214;215m▄[48;2;211;211;212m[38;2;215;215;215m▄[48;2;212;212;212m[38;2;215;215;215m▄[48;2;212;212;212m[38;2;215;215;215m▄[48;2;212;212;212m[38;2;214;214;214m▄[48;2;212;212;213m[38;2;215;215;215m▄[48;2;212;212;212m[38;2;215;215;215m▄[48;2;213;213;213m[38;2;215;215;215m▄[48;2;213;213;212m[38;2;215;215;215m▄[48;2;214;215;216m[38;2;215;214;214m▄[48;2;209;206;203m[38;2;216;216;217m▄[48;2;196;182;164m[38;2;215;217;220m▄[48;2;196;186;168m[38;2;213;213;215m▄[48;2;197;192;178m[38;2;213;214;217m▄[48;2;204;200;196m[38;2;212;213;214m▄[48;2;211;214;216m[38;2;212;211;211m▄[48;2;208;204;204m[38;2;213;214;214m▄[48;2;171;100;117m[38;2;212;214;213m▄[48;2;165;57;83m[38;2;191;159;167m▄[48;2;200;88;111m[38;2;170;105;122m▄[48;2;206;104;124m[38;2;166;86;107m▄[48;2;199;98;118m[38;2;168;88;108m▄[48;2;191;84;107m[38;2;170;102;120m▄[48;2;201;104;123m[38;2;166;81;101m▄[48;2;183;95;113m[38;2;171;72;94m▄[48;2;154;49;76m[38;2;185;82;106m▄[48;2;162;81;101m[38;2;188;92;114m▄[48;2;172;125;136m[38;2;185;88;110m▄[48;2;167;106;121m[38;2;195;95;116m▄[48;2;181;85;107m[38;2;200;97;120m▄[48;2;194;91;114m[38;2;157;57;85m▄[48;2;176;138;148m[38;2;189;178;182m▄[48;2;204;207;198m[38;2;207;210;211m▄[48;2;201;194;190m[38;2;210;210;211m▄[48;2;201;192;184m[38;2;209;210;213m▄[48;2;200;190;176m[38;2;208;209;212m▄[48;2;212;205;196m[38;2;206;207;208m▄[48;2;208;206;205m[38;2;207;207;208m▄[48;2;206;206;207m[38;2;208;208;208m▄[48;2;208;208;207m[38;2;208;208;208m▄[48;2;207;207;207m[38;2;209;209;209m▄[48;2;207;207;207m[38;2;208;208;208m▄[48;2;207;207;207m[38;2;208;208;208m▄[48;2;207;207;207m[38;2;208;208;208m▄[48;2;206;206;206m[38;2;208;208;208m▄[48;2;205;205;205m[38;2;208;208;208m▄[48;2;204;204;204m[38;2;207;207;207m▄[48;2;204;204;204m[38;2;207;207;207m▄[48;2;204;204;204m[38;2;206;206;206m▄[48;2;203;203;203m[38;2;205;205;205m▄[48;2;203;203;203m[38;2;205;205;205m▄[48;2;204;204;203m[38;2;204;204;204m▄[48;2;203;203;203m[38;2;203;203;203m▄[48;2;202;202;202m[38;2;203;203;203m▄[48;2;202;202;202m[38;2;203;203;203m▄[48;2;201;201;201m[38;2;202;202;202m▄[48;2;202;202;202m[38;2;202;202;202m▄[0m
[48;2;215;215;215m[38;2;217;217;217m▄[48;2;215;215;215m[38;2;217;217;217m▄[48;2;216;216;216m[38;2;217;217;217m▄[48;2;216;216;216m[38;2;217;217;217m▄[48;2;216;216;216m[38;2;217;217;217m▄[48;2;216;216;216m[38;2;218;218;218m▄[48;2;216;216;216m[38;2;218;218;218m▄[48;2;216;216;216m[38;2;218;218;218m▄[48;2;216;216;216m[38;2;218;218;218m▄[48;2;216;216;216m[38;2;218;218;218m▄[48;2;216;216;216m[38;2;217;217;217m▄[48;2;216;216;216m[38;2;217;217;217m▄[48;2;216;216;216m[38;2;218;218;218m▄[48;2;216;216;216m[38;2;218;218;218m▄[48;2;217;217;217m[38;2;218;218;218m▄[48;2;216;216;216m[38;2;217;217;217m▄[48;2;216;216;216m[38;2;217;217;217m▄[48;2;217;217;216m[38;2;216;216;216m▄[48;2;216;216;215m[38;2;215;215;215m▄[48;2;216;216;216m[38;2;214;214;214m▄[48;2;216;216;216m[38;2;213;213;213m▄[48;2;217;217;217m[38;2;213;213;213m▄[48;2;217;218;218m[38;2;212;212;212m▄[48;2;216;215;216m[38;2;211;212;211m▄[48;2;211;211;211m[38;2;210;210;210m▄[48;2;205;211;209m[38;2;208;206;207m▄[48;2;198;202;200m[38;2;204;202;203m▄[48;2;190;188;188m[38;2;199;198;198m▄[48;2;185;184;184m[38;2;196;193;194m▄[48;2;185;187;186m[38;2;195;189;193m▄[48;2;184;174;177m[38;2;194;191;193m▄[48;2;172;127;140m[38;2;195;198;196m▄[48;2;161;90;109m[38;2;193;193;193m▄[48;2;164;77;99m[38;2;187;180;182m▄[48;2;166;72;96m[38;2;186;173;176m▄[48;2;160;67;90m[38;2;189;179;181m▄[48;2;158;81;101m[38;2;192;193;192m▄[48;2;181;157;163m[38;2;190;193;192m▄[48;2;190;194;193m[38;2;198;198;199m▄[48;2;204;202;204m[38;2;206;205;206m▄[48;2;210;210;210m[38;2;208;208;208m▄[48;2;212;211;211m[38;2;211;211;211m▄[48;2;211;211;211m[38;2;212;212;212m▄[48;2;211;211;211m[38;2;211;211;211m▄[48;2;210;210;210m[38;2;211;211;211m▄[48;2;210;210;210m[38;2;211;211;211m▄[48;2;210;210;210m[38;2;210;210;210m▄[48;2;210;210;210m[38;2;210;210;210m▄[48;2;210;210;210m[38;2;210;210;210m▄[48;2;210;210;210m[38;2;211;211;211m▄[48;2;210;210;210m[38;2;211;211;211m▄[48;2;209;209;210m[38;2;211;210;211m▄[48;2;209;209;209m[38;2;210;210;210m▄[48;2;208;208;208m[38;2;209;209;209m▄[48;2;208;208;208m[38;2;210;210;210m▄[48;2;208;208;208m[38;2;210;210;210m▄[48;2;208;208;208m[38;2;210;210;210m▄[48;2;207;207;207m[38;2;209;209;209m▄[48;2;211;211;212m[38;2;216;216;216m▄[48;2;214;214;214m[38;2;220;220;220m▄[48;2;206;206;207m[38;2;209;209;209m▄[48;2;206;206;206m[38;2;208;208;208m▄[48;2;206;206;206m[38;2;208;208;208m▄[48;2;206;206;206m[38;2;207;207;207m▄[0m
[48;2;220;220;220m[38;2;224;224;224m▄[48;2;220;220;220m[38;2;223;223;223m▄[48;2;221;221;221m[38;2;224;224;224m▄[48;2;221;221;221m[38;2;224;224;224m▄[48;2;221;221;221m[38;2;224;224;224m▄[48;2;222;222;222m[38;2;224;224;224m▄[48;2;222;222;222m[38;2;224;224;224m▄[48;2;222;222;222m[38;2;224;224;224m▄[48;2;222;222;222m[38;2;224;224;224m▄[48;2;221;221;221m[38;2;224;224;224m▄[48;2;222;222;222m[38;2;224;224;224m▄[48;2;222;222;222m[38;2;224;224;224m▄[48;2;222;222;222m[38;2;224;224;224m▄[48;2;222;222;222m[38;2;224;224;224m▄[48;2;221;221;221m[38;2;224;224;224m▄[48;2;218;218;218m[38;2;223;223;223m▄[48;2;214;214;214m[38;2;220;220;220m▄[48;2;208;208;208m[38;2;217;217;217m▄[48;2;200;200;200m[38;2;211;211;211m▄[48;2;194;194;195m[38;2;206;206;206m▄[48;2;191;191;191m[38;2;204;204;204m▄[48;2;190;189;190m[38;2;203;203;203m▄[48;2;189;189;189m[38;2;201;201;201m▄[48;2;188;188;188m[38;2;196;196;196m▄[48;2;189;189;189m[38;2;190;191;191m▄[48;2;192;192;192m[38;2;187;187;187m▄[48;2;196;195;196m[38;2;184;184;185m▄[48;2;198;198;198m[38;2;183;183;183m▄[48;2;199;199;199m[38;2;185;185;185m▄[48;2;198;198;199m[38;2;187;186;187m▄[48;2;197;197;198m[38;2;187;187;188m▄[48;2;196;194;194m[38;2;186;186;186m▄[48;2;193;192;193m[38;2;185;185;185m▄[48;2;192;193;194m[38;2;185;185;185m▄[48;2;190;193;193m[38;2;185;184;184m▄[48;2;189;191;191m[38;2;184;183;183m▄[48;2;189;189;189m[38;2;183;184;183m▄[48;2;190;189;190m[38;2;186;186;186m▄[48;2;188;188;188m[38;2;191;190;190m▄[48;2;186;186;186m[38;2;195;195;195m▄[48;2;187;187;187m[38;2;196;196;196m▄[48;2;190;190;191m[38;2;195;195;195m▄[48;2;192;192;192m[38;2;195;195;195m▄[48;2;192;192;193m[38;2;196;196;196m▄[48;2;196;196;196m[38;2;200;200;200m▄[48;2;202;202;203m[38;2;206;206;205m▄[48;2;208;208;208m[38;2;211;211;211m▄[48;2;211;211;212m[38;2;214;214;214m▄[48;2;213;213;214m[38;2;216;216;216m▄[48;2;213;213;214m[38;2;215;215;215m▄[48;2;213;213;214m[38;2;215;215;215m▄[48;2;213;213;213m[38;2;215;215;215m▄[48;2;212;212;212m[38;2;215;215;215m▄[48;2;212;212;212m[38;2;214;214;214m▄[48;2;211;211;211m[38;2;214;214;214m▄[48;2;210;210;210m[38;2;213;213;213m▄[48;2;210;210;210m[38;2;213;213;213m▄[48;2;210;210;210m[38;2;212;212;212m▄[48;2;210;210;210m[38;2;212;212;212m▄[48;2;211;211;211m[38;2;211;211;211m▄[48;2;210;210;210m[38;2;212;212;212m▄[48;2;210;210;209m[38;2;211;211;211m▄[48;2;209;209;209m[38;2;210;210;210m▄[48;2;209;209;209m[38;2;210;210;210m▄[0m
[48;2;225;225;225m[38;2;227;227;227m▄[48;2;225;225;225m[38;2;227;227;227m▄[48;2;225;225;225m[38;2;227;227;227m▄[48;2;226;226;226m[38;2;228;228;228m▄[48;2;226;226;226m[38;2;228;228;228m▄[48;2;226;226;226m[38;2;228;228;228m▄[48;2;226;226;226m[38;2;228;228;228m▄[48;2;226;226;226m[38;2;228;228;228m▄[48;2;226;226;226m[38;2;228;228;228m▄[48;2;226;226;226m[38;2;228;228;228m▄[48;2;226;226;226m[38;2;228;228;228m▄[48;2;227;227;227m[38;2;228;228;228m▄[48;2;226;226;226m[38;2;228;228;228m▄[48;2;226;226;226m[38;2;228;228;228m▄[48;2;226;226;226m[38;2;228;228;228m▄[48;2;225;225;225m[38;2;227;227;227m▄[48;2;225;225;225m[38;2;227;227;227m▄[48;2;225;225;225m[38;2;227;227;227m▄[48;2;225;225;225m[38;2;227;227;227m▄[48;2;225;225;225m[38;2;227;227;227m▄[48;2;226;226;226m[38;2;227;227;227m▄[48;2;226;226;226m[38;2;226;226;226m▄[48;2;225;225;225m[38;2;227;227;227m▄[48;2;222;222;222m[38;2;227;227;227m▄[48;2;219;219;219m[38;2;227;227;227m▄[48;2;216;216;216m[38;2;227;227;227m▄[48;2;214;214;214m[38;2;228;228;228m▄[48;2;213;213;212m[38;2;227;227;227m▄[48;2;212;212;212m[38;2;227;227;227m▄[48;2;211;211;211m[38;2;227;227;227m▄[48;2;210;210;210m[38;2;226;226;226m▄[48;2;207;207;207m[38;2;226;226;226m▄[48;2;204;204;204m[38;2;225;225;225m▄[48;2;202;202;202m[38;2;224;224;224m▄[48;2;201;201;201m[38;2;224;224;224m▄[48;2;201;201;201m[38;2;224;224;224m▄[48;2;202;202;202m[38;2;223;223;223m▄[48;2;206;206;206m[38;2;223;223;223m▄[48;2;212;212;212m[38;2;223;223;223m▄[48;2;217;217;217m[38;2;222;222;222m▄[48;2;219;219;219m[38;2;221;221;221m▄[48;2;219;219;219m[38;2;221;221;221m▄[48;2;218;218;218m[38;2;220;220;220m▄[48;2;218;218;218m[38;2;218;218;218m▄[48;2;218;218;218m[38;2;218;218;218m▄[48;2;218;218;218m[38;2;217;217;217m▄[48;2;217;217;217m[38;2;217;217;217m▄[48;2;217;217;217m[38;2;217;217;217m▄[48;2;216;216;216m[38;2;216;216;216m▄[48;2;216;216;216m[38;2;216;216;216m▄[48;2;216;216;216m[38;2;216;216;216m▄[48;2;216;216;216m[38;2;216;216;216m▄[48;2;216;216;216m[38;2;216;216;216m▄[48;2;215;215;215m[38;2;216;216;216m▄[48;2;216;216;216m[38;2;216;216;216m▄[48;2;215;215;215m[38;2;216;216;216m▄[48;2;215;215;215m[38;2;216;216;216m▄[48;2;215;215;215m[38;2;216;216;216m▄[48;2;215;214;215m[38;2;216;216;216m▄[48;2;214;214;214m[38;2;216;216;216m▄[48;2;213;213;213m[38;2;215;215;215m▄[48;2;213;212;213m[38;2;214;214;214m▄[48;2;211;211;211m[38;2;214;214;214m▄[48;2;210;210;210m[38;2;213;213;213m▄[0m
